215.087624
209.776944
185.878885
161.980825
132.772086
119.495386
116.840046
119.495386
108.874027
100.908007
90.286647
82.320627
87.631307
84.975967
87.631307
87.631307
77.009947
47.801208
15.937129
-2.650251
-23.892970
-50.446369
-76.999769
-116.829868
-172.592006
-215.077445
-238.975504
-244.286184
-241.630844
-244.286184
-233.664824
-233.664824
-238.975504
-220.388125
-191.179386
-154.004627
-135.417247
-124.795887
-135.417247
-146.038607
-140.727927
-130.106567
-116.829868
-108.863848
-114.174528
-127.451227
-132.761907
-124.795887
-90.276468
-63.723069
-47.791029
-39.825010
-34.514330
-29.203650
-21.237630
-5.305590
18.592469
23.903149
5.315769
-15.926950
-31.858990
-37.169670
-39.825010
-45.135689
-42.480349
-55.757049
-71.689089
-74.344429
-71.689089
-58.412389
-50.446369
-50.446369
-74.344429
-84.965788
-74.344429
-61.067729
-42.480349
-18.582290
5.315769
5.315769
-2.650251
18.592469
53.111888
92.941987
122.150726
130.116746
135.427426
140.738106
146.048786
161.980825
169.946845
169.946845
151.359465
127.461406
103.563347
95.597327
87.631307
84.975967
82.320627
66.388588
50.456548
37.179848
37.179848
42.490528
39.835188
45.145868
29.213829
7.971109
10.626449
7.971109
13.281789
26.558489
29.213829
26.558489
29.213829
26.558489
50.456548
74.354607
79.665287
92.941987
95.597327
100.908007
116.840046
114.184706
119.495386
116.840046
103.563347
92.941987
82.320627
77.009947
71.699268
61.077908
55.767228
50.456548
47.801208
50.456548
47.801208
55.767228
61.077908
50.456548
55.767228
55.767228
45.145868
31.869169
13.281789
-5.305590
-34.514330
-61.067729
-84.965788
-114.174528
-154.004627
-204.456085
-238.975504
-254.907544
-257.562884
-268.184244
-270.839584
-252.252204
-249.596864
-249.596864
-220.388125
-191.179386
-169.936666
-148.693947
-127.451227
-124.795887
-127.451227
-119.485207
-108.863848
-103.553168
-90.276468
-84.965788
-87.621128
-71.689089
-58.412389
-29.203650
-5.305590
7.971109
31.869169
45.145868
39.835188
42.490528
58.422568
63.733248
61.077908
55.767228
34.524508
21.247809
18.592469
5.315769
10.626449
23.903149
18.592469
10.626449
-2.650251
-7.960930
0.005089
-2.650251
2.660429
-10.616270
-23.892970
-37.169670
-58.412389
-55.757049
-29.203650
-7.960930
2.660429
29.213829
50.456548
55.767228
90.286647
127.461406
164.636165
188.534224
185.878885
183.223545
167.291505
148.704126
148.704126
140.738106
130.116746
114.184706
90.286647
58.422568
55.767228
79.665287
103.563347
100.908007
98.252667
92.941987
69.043928
63.733248
74.354607
77.009947
63.733248
34.524508
-2.650251
-31.858990
-23.892970
-5.305590
10.626449
10.626449
0.005089
-5.305590
-5.305590
7.971109
39.835188
55.767228
45.145868
31.869169
18.592469
15.937129
15.937129
34.524508
45.145868
37.179848
21.247809
13.281789
18.592469
31.869169
50.456548
61.077908
53.111888
37.179848
23.903149
15.937129
29.213829
53.111888
55.767228
39.835188
26.558489
10.626449
5.315769
0.005089
-2.650251
-15.926950
-53.101709
-84.965788
-127.451227
-175.247346
-191.179386
-212.422105
-241.630844
-254.907544
-265.528904
-270.839584
-276.150263
-262.873564
-231.009485
-209.766765
-193.834726
-177.902686
-172.592006
-161.970646
-143.383267
-132.761907
-116.829868
-106.208508
-106.208508
-106.208508
-114.174528
-98.242488
-58.412389
-23.892970
0.005089
15.937129
34.524508
55.767228
71.699268
90.286647
111.529366
116.840046
108.874027
103.563347
82.320627
71.699268
79.665287
84.975967
79.665287
74.354607
55.767228
34.524508
21.247809
23.903149
26.558489
13.281789
-23.892970
-66.378409
-92.931808
-95.587148
-82.310448
-71.689089
-47.791029
-31.858990
-29.203650
-13.271610
29.213829
84.975967
130.116746
159.325485
172.602185
161.980825
146.048786
151.359465
154.014805
154.014805
151.359465
127.461406
90.286647
66.388588
79.665287
98.252667
103.563347
122.150726
116.840046
87.631307
77.009947
79.665287
84.975967
84.975967
74.354607
42.490528
-5.305590
-23.892970
-23.892970
-15.926950
0.005089
7.971109
10.626449
7.971109
15.937129
50.456548
71.699268
90.286647
95.597327
84.975967
69.043928
55.767228
63.733248
69.043928
66.388588
63.733248
47.801208
31.869169
29.213829
42.490528
58.422568
63.733248
55.767228
47.801208
37.179848
29.213829
34.524508
34.524508
31.869169
31.869169
31.869169
18.592469
23.903149
34.524508
31.869169
18.592469
5.315769
-23.892970
-69.033749
-111.519188
-146.038607
-185.868706
-231.009485
-265.528904
-300.048323
-318.635702
-318.635702
-310.669682
-300.048323
-284.116283
-260.218224
-228.354145
-212.422105
-193.834726
-169.936666
-164.625986
-169.936666
-159.315306
-148.693947
-148.693947
-127.451227
-127.451227
-124.795887
-108.863848
-69.033749
-31.858990
-7.960930
29.213829
55.767228
69.043928
82.320627
98.252667
100.908007
92.941987
74.354607
58.422568
42.490528
18.592469
13.281789
7.971109
-7.960930
-15.926950
-21.237630
-34.514330
-47.791029
-50.446369
-45.135689
-53.101709
-69.033749
-87.621128
-108.863848
-98.242488
-87.621128
-79.655109
-61.067729
-42.480349
-15.926950
5.315769
47.801208
100.908007
138.082766
175.257525
199.155584
199.155584
193.844904
183.223545
177.912865
172.602185
156.670145
138.082766
103.563347
79.665287
82.320627
95.597327
90.286647
95.597327
106.218687
103.563347
92.941987
87.631307
82.320627
87.631307
69.043928
45.145868
23.903149
7.971109
7.971109
15.937129
37.179848
55.767228
61.077908
77.009947
84.975967
100.908007
135.427426
143.393446
135.427426
124.806066
111.529366
92.941987
82.320627
87.631307
90.286647
87.631307
84.975967
77.009947
74.354607
92.941987
108.874027
111.529366
106.218687
100.908007
95.597327
90.286647
87.631307
87.631307
79.665287
69.043928
61.077908
66.388588
63.733248
71.699268
69.043928
53.111888
47.801208
23.903149
-5.305590
-39.825010
-100.897828
-161.970646
-212.422105
-260.218224
-297.392983
-329.257062
-334.567742
-337.223082
-331.912402
-321.291042
-294.737643
-252.252204
-220.388125
-185.868706
-156.659967
-143.383267
-143.383267
-140.727927
-130.106567
-135.417247
-138.072587
-138.072587
-146.038607
-146.038607
-124.795887
-82.310448
-42.480349
-5.305590
26.558489
58.422568
69.043928
77.009947
92.941987
90.286647
74.354607
45.145868
7.971109
-29.203650
-50.446369
-61.067729
-63.723069
-69.033749
-74.344429
-76.999769
-76.999769
-71.689089
-61.067729
-55.757049
-63.723069
-82.310448
-116.829868
-148.693947
-151.349287
-143.383267
-140.727927
-132.761907
-95.587148
-58.412389
-47.791029
0.005089
71.699268
138.082766
180.568205
212.432284
228.364323
209.776944
201.810924
207.121604
180.568205
148.704126
132.772086
95.597327
39.835188
37.179848
58.422568
53.111888
50.456548
69.043928
77.009947
55.767228
39.835188
58.422568
71.699268
58.422568
39.835188
10.626449
-15.926950
-15.926950
13.281789
31.869169
53.111888
82.320627
92.941987
95.597327
122.150726
172.602185
196.500244
177.912865
172.602185
169.946845
143.393446
135.427426
138.082766
143.393446
135.427426
122.150726
116.840046
108.874027
106.218687
132.772086
140.738106
122.150726
111.529366
92.941987
74.354607
55.767228
58.422568
66.388588
45.145868
23.903149
34.524508
29.213829
18.592469
21.247809
18.592469
-13.271610
-53.101709
-82.310448
-138.072587
-199.145405
-231.009485
-265.528904
-310.669682
-345.189102
-361.121141
-358.465801
-345.189102
-329.257062
-300.048323
-262.873564
-228.354145
-193.834726
-164.625986
-143.383267
-130.106567
-130.106567
-138.072587
-146.038607
-138.072587
-132.761907
-135.417247
-130.106567
-106.208508
-69.033749
-23.892970
26.558489
79.665287
116.840046
143.393446
154.014805
161.980825
177.912865
169.946845
132.772086
92.941987
53.111888
10.626449
-21.237630
-42.480349
-50.446369
-53.101709
-76.999769
-82.310448
-82.310448
-69.033749
-63.723069
-66.378409
-84.965788
-130.106567
-156.659967
-156.659967
-156.659967
-167.281326
-154.004627
-119.485207
-108.863848
-95.587148
-31.858990
55.767228
124.806066
183.223545
223.053644
233.675003
241.641023
254.917723
254.917723
225.708984
207.121604
180.568205
108.874027
55.767228
61.077908
69.043928
53.111888
55.767228
63.733248
45.145868
26.558489
39.835188
58.422568
50.456548
39.835188
21.247809
-5.305590
-23.892970
-15.926950
10.626449
7.971109
29.213829
66.388588
74.354607
79.665287
119.495386
175.257525
180.568205
167.291505
167.291505
156.670145
127.461406
122.150726
119.495386
100.908007
90.286647
79.665287
69.043928
66.388588
79.665287
98.252667
92.941987
87.631307
98.252667
95.597327
82.320627
92.941987
100.908007
95.597327
87.631307
87.631307
87.631307
87.631307
100.908007
90.286647
50.456548
10.626449
-23.892970
-90.276468
-177.902686
-252.252204
-310.669682
-385.019201
-446.092019
-480.611438
-488.577458
-483.266778
-459.368719
-430.159979
-379.708521
-310.669682
-246.941524
-196.490065
-161.970646
-132.761907
-108.863848
-116.829868
-127.451227
-119.485207
-122.140547
-119.485207
-111.519188
-90.276468
-45.135689
23.903149
92.941987
143.393446
201.810924
260.228403
278.815782
286.781802
286.781802
265.539082
236.330343
169.946845
106.218687
53.111888
7.971109
-18.582290
-37.169670
-45.135689
-47.791029
-39.825010
-37.169670
-39.825010
-21.237630
-26.548310
-55.757049
-95.587148
-151.349287
-207.111425
-241.630844
-241.630844
-236.320164
-238.975504
-199.145405
-132.761907
-76.999769
-2.650251
108.874027
193.844904
252.262383
315.990541
345.199280
342.543940
339.888601
334.577921
300.058502
236.330343
201.810924
169.946845
122.150726
103.563347
111.529366
111.529366
106.218687
106.218687
106.218687
90.286647
79.665287
66.388588
37.179848
0.005089
-31.858990
-58.412389
-90.276468
-100.897828
-82.310448
-66.378409
-34.514330
15.937129
58.422568
92.941987
116.840046
148.704126
172.602185
169.946845
161.980825
138.082766
98.252667
77.009947
66.388588
47.801208
39.835188
42.490528
47.801208
39.835188
50.456548
66.388588
63.733248
69.043928
53.111888
26.558489
7.971109
7.971109
15.937129
-2.650251
-2.650251
23.903149
29.213829
13.281789
7.971109
13.281789
-31.858990
-90.276468
-143.383267
-244.286184
-350.499781
-416.883280
-475.300758
-549.650276
-602.757075
-581.514355
-554.960956
-544.339596
-477.956098
-371.742501
-292.082303
-223.043465
-146.038607
-100.897828
-76.999769
-69.033749
-76.999769
-98.242488
-108.863848
-108.863848
-127.451227
-130.106567
-82.310448
-13.271610
47.801208
106.218687
199.155584
278.815782
315.990541
342.543940
353.165300
329.267241
292.092482
231.019663
138.082766
61.077908
21.247809
-29.203650
-95.587148
-100.897828
-58.412389
-55.757049
-50.446369
0.005089
45.145868
45.145868
34.524508
5.315769
-47.791029
-82.310448
-161.970646
-310.669682
-369.087161
-284.116283
-260.218224
-339.878422
-273.494923
-71.689089
18.592469
50.456548
196.500244
366.442000
414.238119
419.548798
422.204138
379.718699
355.820640
334.577921
212.432284
90.286647
135.427426
159.325485
37.179848
0.005089
127.461406
212.432284
156.670145
138.082766
201.810924
209.776944
138.082766
58.422568
-2.650251
-53.101709
-71.689089
-132.761907
-233.664824
-199.145405
-55.757049
-18.582290
-55.757049
66.388588
260.228403
300.058502
254.917723
315.990541
414.238119
385.029379
297.403162
233.675003
201.810924
193.844904
177.912865
106.218687
45.145868
116.840046
180.568205
82.320627
42.490528
167.291505
225.708984
111.529366
47.801208
124.806066
161.980825
95.597327
58.422568
61.077908
53.111888
55.767228
10.626449
-106.208508
-148.693947
-116.829868
-225.698805
-480.611438
-560.271636
-504.509497
-594.791055
-775.354170
-791.286210
-685.072613
-658.519213
-653.208534
-570.892996
-443.436679
-294.737643
-161.970646
-135.417247
-124.795887
2.660429
106.218687
13.281789
-119.485207
-42.480349
55.767228
-61.067729
-154.004627
-42.480349
90.286647
114.184706
135.427426
225.708984
326.611901
411.582779
414.238119
313.335201
254.917723
289.437142
204.466264
-79.655109
-215.077445
-156.659967
-231.009485
-432.815319
-462.024059
-305.359003
-233.664824
-254.907544
-201.800745
-82.310448
15.937129
66.388588
29.213829
-58.412389
-45.135689
15.937129
-159.315306
-438.125999
-350.499781
-95.587148
-172.592006
-329.257062
-92.931808
238.985683
244.296363
231.019663
432.825498
570.903174
552.315795
501.864336
371.752680
223.053644
252.262383
215.087624
-114.174528
-254.907544
-21.237630
31.869169
-217.732785
-167.281326
185.878885
268.194422
122.150726
172.602185
302.713841
260.228403
177.912865
106.218687
2.660429
-2.650251
71.699268
-42.480349
-180.558026
7.971109
246.951703
172.602185
98.252667
337.233261
517.796376
387.684719
289.437142
382.374039
411.582779
284.126462
180.568205
140.738106
122.150726
146.048786
116.840046
15.937129
63.733248
225.708984
183.223545
39.835188
116.840046
273.505102
212.432284
90.286647
159.325485
238.985683
169.946845
103.563347
111.529366
106.218687
50.456548
-53.101709
-215.077445
-337.223082
-427.504639
-626.655134
-839.082329
-876.257088
-844.393009
-942.640586
-1022.300784
-878.912428
-666.485233
-576.203676
-462.024059
-241.630844
-58.412389
45.145868
114.184706
132.772086
154.014805
199.155584
146.048786
13.281789
-23.892970
55.767228
58.422568
-7.960930
79.665287
257.573063
318.645881
331.922581
416.893459
493.898317
475.310937
392.995399
252.262383
74.354607
-31.858990
-172.592006
-430.159979
-589.480375
-565.582316
-589.480375
-695.693972
-623.999794
-392.985220
-281.460943
-223.043465
-71.689089
77.009947
130.116746
132.772086
90.286647
15.937129
15.937129
-63.723069
-329.257062
-406.261920
-167.281326
-92.931808
-254.907544
-111.519188
252.262383
315.990541
268.194422
430.170158
557.626475
467.344917
385.029379
262.883743
18.592469
-61.067729
-45.135689
-278.805603
-493.888138
-297.392983
-98.242488
-228.354145
-180.558026
201.810924
371.752680
265.539082
302.713841
430.170158
374.408020
278.815782
233.675003
106.218687
5.315769
66.388588
66.388588
-53.101709
53.111888
315.990541
331.922581
233.675003
366.442000
544.349775
432.825498
297.403162
347.854620
315.990541
143.393446
82.320627
106.218687
74.354607
82.320627
172.602185
180.568205
132.772086
260.228403
398.306079
329.267241
292.092482
390.340059
385.029379
249.607043
246.951703
334.577921
281.471122
191.189564
169.946845
74.354607
-111.519188
-228.354145
-363.776481
-693.038632
-987.781365
-1054.164863
-1070.096903
-1213.485259
-1287.834777
-1125.859041
-939.985246
-778.009510
-536.373577
-236.320164
37.179848
260.228403
369.097340
355.820640
395.650739
493.898317
390.340059
138.082766
61.077908
130.116746
37.179848
-69.033749
53.111888
223.053644
276.160442
321.301221
411.582779
448.757538
427.514818
374.408020
183.223545
-90.276468
-252.252204
-385.019201
-655.863873
-878.912428
-844.393009
-759.422131
-801.907570
-738.179411
-408.917260
-100.897828
31.869169
177.912865
363.786660
454.068218
472.655597
448.757538
286.781802
122.150726
98.252667
-114.174528
-570.892996
-554.960956
-53.101709
-21.237630
-371.742501
-114.174528
424.859478
363.786660
185.878885
456.723557
586.835214
297.403162
84.975967
-76.999769
-345.189102
-331.912402
-204.456085
-507.164837
-695.693972
-185.868706
175.257525
-69.033749
53.111888
650.563372
748.810950
403.616759
416.893459
573.558514
416.893459
241.641023
138.082766
-84.965788
-138.072587
66.388588
26.558489
-159.315306
114.184706
456.723557
252.262383
29.213829
321.301221
501.864336
188.534224
2.660429
124.806066
84.975967
-61.067729
13.281789
146.048786
167.291505
249.607043
318.645881
249.607043
331.922581
570.903174
515.141036
225.708984
265.539082
475.310937
321.301221
82.320627
199.155584
308.024521
111.529366
-76.999769
-156.659967
-350.499781
-608.067755
-908.121167
-1346.252255
-1577.266829
-1370.150315
-1314.388176
-1654.271687
-1606.475569
-974.504665
-568.237656
-512.475517
-119.485207
528.417736
748.810950
663.840072
682.427452
724.912890
666.495412
539.039095
260.228403
-82.310448
-116.829868
23.903149
-84.965788
-156.659967
156.670145
454.068218
395.650739
345.199280
477.966277
432.825498
169.946845
-53.101709
-337.223082
-716.936692
-932.019226
-995.747385
-1093.994962
-1072.752243
-793.941550
-533.718237
-350.499781
55.767228
520.451716
701.014831
764.742989
902.820666
886.888626
669.150752
491.242977
361.131320
100.908007
-315.980362
-645.242514
-618.689114
-353.155121
-223.043465
-254.907544
-79.655109
212.432284
268.194422
233.675003
382.374039
459.378897
225.708984
-39.825010
-225.698805
-358.465801
-313.325022
-225.698805
-308.014343
-302.703663
31.869169
326.611901
379.718699
568.247835
831.126488
791.296389
616.043953
557.626475
464.689577
276.160442
148.704126
39.835188
-130.106567
-177.902686
-71.689089
-42.480349
-7.960930
199.155584
315.990541
225.708984
180.568205
278.815782
286.781802
180.568205
148.704126
154.014805
106.218687
95.597327
241.641023
416.893459
507.175016
483.276957
387.684719
361.131320
480.621617
544.349775
355.820640
143.393446
143.393446
164.636165
92.941987
122.150726
260.228403
257.573063
122.150726
-69.033749
-345.189102
-586.825035
-775.354170
-1311.732836
-2073.815396
-2153.475594
-1630.373628
-1563.990130
-1845.456162
-1486.985272
-661.174553
-188.524046
87.631307
642.597353
1147.111939
1216.150778
1040.898342
804.573088
573.558514
416.893459
167.291505
-278.805603
-560.271636
-480.611438
-358.465801
-305.359003
-37.169670
342.543940
480.621617
443.446858
454.068218
339.888601
-13.271610
-342.533762
-589.480375
-961.227965
-1364.839635
-1431.223133
-1218.795939
-979.815345
-671.795913
-244.286184
188.534224
618.699293
1019.655623
1157.733299
1091.349801
1101.971161
963.893484
475.310937
55.767228
-50.446369
-254.907544
-570.892996
-682.417273
-852.359028
-1009.024084
-501.854157
201.810924
119.495386
-116.829868
276.160442
414.238119
10.626449
100.908007
507.175016
199.155584
-260.218224
-111.519188
-23.892970
-135.417247
196.500244
499.208996
238.985683
244.296363
666.495412
594.801234
339.888601
610.733273
663.840072
127.461406
-47.791029
207.121604
39.835188
-209.766765
42.490528
127.461406
-177.902686
-119.485207
183.223545
119.495386
23.903149
268.194422
318.645881
82.320627
156.670145
403.616759
387.684719
369.097340
520.451716
515.141036
446.102198
613.388613
687.738131
422.204138
284.126462
424.859478
355.820640
82.320627
47.801208
154.014805
148.704126
196.500244
318.645881
273.505102
236.330343
414.238119
321.301221
-231.009485
-573.548336
-584.169695
-1070.096903
-2110.990155
-2650.024161
-2182.684334
-1518.849351
-1436.533813
-1563.990130
-1083.373602
-74.344429
642.597353
825.815808
1091.349801
1553.378949
1481.684771
756.776970
199.155584
185.878885
151.359465
-289.426963
-711.626012
-756.766791
-557.616296
-300.048323
61.077908
400.961419
496.553656
459.378897
392.995399
164.636165
-254.907544
-594.791055
-788.630870
-1062.130883
-1412.635754
-1526.815371
-1189.587200
-560.271636
-31.858990
273.505102
624.009973
1072.762421
1274.568256
1152.422619
1032.932322
966.548824
658.529392
92.941987
-366.431821
-544.339596
-523.096877
-467.334738
-440.781339
-310.669682
-308.014343
-711.626012
-783.320190
47.801208
597.456574
10.626449
-485.922118
-130.106567
29.213829
-151.349287
217.742964
658.529392
392.995399
156.670145
323.956561
260.228403
289.437142
708.980851
525.762396
-254.907544
-323.946382
138.082766
47.801208
-76.999769
278.815782
289.437142
-61.067729
84.975967
363.786660
177.912865
161.980825
371.752680
26.558489
-432.815319
-215.077445
114.184706
23.903149
77.009947
339.888601
342.543940
366.442000
671.806092
772.709009
626.665313
690.393471
701.014831
281.471122
37.179848
249.607043
217.742964
-130.106567
-74.344429
257.573063
196.500244
71.699268
369.097340
653.218712
589.490554
528.417736
501.864336
286.781802
156.670145
47.801208
-491.232798
-1080.718262
-1232.072638
-1763.140625
-2748.271739
-2546.465904
-1117.893021
-634.621154
-1285.179437
-1032.922144
199.155584
852.369207
924.063385
1240.048837
1417.956612
1027.621643
568.247835
207.121604
-76.999769
-29.203650
0.005089
-432.815319
-756.766791
-422.193960
-13.271610
140.738106
392.995399
517.796376
175.257525
-103.553168
-69.033749
-339.878422
-849.703688
-916.087187
-836.426989
-1186.931860
-1375.460995
-764.732811
18.592469
358.475980
528.417736
783.330369
1014.344943
1107.281840
1014.344943
738.189590
501.864336
350.509960
-79.655109
-679.761933
-801.907570
-515.130857
-475.300758
-637.276494
-523.096877
-260.218224
-154.004627
-47.791029
159.325485
220.398304
156.670145
108.874027
15.937129
-5.305590
180.568205
334.577921
220.398304
143.393446
254.917723
281.471122
217.742964
236.330343
236.330343
69.043928
-42.480349
18.592469
39.835188
53.111888
161.980825
207.121604
77.009947
-13.271610
63.733248
90.286647
15.937129
-21.237630
-42.480349
-82.310448
-90.276468
-26.548310
79.665287
249.607043
443.446858
501.864336
451.412878
485.932297
589.490554
554.971135
377.063360
318.645881
339.888601
199.155584
31.869169
95.597327
292.092482
305.369181
161.980825
172.602185
331.922581
361.131320
268.194422
353.165300
560.281815
488.587637
215.087624
29.213829
-204.456085
-578.859015
-831.116309
-1274.558077
-2397.766868
-3112.053309
-2177.373654
-823.150289
-844.393009
-1327.664876
-647.897854
467.344917
886.888626
1038.243002
1415.301272
1463.097391
908.131346
252.262383
-140.727927
-143.383267
34.524508
-132.761907
-600.101735
-698.349312
-313.325022
63.733248
297.403162
403.616759
244.296363
-39.825010
-185.868706
-411.572600
-796.596890
-868.291068
-677.106593
-815.184269
-1128.514381
-865.635728
-37.169670
605.422594
764.742989
778.019689
950.616785
1117.903200
958.582804
557.626475
353.165300
294.747822
-69.033749
-661.174553
-857.669708
-541.684256
-313.325022
-438.125999
-443.436679
-90.276468
140.738106
-7.960930
-82.310448
146.048786
231.019663
37.179848
-76.999769
-31.858990
66.388588
289.437142
464.689577
337.233261
233.675003
411.582779
438.136178
167.291505
71.699268
175.257525
47.801208
-135.417247
-79.655109
31.869169
135.427426
294.747822
276.160442
92.941987
151.359465
334.577921
183.223545
-71.689089
-15.926950
92.941987
-47.791029
-114.174528
79.665287
334.577921
515.141036
554.971135
496.553656
541.694435
719.602211
714.291531
438.136178
212.432284
185.878885
164.636165
39.835188
-108.863848
-138.072587
21.247809
244.296363
363.786660
414.238119
520.451716
605.422594
568.247835
488.587637
454.068218
443.446858
308.024521
-172.592006
-791.286210
-1038.232823
-1165.689140
-2033.985297
-3112.053309
-2729.684359
-1157.723120
-507.164837
-1046.198843
-939.985246
196.500244
1003.723583
1115.247860
1218.806118
1309.087675
945.306105
334.577921
-119.485207
-276.150263
-114.174528
34.524508
-238.975504
-653.208534
-525.752217
13.281789
337.233261
252.262383
-71.689089
-337.223082
-406.261920
-536.373577
-908.121167
-1096.650302
-799.252230
-605.412415
-865.635728
-820.494949
-26.548310
732.878910
831.126488
639.942013
727.568230
961.238144
844.403187
382.374039
69.043928
69.043928
-100.897828
-616.033775
-862.980388
-605.412415
-379.708521
-438.125999
-379.708521
-143.383267
-39.825010
-23.892970
79.665287
122.150726
53.111888
92.941987
154.014805
50.456548
63.733248
329.267241
435.480838
262.883743
146.048786
185.878885
236.330343
225.708984
84.975967
-79.655109
-31.858990
119.495386
42.490528
-34.514330
231.019663
440.791518
270.849762
138.082766
273.505102
286.781802
138.082766
138.082766
183.223545
106.218687
82.320627
148.704126
199.155584
377.063360
637.286673
621.354633
480.621617
584.179874
701.014831
541.694435
416.893459
491.242977
430.170158
161.980825
-50.446369
-132.761907
7.971109
361.131320
501.864336
331.922581
334.577921
589.490554
703.670171
639.942013
621.354633
568.247835
398.306079
47.801208
-610.723095
-1229.417298
-1518.849351
-2108.334816
-3154.538748
-3170.470788
-1577.266829
-371.742501
-661.174553
-844.393009
151.359465
1192.252718
1415.301272
1362.194474
1274.568256
881.577946
313.335201
-159.315306
-382.363861
-238.975504
31.869169
-87.621128
-459.368719
-448.747359
13.281789
392.995399
326.611901
-124.795887
-573.548336
-642.587174
-597.446395
-892.189127
-1144.446421
-799.252230
-363.776481
-448.747359
-488.577458
130.116746
905.476006
1072.762421
695.704151
371.752680
507.175016
820.505128
592.145894
-39.825010
-228.354145
-71.689089
-390.329880
-836.426989
-642.587174
-350.499781
-557.616296
-602.757075
-278.805603
-294.737643
-406.261920
0.005089
281.471122
-15.926950
-31.858990
392.995399
353.165300
34.524508
225.708984
485.932297
265.539082
66.388588
100.908007
55.767228
63.733248
169.946845
-18.582290
-212.422105
15.937129
116.840046
-151.349287
-66.378409
339.888601
260.228403
-34.514330
146.048786
385.029379
289.437142
262.883743
331.922581
135.427426
13.281789
223.053644
321.301221
249.607043
390.340059
597.456574
547.005115
501.864336
605.422594
602.767254
488.587637
377.063360
223.053644
92.941987
71.699268
37.179848
-31.858990
103.563347
374.408020
446.102198
406.272099
499.208996
642.597353
716.946871
708.980851
624.009973
390.340059
-21.237630
-589.480375
-1086.028942
-1534.781391
-2538.499884
-3643.121295
-3120.019329
-1072.752243
-29.203650
-714.281352
-833.771649
528.417736
1609.141087
1590.553708
1423.267292
1343.607094
801.917748
39.835188
-355.810461
-323.946382
-18.582290
156.670145
-196.490065
-642.587174
-440.781339
167.291505
398.306079
55.767228
-525.752217
-876.257088
-823.150289
-746.145431
-961.227965
-921.397867
-350.499781
-116.829868
-480.611438
-339.878422
589.490554
1165.699319
902.820666
440.791518
246.951703
353.165300
621.354633
631.975993
220.398304
-122.140547
-207.111425
-443.436679
-719.592032
-631.965814
-485.922118
-581.514355
-586.825035
-419.538620
-342.533762
-111.519188
369.097340
483.276957
185.878885
188.534224
430.170158
337.233261
138.082766
236.330343
308.024521
122.150726
5.315769
58.422568
143.393446
281.471122
276.160442
-18.582290
-228.354145
-95.587148
-23.892970
-127.451227
-61.067729
58.422568
-2.650251
55.767228
342.543940
485.932297
467.344917
499.208996
379.718699
74.354607
-15.926950
169.946845
225.708984
167.291505
313.335201
520.451716
568.247835
650.563372
836.437168
823.160468
552.315795
278.815782
21.247809
-217.732785
-236.320164
-26.548310
167.291505
302.713841
512.485696
608.077934
528.417736
634.631333
939.995425
921.408045
565.592495
294.747822
-108.863848
-929.363886
-1540.092070
-1795.004704
-2663.300861
-3693.572754
-2973.975633
-844.393009
146.048786
-446.092019
-515.130857
565.592495
1439.199332
1510.893510
1240.048837
870.956587
462.034237
82.320627
-297.392983
-398.295900
18.592469
345.199280
-53.101709
-605.412415
-480.611438
42.490528
156.670145
-326.601722
-913.431847
-1040.888163
-809.873589
-775.354170
-894.844467
-544.339596
58.422568
92.941987
-233.664824
-50.446369
589.490554
916.097365
778.019689
472.655597
191.189564
177.912865
501.864336
663.840072
382.374039
39.835188
-204.456085
-570.892996
-910.776507
-924.053206
-804.562910
-778.009510
-658.519213
-416.883280
-215.077445
122.150726
605.422594
743.500270
499.208996
398.306079
443.446858
281.471122
111.529366
154.014805
161.980825
53.111888
53.111888
151.359465
196.500244
252.262383
254.917723
13.281789
-268.184244
-252.252204
-124.795887
-74.344429
53.111888
236.330343
318.645881
366.442000
477.966277
520.451716
467.344917
400.961419
212.432284
-66.378409
-148.693947
21.247809
196.500244
355.820640
562.937155
687.738131
740.844930
862.990567
873.611927
613.388613
308.024521
95.597327
-135.417247
-262.873564
-143.383267
61.077908
308.024521
706.325511
969.204164
820.505128
695.704151
857.679887
804.573088
443.446858
270.849762
114.184706
-549.650276
-1295.800797
-1731.276545
-2631.436782
-3828.995091
-3372.276623
-1032.922144
485.932297
-151.349287
-844.393009
95.597327
1441.854672
1779.082843
1444.510012
1086.039121
687.738131
167.291505
-310.669682
-361.121141
132.772086
515.141036
18.592469
-860.325048
-939.985246
-223.043465
103.563347
-459.368719
-1133.825061
-1178.965840
-812.528929
-685.072613
-730.213392
-408.917260
98.252667
61.077908
-382.363861
-323.946382
353.165300
828.471148
708.980851
339.888601
98.252667
180.568205
483.276957
653.218712
515.141036
156.670145
-339.878422
-849.703688
-1115.237681
-1088.684282
-942.640586
-770.043490
-655.863873
-586.825035
-223.043465
464.689577
878.922606
772.709009
573.558514
475.310937
286.781802
201.810924
289.437142
233.675003
71.699268
37.179848
37.179848
5.315769
183.223545
374.408020
124.806066
-289.426963
-406.261920
-321.291042
-154.004627
122.150726
292.092482
281.471122
379.718699
531.073076
512.485696
451.412878
422.204138
201.810924
-154.004627
-249.596864
-61.067729
164.636165
374.408020
509.830356
565.592495
671.806092
799.262409
815.194448
727.568230
541.694435
143.393446
-313.325022
-406.261920
-84.965788
241.641023
337.233261
363.786660
584.179874
947.961445
1125.869220
998.412903
815.194448
695.704151
560.281815
297.403162
-268.184244
-1009.024084
-1237.383318
-1221.451279
-2408.388228
-4134.359183
-3475.834880
-448.747359
1067.451742
-225.698805
-1165.689140
100.908007
1683.490605
1856.087701
1202.874078
783.330369
727.568230
424.859478
-374.397841
-634.621154
249.607043
780.675029
-334.567742
-1638.339648
-1269.247397
-76.999769
87.631307
-785.975530
-1375.460995
-1016.990104
-363.776481
-231.009485
-321.291042
53.111888
501.864336
215.087624
-345.189102
-146.038607
610.733273
953.272125
570.903174
29.213829
13.281789
435.480838
536.383755
159.325485
2.660429
87.631307
-321.291042
-1080.718262
-1306.422156
-945.295926
-594.791055
-507.164837
-560.271636
-411.572600
238.985683
921.408045
905.476006
515.141036
432.825498
385.029379
135.427426
148.704126
374.408020
292.092482
0.005089
-132.761907
-151.349287
-42.480349
177.912865
39.835188
-467.334738
-618.689114
-268.184244
-7.960930
100.908007
363.786660
517.796376
419.548798
416.893459
578.869194
616.043953
459.378897
135.427426
-254.907544
-308.014343
69.043928
390.340059
414.238119
424.859478
517.796376
549.660455
554.971135
552.315795
483.276957
358.475980
183.223545
-45.135689
-143.383267
0.005089
58.422568
13.281789
318.645881
833.781828
929.374065
645.252693
594.801234
841.747847
918.752705
637.286673
257.573063
-69.033749
-398.295900
-791.286210
-1176.310500
-1930.427040
-3428.038761
-4192.776661
-2387.145508
451.412878
1014.344943
-440.781339
-714.281352
884.233286
2092.412955
1802.980902
987.791544
480.621617
252.262383
-140.727927
-616.033775
-371.742501
446.102198
331.922581
-1019.645444
-1656.927027
-722.247372
71.699268
-477.956098
-1375.460995
-1388.737694
-724.902712
-175.247346
31.869169
225.708984
547.005115
570.903174
159.325485
-23.892970
387.684719
754.121630
507.175016
-15.926950
-191.179386
114.184706
491.242977
454.068218
34.524508
-273.494923
-342.533762
-586.825035
-1001.058064
-1109.927002
-905.465827
-751.456111
-602.757075
-183.213366
408.927439
900.165326
1078.073101
844.403187
483.276957
390.340059
446.102198
310.679861
77.009947
15.937129
74.354607
58.422568
23.903149
45.145868
13.281789
-148.693947
-366.431821
-493.888138
-390.329880
-90.276468
159.325485
265.539082
432.825498
687.738131
801.917748
722.257551
576.213854
377.063360
61.077908
-246.941524
-342.533762
-175.247346
151.359465
446.102198
570.903174
592.145894
687.738131
722.257551
578.869194
456.723557
430.170158
313.335201
87.631307
-71.689089
-159.315306
-156.659967
90.286647
456.723557
637.286673
701.014831
878.922606
969.204164
791.296389
642.597353
690.393471
602.767254
114.184706
-592.135715
-993.092045
-955.917286
-1465.742552
-3228.888266
-4450.344634
-2769.514458
440.791518
1364.849814
-220.388125
-902.810487
597.456574
2055.238196
1789.704203
732.878910
265.539082
339.888601
21.247809
-716.936692
-634.621154
355.820640
470.000257
-966.538645
-1996.810538
-1253.315358
-185.868706
-456.713379
-1460.431872
-1635.684308
-727.558052
215.087624
403.616759
273.505102
456.723557
631.975993
300.058502
-111.519188
50.456548
504.519676
523.107056
63.733248
-262.873564
7.971109
589.490554
600.111914
-127.451227
-650.553194
-504.509497
-477.956098
-1035.577484
-1362.184295
-937.329906
-339.878422
-90.276468
45.145868
424.859478
963.893484
1213.495438
836.437168
201.810924
10.626449
276.160442
334.577921
15.937129
-114.174528
180.568205
395.650739
164.636165
-167.281326
-215.077445
-175.247346
-422.193960
-754.111451
-655.863873
-92.931808
448.757538
597.456574
528.417736
650.563372
878.922606
791.296389
382.374039
66.388588
-21.237630
-127.451227
-233.664824
-79.655109
358.475980
762.087649
860.335227
690.393471
517.796376
477.966277
451.412878
350.509960
308.024521
331.922581
284.126462
151.359465
42.490528
92.941987
289.437142
464.689577
533.728415
693.048811
934.684745
897.509986
634.631333
549.660455
616.043953
472.655597
63.733248
-480.611438
-971.849325
-1356.873615
-2400.422208
-4123.737823
-4301.645598
-1452.465853
1654.281866
1494.961470
-515.130857
-613.378435
1370.160494
2530.544043
1667.558566
305.369181
-106.208508
156.670145
-42.480349
-554.960956
-223.043465
608.077934
199.155584
-1402.014394
-2049.917337
-1125.859041
-294.737643
-807.218250
-1773.761984
-1625.062948
-276.150263
847.058527
809.883768
406.272099
523.107056
698.359491
310.679861
-100.897828
53.111888
419.548798
366.442000
-58.412389
-207.111425
238.985683
586.835214
90.286647
-674.451253
-767.388151
-570.892996
-886.878447
-1383.427014
-1261.281378
-520.441537
154.014805
286.781802
169.946845
456.723557
1032.932322
1048.864362
400.961419
-71.689089
26.558489
281.471122
308.024521
175.257525
148.704126
286.781802
276.160442
-100.897828
-427.504639
-347.844442
-302.703663
-618.689114
-772.698830
-321.291042
377.063360
732.878910
677.116772
525.762396
531.073076
584.179874
385.029379
31.869169
-87.621128
-5.305590
-26.548310
-66.378409
156.670145
557.626475
791.296389
706.325511
456.723557
246.951703
119.495386
63.733248
215.087624
528.417736
624.009973
345.199280
29.213829
7.971109
281.471122
613.388613
677.116772
477.966277
427.514818
685.082792
884.233286
847.058527
687.738131
411.582779
2.660429
-379.708521
-663.829893
-924.053206
-1707.378486
-3515.664979
-4954.859221
-3390.864002
581.524534
2604.893561
990.446884
-793.941550
23.903149
1808.291582
2047.272176
1003.723583
156.670145
-23.892970
-119.485207
-469.990078
-321.291042
589.490554
865.645907
-509.820177
-2084.436756
-2057.883357
-966.538645
-517.786197
-1056.820203
-1471.053232
-855.014368
379.718699
1067.451742
932.029405
674.461432
597.456574
305.369181
-156.659967
-188.524046
257.573063
618.699293
491.242977
66.388588
-61.067729
215.087624
297.403162
-207.111425
-900.155147
-1290.490117
-1242.693998
-918.742527
-655.863873
-464.679398
-53.101709
446.102198
507.175016
331.922581
570.903174
902.820666
642.597353
84.975967
-122.140547
116.840046
581.524534
870.956587
608.077934
79.665287
-95.587148
-69.033749
-321.291042
-621.344454
-578.859015
-456.713379
-467.334738
-278.805603
254.917723
791.296389
950.616785
666.495412
260.228403
138.082766
265.539082
276.160442
95.597327
5.315769
87.631307
175.257525
215.087624
337.233261
515.141036
528.417736
355.820640
241.641023
231.019663
151.359465
114.184706
419.548798
839.092507
873.611927
509.830356
90.286647
-154.004627
-39.825010
400.961419
740.844930
743.500270
706.325511
801.917748
934.684745
900.165326
528.417736
-95.587148
-557.616296
-706.315332
-857.669708
-1317.043516
-2596.917363
-4468.932014
-4612.320370
-1444.499833
2169.417813
2222.524611
-185.868706
-955.917286
581.524534
1749.874104
1322.364375
536.383755
353.165300
369.097340
-71.689089
-459.368719
74.354607
756.776970
5.315769
-1802.970724
-2594.262023
-1784.383344
-807.218250
-674.451253
-910.776507
-671.795913
103.563347
751.466290
770.053669
493.898317
361.131320
215.087624
-100.897828
-164.625986
278.815782
841.747847
1001.068243
621.354633
151.359465
-23.892970
-143.383267
-562.926976
-1099.305642
-1359.528955
-1317.043516
-1011.679424
-462.024059
-37.169670
66.388588
108.874027
220.398304
244.296363
249.607043
422.204138
552.315795
464.689577
358.475980
379.718699
528.417736
751.466290
719.602211
169.946845
-424.849300
-552.305616
-443.436679
-416.883280
-347.844442
-180.558026
-87.621128
-23.892970
199.155584
475.310937
629.320653
549.660455
308.024521
138.082766
215.087624
446.102198
560.281815
477.966277
281.471122
79.665287
-23.892970
5.315769
108.874027
188.534224
249.607043
374.408020
520.451716
515.141036
342.543940
276.160442
491.242977
714.291531
639.942013
366.442000
140.738106
39.835188
127.461406
459.378897
852.369207
955.927464
828.471148
820.505128
921.408045
833.781828
422.204138
-233.664824
-926.708546
-1218.795939
-998.402725
-1444.499833
-3481.145560
-5000.000000
-2979.286313
1327.675055
2997.883871
754.121630
-1245.349338
-305.359003
1423.267292
1425.922632
626.665313
669.150752
1017.000283
499.208996
-414.227940
-278.805603
578.869194
350.509960
-1356.873615
-2689.854260
-2326.072690
-1178.965840
-557.616296
-517.786197
-454.058039
-71.689089
430.170158
605.422594
337.233261
21.247809
-71.689089
-47.791029
61.077908
400.961419
897.509986
1152.422619
878.922606
249.607043
-238.975504
-371.742501
-533.718237
-987.781365
-1309.077496
-1123.203701
-693.038632
-308.014343
0.005089
79.665287
-146.038607
-353.155121
-257.562884
29.213829
329.267241
608.077934
756.776970
719.602211
631.975993
581.524534
541.694435
448.757538
156.670145
-302.703663
-605.412415
-544.339596
-294.737643
-108.863848
-37.169670
-84.965788
-212.422105
-220.388125
-18.582290
220.398304
289.437142
257.573063
297.403162
411.582779
509.830356
560.281815
515.141036
326.611901
45.145868
-154.004627
-156.659967
-2.650251
199.155584
339.888601
408.927439
512.485696
594.801234
424.859478
23.903149
-119.485207
318.645881
908.131346
881.577946
212.432284
-238.975504
82.320627
714.291531
926.718725
724.912890
661.184732
894.854646
979.825524
584.179874
29.213829
-223.043465
-300.048323
-546.994936
-743.490091
-1099.305642
-2660.645521
-4681.359208
-4086.563064
-167.281326
2889.014934
1832.189642
-714.281352
-979.815345
507.175016
1197.563398
900.165326
873.611927
1011.689603
504.519676
-254.907544
-98.242488
727.568230
586.835214
-955.917286
-2270.310551
-2124.266855
-1335.630896
-886.878447
-581.514355
-177.902686
18.592469
-5.305590
140.738106
363.786660
257.573063
-119.485207
-265.528904
106.218687
698.359491
1030.276982
1024.966303
833.781828
416.893459
-143.383267
-443.436679
-390.329880
-491.232798
-942.640586
-1181.621180
-791.286210
-164.625986
122.150726
-18.582290
-278.805603
-464.679398
-536.373577
-331.912402
231.019663
825.815808
1001.068243
801.917748
618.699293
597.456574
597.456574
483.276957
212.432284
-143.383267
-361.121141
-350.499781
-233.664824
-108.863848
-13.271610
-66.378409
-326.601722
-525.752217
-366.431821
34.524508
308.024521
374.408020
385.029379
451.412878
528.417736
547.005115
483.276957
326.611901
90.286647
-98.242488
-98.242488
87.631307
292.092482
353.165300
294.747822
281.471122
355.820640
406.272099
345.199280
159.325485
-15.926950
167.291505
677.116772
841.747847
398.306079
53.111888
300.058502
616.043953
626.665313
602.767254
687.738131
738.189590
581.524534
207.121604
-108.863848
-69.033749
21.247809
-462.024059
-1240.038658
-2241.101812
-3858.203830
-4604.354350
-2164.096954
1885.296440
2822.631436
225.708984
-1502.917311
-443.436679
955.927464
865.645907
496.553656
799.262409
908.131346
337.233261
23.903149
645.252693
939.995425
-353.155121
-2076.470736
-2272.965891
-1250.660018
-698.349312
-740.834751
-446.092019
37.179848
42.490528
-148.693947
-39.825010
53.111888
-284.116283
-600.101735
-204.456085
708.980851
1290.500296
1186.942038
831.126488
499.208996
50.456548
-374.397841
-414.227940
-318.635702
-576.203676
-916.087187
-780.664850
-231.009485
92.941987
-135.417247
-544.339596
-693.038632
-610.723095
-504.509497
-151.349287
586.835214
1136.490580
1027.621643
650.563372
562.937155
639.942013
539.039095
321.301221
127.461406
-26.548310
-42.480349
50.456548
106.218687
37.179848
-140.727927
-424.849300
-701.004652
-645.242514
-231.009485
223.053644
435.480838
459.378897
451.412878
446.102198
446.102198
416.893459
294.747822
127.461406
55.767228
98.252667
209.776944
387.684719
491.242977
395.650739
209.776944
164.636165
257.573063
321.301221
339.888601
323.956561
286.781802
459.378897
791.296389
698.359491
23.903149
-323.946382
262.883743
1059.485722
1208.184758
857.679887
562.937155
392.995399
199.155584
21.247809
-34.514330
-42.480349
-262.873564
-730.213392
-1603.820229
-3189.058167
-4338.820357
-2838.553296
918.752705
2713.762499
592.145894
-1717.999846
-1133.825061
541.694435
754.121630
414.238119
889.543966
1112.592520
377.063360
-92.931808
610.733273
1184.286698
-15.926950
-1935.737720
-2251.723172
-963.883305
-244.286184
-693.038632
-770.043490
-124.795887
34.524508
-385.019201
-387.674540
-61.067729
-281.460943
-770.043490
-472.645418
592.145894
1340.951754
1178.976019
610.733273
265.539082
100.908007
-124.795887
-177.902686
-2.650251
-119.485207
-578.859015
-685.072613
-204.456085
98.252667
-177.902686
-634.621154
-974.504665
-1032.922144
-560.271636
233.675003
626.665313
480.621617
379.718699
435.480838
387.684719
371.752680
547.005115
544.349775
246.951703
143.393446
379.718699
480.621617
228.364323
-108.863848
-385.019201
-531.062897
-539.028917
-469.990078
-289.426963
37.179848
278.815782
223.053644
146.048786
241.641023
223.053644
29.213829
39.835188
345.199280
475.310937
353.165300
334.577921
411.582779
361.131320
191.189564
135.427426
241.641023
337.233261
369.097340
451.412878
613.388613
581.524534
284.126462
201.810924
456.723557
430.170158
5.315769
58.422568
836.437168
1303.776995
947.961445
547.005115
520.451716
345.199280
-47.791029
-61.067729
204.466264
61.077908
-459.368719
-955.917286
-2055.228017
-3674.985375
-3552.839738
-520.441537
2246.422671
1277.223596
-1269.247397
-1431.223133
130.116746
477.966277
-63.723069
507.175016
1240.048837
525.762396
-345.189102
398.306079
1524.170210
767.398329
-1253.315358
-1962.291119
-847.048348
21.247809
-430.159979
-865.635728
-345.189102
55.767228
-353.155121
-536.373577
-132.761907
-175.247346
-870.946408
-942.640586
108.874027
1086.039121
1043.553682
475.310937
175.257525
180.568205
169.946845
100.908007
63.733248
-58.412389
-350.499781
-496.543478
-140.727927
315.990541
146.048786
-528.407557
-884.223108
-671.795913
-459.368719
-363.776481
-18.582290
403.616759
374.408020
124.806066
236.330343
496.553656
395.650739
183.223545
286.781802
480.621617
509.830356
507.175016
491.242977
273.505102
-71.689089
-238.975504
-257.562884
-278.805603
-215.077445
-74.344429
37.179848
77.009947
79.665287
69.043928
-10.616270
-90.276468
-82.310448
34.524508
169.946845
246.951703
260.228403
236.330343
204.466264
180.568205
188.534224
249.607043
315.990541
392.995399
483.276957
515.141036
411.582779
254.917723
310.679861
480.621617
371.752680
69.043928
122.150726
602.767254
857.679887
631.975993
387.684719
406.272099
323.956561
23.903149
-42.480349
167.291505
151.359465
-281.460943
-764.732811
-1513.538671
-2748.271739
-3048.325151
-1038.232823
1492.306130
1271.912916
-942.640586
-1497.606631
-103.553168
382.374039
-411.572600
-180.558026
825.815808
536.383755
-353.155121
212.432284
1386.092533
839.092507
-905.465827
-1433.878473
-496.543478
119.495386
-254.907544
-639.931834
-427.504639
-111.519188
-135.417247
-188.524046
-90.276468
-323.946382
-905.465827
-1043.543503
-278.805603
624.009973
740.844930
286.781802
0.005089
100.908007
257.573063
318.645881
281.471122
23.903149
-278.805603
-236.320164
183.223545
459.378897
241.641023
-151.349287
-406.261920
-520.441537
-462.024059
-183.213366
95.597327
69.043928
-103.553168
-34.514330
217.742964
315.990541
236.330343
169.946845
164.636165
159.325485
241.641023
493.898317
629.320653
438.136178
138.082766
18.592469
45.145868
21.247809
-31.858990
-2.650251
53.111888
55.767228
55.767228
114.184706
132.772086
2.660429
-164.625986
-138.072587
61.077908
164.636165
108.874027
84.975967
146.048786
193.844904
175.257525
175.257525
270.849762
353.165300
339.888601
308.024521
385.029379
528.417736
597.456574
515.141036
305.369181
119.495386
209.776944
520.451716
650.563372
480.621617
385.029379
509.830356
531.073076
329.267241
215.087624
217.742964
37.179848
-265.528904
-361.121141
-536.373577
-1277.213417
-1986.189179
-1556.024110
-180.558026
544.349775
-26.548310
-669.140573
-480.611438
-185.868706
-541.684256
-740.834751
-114.174528
326.611901
-180.558026
-578.859015
26.558489
613.388613
151.359465
-491.232798
-294.737643
79.665287
-215.077445
-578.859015
-334.567742
82.320627
77.009947
-143.383267
-175.247346
-199.145405
-424.849300
-568.237656
-363.776481
-79.655109
-47.791029
-143.383267
-143.383267
-79.655109
26.558489
140.738106
79.665287
-177.902686
-323.946382
-215.077445
-76.999769
-21.237630
53.111888
100.908007
-23.892970
-199.145405
-161.970646
2.660429
42.490528
-15.926950
-2.650251
84.975967
135.427426
156.670145
246.951703
334.577921
278.815782
191.189564
199.155584
217.742964
183.223545
135.427426
87.631307
79.665287
114.184706
87.631307
2.660429
-2.650251
90.286647
127.461406
66.388588
69.043928
132.772086
114.184706
37.179848
82.320627
228.364323
262.883743
175.257525
132.772086
148.704126
146.048786
111.529366
90.286647
108.874027
132.772086
138.082766
132.772086
154.014805
204.466264
220.398304
209.776944
228.364323
241.641023
236.330343
236.330343
262.883743
281.471122
318.645881
382.374039
377.063360
300.058502
284.126462
345.199280
363.786660
323.956561
246.951703
140.738106
29.213829
-95.587148
-278.805603
-525.752217
-554.960956
-188.524046
278.815782
387.684719
45.145868
-422.193960
-706.315332
-639.931834
-257.562884
50.456548
-79.655109
-496.543478
-714.281352
-533.718237
-193.834726
29.213829
50.456548
-193.834726
-560.271636
-722.247372
-523.096877
-130.106567
63.733248
-69.033749
-310.669682
-448.747359
-377.053181
-154.004627
50.456548
47.801208
-175.247346
-350.499781
-334.567742
-185.868706
13.281789
138.082766
74.354607
-135.417247
-249.596864
-103.553168
77.009947
39.835188
-114.174528
-172.592006
-114.174528
-66.378409
10.626449
143.393446
138.082766
-37.169670
-108.863848
53.111888
185.878885
146.048786
87.631307
114.184706
138.082766
154.014805
196.500244
191.189564
103.563347
18.592469
26.558489
124.806066
199.155584
185.878885
132.772086
122.150726
122.150726
90.286647
79.665287
127.461406
132.772086
82.320627
100.908007
196.500244
268.194422
236.330343
207.121604
204.466264
140.738106
61.077908
55.767228
100.908007
92.941987
47.801208
74.354607
161.980825
201.810924
199.155584
204.466264
217.742964
199.155584
185.878885
207.121604
244.296363
313.335201
369.097340
392.995399
363.786660
300.058502
270.849762
246.951703
201.810924
122.150726
23.903149
-159.315306
-440.781339
-544.339596
-254.907544
223.053644
382.374039
0.005089
-610.723095
-932.019226
-677.106593
-69.033749
284.126462
-5.305590
-586.825035
-862.980388
-637.276494
-228.354145
53.111888
122.150726
-143.383267
-631.965814
-852.359028
-515.130857
34.524508
225.708984
-29.203650
-353.155121
-430.159979
-310.669682
-143.383267
13.281789
61.077908
-61.067729
-244.286184
-292.082303
-167.281326
26.558489
130.116746
34.524508
-169.936666
-265.528904
-177.902686
-69.033749
-39.825010
5.315769
84.975967
106.218687
15.937129
-84.965788
-84.965788
-34.514330
0.005089
71.699268
167.291505
156.670145
34.524508
-5.305590
140.738106
321.301221
337.233261
207.121604
47.801208
2.660429
92.941987
223.053644
310.679861
313.335201
223.053644
92.941987
42.490528
114.184706
204.466264
207.121604
124.806066
63.733248
58.422568
114.184706
207.121604
244.296363
212.432284
138.082766
77.009947
66.388588
116.840046
193.844904
207.121604
156.670145
114.184706
114.184706
124.806066
106.218687
92.941987
111.529366
159.325485
199.155584
196.500244
161.980825
132.772086
151.359465
201.810924
254.917723
281.471122
281.471122
270.849762
262.883743
289.437142
331.922581
331.922581
233.675003
82.320627
-42.480349
-244.286184
-475.300758
-422.193960
-26.548310
371.752680
308.024521
-236.320164
-764.732811
-849.703688
-414.227940
169.946845
297.403162
-172.592006
-719.592032
-809.873589
-485.922118
-132.761907
39.835188
-45.135689
-414.227940
-764.732811
-714.281352
-278.805603
108.874027
90.286647
-215.077445
-462.024059
-507.164837
-400.951240
-201.800745
-45.135689
-39.825010
-193.834726
-337.223082
-300.048323
-151.349287
18.592469
69.043928
-69.033749
-238.975504
-281.460943
-135.417247
0.005089
7.971109
-2.650251
-10.616270
-53.101709
-116.829868
-90.276468
15.937129
50.456548
15.937129
37.179848
95.597327
79.665287
7.971109
50.456548
183.223545
238.985683
191.189564
127.461406
108.874027
132.772086
191.189564
257.573063
268.194422
207.121604
140.738106
127.461406
143.393446
180.568205
228.364323
233.675003
167.291505
103.563347
140.738106
228.364323
233.675003
148.704126
92.941987
111.529366
124.806066
135.427426
204.466264
265.539082
223.053644
156.670145
154.014805
175.257525
154.014805
140.738106
167.291505
177.912865
159.325485
161.980825
204.466264
246.951703
246.951703
231.019663
246.951703
265.539082
238.985683
225.708984
252.262383
273.505102
300.058502
334.577921
284.126462
108.874027
-42.480349
-108.863848
-236.320164
-350.499781
-201.800745
164.636165
305.369181
-29.203650
-552.305616
-799.252230
-557.616296
-58.412389
228.364323
2.660429
-488.577458
-735.524071
-578.859015
-246.941524
-37.169670
-37.169670
-281.460943
-621.344454
-701.004652
-400.951240
7.971109
119.495386
-84.965788
-315.980362
-382.363861
-305.359003
-191.179386
-103.553168
-79.655109
-148.693947
-257.562884
-273.494923
-164.625986
-18.582290
47.801208
-2.650251
-122.140547
-188.524046
-116.829868
2.660429
2.660429
-45.135689
-18.582290
-13.271610
-87.621128
-151.349287
-106.208508
-42.480349
-37.169670
18.592469
106.218687
63.733248
-42.480349
-42.480349
77.009947
143.393446
108.874027
87.631307
82.320627
61.077908
82.320627
161.980825
228.364323
180.568205
84.975967
37.179848
61.077908
127.461406
164.636165
185.878885
154.014805
84.975967
74.354607
143.393446
177.912865
127.461406
87.631307
82.320627
63.733248
58.422568
132.772086
225.708984
207.121604
146.048786
154.014805
177.912865
148.704126
138.082766
199.155584
217.742964
169.946845
146.048786
180.568205
215.087624
231.019663
246.951703
249.607043
209.776944
185.878885
249.607043
334.577921
334.577921
273.505102
215.087624
188.534224
140.738106
82.320627
34.524508
-180.558026
-459.368719
-387.674540
74.354607
483.276957
361.131320
-220.388125
-775.354170
-889.533787
-435.470659
188.534224
326.611901
-143.383267
-650.553194
-666.485233
-313.325022
-26.548310
71.699268
-26.548310
-374.397841
-719.592032
-616.033775
-138.072587
148.704126
5.315769
-249.596864
-345.189102
-323.946382
-278.805603
-180.558026
-84.965788
-119.485207
-238.975504
-278.805603
-204.456085
-106.208508
-21.237630
10.626449
-74.344429
-164.625986
-143.383267
-47.791029
-23.892970
-55.757049
0.005089
92.941987
55.767228
-76.999769
-122.140547
-71.689089
-39.825010
10.626449
140.738106
201.810924
69.043928
-74.344429
-5.305590
185.878885
246.951703
159.325485
92.941987
92.941987
108.874027
164.636165
238.985683
254.917723
156.670145
50.456548
50.456548
124.806066
180.568205
188.534224
167.291505
127.461406
103.563347
151.359465
212.432284
191.189564
100.908007
69.043928
100.908007
108.874027
103.563347
135.427426
161.980825
124.806066
106.218687
154.014805
172.602185
95.597327
66.388588
172.602185
246.951703
196.500244
154.014805
180.568205
204.466264
183.223545
180.568205
215.087624
223.053644
207.121604
246.951703
318.645881
323.956561
289.437142
257.573063
175.257525
74.354607
5.315769
-92.931808
-313.325022
-446.092019
-201.800745
270.849762
419.548798
0.005089
-594.791055
-870.946408
-639.931834
-124.795887
177.912865
-31.858990
-507.164837
-706.315332
-509.820177
-199.145405
-23.892970
-50.446369
-308.014343
-653.208534
-743.490091
-422.193960
-15.926950
39.835188
-191.179386
-353.155121
-334.567742
-265.528904
-220.388125
-156.659967
-122.140547
-177.902686
-260.218224
-260.218224
-177.902686
-90.276468
-34.514330
-58.412389
-138.072587
-161.970646
-84.965788
-21.237630
-47.791029
-39.825010
50.456548
74.354607
-37.169670
-116.829868
-61.067729
10.626449
13.281789
53.111888
156.670145
146.048786
0.005089
-37.169670
135.427426
276.160442
217.742964
106.218687
84.975967
122.150726
185.878885
265.539082
321.301221
249.607043
119.495386
84.975967
132.772086
199.155584
236.330343
231.019663
199.155584
156.670145
159.325485
212.432284
223.053644
156.670145
106.218687
116.840046
143.393446
140.738106
148.704126
191.189564
183.223545
132.772086
119.495386
159.325485
146.048786
77.009947
114.184706
252.262383
315.990541
265.539082
217.742964
215.087624
180.568205
151.359465
209.776944
276.160442
278.815782
260.228403
281.471122
292.092482
289.437142
318.645881
308.024521
185.878885
26.558489
-66.378409
-204.456085
-398.295900
-305.359003
151.359465
509.830356
305.369181
-334.567742
-825.805629
-801.907570
-323.946382
148.704126
159.325485
-300.048323
-701.004652
-631.965814
-265.528904
2.660429
21.247809
-169.936666
-517.786197
-743.490091
-557.616296
-114.174528
119.495386
-55.757049
-310.669682
-363.776481
-276.150263
-204.456085
-172.592006
-122.140547
-132.761907
-201.800745
-238.975504
-212.422105
-164.625986
-124.795887
-92.931808
-119.485207
-193.834726
-188.524046
-143.383267
-169.936666
-201.800745
-84.965788
58.422568
-23.892970
-204.456085
-231.009485
-108.863848
-26.548310
-13.271610
15.937129
50.456548
-2.650251
-95.587148
-39.825010
146.048786
236.330343
114.184706
-18.582290
13.281789
119.495386
196.500244
231.019663
212.432284
122.150726
26.558489
50.456548
143.393446
204.466264
217.742964
217.742964
196.500244
172.602185
199.155584
246.951703
201.810924
100.908007
87.631307
143.393446
167.291505
140.738106
130.116746
175.257525
185.878885
148.704126
143.393446
148.704126
106.218687
55.767228
111.529366
252.262383
302.713841
244.296363
177.912865
156.670145
154.014805
180.568205
241.641023
278.815782
268.194422
278.815782
323.956561
308.024521
254.917723
244.296363
223.053644
143.393446
47.801208
-82.310448
-308.014343
-390.329880
-50.446369
472.655597
581.524534
87.631307
-560.271636
-849.703688
-592.135715
-15.926950
308.024521
2.660429
-549.650276
-724.902712
-443.436679
-100.897828
21.247809
-71.689089
-379.708521
-719.592032
-711.626012
-323.946382
31.869169
10.626449
-207.111425
-313.325022
-286.771623
-238.975504
-199.145405
-156.659967
-148.693947
-175.247346
-175.247346
-132.761907
-119.485207
-116.829868
-58.412389
-31.858990
-84.965788
-130.106567
-106.208508
-95.587148
-127.451227
-58.412389
95.597327
116.840046
-61.067729
-204.456085
-124.795887
23.903149
87.631307
95.597327
90.286647
50.456548
-15.926950
5.315769
135.427426
220.398304
154.014805
23.903149
15.937129
100.908007
188.534224
241.641023
246.951703
193.844904
122.150726
95.597327
130.116746
161.980825
151.359465
151.359465
177.912865
196.500244
196.500244
185.878885
177.912865
132.772086
95.597327
124.806066
154.014805
119.495386
82.320627
119.495386
154.014805
127.461406
106.218687
116.840046
119.495386
82.320627
77.009947
159.325485
233.675003
231.019663
193.844904
188.534224
169.946845
140.738106
169.946845
241.641023
260.228403
241.641023
249.607043
254.917723
209.776944
191.189564
209.776944
169.946845
39.835188
-159.315306
-395.640560
-477.956098
-196.490065
305.369181
533.728415
146.048786
-531.062897
-918.742527
-740.834751
-172.592006
228.364323
37.179848
-507.164837
-772.698830
-525.752217
-140.727927
7.971109
-61.067729
-315.980362
-623.999794
-685.072613
-406.261920
-74.344429
-21.237630
-191.179386
-302.703663
-265.528904
-207.111425
-204.456085
-201.800745
-185.868706
-146.038607
-106.208508
-95.587148
-122.140547
-148.693947
-111.519188
-47.791029
-55.757049
-100.897828
-122.140547
-127.451227
-124.795887
-42.480349
111.529366
146.048786
-26.548310
-217.732785
-199.145405
-15.926950
116.840046
148.704126
124.806066
74.354607
7.971109
-2.650251
106.218687
209.776944
185.878885
92.941987
47.801208
108.874027
196.500244
241.641023
249.607043
223.053644
169.946845
130.116746
138.082766
143.393446
148.704126
185.878885
238.985683
252.262383
220.398304
191.189564
167.291505
135.427426
124.806066
154.014805
161.980825
119.495386
79.665287
124.806066
185.878885
188.534224
148.704126
124.806066
135.427426
135.427426
154.014805
220.398304
281.471122
276.160442
215.087624
191.189564
207.121604
215.087624
233.675003
265.539082
284.126462
273.505102
292.092482
326.611901
313.335201
257.573063
220.398304
199.155584
106.218687
-82.310448
-326.601722
-485.922118
-305.359003
183.223545
547.005115
361.131320
-286.771623
-807.218250
-807.218250
-339.878422
156.670145
177.912865
-302.703663
-711.626012
-626.655134
-238.975504
7.971109
0.005089
-183.213366
-475.300758
-653.208534
-501.854157
-156.659967
7.971109
-146.038607
-321.291042
-329.257062
-268.184244
-252.252204
-270.839584
-260.218224
-209.766765
-159.315306
-143.383267
-164.625986
-209.766765
-212.422105
-159.315306
-132.761907
-167.281326
-191.179386
-169.936666
-161.970646
-138.072587
-13.271610
95.597327
0.005089
-193.834726
-223.043465
-61.067729
50.456548
53.111888
61.077908
69.043928
26.558489
-10.616270
45.145868
138.082766
127.461406
31.869169
5.315769
79.665287
183.223545
241.641023
238.985683
209.776944
169.946845
151.359465
177.912865
185.878885
159.325485
140.738106
172.602185
212.432284
199.155584
172.602185
161.980825
143.393446
116.840046
108.874027
114.184706
98.252667
77.009947
84.975967
127.461406
156.670145
146.048786
127.461406
124.806066
114.184706
119.495386
154.014805
217.742964
249.607043
228.364323
220.398304
236.330343
252.262383
233.675003
233.675003
268.194422
292.092482
321.301221
347.854620
337.233261
323.956561
331.922581
310.679861
172.602185
-39.825010
-294.737643
-493.888138
-369.087161
138.082766
554.971135
363.786660
-297.392983
-804.562910
-783.320190
-334.567742
132.772086
164.636165
-300.048323
-714.281352
-631.965814
-236.320164
0.005089
-45.135689
-201.800745
-427.504639
-592.135715
-462.024059
-127.451227
26.558489
-130.106567
-286.771623
-241.630844
-156.659967
-180.558026
-260.218224
-254.907544
-164.625986
-82.310448
-29.203650
-61.067729
-175.247346
-225.698805
-140.727927
-29.203650
-39.825010
-130.106567
-164.625986
-159.315306
-114.174528
42.490528
177.912865
84.975967
-188.524046
-305.359003
-116.829868
84.975967
95.597327
39.835188
34.524508
63.733248
47.801208
55.767228
135.427426
148.704126
53.111888
-7.960930
61.077908
172.602185
196.500244
172.602185
175.257525
191.189564
183.223545
156.670145
130.116746
119.495386
114.184706
156.670145
228.364323
215.087624
146.048786
116.840046
116.840046
111.529366
106.218687
119.495386
122.150726
82.320627
55.767228
98.252667
169.946845
169.946845
127.461406
103.563347
92.941987
77.009947
103.563347
183.223545
225.708984
185.878885
156.670145
183.223545
215.087624
225.708984
199.155584
188.534224
225.708984
289.437142
315.990541
265.539082
215.087624
238.985683
265.539082
183.223545
-2.650251
-268.184244
-531.062897
-472.645418
21.247809
528.417736
448.757538
-220.388125
-820.494949
-873.601748
-432.815319
116.840046
252.262383
-172.592006
-677.106593
-698.349312
-284.116283
7.971109
-55.757049
-246.941524
-435.470659
-562.926976
-480.611438
-185.868706
7.971109
-138.072587
-329.257062
-270.839584
-140.727927
-185.868706
-310.669682
-300.048323
-172.592006
-45.135689
26.558489
5.315769
-130.106567
-233.664824
-175.247346
-45.135689
-2.650251
-84.965788
-172.592006
-177.902686
-98.242488
79.665287
220.398304
130.116746
-154.004627
-339.878422
-207.111425
71.699268
204.466264
130.116746
42.490528
71.699268
106.218687
106.218687
148.704126
193.844904
111.529366
-10.616270
39.835188
215.087624
281.471122
201.810924
167.291505
207.121604
207.121604
164.636165
130.116746
108.874027
92.941987
143.393446
246.951703
276.160442
199.155584
135.427426
169.946845
201.810924
159.325485
140.738106
156.670145
122.150726
84.975967
148.704126
236.330343
207.121604
116.840046
108.874027
164.636165
172.602185
156.670145
193.844904
212.432284
167.291505
146.048786
201.810924
257.573063
233.675003
193.844904
201.810924
231.019663
254.917723
273.505102
246.951703
217.742964
257.573063
310.679861
252.262383
39.835188
-281.460943
-578.859015
-544.339596
-31.858990
539.039095
549.660455
-84.965788
-783.320190
-961.227965
-544.339596
69.043928
318.645881
-66.378409
-653.208534
-764.732811
-371.742501
-13.271610
-63.723069
-300.048323
-488.577458
-605.412415
-539.028917
-278.805603
-82.310448
-209.766765
-414.227940
-345.189102
-177.902686
-217.732785
-416.883280
-456.713379
-294.737643
-103.553168
18.592469
-2.650251
-159.315306
-300.048323
-238.975504
-69.033749
-37.169670
-151.349287
-246.941524
-233.664824
-116.829868
82.320627
233.675003
151.359465
-124.795887
-334.567742
-244.286184
13.281789
154.014805
100.908007
50.456548
108.874027
180.568205
159.325485
138.082766
164.636165
116.840046
26.558489
47.801208
164.636165
212.432284
161.980825
185.878885
300.058502
302.713841
191.189564
98.252667
66.388588
74.354607
122.150726
220.398304
249.607043
169.946845
119.495386
175.257525
236.330343
193.844904
132.772086
127.461406
138.082766
140.738106
185.878885
252.262383
215.087624
130.116746
135.427426
207.121604
212.432284
146.048786
159.325485
236.330343
270.849762
273.505102
278.815782
278.815782
231.019663
196.500244
231.019663
268.194422
246.951703
212.432284
204.466264
228.364323
268.194422
302.713841
297.403162
177.912865
-106.208508
-480.611438
-661.174553
-358.465801
273.505102
639.942013
315.990541
-432.815319
-929.363886
-809.873589
-238.975504
260.228403
196.500244
-355.810461
-735.524071
-552.305616
-119.485207
37.179848
-127.451227
-342.533762
-501.854157
-533.718237
-334.567742
-84.965788
-84.965788
-270.839584
-281.460943
-124.795887
-119.485207
-318.635702
-448.747359
-347.844442
-138.072587
42.490528
90.286647
-58.412389
-257.562884
-265.528904
-79.655109
31.869169
-63.723069
-204.456085
-268.184244
-228.354145
-66.378409
180.568205
286.781802
108.874027
-177.902686
-294.737643
-191.179386
-29.203650
45.145868
50.456548
79.665287
116.840046
103.563347
71.699268
92.941987
132.772086
84.975967
10.626449
39.835188
132.772086
135.427426
111.529366
191.189564
268.194422
207.121604
114.184706
108.874027
124.806066
98.252667
116.840046
177.912865
183.223545
135.427426
132.772086
169.946845
164.636165
111.529366
103.563347
124.806066
95.597327
77.009947
148.704126
207.121604
164.636165
124.806066
146.048786
151.359465
108.874027
69.043928
116.840046
188.534224
201.810924
215.087624
231.019663
207.121604
148.704126
100.908007
154.014805
238.985683
246.951703
199.155584
167.291505
161.980825
161.980825
204.466264
292.092482
233.675003
-106.208508
-560.271636
-663.829893
-196.490065
411.582779
557.626475
79.665287
-594.791055
-937.329906
-655.863873
-13.271610
334.577921
10.626449
-549.650276
-666.485233
-350.499781
-55.757049
-63.723069
-199.145405
-347.844442
-491.232798
-403.606580
-159.315306
-76.999769
-215.077445
-276.150263
-116.829868
-37.169670
-204.456085
-387.674540
-400.951240
-254.907544
-29.203650
156.670145
108.874027
-180.558026
-339.878422
-169.936666
77.009947
98.252667
-45.135689
-164.625986
-228.354145
-204.456085
18.592469
286.781802
278.815782
-21.237630
-249.596864
-199.145405
-45.135689
58.422568
103.563347
82.320627
31.869169
29.213829
90.286647
140.738106
130.116746
95.597327
82.320627
106.218687
154.014805
154.014805
92.941987
98.252667
212.432284
308.024521
278.815782
180.568205
108.874027
87.631307
132.772086
228.364323
252.262383
175.257525
114.184706
122.150726
167.291505
191.189564
201.810924
183.223545
124.806066
95.597327
159.325485
228.364323
204.466264
132.772086
127.461406
175.257525
169.946845
132.772086
100.908007
106.218687
148.704126
193.844904
233.675003
236.330343
169.946845
103.563347
116.840046
191.189564
236.330343
231.019663
196.500244
167.291505
183.223545
231.019663
286.781802
278.815782
92.941987
-286.771623
-645.242514
-554.960956
26.558489
557.626475
485.932297
-172.592006
-817.839609
-953.261946
-536.373577
50.456548
217.742964
-201.800745
-655.863873
-610.723095
-252.252204
-84.965788
-212.422105
-377.053181
-475.300758
-501.854157
-374.397841
-204.456085
-191.179386
-289.426963
-238.975504
-58.412389
-69.033749
-323.946382
-517.786197
-469.990078
-257.562884
-7.960930
106.218687
-23.892970
-246.941524
-294.737643
-90.276468
61.077908
-34.514330
-201.800745
-249.596864
-177.902686
-71.689089
53.111888
124.806066
55.767228
-79.655109
-119.485207
-63.723069
-50.446369
-95.587148
-74.344429
42.490528
143.393446
140.738106
77.009947
58.422568
90.286647
106.218687
103.563347
122.150726
119.495386
71.699268
69.043928
185.878885
297.403162
300.058502
236.330343
177.912865
148.704126
119.495386
130.116746
175.257525
188.534224
199.155584
215.087624
209.776944
172.602185
161.980825
217.742964
257.573063
225.708984
183.223545
180.568205
209.776944
217.742964
220.398304
238.985683
217.742964
151.359465
111.529366
130.116746
161.980825
164.636165
167.291505
217.742964
249.607043
209.776944
159.325485
159.325485
175.257525
183.223545
185.878885
191.189564
201.810924
223.053644
257.573063
262.883743
177.912865
-74.344429
-443.436679
-605.412415
-254.907544
371.752680
621.354633
180.568205
-515.130857
-876.257088
-679.761933
-135.417247
246.951703
84.975967
-427.504639
-639.931834
-331.912402
5.315769
-47.791029
-294.737643
-438.125999
-469.990078
-382.363861
-209.766765
-124.795887
-212.422105
-262.873564
-84.965788
42.490528
-138.072587
-432.815319
-509.820177
-326.601722
-79.655109
82.320627
55.767228
-156.659967
-310.669682
-172.592006
87.631307
79.665287
-191.179386
-347.844442
-241.630844
-53.101709
82.320627
140.738106
37.179848
-156.659967
-177.902686
23.903149
140.738106
-34.514330
-204.456085
-130.106567
66.388588
188.534224
180.568205
90.286647
-23.892970
-21.237630
132.772086
241.641023
159.325485
13.281789
-7.960930
106.218687
231.019663
268.194422
196.500244
61.077908
29.213829
143.393446
225.708984
159.325485
39.835188
42.490528
154.014805
223.053644
196.500244
103.563347
58.422568
98.252667
156.670145
167.291505
114.184706
50.456548
63.733248
169.946845
257.573063
217.742964
98.252667
18.592469
61.077908
143.393446
172.602185
164.636165
135.427426
140.738106
196.500244
228.364323
183.223545
138.082766
154.014805
201.810924
212.432284
188.534224
175.257525
185.878885
199.155584
212.432284
146.048786
-167.281326
-560.271636
-541.684256
5.315769
541.694435
485.932297
-95.587148
-655.863873
-807.218250
-496.543478
5.315769
209.776944
-116.829868
-525.752217
-467.334738
-84.965788
47.801208
-183.213366
-406.261920
-430.159979
-369.087161
-262.873564
-154.004627
-177.902686
-268.184244
-169.936666
77.009947
79.665287
-246.941524
-512.475517
-430.159979
-169.936666
26.558489
100.908007
-7.960930
-244.286184
-284.116283
-13.271610
193.844904
29.213829
-281.460943
-331.912402
-127.451227
37.179848
116.840046
100.908007
-39.825010
-154.004627
-74.344429
106.218687
82.320627
-167.281326
-228.354145
15.937129
257.573063
262.883743
114.184706
0.005089
-13.271610
108.874027
257.573063
249.607043
100.908007
-21.237630
61.077908
260.228403
350.509960
265.539082
127.461406
90.286647
161.980825
249.607043
231.019663
116.840046
74.354607
159.325485
292.092482
294.747822
138.082766
15.937129
79.665287
215.087624
231.019663
130.116746
42.490528
34.524508
108.874027
225.708984
297.403162
215.087624
50.456548
23.903149
124.806066
199.155584
172.602185
130.116746
156.670145
196.500244
199.155584
193.844904
183.223545
156.670145
140.738106
177.912865
191.189564
116.840046
53.111888
92.941987
188.534224
212.432284
66.388588
-284.116283
-645.242514
-584.169695
-2.650251
512.485696
361.131320
-270.839584
-762.077471
-812.528929
-485.922118
-26.548310
132.772086
-212.422105
-602.757075
-493.888138
-103.553168
-13.271610
-268.184244
-438.125999
-408.917260
-350.499781
-276.150263
-191.179386
-238.975504
-315.980362
-154.004627
103.563347
53.111888
-308.014343
-533.718237
-387.674540
-106.208508
55.767228
82.320627
-53.101709
-252.252204
-241.630844
15.937129
161.980825
-45.135689
-308.014343
-276.150263
-63.723069
53.111888
31.869169
-5.305590
-63.723069
-106.208508
-26.548310
79.665287
-7.960930
-183.213366
-135.417247
119.495386
244.296363
124.806066
-5.305590
26.558489
127.461406
193.844904
220.398304
185.878885
53.111888
-21.237630
108.874027
281.471122
297.403162
193.844904
188.534224
270.849762
278.815782
228.364323
183.223545
156.670145
143.393446
185.878885
254.917723
209.776944
84.975967
74.354607
183.223545
231.019663
132.772086
58.422568
82.320627
100.908007
127.461406
204.466264
241.641023
159.325485
66.388588
103.563347
169.946845
127.461406
79.665287
143.393446
231.019663
196.500244
127.461406
148.704126
177.912865
159.325485
156.670145
204.466264
191.189564
108.874027
100.908007
169.946845
185.878885
127.461406
-5.305590
-276.150263
-533.718237
-369.087161
183.223545
496.553656
204.466264
-334.567742
-647.897854
-642.587174
-371.742501
2.660429
90.286647
-252.252204
-539.028917
-339.878422
-10.616270
-55.757049
-310.669682
-403.606580
-353.155121
-302.703663
-225.698805
-183.213366
-265.528904
-278.805603
-39.825010
167.291505
-23.892970
-416.883280
-507.164837
-292.082303
-69.033749
34.524508
26.558489
-116.829868
-257.562884
-159.315306
90.286647
90.286647
-177.902686
-323.946382
-188.524046
-2.650251
42.490528
15.937129
-47.791029
-127.451227
-79.655109
92.941987
114.184706
-82.310448
-199.145405
-82.310448
108.874027
156.670145
100.908007
47.801208
13.281789
58.422568
183.223545
225.708984
116.840046
2.660429
2.660429
108.874027
217.742964
228.364323
169.946845
124.806066
159.325485
215.087624
193.844904
116.840046
77.009947
98.252667
151.359465
177.912865
148.704126
100.908007
103.563347
146.048786
161.980825
127.461406
108.874027
92.941987
82.320627
135.427426
201.810924
201.810924
143.393446
90.286647
92.941987
114.184706
140.738106
164.636165
161.980825
146.048786
111.529366
95.597327
127.461406
172.602185
177.912865
148.704126
122.150726
116.840046
116.840046
114.184706
124.806066
132.772086
92.941987
-95.587148
-374.397841
-446.092019
-130.106567
305.369181
387.684719
21.247809
-424.849300
-631.965814
-515.130857
-183.213366
90.286647
-2.650251
-326.601722
-411.572600
-151.349287
31.869169
-114.174528
-337.223082
-398.295900
-321.291042
-204.456085
-127.451227
-172.592006
-273.494923
-191.179386
79.665287
135.427426
-161.970646
-438.125999
-387.674540
-151.349287
18.592469
61.077908
-31.858990
-204.456085
-215.077445
2.660429
151.359465
-13.271610
-252.252204
-233.664824
-50.446369
55.767228
47.801208
-15.926950
-100.897828
-84.965788
111.529366
233.675003
50.456548
-225.698805
-220.388125
21.247809
196.500244
209.776944
122.150726
31.869169
39.835188
167.291505
268.194422
177.912865
2.660429
-34.514330
95.597327
220.398304
249.607043
172.602185
95.597327
148.704126
252.262383
249.607043
124.806066
18.592469
42.490528
180.568205
270.849762
212.432284
87.631307
53.111888
135.427426
215.087624
193.844904
108.874027
61.077908
71.699268
138.082766
201.810924
177.912865
100.908007
61.077908
98.252667
143.393446
138.082766
95.597327
63.733248
61.077908
66.388588
74.354607
79.665287
69.043928
61.077908
79.665287
98.252667
69.043928
7.971109
-10.616270
29.213829
58.422568
47.801208
13.281789
-132.761907
-390.329880
-454.058039
-135.417247
244.296363
236.330343
-108.863848
-416.883280
-536.373577
-456.713379
-193.834726
29.213829
-92.931808
-363.776481
-347.844442
-87.621128
2.660429
-183.213366
-342.533762
-342.533762
-284.116283
-212.422105
-132.761907
-177.902686
-284.116283
-172.592006
84.975967
92.941987
-204.456085
-419.538620
-310.669682
-111.519188
-5.305590
13.281789
-69.033749
-180.558026
-177.902686
2.660429
98.252667
-55.757049
-207.111425
-151.349287
-15.926950
15.937129
-18.582290
-31.858990
-29.203650
15.937129
135.427426
169.946845
-5.305590
-193.834726
-143.383267
77.009947
191.189564
148.704126
82.320627
90.286647
148.704126
220.398304
244.296363
172.602185
55.767228
18.592469
127.461406
238.985683
236.330343
169.946845
156.670145
207.121604
209.776944
159.325485
108.874027
95.597327
119.495386
183.223545
228.364323
183.223545
90.286647
98.252667
172.602185
196.500244
146.048786
74.354607
74.354607
124.806066
175.257525
193.844904
169.946845
108.874027
71.699268
98.252667
172.602185
199.155584
154.014805
98.252667
74.354607
77.009947
82.320627
98.252667
122.150726
116.840046
111.529366
106.218687
92.941987
50.456548
23.903149
34.524508
47.801208
61.077908
82.320627
39.835188
-151.349287
-334.567742
-297.392983
-50.446369
146.048786
103.563347
-119.485207
-345.189102
-432.815319
-329.257062
-140.727927
-58.412389
-175.247346
-305.359003
-257.562884
-124.795887
-119.485207
-209.766765
-270.839584
-289.426963
-265.528904
-207.111425
-167.281326
-207.111425
-233.664824
-124.795887
10.626449
-34.514330
-212.422105
-313.325022
-246.941524
-132.761907
-71.689089
-50.446369
-100.897828
-172.592006
-146.038607
-26.548310
21.247809
-61.067729
-164.625986
-196.490065
-140.727927
-87.621128
-42.480349
-2.650251
7.971109
-18.582290
-31.858990
-53.101709
-87.621128
-92.931808
-37.169670
42.490528
55.767228
29.213829
37.179848
82.320627
106.218687
119.495386
127.461406
98.252667
34.524508
18.592469
90.286647
169.946845
193.844904
167.291505
156.670145
159.325485
140.738106
140.738106
161.980825
156.670145
140.738106
159.325485
167.291505
148.704126
127.461406
119.495386
140.738106
161.980825
140.738106
132.772086
138.082766
135.427426
114.184706
90.286647
100.908007
114.184706
138.082766
175.257525
175.257525
111.529366
45.145868
58.422568
124.806066
161.980825
111.529366
69.043928
103.563347
135.427426
140.738106
116.840046
90.286647
63.733248
29.213829
42.490528
87.631307
90.286647
63.733248
47.801208
-2.650251
-146.038607
-254.907544
-183.213366
-7.960930
66.388588
29.213829
-90.276468
-278.805603
-382.363861
-273.494923
-103.553168
-74.344429
-164.625986
-196.490065
-154.004627
-154.004627
-177.902686
-185.868706
-217.732785
-265.528904
-215.077445
-116.829868
-146.038607
-236.320164
-185.868706
-29.203650
26.558489
-71.689089
-191.179386
-228.354145
-212.422105
-122.140547
18.592469
37.179848
-79.655109
-135.417247
-47.791029
13.281789
-84.965788
-167.281326
-92.931808
0.005089
0.005089
-39.825010
-63.723069
-87.621128
-63.723069
63.733248
151.359465
39.835188
-119.485207
-90.276468
31.869169
71.699268
53.111888
55.767228
66.388588
82.320627
148.704126
188.534224
100.908007
13.281789
66.388588
172.602185
175.257525
82.320627
58.422568
146.048786
262.883743
308.024521
233.675003
84.975967
-5.305590
63.733248
209.776944
244.296363
146.048786
39.835188
58.422568
132.772086
148.704126
127.461406
79.665287
34.524508
26.558489
53.111888
61.077908
34.524508
42.490528
122.150726
172.602185
98.252667
-45.135689
-90.276468
-18.582290
71.699268
119.495386
111.529366
50.456548
-5.305590
-2.650251
55.767228
71.699268
13.281789
-37.169670
-13.271610
47.801208
50.456548
34.524508
29.213829
10.626449
-18.582290
-31.858990
-74.344429
-169.936666
-201.800745
-106.208508
21.247809
23.903149
-87.621128
-193.834726
-254.907544
-252.252204
-185.868706
-114.174528
-143.383267
-199.145405
-193.834726
-156.659967
-146.038607
-169.936666
-193.834726
-209.766765
-212.422105
-196.490065
-177.902686
-164.625986
-151.349287
-100.897828
-47.791029
-55.757049
-119.485207
-188.524046
-196.490065
-116.829868
-31.858990
-18.582290
-37.169670
-58.412389
-76.999769
-84.965788
-50.446369
7.971109
5.315769
-29.203650
-23.892970
0.005089
-34.514330
-55.757049
10.626449
98.252667
100.908007
58.422568
18.592469
-31.858990
-58.412389
-5.305590
100.908007
135.427426
98.252667
98.252667
124.806066
119.495386
108.874027
132.772086
138.082766
103.563347
87.631307
135.427426
188.534224
199.155584
199.155584
212.432284
193.844904
135.427426
119.495386
154.014805
183.223545
188.534224
193.844904
191.189564
159.325485
140.738106
156.670145
151.359465
100.908007
71.699268
100.908007
138.082766
132.772086
119.495386
106.218687
82.320627
55.767228
63.733248
90.286647
84.975967
53.111888
47.801208
58.422568
63.733248
53.111888
55.767228
69.043928
45.145868
13.281789
26.558489
39.835188
34.524508
21.247809
15.937129
-2.650251
-18.582290
-18.582290
-13.271610
-26.548310
-45.135689
-47.791029
-90.276468
-180.558026
-228.354145
-148.693947
-42.480349
-23.892970
-98.242488
