-4.601539
-13.801168
-9.201354
-4.601539
4.598089
4.598089
-9.201354
-9.201354
-4.601539
4.598089
4.598089
-4.601539
-4.601539
4.598089
-0.001725
-0.001725
-0.001725
-0.001725
4.598089
13.797718
9.197904
-4.601539
-4.601539
9.197904
-0.001725
-9.201354
-4.601539
4.598089
4.598089
-4.601539
-0.001725
4.598089
-4.601539
-13.801168
-4.601539
-0.001725
-9.201354
-0.001725
9.197904
13.797718
13.797718
4.598089
13.797718
9.197904
-0.001725
-0.001725
-4.601539
-9.201354
-13.801168
-4.601539
4.598089
13.797718
18.397533
13.797718
4.598089
-0.001725
9.197904
4.598089
-9.201354
9.197904
4.598089
-0.001725
9.197904
4.598089
4.598089
-4.601539
9.197904
4.598089
-13.801168
-9.201354
-4.601539
-0.001725
-0.001725
-4.601539
4.598089
4.598089
4.598089
-4.601539
-9.201354
-0.001725
9.197904
4.598089
-4.601539
-18.400983
-13.801168
-9.201354
-9.201354
-4.601539
-4.601539
-9.201354
4.598089
9.197904
-18.400983
-13.801168
9.197904
4.598089
-18.400983
-9.201354
-0.001725
-4.601539
-4.601539
-13.801168
-18.400983
-9.201354
4.598089
9.197904
-13.801168
-9.201354
18.397533
13.797718
-0.001725
-4.601539
-9.201354
-0.001725
4.598089
-4.601539
-4.601539
-9.201354
4.598089
4.598089
-13.801168
4.598089
4.598089
-4.601539
-0.001725
-4.601539
-4.601539
-0.001725
-0.001725
-0.001725
13.797718
13.797718
-0.001725
9.197904
-9.201354
-13.801168
4.598089
-9.201354
-4.601539
4.598089
4.598089
9.197904
13.797718
13.797718
9.197904
18.397533
-4.601539
-9.201354
13.797718
4.598089
-0.001725
-9.201354
-0.001725
4.598089
4.598089
9.197904
13.797718
9.197904
9.197904
-4.601539
-13.801168
-0.001725
9.197904
9.197904
4.598089
13.797718
4.598089
-4.601539
-0.001725
9.197904
9.197904
9.197904
4.598089
4.598089
-0.001725
-9.201354
13.797718
22.997347
4.598089
4.598089
-0.001725
-4.601539
-13.801168
-9.201354
4.598089
4.598089
4.598089
4.598089
4.598089
-4.601539
-4.601539
-0.001725
9.197904
4.598089
-4.601539
4.598089
-9.201354
-23.000797
-9.201354
-0.001725
-9.201354
-13.801168
-9.201354
-9.201354
-9.201354
-9.201354
-0.001725
-4.601539
-13.801168
-0.001725
-9.201354
9.197904
13.797718
13.797718
-9.201354
-9.201354
4.598089
-4.601539
9.197904
-0.001725
-18.400983
-4.601539
-4.601539
9.197904
4.598089
-0.001725
4.598089
-9.201354
-9.201354
-4.601539
4.598089
9.197904
4.598089
4.598089
4.598089
-4.601539
-4.601539
13.797718
-0.001725
4.598089
4.598089
-9.201354
-4.601539
18.397533
9.197904
-9.201354
-9.201354
9.197904
9.197904
4.598089
-9.201354
-4.601539
-13.801168
-4.601539
9.197904
-0.001725
9.197904
-0.001725
-13.801168
-9.201354
4.598089
4.598089
-0.001725
9.197904
9.197904
4.598089
-4.601539
-4.601539
4.598089
-9.201354
-0.001725
13.797718
-0.001725
-9.201354
-4.601539
-0.001725
4.598089
9.197904
4.598089
-9.201354
-18.400983
-9.201354
-4.601539
-9.201354
-4.601539
4.598089
4.598089
-4.601539
-4.601539
-0.001725
-0.001725
4.598089
-4.601539
-4.601539
4.598089
9.197904
13.797718
4.598089
-4.601539
9.197904
-0.001725
-4.601539
-0.001725
-0.001725
-4.601539
4.598089
-4.601539
-4.601539
-4.601539
-9.201354
9.197904
4.598089
13.797718
18.397533
-0.001725
9.197904
-4.601539
-9.201354
-4.601539
-0.001725
4.598089
9.197904
4.598089
-4.601539
-0.001725
9.197904
9.197904
13.797718
4.598089
-13.801168
-9.201354
9.197904
-4.601539
-9.201354
-13.801168
-18.400983
-0.001725
4.598089
-9.201354
-13.801168
-4.601539
-4.601539
-4.601539
-4.601539
-0.001725
-0.001725
9.197904
9.197904
-0.001725
-0.001725
4.598089
9.197904
-4.601539
-0.001725
9.197904
-4.601539
-9.201354
-9.201354
4.598089
13.797718
-4.601539
-0.001725
4.598089
-4.601539
-0.001725
-4.601539
-18.400983
-4.601539
9.197904
9.197904
-0.001725
4.598089
4.598089
-4.601539
4.598089
9.197904
9.197904
13.797718
9.197904
4.598089
-0.001725
4.598089
13.797718
4.598089
-0.001725
4.598089
-0.001725
4.598089
9.197904
-9.201354
-4.601539
-4.601539
-4.601539
13.797718
22.997347
22.997347
9.197904
-0.001725
-4.601539
-4.601539
13.797718
18.397533
-4.601539
-0.001725
9.197904
-0.001725
-9.201354
-0.001725
-4.601539
-13.801168
-4.601539
-13.801168
-13.801168
-0.001725
4.598089
13.797718
-9.201354
-0.001725
4.598089
-9.201354
-0.001725
4.598089
-9.201354
-18.400983
-13.801168
-9.201354
-18.400983
-23.000797
-13.801168
-4.601539
4.598089
-4.601539
-4.601539
-4.601539
-18.400983
-18.400983
-9.201354
-0.001725
4.598089
-4.601539
18.397533
22.997347
18.397533
-4.601539
-13.801168
-0.001725
9.197904
-0.001725
-9.201354
-0.001725
-0.001725
-9.201354
-4.601539
4.598089
-0.001725
-4.601539
-0.001725
-0.001725
4.598089
4.598089
-0.001725
-0.001725
13.797718
-0.001725
-4.601539
-4.601539
-0.001725
-0.001725
-13.801168
9.197904
22.997347
9.197904
-0.001725
-0.001725
13.797718
9.197904
4.598089
9.197904
-4.601539
-4.601539
9.197904
-0.001725
-0.001725
4.598089
4.598089
18.397533
9.197904
-0.001725
4.598089
-4.601539
-4.601539
9.197904
13.797718
-0.001725
-4.601539
4.598089
-4.601539
-27.600611
-0.001725
4.598089
-13.801168
-0.001725
4.598089
9.197904
9.197904
-4.601539
9.197904
-0.001725
-4.601539
-9.201354
-4.601539
4.598089
-4.601539
-4.601539
-9.201354
-13.801168
-13.801168
4.598089
-0.001725
-13.801168
-0.001725
-0.001725
-18.400983
-9.201354
9.197904
-0.001725
-0.001725
4.598089
-9.201354
-9.201354
-4.601539
-0.001725
4.598089
-0.001725
-9.201354
-0.001725
9.197904
-0.001725
-0.001725
4.598089
-4.601539
-4.601539
-9.201354
-4.601539
-0.001725
-18.400983
-9.201354
9.197904
13.797718
9.197904
13.797718
9.197904
4.598089
-13.801168
-4.601539
18.397533
4.598089
-9.201354
9.197904
4.598089
-9.201354
-13.801168
-4.601539
-4.601539
-4.601539
13.797718
13.797718
4.598089
-0.001725
9.197904
4.598089
4.598089
9.197904
4.598089
-4.601539
-0.001725
9.197904
13.797718
-0.001725
-0.001725
13.797718
-0.001725
-4.601539
-4.601539
-9.201354
-4.601539
-4.601539
-9.201354
-0.001725
-0.001725
4.598089
-9.201354
-13.801168
-4.601539
4.598089
-4.601539
-18.400983
-9.201354
-0.001725
-0.001725
-13.801168
-9.201354
-4.601539
-9.201354
-13.801168
-0.001725
4.598089
-18.400983
-9.201354
9.197904
9.197904
13.797718
-0.001725
-4.601539
-4.601539
-9.201354
-4.601539
-4.601539
4.598089
9.197904
-13.801168
-9.201354
9.197904
4.598089
-4.601539
-4.601539
4.598089
13.797718
4.598089
-0.001725
4.598089
4.598089
9.197904
4.598089
18.397533
18.397533
-0.001725
-0.001725
4.598089
9.197904
-0.001725
-9.201354
4.598089
-0.001725
13.797718
13.797718
-0.001725
13.797718
9.197904
9.197904
18.397533
-0.001725
-0.001725
-0.001725
4.598089
4.598089
-9.201354
-0.001725
18.397533
-0.001725
-4.601539
9.197904
4.598089
-4.601539
-0.001725
-4.601539
-4.601539
-9.201354
-13.801168
-9.201354
-9.201354
-0.001725
-4.601539
-0.001725
-0.001725
-4.601539
4.598089
-4.601539
-0.001725
-4.601539
-9.201354
-4.601539
-13.801168
-9.201354
-0.001725
-9.201354
-4.601539
-0.001725
-0.001725
-9.201354
-18.400983
-4.601539
-9.201354
-13.801168
-4.601539
-9.201354
-4.601539
-0.001725
-0.001725
-13.801168
-9.201354
4.598089
13.797718
4.598089
-4.601539
-9.201354
-0.001725
-4.601539
-0.001725
9.197904
4.598089
13.797718
13.797718
4.598089
4.598089
4.598089
-0.001725
4.598089
-0.001725
18.397533
18.397533
9.197904
-0.001725
4.598089
9.197904
9.197904
9.197904
4.598089
13.797718
22.997347
27.597162
27.597162
13.797718
9.197904
13.797718
18.397533
27.597162
13.797718
9.197904
18.397533
22.997347
9.197904
9.197904
36.796790
45.996419
32.196976
4.598089
4.598089
4.598089
13.797718
13.797718
9.197904
13.797718
4.598089
-13.801168
-18.400983
-0.001725
13.797718
9.197904
-9.201354
-13.801168
-9.201354
-13.801168
-18.400983
-13.801168
-9.201354
-13.801168
-36.800240
-32.200426
-27.600611
-32.200426
-23.000797
-13.801168
-23.000797
-27.600611
-32.200426
-45.999869
-27.600611
-18.400983
-32.200426
-55.199498
-41.400055
-4.601539
-9.201354
-50.599684
-64.399127
-50.599684
-18.400983
-4.601539
-18.400983
-27.600611
-18.400983
-13.801168
-36.800240
-59.799312
-32.200426
-0.001725
9.197904
-9.201354
-23.000797
-13.801168
-0.001725
-13.801168
-23.000797
-9.201354
18.397533
32.196976
4.598089
-4.601539
18.397533
27.597162
41.396605
27.597162
36.796790
55.196048
64.395677
41.396605
45.996419
87.394749
96.594378
73.595306
78.195120
105.794007
114.993636
73.595306
22.997347
45.996419
101.194192
133.392893
110.393821
55.196048
41.396605
50.596234
50.596234
59.795863
73.595306
91.994563
64.395677
32.196976
32.196976
41.396605
41.396605
27.597162
41.396605
41.396605
45.996419
45.996419
18.397533
-23.000797
-32.200426
-45.999869
-36.800240
13.797718
13.797718
-55.199498
-105.797457
-128.796529
-110.397271
-110.397271
-96.597828
-73.598756
-87.398199
-128.796529
-142.595972
-137.996158
-137.996158
-133.396343
-151.795601
-147.195786
-119.596900
-105.797457
-142.595972
-174.794673
-151.795601
-133.396343
-128.796529
-137.996158
-133.396343
-87.398199
-64.399127
-87.398199
-128.796529
-124.196714
-96.597828
-78.198570
-41.400055
-18.400983
-27.600611
-41.400055
-59.799312
-50.599684
-36.800240
4.598089
41.396605
41.396605
13.797718
-13.801168
-23.000797
27.597162
68.995491
96.594378
101.194192
78.195120
50.596234
36.796790
59.795863
114.993636
160.991780
151.792151
133.392893
124.193264
137.992708
156.391965
165.591594
193.190481
216.189553
216.189553
188.590666
183.990852
197.790295
211.589738
197.790295
197.790295
220.789367
243.788439
248.388254
197.790295
179.391037
183.990852
170.191409
160.991780
174.791223
220.789367
248.388254
216.189553
133.392893
45.996419
41.396605
119.593450
220.789367
211.589738
82.794935
-45.999869
-91.998013
-73.598756
-41.400055
13.797718
32.196976
-50.599684
-193.193931
-280.590405
-243.791889
-179.394487
-165.595044
-197.793745
-239.192075
-262.191147
-294.389848
-335.788178
-354.187435
-317.388920
-243.791889
-225.392632
-275.990590
-335.788178
-344.987806
-317.388920
-294.389848
-317.388920
-298.989662
-225.392632
-206.993374
-225.392632
-289.790033
-317.388920
-248.391704
-188.594116
-179.394487
-170.194858
-137.996158
-105.797457
-147.195786
-225.392632
-197.793745
-55.199498
55.196048
-13.801168
-119.596900
-110.397271
-41.400055
9.197904
22.997347
22.997347
45.996419
78.195120
96.594378
110.393821
101.194192
96.594378
124.193264
165.591594
188.590666
188.590666
206.989924
252.988068
248.388254
234.588811
257.587883
275.987140
280.586955
317.385470
358.783800
423.181202
427.781016
363.383614
326.585099
303.586027
331.184913
390.982501
432.380831
436.980645
409.381758
404.781944
363.383614
266.787511
193.190481
174.791223
211.589738
358.783800
574.975078
611.773593
229.988996
-252.991518
-179.394487
427.781016
814.165427
634.772665
220.789367
-23.000797
-82.798384
-124.196714
-50.599684
165.591594
335.784728
147.192337
-257.591332
-427.784466
-409.385208
-800.369434
-1421.344381
-1113.156815
303.586027
1071.755035
-211.593188
-2111.316544
-2226.311904
-685.374074
266.787511
-119.596900
-464.582981
-87.398199
18.397533
-814.168877
-1453.543082
-818.768692
372.583243
685.370624
9.197904
-436.984095
-119.596900
110.393821
-377.186507
-878.566279
-515.180940
312.785656
561.175634
45.996419
-441.583909
-469.182796
-473.782610
-717.572775
-745.171661
-183.994302
533.576748
616.373407
-50.599684
-901.565351
-1182.154031
-607.177228
280.586955
717.569325
551.976006
183.990852
-124.196714
-363.387064
-354.187435
96.594378
726.768954
988.958375
708.369696
193.190481
-41.400055
91.994563
298.986212
395.582315
501.378047
749.768026
832.564685
528.976933
41.396605
-142.595972
128.793079
436.980645
533.576748
639.372480
781.966727
607.173779
91.994563
-220.792817
13.797718
432.380831
676.170995
758.967654
726.768954
547.376191
239.188625
73.595306
229.988996
321.985285
27.597162
4.598089
993.558190
1964.119033
1186.750396
-795.769620
-1476.542154
-91.998013
1255.747612
1002.757819
340.384542
735.968582
1113.153365
-211.593188
-1913.524524
-1320.148464
1085.554478
2037.716063
147.192337
-2253.910791
-2447.102997
-473.782610
1237.348354
602.573964
-1642.135473
-2801.288707
-1605.336958
225.389182
561.175634
-363.387064
-970.562568
-804.969249
-860.167022
-1402.945123
-1103.957186
450.780088
1412.141302
252.988068
-1527.140113
-1545.539370
-32.200426
772.767098
45.996419
-662.375001
-216.193003
423.181202
41.396605
-735.972032
-584.178156
124.193264
91.994563
-602.577414
-726.772403
-23.000797
561.175634
285.186769
-611.777043
-1232.751990
-947.563496
-59.799312
570.375263
524.377119
-13.801168
-611.777043
-837.167949
-505.981311
142.592522
643.972294
703.769881
262.187697
-285.190219
-340.387992
64.395677
446.180274
547.376191
505.977861
413.981573
308.185841
257.587883
225.389182
225.389182
372.583243
556.575820
510.577676
317.385470
285.186769
354.183985
289.786584
137.992708
124.193264
321.985285
533.576748
542.776377
395.582315
252.988068
105.794007
4.598089
174.791223
565.775449
758.967654
533.576748
156.391965
36.796790
193.190481
459.979717
685.370624
712.969510
423.181202
-55.199498
-234.592260
312.785656
1237.348354
1375.342787
275.987140
-740.571847
-280.590405
1076.354849
1614.533137
804.965799
-110.397271
-91.998013
326.585099
390.982501
312.785656
446.180274
326.585099
-344.987806
-1007.361083
-1232.751990
-1241.951618
-915.364795
114.993636
754.367840
-478.382425
-2598.896873
-2939.283140
-942.963681
781.966727
303.586027
-1085.557928
-1310.948835
-648.575558
-602.577414
-1030.360155
-717.572775
211.589738
436.980645
-243.791889
-657.775187
-257.591332
202.390110
-36.800240
-625.576486
-611.777043
87.394749
616.373407
381.782872
-326.588549
-896.965537
-933.764052
-404.785394
211.589738
294.386398
-124.196714
-436.984095
-478.382425
-676.174445
-961.362939
-662.375001
234.588811
648.572108
-45.999869
-933.764052
-850.967393
-27.600611
436.980645
285.186769
151.792151
289.786584
326.585099
156.391965
101.194192
275.987140
404.781944
377.183058
427.781016
597.974150
680.770809
450.780088
50.596234
-64.399127
298.986212
754.367840
873.963015
625.573036
257.587883
9.197904
4.598089
225.389182
510.577676
630.172851
505.977861
285.186769
124.193264
87.394749
183.990852
372.583243
515.177490
538.176562
446.180274
289.786584
193.190481
262.187697
570.375263
795.766170
611.773593
243.788439
128.793079
234.588811
303.586027
579.574892
1159.151509
1209.749468
280.586955
-570.378713
-9.201354
1329.344643
1485.738333
110.393821
-846.367578
68.995491
1508.737405
1315.545199
-326.588549
-1347.747350
-703.773331
280.586955
-55.199498
-1430.544010
-1945.723225
-597.977600
846.364128
18.397533
-2391.905224
-3146.274789
-1136.155887
965.959303
561.175634
-1214.352732
-1715.732504
-814.168877
-469.182796
-1126.956258
-1136.155887
55.196048
841.764314
105.794007
-1034.959970
-1034.959970
-128.796529
349.584171
-110.397271
-620.976672
-312.789106
423.181202
469.179346
-367.986879
-1071.758485
-846.367578
-18.400983
464.579532
170.191409
-367.986879
-482.982239
-308.189291
-482.982239
-896.965537
-680.774259
216.189553
657.771737
-59.799312
-1030.360155
-993.561640
-133.396343
423.181202
312.785656
147.192337
344.984357
441.580459
114.993636
-174.794673
9.197904
515.177490
809.565613
712.969510
409.381758
243.788439
312.785656
381.782872
331.184913
377.183058
643.972294
818.765242
607.173779
202.390110
9.197904
170.191409
446.180274
570.375263
505.977861
404.781944
298.986212
137.992708
-0.001725
36.796790
294.386398
597.974150
643.972294
409.381758
188.590666
202.390110
331.184913
436.980645
625.573036
809.565613
685.370624
137.992708
-285.190219
18.397533
878.562829
1375.342787
841.764314
-114.997085
-386.386136
285.186769
1034.956520
1021.157076
551.976006
354.183985
363.383614
137.992708
-96.597828
234.588811
919.961159
1030.356705
326.585099
-441.583909
-754.371290
-1030.360155
-1600.737143
-1637.535659
-294.389848
1297.145942
791.166355
-1982.521740
-4024.839343
-2828.887594
206.989924
1568.534992
252.988068
-1517.940484
-1784.729720
-1122.356444
-864.766836
-961.362939
-616.376857
73.595306
298.986212
-101.197642
-620.976672
-745.171661
-473.782610
-312.789106
-450.783538
-404.785394
234.588811
791.166355
229.988996
-1103.957186
-1632.935844
-579.578342
740.568397
740.568397
-257.591332
-731.372218
-450.783538
-404.785394
-772.770548
-676.174445
36.796790
423.181202
-36.800240
-653.175373
-680.774259
-266.790961
82.794935
239.188625
344.984357
372.583243
225.389182
78.195120
82.794935
124.193264
239.188625
565.775449
896.962087
791.166355
298.986212
36.796790
243.788439
561.175634
643.972294
611.773593
630.172851
579.574892
363.383614
133.392893
183.990852
446.180274
662.371552
699.170067
570.375263
354.183985
142.592522
68.995491
156.391965
358.783800
579.574892
685.370624
574.975078
335.784728
147.192337
156.391965
395.582315
685.370624
809.565613
680.770809
349.584171
-73.598756
-229.992446
312.785656
1228.148725
1375.342787
367.983429
-579.578342
-220.792817
947.560046
1398.341859
676.170995
-133.396343
-114.997085
450.780088
772.767098
593.374335
220.789367
87.394749
257.587883
446.180274
372.583243
-133.396343
-1131.556072
-2249.310977
-2276.909863
-280.590405
2046.915692
1444.340003
-2249.310977
-4843.606310
-3040.479057
855.563757
2152.711424
128.793079
-1973.322111
-2102.116915
-1283.349948
-864.766836
-634.776115
-303.589477
-202.393559
-326.588549
-358.787250
-413.985023
-584.178156
-570.378713
-363.387064
-386.386136
-469.182796
22.997347
584.174706
151.792151
-993.561640
-1260.350876
-285.190219
441.580459
114.993636
-308.189291
-188.594116
-156.395415
-611.777043
-850.967393
-446.183724
-36.800240
-73.598756
-225.392632
-321.988734
-413.985023
-372.586693
-9.201354
303.586027
133.392893
-110.397271
137.992708
492.178418
367.983429
32.196976
142.592522
561.175634
694.570253
528.976933
404.781944
377.183058
400.182130
528.976933
648.572108
542.776377
381.782872
510.577676
726.768954
565.775449
262.187697
321.985285
597.974150
611.773593
432.380831
427.781016
510.577676
340.384542
124.193264
216.189553
519.777305
671.571180
561.175634
358.783800
202.390110
183.990852
400.182130
643.972294
533.576748
220.789367
165.591594
308.185841
289.786584
211.589738
492.178418
883.162644
689.970438
-27.600611
-446.183724
-41.400055
837.164500
1287.946313
855.563757
-64.399127
-593.377785
-110.397271
896.962087
1320.145014
717.569325
-170.194858
-321.988734
262.187697
809.565613
501.378047
-947.563496
-2571.297986
-2290.709306
464.579532
2764.486742
1264.947241
-2976.081655
-5000.000000
-2313.708378
1729.528497
2562.094907
22.997347
-2506.900584
-2782.889449
-1435.143824
-82.798384
335.784728
-308.189291
-1154.555144
-998.161454
-78.198570
160.991780
-607.177228
-1223.552361
-929.164238
-271.390776
96.594378
183.990852
-45.999869
-593.377785
-896.965537
-551.979455
-96.597828
-243.791889
-473.782610
-50.599684
395.582315
-82.798384
-961.362939
-1044.159598
-409.385208
-0.001725
68.995491
91.994563
-183.994302
-685.374074
-680.774259
-45.999869
390.982501
197.790295
-96.597828
59.795863
335.784728
275.987140
110.393821
179.391037
363.383614
492.178418
588.774521
648.572108
496.778232
312.785656
446.180274
620.973222
505.977861
381.782872
547.376191
712.969510
524.377119
225.389182
188.590666
354.183985
492.178418
538.176562
515.177490
349.584171
87.394749
68.995491
390.982501
680.770809
602.573964
308.185841
137.992708
147.192337
262.187697
441.580459
551.976006
395.582315
110.393821
91.994563
358.783800
597.974150
620.973222
473.779160
262.187697
119.593450
211.589738
492.178418
657.771737
482.978789
174.791223
151.792151
436.980645
643.972294
528.976933
326.585099
252.988068
280.586955
349.584171
510.577676
630.172851
469.179346
13.797718
-538.180012
-1025.760341
-1182.154031
-515.180940
735.968582
1154.551695
-308.189291
-2424.103925
-2644.895017
-515.180940
1522.536848
1361.543344
-423.184652
-2028.519884
-2460.902440
-1536.339741
229.988996
1195.950024
101.194192
-1812.328607
-2065.318400
-469.182796
712.969510
197.790295
-1039.559784
-1619.136401
-1228.152175
-211.593188
722.169139
565.775449
-823.368506
-1964.122482
-1393.745494
87.394749
685.370624
128.793079
-588.777971
-864.766836
-809.569063
-459.983167
50.596234
50.596234
-538.180012
-809.569063
-331.188363
124.193264
-114.997085
-528.980383
-344.987806
183.990852
303.586027
41.396605
-78.198570
-23.000797
-9.201354
119.593450
344.984357
312.785656
45.996419
64.395677
542.776377
818.765242
473.779160
4.598089
13.797718
386.382686
671.571180
685.370624
482.978789
243.788439
165.591594
441.580459
814.165427
818.765242
482.978789
248.388254
331.184913
478.378975
538.176562
551.976006
482.978789
363.383614
377.183058
561.175634
662.371552
533.576748
358.783800
321.985285
372.583243
390.982501
395.582315
446.180274
478.378975
413.981573
308.185841
317.385470
413.981573
446.180274
400.182130
354.183985
335.784728
312.785656
312.785656
312.785656
331.184913
340.384542
326.585099
331.184913
386.382686
418.581387
358.783800
266.787511
243.788439
303.586027
372.583243
308.185841
-133.396343
-800.369434
-947.563496
-271.390776
418.581387
206.989924
-584.178156
-878.566279
-455.383353
-82.798384
-174.794673
-597.977600
-1209.752918
-1591.537514
-1108.557000
-68.998941
197.790295
-689.973888
-1471.942339
-1195.953474
-602.577414
-501.381497
-653.175373
-754.371290
-956.763124
-1062.558856
-593.377785
-78.198570
-413.985023
-1182.154031
-1264.950691
-602.577414
-68.998941
-23.000797
-188.594116
-487.582054
-846.367578
-827.968321
-294.389848
91.994563
-133.396343
-547.379641
-561.179084
-275.990590
-142.595972
-142.595972
-119.596900
-68.998941
-59.799312
-55.199498
-0.001725
32.196976
-45.999869
-105.797457
-9.201354
225.389182
354.183985
335.784728
377.183058
492.178418
446.180274
266.787511
234.588811
404.781944
538.176562
528.976933
505.977861
519.777305
496.778232
519.777305
653.171923
735.968582
634.772665
478.378975
519.777305
634.772665
616.373407
510.577676
492.178418
542.776377
533.576748
556.575820
643.972294
676.170995
547.376191
340.384542
266.787511
386.382686
551.976006
616.373407
533.576748
381.782872
252.988068
262.187697
418.581387
533.576748
464.579532
285.186769
234.588811
326.585099
317.385470
229.988996
248.388254
354.183985
344.984357
248.388254
285.186769
418.581387
390.982501
220.789367
170.191409
280.586955
344.984357
280.586955
174.791223
-188.594116
-814.168877
-961.362939
-252.991518
390.982501
137.992708
-464.582981
-561.179084
-308.189291
-326.588549
-579.578342
-832.568135
-1218.952546
-1361.546793
-685.374074
170.191409
-110.397271
-1159.154959
-1425.944195
-832.568135
-570.378713
-781.970176
-763.570919
-625.576486
-837.167949
-892.365723
-386.386136
-211.593188
-869.366650
-1310.948835
-777.370362
-156.395415
-216.193003
-349.587621
-234.592260
-524.380569
-1039.559784
-763.570919
68.995491
170.191409
-501.381497
-722.172589
-358.787250
-202.393559
-321.988734
-202.393559
-0.001725
-137.996158
-234.592260
68.995491
229.988996
-133.396343
-413.985023
-23.000797
459.979717
395.582315
188.590666
326.585099
455.379903
266.787511
170.191409
413.981573
574.975078
395.582315
303.586027
482.978789
547.376191
436.980645
473.779160
671.571180
685.370624
519.777305
510.577676
630.172851
597.974150
427.781016
446.180274
611.773593
597.974150
492.178418
524.377119
611.773593
538.176562
441.580459
482.978789
501.378047
432.380831
404.781944
492.178418
570.375263
482.978789
335.784728
298.986212
386.382686
482.978789
432.380831
335.784728
312.785656
298.986212
308.185841
367.983429
409.381758
308.185841
174.791223
234.588811
335.784728
298.986212
266.787511
354.183985
349.584171
197.790295
206.989924
404.781944
395.582315
206.989924
64.395677
-252.991518
-818.768692
-887.765908
-45.999869
579.574892
18.397533
-754.371290
-588.777971
-91.998013
-262.191147
-703.773331
-938.363867
-1246.551433
-1292.549577
-450.783538
418.581387
-174.794673
-1476.542154
-1471.942339
-492.181868
-289.790033
-791.169805
-850.967393
-712.972960
-961.362939
-878.566279
-165.595044
-170.194858
-1195.953474
-1536.339741
-570.378713
151.792151
-225.392632
-574.978527
-432.384280
-685.374074
-1062.558856
-469.182796
395.582315
22.997347
-988.961825
-924.564423
-82.798384
96.594378
-289.790033
-331.188363
-183.994302
-321.988734
-243.791889
248.388254
285.186769
-409.385208
-657.775187
110.393821
735.968582
487.578604
87.394749
165.591594
303.586027
243.788439
400.182130
689.970438
524.377119
73.595306
151.792151
653.171923
777.366912
496.778232
413.981573
551.976006
579.574892
588.774521
708.369696
694.570253
390.982501
239.188625
556.575820
860.163572
717.569325
395.582315
363.383614
542.776377
625.573036
607.173779
570.375263
441.580459
298.986212
372.583243
579.574892
602.573964
400.182130
234.588811
312.785656
473.779160
492.178418
386.382686
298.986212
229.988996
220.789367
358.783800
561.175634
556.575820
266.787511
133.392893
285.186769
312.785656
183.990852
225.389182
400.182130
363.383614
248.388254
312.785656
363.383614
216.189553
142.592522
193.190481
-165.595044
-864.766836
-896.965537
-0.001725
588.774521
36.796790
-694.573702
-625.576486
-257.591332
-298.989662
-611.777043
-1007.361083
-1402.945123
-1126.956258
-50.599684
436.980645
-528.980383
-1605.336958
-1329.348092
-473.782610
-381.786322
-731.372218
-791.169805
-860.167022
-1039.559784
-657.775187
-55.199498
-390.985951
-1287.949763
-1260.350876
-377.186507
4.598089
-321.988734
-501.381497
-556.579270
-947.563496
-961.362939
-91.998013
464.579532
-211.593188
-988.961825
-708.373146
-64.399127
-4.601539
-220.792817
-266.790961
-340.387992
-363.387064
18.397533
404.781944
64.395677
-556.579270
-446.183724
298.986212
657.771737
354.183985
68.995491
78.195120
119.593450
216.189553
556.575820
749.768026
400.182130
64.395677
298.986212
662.371552
630.172851
469.179346
505.977861
556.575820
501.378047
579.574892
763.567469
643.972294
280.586955
257.587883
680.770809
942.960231
699.170067
377.183058
363.383614
492.178418
538.176562
607.173779
625.573036
432.380831
298.986212
455.379903
579.574892
404.781944
229.988996
377.183058
528.976933
455.379903
367.983429
354.183985
275.987140
188.590666
252.988068
432.380831
528.976933
455.379903
331.184913
257.587883
252.988068
248.388254
248.388254
312.785656
317.385470
243.788439
294.386398
400.182130
335.784728
239.188625
271.387326
229.988996
-248.391704
-887.765908
-818.768692
27.597162
492.178418
-96.597828
-786.569991
-561.179084
-27.600611
-142.595972
-726.772403
-1329.348092
-1614.536587
-1016.560712
206.989924
510.577676
-749.771475
-1816.928421
-1269.550505
-377.186507
-432.384280
-791.169805
-814.168877
-892.365723
-947.563496
-400.185580
41.396605
-680.774259
-1550.139185
-1117.756629
-82.798384
64.395677
-409.385208
-538.180012
-680.774259
-1048.759413
-749.771475
216.189553
381.782872
-579.578342
-1044.159598
-423.184652
4.598089
-188.594116
-312.789106
-234.592260
-298.989662
-197.793745
289.786584
354.183985
-331.188363
-740.571847
-165.595044
547.376191
510.577676
160.991780
96.594378
137.992708
114.993636
294.386398
634.772665
602.573964
216.189553
202.390110
551.976006
593.374335
344.984357
331.184913
556.575820
551.976006
501.378047
671.571180
703.769881
400.182130
229.988996
501.378047
758.967654
625.573036
450.780088
492.178418
510.577676
427.781016
478.378975
616.373407
551.976006
386.382686
469.179346
625.573036
492.178418
243.788439
312.785656
487.578604
423.181202
377.183058
478.378975
390.982501
197.790295
275.987140
455.379903
390.982501
271.387326
372.583243
455.379903
303.586027
193.190481
243.788439
252.988068
266.787511
423.181202
561.175634
409.381758
142.592522
147.192337
331.184913
367.983429
128.793079
-390.985951
-938.363867
-804.969249
160.991780
657.771737
-82.798384
-841.767764
-547.379641
32.196976
-183.994302
-841.767764
-1315.548649
-1439.743639
-804.969249
275.987140
363.383614
-887.765908
-1706.532875
-1090.157743
-349.587621
-446.183724
-699.173517
-731.372218
-887.765908
-929.164238
-395.585765
-114.997085
-791.169805
-1352.347165
-804.969249
-4.601539
-27.600611
-436.984095
-602.577414
-804.969249
-956.763124
-413.985023
331.184913
110.393821
-735.972032
-818.768692
-206.993374
-0.001725
-248.391704
-349.587621
-285.190219
-202.393559
45.996419
225.389182
-105.797457
-588.777971
-464.582981
147.192337
510.577676
335.784728
59.795863
36.796790
142.592522
220.789367
331.184913
418.581387
303.586027
151.792151
354.183985
597.974150
423.181202
174.791223
312.785656
597.974150
648.572108
620.973222
620.973222
459.979717
262.187697
358.783800
657.771737
685.370624
423.181202
386.382686
579.574892
634.772665
464.579532
381.782872
473.779160
533.576748
528.976933
574.975078
496.778232
225.389182
156.391965
455.379903
602.573964
409.381758
312.785656
423.181202
390.982501
280.586955
349.584171
423.181202
298.986212
252.988068
441.580459
496.778232
266.787511
64.395677
87.394749
262.187697
446.180274
556.575820
459.979717
211.589738
105.794007
248.388254
432.380831
349.584171
-101.197642
-689.973888
-906.165166
-266.790961
593.374335
432.380831
-579.578342
-942.963681
-188.594116
303.586027
-303.589477
-1200.553289
-1623.736215
-1251.151247
-165.595044
616.373407
-32.200426
-1421.344381
-1642.135473
-699.173517
-188.594116
-459.983167
-795.769620
-933.764052
-906.165166
-505.981311
-82.798384
-501.381497
-1347.747350
-1320.148464
-377.186507
243.788439
-41.400055
-551.979455
-883.166094
-1011.960897
-620.976672
137.992708
289.786584
-450.783538
-956.763124
-505.981311
45.996419
-13.801168
-335.788178
-515.180940
-473.782610
4.598089
565.775449
312.785656
-602.577414
-850.967393
-110.397271
524.377119
427.781016
64.395677
-50.599684
41.396605
248.388254
492.178418
501.378047
188.590666
-13.801168
294.386398
680.770809
533.576748
133.392893
124.193264
455.379903
639.372480
653.171923
671.571180
487.578604
174.791223
280.586955
671.571180
763.567469
510.577676
321.985285
358.783800
459.979717
524.377119
515.177490
404.781944
358.783800
492.178418
657.771737
625.573036
285.186769
9.197904
147.192337
519.777305
639.372480
459.979717
285.186769
220.789367
262.187697
436.980645
524.377119
349.584171
202.390110
326.585099
487.578604
409.381758
202.390110
64.395677
68.995491
289.786584
570.375263
588.774521
312.785656
110.393821
179.391037
331.184913
390.982501
344.984357
78.195120
-478.382425
-873.966465
-413.985023
432.380831
418.581387
-450.783538
-768.170733
-87.398199
285.186769
-349.587621
-1182.154031
-1527.140113
-1186.753845
-197.793745
551.976006
-0.001725
-1297.149392
-1623.736215
-772.770548
-179.394487
-418.584837
-841.767764
-975.162382
-804.969249
-372.586693
-96.597828
-584.178156
-1315.548649
-1246.551433
-367.986879
257.587883
-13.801168
-616.376857
-998.161454
-1011.960897
-524.380569
147.192337
193.190481
-441.583909
-823.368506
-455.383353
-36.800240
-50.599684
-280.590405
-528.980383
-533.580198
18.397533
634.772665
317.385470
-630.176301
-818.768692
-59.799312
501.378047
363.383614
73.595306
-50.599684
-32.200426
197.790295
528.976933
515.177490
114.993636
-78.198570
303.586027
699.170067
538.176562
124.193264
78.195120
377.183058
616.373407
657.771737
593.374335
349.584171
133.392893
312.785656
685.370624
717.569325
432.380831
280.586955
390.982501
556.575820
607.173779
478.378975
289.786584
317.385470
556.575820
712.969510
565.775449
239.188625
50.596234
216.189553
556.575820
666.971366
464.579532
234.588811
151.792151
294.386398
528.976933
510.577676
234.588811
64.395677
289.786584
593.374335
547.376191
243.788439
-0.001725
18.397533
280.586955
593.374335
597.974150
262.187697
9.197904
142.592522
418.581387
469.179346
303.586027
-23.000797
-510.581126
-832.568135
-423.184652
418.581387
446.180274
-459.983167
-855.567207
-165.595044
358.783800
-243.791889
-1136.155887
-1430.544010
-1076.358299
-248.391704
409.381758
-0.001725
-1159.154959
-1577.738071
-823.368506
-124.196714
-257.591332
-777.370362
-1090.157743
-892.365723
-285.190219
22.997347
-524.380569
-1306.349020
-1205.153103
-321.988734
239.188625
-27.600611
-616.376857
-979.762196
-919.964609
-423.184652
110.393821
36.796790
-524.380569
-740.571847
-331.188363
45.996419
13.797718
-262.191147
-547.379641
-528.980383
9.197904
597.974150
340.384542
-542.779827
-809.569063
-133.396343
482.978789
423.181202
91.994563
-87.398199
-41.400055
257.587883
565.775449
487.578604
45.996419
-151.795601
239.188625
703.769881
597.974150
82.794935
-78.198570
308.185841
722.169139
717.569325
473.779160
234.588811
128.793079
317.385470
620.973222
648.572108
381.782872
220.789367
386.382686
561.175634
565.775449
455.379903
321.985285
308.185841
487.578604
680.770809
597.974150
248.388254
27.597162
165.591594
473.779160
616.373407
492.178418
280.586955
188.590666
289.786584
478.378975
482.978789
206.989924
45.996419
275.987140
556.575820
524.377119
262.187697
101.194192
124.193264
289.786584
515.177490
547.376191
266.787511
45.996419
174.791223
418.581387
432.380831
248.388254
-4.601539
-390.985951
-699.173517
-436.984095
257.587883
455.379903
-211.593188
-717.572775
-294.389848
234.588811
-147.195786
-998.161454
-1343.147536
-1016.560712
-358.787250
156.391965
-18.400983
-855.567207
-1412.144752
-1007.361083
-252.991518
-87.398199
-597.977600
-1136.155887
-1034.959970
-418.584837
-68.998941
-469.182796
-1140.755701
-1172.954402
-487.582054
137.992708
68.995491
-519.780754
-993.561640
-906.165166
-404.785394
-0.001725
-50.599684
-427.784466
-630.176301
-432.384280
-45.999869
68.995491
-211.593188
-561.179084
-505.981311
4.598089
482.978789
331.184913
-294.389848
-597.977600
-257.591332
248.388254
381.782872
174.791223
-41.400055
-32.200426
234.588811
492.178418
473.779160
183.990852
-55.199498
78.195120
487.578604
662.371552
331.184913
-9.201354
160.991780
565.775449
671.571180
505.977861
335.784728
243.788439
326.585099
547.376191
666.971366
478.378975
211.589738
257.587883
492.178418
657.771737
579.574892
363.383614
280.586955
423.181202
625.573036
579.574892
321.985285
160.991780
239.188625
436.980645
542.776377
515.177490
400.182130
262.187697
271.387326
404.781944
455.379903
321.985285
160.991780
202.390110
358.783800
395.582315
331.184913
248.388254
188.590666
257.587883
432.380831
441.580459
229.988996
87.394749
216.189553
377.183058
358.783800
197.790295
-156.395415
-616.376857
-643.975744
-27.600611
469.179346
137.992708
-561.179084
-593.377785
22.997347
133.392893
-579.578342
-1177.554217
-1067.158670
-528.980383
-151.795601
-142.595972
-528.980383
-1048.759413
-1113.156815
-634.776115
-160.995230
-266.790961
-814.168877
-1136.155887
-846.367578
-275.990590
-197.793745
-758.971104
-1182.154031
-873.966465
-216.193003
27.597162
-312.789106
-745.171661
-864.766836
-588.777971
-202.393559
-64.399127
-262.191147
-542.779827
-611.777043
-363.387064
27.597162
137.992708
-234.592260
-588.777971
-349.587621
197.790295
363.383614
-4.601539
-358.787250
-271.390776
36.796790
234.588811
234.588811
91.994563
-23.000797
50.596234
294.386398
505.977861
446.180274
165.591594
-32.200426
151.792151
501.378047
547.376191
271.387326
110.393821
308.185841
574.975078
574.975078
404.781944
326.585099
340.384542
400.182130
501.378047
542.776377
441.580459
275.987140
262.187697
469.179346
630.172851
570.375263
395.582315
321.985285
418.581387
487.578604
381.782872
262.187697
294.386398
404.781944
455.379903
432.380831
409.381758
354.183985
271.387326
298.986212
409.381758
413.981573
298.986212
211.589738
262.187697
363.383614
372.583243
262.187697
174.791223
248.388254
404.781944
400.182130
257.587883
160.991780
211.589738
317.385470
335.784728
229.988996
-50.599684
-423.184652
-574.978527
-229.992446
266.787511
229.988996
-321.988734
-561.179084
-183.994302
36.796790
-432.384280
-970.562568
-906.165166
-515.180940
-340.387992
-409.385208
-561.179084
-795.769620
-961.362939
-809.569063
-427.784466
-275.990590
-570.378713
-896.965537
-892.365723
-593.377785
-377.186507
-551.979455
-869.366650
-837.167949
-418.584837
-91.998013
-234.592260
-593.377785
-694.573702
-482.982239
-257.591332
-170.194858
-193.193931
-308.189291
-464.582981
-459.983167
-179.394487
105.794007
32.196976
-285.190219
-344.987806
-36.800240
179.391037
9.197904
-197.793745
-110.397271
91.994563
147.192337
114.993636
114.993636
110.393821
91.994563
160.991780
303.586027
395.582315
344.984357
193.190481
137.992708
262.187697
400.182130
344.984357
243.788439
344.984357
528.976933
487.578604
317.385470
303.586027
400.182130
400.182130
335.784728
354.183985
409.381758
377.183058
303.586027
317.385470
390.982501
473.779160
501.378047
427.781016
358.783800
335.784728
317.385470
280.586955
275.987140
349.584171
450.780088
455.379903
331.184913
280.586955
326.585099
340.384542
321.985285
321.985285
321.985285
280.586955
243.788439
289.786584
344.984357
271.387326
174.791223
229.988996
358.783800
395.582315
271.387326
119.593450
124.193264
220.789367
294.386398
262.187697
68.995491
-225.392632
-423.184652
-321.988734
4.598089
170.191409
-78.198570
-395.585765
-358.787250
-124.196714
-220.792817
-662.375001
-864.766836
-607.177228
-294.389848
-289.790033
-505.981311
-676.174445
-777.370362
-777.370362
-607.177228
-400.185580
-418.584837
-643.975744
-768.170733
-712.972960
-584.178156
-492.181868
-533.580198
-648.575558
-625.576486
-367.986879
-197.793745
-381.786322
-653.175373
-611.777043
-349.587621
-216.193003
-239.192075
-262.191147
-294.389848
-377.186507
-363.387064
-151.795601
-0.001725
-78.198570
-202.393559
-151.795601
-4.601539
22.997347
-73.598756
-124.196714
-23.000797
133.392893
170.191409
128.793079
105.794007
151.792151
188.590666
188.590666
239.188625
298.986212
321.985285
257.587883
188.590666
220.789367
298.986212
321.985285
344.984357
418.581387
464.579532
400.182130
321.985285
321.985285
395.582315
441.580459
418.581387
358.783800
367.983429
400.182130
372.583243
344.984357
367.983429
436.980645
492.178418
473.779160
395.582315
308.185841
252.988068
280.586955
335.784728
367.983429
395.582315
409.381758
340.384542
239.188625
229.988996
317.385470
367.983429
308.185841
266.787511
275.987140
252.988068
211.589738
197.790295
220.789367
216.189553
206.989924
285.186769
344.984357
234.588811
41.396605
36.796790
183.990852
188.590666
78.195120
18.397533
-64.399127
-211.593188
-275.990590
-105.797457
27.597162
-110.397271
-308.189291
-289.790033
-188.594116
-252.991518
-482.982239
-662.375001
-561.179084
-298.989662
-248.391704
-501.381497
-717.572775
-653.175373
-505.981311
-492.181868
-538.180012
-542.779827
-542.779827
-542.779827
-551.979455
-565.778899
-584.178156
-584.178156
-519.780754
-441.583909
-386.386136
-367.986879
-404.785394
-469.182796
-455.383353
-340.387992
-248.391704
-257.591332
-271.390776
-248.391704
-262.191147
-271.390776
-225.392632
-133.396343
-96.597828
-87.398199
-23.000797
13.797718
-41.400055
-91.998013
-59.799312
13.797718
55.196048
82.794935
105.794007
119.593450
142.592522
160.991780
151.792151
160.991780
234.588811
298.986212
275.987140
234.588811
206.989924
234.588811
266.787511
303.586027
354.183985
372.583243
349.584171
317.385470
321.985285
381.782872
381.782872
340.384542
340.384542
377.183058
386.382686
349.584171
312.785656
285.186769
317.385470
395.582315
423.181202
390.982501
303.586027
220.789367
216.189553
239.188625
298.986212
331.184913
275.987140
239.188625
206.989924
183.990852
188.590666
147.192337
147.192337
174.791223
174.791223
165.591594
179.391037
174.791223
78.195120
-27.600611
41.396605
202.390110
225.389182
68.995491
-50.599684
4.598089
87.394749
32.196976
-55.199498
-41.400055
4.598089
4.598089
-50.599684
-82.798384
-124.196714
-193.193931
-211.593188
-142.595972
-64.399127
-119.596900
-257.591332
-331.188363
-262.191147
-197.793745
-252.991518
-377.186507
-372.586693
-262.191147
-229.992446
-317.388920
-432.384280
-450.783538
-367.986879
-285.190219
-262.191147
-298.989662
-363.387064
-386.386136
-340.387992
-298.989662
-298.989662
-340.387992
-331.188363
-252.991518
-193.193931
-193.193931
-271.390776
-317.388920
-239.192075
-147.195786
-151.795601
-188.594116
-170.194858
-156.395415
-156.395415
-128.796529
-64.399127
-64.399127
-128.796529
-105.797457
-13.801168
45.996419
22.997347
-23.000797
-13.801168
41.396605
110.393821
156.391965
87.394749
18.397533
59.795863
151.792151
197.790295
183.990852
137.992708
137.992708
170.191409
216.189553
234.588811
188.590666
137.992708
165.591594
234.588811
257.587883
229.988996
216.189553
216.189553
225.389182
225.389182
211.589738
216.189553
202.390110
174.791223
193.190481
234.588811
216.189553
183.990852
156.391965
165.591594
197.790295
170.191409
147.192337
147.192337
151.792151
156.391965
165.591594
147.192337
101.194192
78.195120
110.393821
142.592522
110.393821
91.994563
137.992708
110.393821
45.996419
41.396605
101.194192
124.193264
59.795863
4.598089
32.196976
59.795863
32.196976
-18.400983
-23.000797
22.997347
27.597162
13.797718
13.797718
-13.801168
-45.999869
-36.800240
-0.001725
9.197904
-41.400055
-78.198570
-50.599684
-4.601539
-23.000797
-68.998941
-78.198570
-78.198570
-87.398199
-87.398199
-87.398199
-82.798384
-105.797457
-96.597828
-87.398199
-119.596900
-128.796529
-133.396343
-119.596900
-128.796529
-137.996158
-137.996158
-151.795601
-151.795601
-137.996158
-156.395415
-193.193931
-183.994302
-165.595044
-147.195786
-151.795601
-174.794673
-188.594116
-179.394487
-156.395415
-151.795601
-165.595044
-174.794673
-174.794673
-174.794673
-151.795601
-133.396343
-147.195786
-142.595972
-101.197642
-78.198570
-110.397271
-110.397271
-82.798384
-105.797457
-114.997085
-91.998013
-68.998941
-59.799312
-64.399127
-45.999869
-41.400055
-50.599684
-27.600611
-13.801168
-4.601539
-0.001725
27.597162
55.196048
45.996419
9.197904
13.797718
55.196048
82.794935
105.794007
91.994563
73.595306
101.194192
133.392893
137.992708
124.193264
114.993636
128.793079
133.392893
147.192337
147.192337
124.193264
119.593450
156.391965
188.590666
188.590666
165.591594
137.992708
137.992708
156.391965
156.391965
151.792151
151.792151
156.391965
179.391037
160.991780
147.192337
147.192337
137.992708
124.193264
119.593450
110.393821
105.794007
105.794007
87.394749
73.595306
78.195120
87.394749
96.594378
101.194192
87.394749
59.795863
22.997347
32.196976
45.996419
41.396605
4.598089
-23.000797
9.197904
55.196048
45.996419
-0.001725
-9.201354
18.397533
9.197904
-0.001725
-4.601539
-27.600611
-9.201354
32.196976
-0.001725
-64.399127
-64.399127
-9.201354
-32.200426
-87.398199
-68.998941
-27.600611
-41.400055
-73.598756
-91.998013
-87.398199
-91.998013
-91.998013
-82.798384
-96.597828
-114.997085
-124.196714
-114.997085
-114.997085
-119.596900
-82.798384
-87.398199
-142.595972
-156.395415
-110.397271
-110.397271
-147.195786
-137.996158
-82.798384
-87.398199
-124.196714
-101.197642
-78.198570
-114.997085
-156.395415
-114.997085
-64.399127
-87.398199
-101.197642
-114.997085
-114.997085
-110.397271
-82.798384
-50.599684
-73.598756
-87.398199
-59.799312
-55.199498
-55.199498
-36.800240
-55.199498
-59.799312
-36.800240
9.197904
22.997347
-27.600611
-59.799312
-0.001725
55.196048
55.196048
32.196976
22.997347
32.196976
32.196976
32.196976
45.996419
45.996419
45.996419
41.396605
59.795863
78.195120
73.595306
59.795863
45.996419
64.395677
96.594378
96.594378
64.395677
64.395677
96.594378
96.594378
78.195120
91.994563
114.993636
96.594378
59.795863
45.996419
59.795863
68.995491
73.595306
68.995491
64.395677
82.794935
101.194192
101.194192
50.596234
18.397533
55.196048
87.394749
101.194192
73.595306
41.396605
27.597162
59.795863
55.196048
50.596234
73.595306
55.196048
32.196976
27.597162
36.796790
45.996419
36.796790
32.196976
45.996419
59.795863
36.796790
13.797718
13.797718
-0.001725
-4.601539
-13.801168
13.797718
41.396605
27.597162
4.598089
13.797718
9.197904
-0.001725
-18.400983
-18.400983
-9.201354
-13.801168
-27.600611
-13.801168
-9.201354
-13.801168
-23.000797
-50.599684
-45.999869
-32.200426
-41.400055
-55.199498
-73.598756
-82.798384
-64.399127
-27.600611
-36.800240
-73.598756
-82.798384
-64.399127
-50.599684
-64.399127
-78.198570
-55.199498
-78.198570
-78.198570
-59.799312
-64.399127
-78.198570
-82.798384
-50.599684
-50.599684
-73.598756
-59.799312
-55.199498
-64.399127
-78.198570
-50.599684
-23.000797
-55.199498
-73.598756
-64.399127
-27.600611
-13.801168
-41.400055
-45.999869
-45.999869
-41.400055
-18.400983
-23.000797
-32.200426
-36.800240
-36.800240
-13.801168
4.598089
-0.001725
-18.400983
-18.400983
-0.001725
13.797718
13.797718
-0.001725
4.598089
4.598089
13.797718
50.596234
45.996419
22.997347
9.197904
18.397533
32.196976
9.197904
4.598089
4.598089
9.197904
36.796790
45.996419
27.597162
9.197904
18.397533
32.196976
22.997347
50.596234
59.795863
45.996419
27.597162
13.797718
41.396605
45.996419
36.796790
41.396605
50.596234
36.796790
32.196976
32.196976
41.396605
27.597162
13.797718
36.796790
41.396605
32.196976
27.597162
27.597162
36.796790
36.796790
18.397533
9.197904
22.997347
59.795863
45.996419
13.797718
22.997347
22.997347
13.797718
13.797718
32.196976
55.196048
18.397533
4.598089
27.597162
32.196976
13.797718
4.598089
9.197904
4.598089
9.197904
13.797718
9.197904
-13.801168
-9.201354
4.598089
9.197904
18.397533
13.797718
-4.601539
-18.400983
-36.800240
-41.400055
-32.200426
-18.400983
-23.000797
-18.400983
-13.801168
-23.000797
-50.599684
-73.598756
-59.799312
-18.400983
-4.601539
-4.601539
-23.000797
-55.199498
-45.999869
-23.000797
-13.801168
-18.400983
-41.400055
-41.400055
-23.000797
-0.001725
4.598089
-32.200426
-64.399127
-50.599684
-23.000797
-9.201354
-13.801168
-41.400055
-45.999869
-27.600611
-23.000797
-18.400983
-23.000797
-45.999869
-23.000797
4.598089
-0.001725
-0.001725
-23.000797
-41.400055
-23.000797
9.197904
22.997347
9.197904
4.598089
-0.001725
-32.200426
-32.200426
-0.001725
4.598089
-0.001725
13.797718
32.196976
41.396605
13.797718
-13.801168
-13.801168
-18.400983
4.598089
32.196976
55.196048
27.597162
-9.201354
-9.201354
13.797718
27.597162
32.196976
22.997347
4.598089
9.197904
41.396605
36.796790
13.797718
4.598089
4.598089
9.197904
-0.001725
18.397533
22.997347
13.797718
-0.001725
-0.001725
4.598089
32.196976
36.796790
-4.601539
-36.800240
-23.000797
13.797718
45.996419
36.796790
13.797718
-4.601539
-0.001725
-9.201354
-4.601539
-0.001725
-18.400983
-13.801168
22.997347
50.596234
22.997347
-23.000797
-23.000797
-13.801168
13.797718
22.997347
18.397533
18.397533
-4.601539
-4.601539
18.397533
18.397533
4.598089
-18.400983
-36.800240
-27.600611
4.598089
32.196976
22.997347
-0.001725
-27.600611
-50.599684
-18.400983
36.796790
32.196976
-4.601539
-27.600611
-9.201354
22.997347
13.797718
-13.801168
-32.200426
-32.200426
-13.801168
9.197904
13.797718
4.598089
-9.201354
-4.601539
18.397533
13.797718
-13.801168
-41.400055
-45.999869
-13.801168
36.796790
36.796790
-13.801168
-45.999869
-41.400055
-13.801168
18.397533
18.397533
-9.201354
-36.800240
-41.400055
-18.400983
9.197904
13.797718
-4.601539
-13.801168
-27.600611
-27.600611
-9.201354
13.797718
-0.001725
-18.400983
-9.201354
13.797718
4.598089
-13.801168
-27.600611
-4.601539
18.397533
22.997347
22.997347
13.797718
-4.601539
-0.001725
18.397533
9.197904
-0.001725
-9.201354
-0.001725
22.997347
32.196976
9.197904
-27.600611
-36.800240
-4.601539
32.196976
36.796790
9.197904
-4.601539
-0.001725
18.397533
36.796790
18.397533
9.197904
22.997347
22.997347
4.598089
-9.201354
18.397533
45.996419
27.597162
-0.001725
-0.001725
-9.201354
-13.801168
4.598089
18.397533
27.597162
32.196976
22.997347
13.797718
-4.601539
-32.200426
-27.600611
-13.801168
18.397533
27.597162
4.598089
-4.601539
-9.201354
-9.201354
-13.801168
-4.601539
22.997347
22.997347
-0.001725
-13.801168
-23.000797
-23.000797
-27.600611
-4.601539
-0.001725
9.197904
32.196976
-4.601539
-36.800240
-45.999869
-41.400055
13.797718
64.395677
50.596234
-18.400983
-78.198570
-68.998941
-9.201354
13.797718
4.598089
-0.001725
-4.601539
-41.400055
-27.600611
18.397533
22.997347
-18.400983
-41.400055
-27.600611
-9.201354
-0.001725
4.598089
-32.200426
-64.399127
-50.599684
-0.001725
41.396605
36.796790
4.598089
-13.801168
9.197904
36.796790
68.995491
50.596234
-13.801168
-23.000797
22.997347
27.597162
4.598089
13.797718
45.996419
59.795863
45.996419
27.597162
36.796790
4.598089
-50.599684
-32.200426
45.996419
59.795863
18.397533
4.598089
27.597162
96.594378
110.393821
36.796790
-27.600611
-27.600611
13.797718
36.796790
4.598089
18.397533
41.396605
9.197904
-4.601539
32.196976
27.597162
-41.400055
-96.597828
-50.599684
22.997347
36.796790
27.597162
55.196048
45.996419
-18.400983
-50.599684
-9.201354
4.598089
-41.400055
-55.199498
9.197904
50.596234
36.796790
-45.999869
-137.996158
-147.195786
-142.595972
-78.198570
27.597162
105.794007
179.391037
289.786584
252.988068
-446.183724
-1609.936772
-1968.722297
-607.177228
1692.729982
2865.682659
1711.129239
-726.772403
-2401.104852
-2290.709306
-804.969249
901.561901
1780.126456
1494.937962
400.182130
-763.570919
-1324.748278
-1177.554217
-579.578342
193.190481
873.963015
1136.152437
768.167283
-128.796529
-947.563496
-1126.956258
-565.778899
262.187697
666.971366
400.182130
-142.595972
-354.187435
41.396605
611.773593
473.779160
-804.969249
-2060.718585
-1435.143824
620.973222
2023.916620
1591.534065
-78.198570
-1389.145680
-1559.338813
-722.172589
455.379903
1117.753179
620.973222
-252.991518
-23.000797
814.165427
694.570253
-331.188363
-740.571847
45.996419
864.763386
763.567469
344.984357
404.781944
515.177490
229.988996
50.596234
321.985285
528.976933
280.586955
64.395677
312.785656
519.777305
160.991780
-124.196714
128.793079
280.586955
73.595306
-23.000797
64.395677
-119.596900
-409.385208
-142.595972
432.380831
331.184913
-464.582981
-703.773331
-73.598756
239.188625
-202.393559
-455.383353
-128.796529
73.595306
-183.994302
-294.389848
13.797718
114.993636
-248.391704
-459.983167
-202.393559
9.197904
-101.197642
-101.197642
101.194192
183.990852
9.197904
-216.193003
-308.189291
-252.991518
-110.397271
32.196976
96.594378
64.395677
36.796790
45.996419
-64.399127
-289.790033
-372.586693
-216.193003
-78.198570
-59.799312
22.997347
119.593450
64.395677
-128.796529
-234.592260
-156.395415
-23.000797
9.197904
-45.999869
-13.801168
137.992708
220.789367
119.593450
-36.800240
-59.799312
68.995491
183.990852
151.792151
114.993636
188.590666
275.987140
262.187697
174.791223
110.393821
114.993636
211.589738
381.782872
487.578604
501.378047
395.582315
234.588811
170.191409
197.790295
271.387326
372.583243
372.583243
321.985285
321.985285
317.385470
225.389182
137.992708
220.789367
340.384542
285.186769
151.792151
160.991780
234.588811
50.596234
-381.786322
-579.578342
-294.389848
55.196048
193.190481
390.982501
584.174706
326.585099
-303.589477
-952.163310
-1582.337886
-2074.518029
-1890.525452
-777.370362
455.379903
671.571180
13.797718
-533.580198
-855.567207
-1559.338813
-2309.108564
-2106.716730
-988.961825
-137.996158
-50.599684
45.996419
510.577676
597.974150
-137.996158
-1067.158670
-1412.144752
-1117.756629
-584.178156
55.196048
786.566541
1412.141302
1563.935178
1117.753179
427.781016
-50.599684
-211.593188
-280.590405
-285.190219
9.197904
763.567469
1402.941673
1333.944457
860.163572
551.976006
298.986212
-331.188363
-1044.159598
-1099.357371
-496.781682
50.596234
248.388254
436.980645
620.973222
395.582315
-275.990590
-887.765908
-952.163310
-653.175373
-427.784466
-271.390776
59.795863
556.575820
855.563757
731.368768
331.184913
13.797718
-82.798384
-87.398199
-27.600611
266.787511
781.966727
1172.950952
1172.950952
952.159860
800.365984
717.569325
478.378975
174.791223
133.392893
418.581387
722.169139
786.566541
740.568397
841.764314
942.960231
694.570253
216.189553
-50.599684
41.396605
239.188625
312.785656
340.384542
464.579532
634.772665
666.971366
519.777305
386.382686
340.384542
188.590666
-59.799312
-105.797457
211.589738
625.573036
763.567469
689.970438
616.373407
170.191409
-1186.753845
-2709.292419
-2727.691676
-1071.758485
308.185841
78.195120
-749.771475
-749.771475
-510.581126
-1329.348092
-2529.899656
-2428.703739
-1292.549577
-846.367578
-1343.147536
-1421.344381
-542.779827
165.591594
-137.996158
-781.970176
-832.568135
-570.378713
-708.373146
-988.961825
-694.573702
202.390110
993.558190
1113.153365
786.566541
565.775449
492.178418
271.387326
-101.197642
-275.990590
32.196976
597.974150
919.961159
804.965799
538.176562
441.580459
390.982501
73.595306
-400.185580
-579.578342
-436.984095
-473.782610
-648.575558
-404.785394
202.390110
432.380831
-41.400055
-643.975744
-818.768692
-768.170733
-827.968321
-804.969249
-436.984095
-4.601539
142.592522
91.994563
114.993636
234.588811
280.586955
137.992708
-36.800240
-4.601539
179.391037
335.784728
432.380831
574.975078
873.963015
1136.152437
1090.154293
804.965799
515.177490
455.379903
505.977861
478.378975
473.779160
662.371552
906.161716
933.760602
795.766170
694.570253
717.569325
680.770809
473.779160
303.586027
358.783800
533.576748
616.373407
611.773593
611.773593
676.170995
772.767098
749.768026
611.773593
496.778232
469.179346
510.577676
565.775449
611.773593
694.570253
354.183985
-975.162382
-2502.300770
-2529.899656
-942.963681
326.585099
-55.199498
-933.764052
-850.967393
-519.780754
-1297.149392
-2414.904296
-2198.713018
-1048.759413
-786.569991
-1573.138257
-1752.531019
-795.769620
-4.601539
-271.390776
-758.971104
-538.180012
-78.198570
-262.191147
-878.566279
-952.163310
-174.794673
611.773593
731.368768
492.178418
579.574892
970.559118
975.158932
413.981573
-13.801168
202.390110
551.976006
455.379903
147.192337
137.992708
395.582315
492.178418
262.187697
-45.999869
-82.798384
-32.200426
-331.188363
-901.565351
-1090.157743
-607.177228
-73.598756
-156.395415
-528.980383
-473.782610
-193.193931
-358.787250
-809.569063
-827.968321
-354.187435
-114.997085
-372.586693
-487.582054
-82.798384
386.382686
441.580459
243.788439
252.988068
469.179346
446.180274
124.193264
22.997347
427.781016
906.161716
919.961159
634.772665
625.573036
942.960231
984.358561
607.173779
372.583243
515.177490
703.769881
625.573036
450.780088
551.976006
786.566541
823.365056
579.574892
409.381758
556.575820
763.567469
712.969510
515.177490
469.179346
666.971366
864.763386
841.764314
758.967654
758.967654
804.965799
777.366912
712.969510
735.968582
837.164500
602.573964
-602.577414
-2276.909863
-2810.488336
-1563.938628
-73.598756
-59.799312
-947.563496
-1016.560712
-436.984095
-726.772403
-1853.726936
-2143.515245
-1301.749206
-929.164238
-1669.734360
-2212.512461
-1522.540298
-427.784466
-197.793745
-551.979455
-423.184652
193.190481
344.984357
-271.390776
-800.369434
-459.983167
271.387326
459.979717
151.792151
206.989924
878.562829
1329.344643
970.559118
473.779160
574.975078
878.562829
703.769881
193.190481
-101.197642
13.797718
252.988068
220.789367
22.997347
87.394749
358.783800
298.986212
-294.389848
-800.369434
-740.571847
-538.180012
-694.573702
-878.566279
-648.575558
-280.590405
-335.788178
-630.176301
-570.378713
-229.992446
-119.596900
-312.789106
-510.581126
-464.582981
-239.192075
-78.198570
-45.999869
32.196976
326.585099
556.575820
469.179346
358.783800
561.175634
841.764314
726.768954
409.381758
386.382686
630.172851
694.570253
473.779160
441.580459
722.169139
952.159860
883.162644
671.571180
630.172851
745.168211
758.967654
574.975078
381.782872
409.381758
561.175634
584.174706
459.979717
515.177490
860.163572
1172.950952
1140.752251
970.559118
970.559118
1034.956520
906.161716
699.170067
735.968582
892.362273
404.781944
-1080.958114
-2405.704667
-2171.114131
-814.168877
-101.197642
-634.776115
-1122.356444
-740.571847
-478.382425
-1182.154031
-1853.726936
-1476.542154
-869.366650
-1246.551433
-2065.318400
-1968.722297
-1039.559784
-482.982239
-634.776115
-676.174445
-216.193003
165.591594
4.598089
-409.385208
-432.384280
36.796790
354.183985
183.990852
-13.801168
340.384542
933.760602
1034.956520
680.770809
570.375263
855.563757
956.759675
648.572108
317.385470
266.787511
308.185841
147.192337
-119.596900
-239.192075
-128.796529
45.996419
-32.200426
-363.387064
-464.582981
-262.191147
-243.791889
-607.177228
-841.767764
-639.375929
-478.382425
-758.971104
-1048.759413
-804.969249
-321.988734
-197.793745
-298.989662
-220.792817
27.597162
137.992708
-9.201354
-165.595044
-78.198570
114.993636
114.993636
-36.800240
45.996419
524.377119
919.961159
864.763386
666.971366
754.367840
933.760602
745.168211
358.783800
331.184913
611.773593
689.970438
528.976933
473.779160
676.170995
919.961159
901.561901
722.169139
634.772665
694.570253
708.369696
492.178418
257.587883
335.784728
611.773593
717.569325
634.772665
754.367840
1085.554478
1237.348354
1067.155221
901.561901
988.958375
1021.157076
464.579532
-795.769620
-2065.318400
-2258.510605
-1352.347165
-643.975744
-938.363867
-1320.148464
-846.367578
-262.191147
-602.577414
-1338.547721
-1205.153103
-611.777043
-929.164238
-1945.723225
-2240.111348
-1531.739927
-952.163310
-993.561640
-988.961825
-446.183724
216.189553
358.783800
55.196048
-78.198570
229.988996
464.579532
156.391965
-289.790033
-165.595044
436.980645
685.370624
423.181202
367.983429
791.166355
1113.153365
938.360417
685.370624
611.773593
528.976933
289.786584
-32.200426
-294.389848
-367.986879
-239.192075
-193.193931
-395.585765
-510.581126
-257.591332
13.797718
-156.395415
-432.384280
-285.190219
-114.997085
-515.180940
-1062.558856
-984.362011
-505.981311
-400.185580
-570.378713
-478.382425
-101.197642
142.592522
156.391965
156.391965
193.190481
252.988068
248.388254
68.995491
-36.800240
147.192337
432.380831
482.978789
386.382686
565.775449
929.160788
952.159860
694.570253
616.373407
814.165427
832.564685
533.576748
312.785656
400.182130
565.775449
597.974150
528.976933
538.176562
666.971366
763.567469
717.569325
630.172851
676.170995
749.768026
671.571180
492.178418
492.178418
666.971366
758.967654
671.571180
653.171923
809.565613
952.159860
952.159860
565.775449
-450.783538
-1632.935844
-1941.123410
-1251.151247
-758.971104
-1182.154031
-1628.336030
-1246.551433
-731.372218
-924.564423
-1287.949763
-933.764052
-340.387992
-561.179084
-1329.348092
-1632.935844
-1287.949763
-1025.760341
-1214.352732
-1333.947907
-956.763124
-340.387992
-4.601539
-23.000797
55.196048
455.379903
749.768026
556.575820
280.586955
335.784728
524.377119
400.182130
45.996419
-4.601539
340.384542
611.773593
616.373407
597.974150
689.970438
749.768026
593.374335
354.183985
211.589738
110.393821
-101.197642
-446.183724
-722.172589
-758.971104
-653.175373
-551.979455
-427.784466
-252.991518
-105.797457
-170.194858
-335.788178
-358.787250
-252.991518
-252.991518
-441.583909
-616.376857
-643.975744
-584.178156
-427.784466
-179.394487
68.995491
234.588811
363.383614
501.378047
584.174706
574.975078
561.175634
547.376191
469.179346
358.783800
340.384542
418.581387
418.581387
363.383614
436.980645
666.971366
837.164500
864.763386
869.363201
873.963015
804.965799
699.170067
602.573964
524.377119
400.182130
312.785656
321.985285
358.783800
386.382686
459.979717
616.373407
777.366912
878.562829
956.759675
956.759675
804.965799
611.773593
570.375263
620.973222
561.175634
188.590666
-579.578342
-1393.745494
-1605.336958
-1094.757557
-620.976672
-814.168877
-1209.752918
-1057.959042
-643.975744
-763.570919
-1205.153103
-1154.555144
-689.973888
-708.373146
-1297.149392
-1582.337886
-1255.751062
-947.563496
-1062.558856
-1182.154031
-846.367578
-321.988734
-82.798384
-133.396343
-114.997085
174.791223
436.980645
404.781944
229.988996
234.588811
450.780088
446.180274
165.591594
119.593450
400.182130
602.573964
510.577676
367.983429
464.579532
593.374335
524.377119
358.783800
239.188625
188.590666
68.995491
-183.994302
-473.782610
-570.378713
-413.985023
-271.390776
-344.987806
-455.383353
-344.987806
-160.995230
-262.191147
-432.384280
-234.592260
-0.001725
-165.595044
-441.583909
-492.181868
-331.188363
-165.595044
-216.193003
-252.991518
-41.400055
170.191409
257.587883
331.184913
409.381758
542.776377
708.369696
689.970438
505.977861
487.578604
597.974150
496.778232
294.386398
321.985285
528.976933
634.772665
565.775449
556.575820
694.570253
837.164500
804.965799
699.170067
689.970438
662.371552
551.976006
404.781944
308.185841
326.585099
386.382686
413.981573
413.981573
524.377119
694.570253
740.568397
712.969510
809.565613
906.161716
786.566541
611.773593
515.177490
124.193264
-795.769620
-1568.538442
-1421.344381
-846.367578
-970.562568
-1609.936772
-1536.339741
-855.567207
-689.973888
-1099.357371
-1085.557928
-501.381497
-275.990590
-768.170733
-1209.752918
-1136.155887
-984.362011
-1200.553289
-1476.542154
-1352.347165
-906.165166
-561.179084
-473.782610
-386.386136
-55.199498
469.179346
791.166355
703.769881
574.975078
657.771737
634.772665
294.386398
-18.400983
9.197904
142.592522
91.994563
32.196976
206.989924
482.978789
634.772665
662.371552
662.371552
611.773593
436.980645
151.792151
-174.794673
-427.784466
-478.382425
-459.983167
-570.378713
-694.573702
-584.178156
-358.787250
-294.389848
-285.190219
-91.998013
128.793079
91.994563
-114.997085
-193.193931
-133.396343
-142.595972
-266.790961
-294.389848
-206.993374
-105.797457
-27.600611
32.196976
151.792151
409.381758
703.769881
809.565613
722.169139
726.768954
832.564685
754.367840
533.576748
413.981573
473.779160
446.180274
280.586955
248.388254
418.581387
602.573964
694.570253
735.968582
772.767098
763.567469
726.768954
685.370624
597.974150
533.576748
547.376191
515.177490
344.984357
257.587883
372.583243
524.377119
533.576748
565.775449
758.967654
896.962087
878.562829
740.568397
298.986212
-515.180940
-1168.354588
-1136.155887
-850.967393
-1094.757557
-1678.933988
-1706.532875
-1214.352732
-1067.158670
-1297.149392
-1149.955330
-574.978527
-280.590405
-565.778899
-846.367578
-791.169805
-758.971104
-979.762196
-1232.751990
-1209.752918
-979.762196
-781.970176
-781.970176
-786.569991
-478.382425
105.794007
561.175634
657.771737
717.569325
906.161716
924.560974
653.171923
354.183985
257.587883
239.188625
50.596234
-165.595044
-165.595044
9.197904
239.188625
395.582315
469.179346
482.978789
487.578604
436.980645
229.988996
-23.000797
-105.797457
-156.395415
-409.385208
-685.374074
-712.972960
-570.378713
-528.980383
-528.980383
-363.387064
-124.196714
-45.999869
-73.598756
-4.601539
133.392893
197.790295
124.193264
-9.201354
-82.798384
-91.998013
-101.197642
-128.796529
-87.398199
105.794007
354.183985
473.779160
515.177490
648.572108
832.564685
878.562829
800.365984
740.568397
726.768954
616.373407
436.980645
344.984357
395.582315
436.980645
459.979717
487.578604
519.777305
588.774521
708.369696
795.766170
777.366912
726.768954
717.569325
699.170067
570.375263
432.380831
413.981573
459.979717
446.180274
395.582315
446.180274
602.573964
703.769881
496.778232
-87.398199
-749.771475
-952.163310
-685.374074
-676.174445
-1223.552361
-1623.736215
-1361.546793
-1067.158670
-1292.549577
-1522.540298
-1154.555144
-607.177228
-611.777043
-919.964609
-850.967393
-515.180940
-565.778899
-942.963681
-1071.758485
-823.368506
-607.177228
-722.172589
-933.764052
-800.369434
-317.388920
101.194192
229.988996
321.985285
611.773593
860.163572
772.767098
533.576748
505.977861
588.774521
446.180274
105.794007
-55.199498
45.996419
133.392893
91.994563
78.195120
165.591594
275.987140
275.987140
174.791223
101.194192
133.392893
142.592522
-36.800240
-298.989662
-395.585765
-354.187435
-423.184652
-570.378713
-515.180940
-262.191147
-160.995230
-298.989662
-331.188363
-87.398199
133.392893
114.993636
55.196048
101.194192
137.992708
110.393821
36.796790
13.797718
105.794007
243.788439
275.987140
225.389182
303.586027
515.177490
643.972294
657.771737
657.771737
745.168211
818.765242
699.170067
574.975078
574.975078
611.773593
551.976006
478.378975
469.179346
473.779160
464.579532
510.577676
593.374335
620.973222
611.773593
607.173779
597.974150
597.974150
602.573964
602.573964
570.375263
515.177490
487.578604
505.977861
487.578604
363.383614
55.196048
-459.983167
-873.966465
-841.767764
-676.174445
-887.765908
-1324.748278
-1379.946051
-1044.159598
-988.961825
-1301.749206
-1315.548649
-860.167022
-551.979455
-708.373146
-869.366650
-676.174445
-519.780754
-740.571847
-979.762196
-873.966465
-666.974816
-689.973888
-878.566279
-924.564423
-625.576486
-160.995230
105.794007
160.991780
312.785656
579.574892
740.568397
653.171923
492.178418
492.178418
528.976933
354.183985
64.395677
-55.199498
45.996419
119.593450
50.596234
18.397533
128.793079
252.988068
252.988068
137.992708
91.994563
179.391037
179.391037
-27.600611
-243.791889
-266.790961
-216.193003
-344.987806
-528.980383
-455.383353
-248.391704
-252.991518
-386.386136
-321.988734
-82.798384
87.394749
96.594378
87.394749
170.191409
220.789367
202.390110
147.192337
147.192337
239.188625
312.785656
298.986212
243.788439
321.985285
538.176562
639.372480
579.574892
561.175634
699.170067
749.768026
648.572108
574.975078
639.372480
703.769881
643.972294
538.176562
538.176562
574.975078
538.176562
505.977861
496.778232
482.978789
482.978789
455.379903
450.780088
478.378975
561.175634
657.771737
620.973222
556.575820
593.374335
634.772665
478.378975
-4.601539
-565.778899
-818.768692
-818.768692
-855.567207
-1154.555144
-1416.744566
-1324.748278
-1076.358299
-1071.758485
-1255.751062
-1159.154959
-745.171661
-524.380569
-676.174445
-791.169805
-584.178156
-459.983167
-712.972960
-952.163310
-837.167949
-639.375929
-731.372218
-952.163310
-883.166094
-496.781682
-114.997085
32.196976
128.793079
367.983429
620.973222
731.368768
676.170995
611.773593
648.572108
593.374335
377.183058
160.991780
78.195120
68.995491
-0.001725
-87.398199
-27.600611
96.594378
105.794007
32.196976
50.596234
188.590666
266.787511
193.190481
32.196976
-68.998941
-105.797457
-179.394487
-335.788178
-464.582981
-436.984095
-390.985951
-432.384280
-455.383353
-340.387992
-151.795601
-23.000797
32.196976
105.794007
206.989924
285.186769
298.986212
285.186769
317.385470
340.384542
271.387326
202.390110
229.988996
326.585099
404.781944
436.980645
469.179346
574.975078
671.571180
662.371552
620.973222
657.771737
726.768954
722.169139
634.772665
597.974150
602.573964
574.975078
524.377119
482.978789
446.180274
400.182130
386.382686
386.382686
367.983429
395.582315
515.177490
662.371552
676.170995
611.773593
643.972294
694.570253
446.180274
-128.796529
-593.377785
-680.774259
-708.373146
-1007.361083
-1379.946051
-1416.744566
-1205.153103
-1163.754773
-1315.548649
-1228.152175
-804.969249
-496.781682
-561.179084
-699.173517
-593.377785
-427.784466
-547.379641
-791.169805
-818.768692
-699.173517
-749.771475
-984.362011
-1039.559784
-731.372218
-340.387992
-160.995230
-87.398199
114.993636
450.780088
671.571180
680.770809
671.571180
763.567469
781.966727
602.573964
358.783800
216.189553
165.591594
36.796790
-156.395415
-220.792817
-119.596900
-18.400983
-55.199498
-96.597828
59.795863
294.386398
335.784728
156.391965
18.397533
50.596234
55.196048
-110.397271
-308.189291
-381.786322
-363.387064
-413.985023
-524.380569
-482.982239
-289.790033
-147.195786
-124.196714
-59.799312
96.594378
252.988068
321.985285
317.385470
395.582315
501.378047
510.577676
400.182130
303.586027
344.984357
423.181202
390.982501
303.586027
344.984357
487.578604
515.177490
436.980645
455.379903
630.172851
735.968582
689.970438
639.372480
676.170995
708.369696
630.172851
538.176562
510.577676
510.577676
464.579532
363.383614
280.586955
312.785656
418.581387
478.378975
478.378975
496.778232
574.975078
588.774521
331.184913
-101.197642
-400.185580
-455.383353
-533.580198
-869.366650
-1186.753845
-1223.552361
-1159.154959
-1260.350876
-1430.544010
-1287.949763
-860.167022
-602.577414
-689.973888
-745.171661
-538.180012
-363.387064
-496.781682
-685.374074
-602.577414
-446.183724
-565.778899
-827.968321
-823.368506
-528.980383
-312.789106
-271.390776
-220.792817
9.197904
275.987140
409.381758
446.180274
551.976006
712.969510
758.967654
611.773593
450.780088
404.781944
344.984357
160.991780
-73.598756
-179.394487
-179.394487
-234.592260
-331.188363
-289.790033
-91.998013
91.994563
147.192337
128.793079
133.392893
188.590666
179.391037
87.394749
-18.400983
-105.797457
-206.993374
-331.188363
-441.583909
-432.384280
-298.989662
-179.394487
-128.796529
-59.799312
91.994563
211.589738
243.788439
262.187697
340.384542
459.979717
482.978789
409.381758
367.983429
390.982501
441.580459
427.781016
372.583243
372.583243
395.582315
377.183058
349.584171
354.183985
432.380831
519.777305
524.377119
501.378047
570.375263
662.371552
666.971366
593.374335
561.175634
616.373407
620.973222
478.378975
331.184913
349.584171
386.382686
349.584171
303.586027
354.183985
423.181202
298.986212
-4.601539
-252.991518
-298.989662
-317.388920
-570.378713
-887.765908
-1007.361083
-979.762196
-1044.159598
-1251.151247
-1333.947907
-1117.756629
-837.167949
-754.371290
-795.769620
-726.772403
-547.379641
-496.781682
-565.778899
-588.777971
-524.380569
-487.582054
-597.977600
-735.972032
-666.974816
-441.583909
-257.591332
-202.393559
-128.796529
91.994563
321.985285
409.381758
441.580459
547.376191
676.170995
630.172851
432.380831
321.985285
344.984357
303.586027
151.792151
45.996419
18.397533
-36.800240
-197.793745
-298.989662
-188.594116
-4.601539
45.996419
-13.801168
4.598089
105.794007
137.992708
119.593450
101.194192
73.595306
18.397533
-110.397271
-285.190219
-358.787250
-317.388920
-248.391704
-239.192075
-234.592260
-128.796529
59.795863
188.590666
248.388254
344.984357
478.378975
547.376191
473.779160
390.982501
413.981573
423.181202
372.583243
317.385470
326.585099
367.983429
344.984357
298.986212
321.985285
427.781016
492.178418
473.779160
436.980645
478.378975
533.576748
538.176562
519.777305
510.577676
538.176562
528.976933
450.780088
404.781944
423.181202
473.779160
455.379903
363.383614
317.385470
354.183985
312.785656
78.195120
-216.193003
-331.188363
-321.988734
-432.384280
-689.973888
-873.966465
-878.566279
-873.966465
-1030.360155
-1159.154959
-1030.360155
-804.969249
-726.772403
-777.370362
-745.171661
-588.777971
-496.781682
-538.180012
-565.778899
-501.381497
-469.182796
-556.579270
-666.974816
-616.376857
-450.783538
-294.389848
-234.592260
-188.594116
-23.000797
179.391037
298.986212
372.583243
487.578604
584.174706
538.176562
409.381758
303.586027
262.187697
243.788439
114.993636
-9.201354
-32.200426
-41.400055
-114.997085
-197.793745
-156.395415
-41.400055
9.197904
-18.400983
-18.400983
32.196976
101.194192
119.593450
68.995491
68.995491
96.594378
9.197904
-133.396343
-211.593188
-156.395415
-105.797457
-137.996158
-142.595972
-87.398199
22.997347
73.595306
114.993636
262.187697
432.380831
519.777305
487.578604
446.180274
455.379903
492.178418
473.779160
390.982501
354.183985
358.783800
326.585099
266.787511
229.988996
294.386398
400.182130
427.781016
400.182130
423.181202
473.779160
487.578604
446.180274
441.580459
473.779160
473.779160
423.181202
363.383614
377.183058
404.781944
395.582315
349.584171
331.184913
340.384542
248.388254
-13.801168
-285.190219
-372.586693
-381.786322
-505.981311
-712.972960
-818.768692
-781.970176
-791.169805
-929.164238
-988.961825
-864.766836
-722.172589
-712.972960
-740.571847
-708.373146
-616.376857
-556.579270
-574.978527
-565.778899
-492.181868
-409.385208
-459.983167
-561.179084
-501.381497
-331.188363
-211.593188
-179.394487
-151.795601
-18.400983
147.192337
234.588811
275.987140
372.583243
501.378047
519.777305
390.982501
266.787511
248.388254
262.187697
170.191409
22.997347
-64.399127
-78.198570
-114.997085
-183.994302
-174.794673
-41.400055
50.596234
22.997347
-36.800240
4.598089
91.994563
87.394749
45.996419
45.996419
78.195120
4.598089
-151.795601
-202.393559
-142.595972
-64.399127
-41.400055
-59.799312
9.197904
110.393821
165.591594
179.391037
243.788439
395.582315
469.179346
450.780088
427.781016
455.379903
519.777305
505.977861
436.980645
413.981573
432.380831
400.182130
308.185841
248.388254
294.386398
349.584171
321.985285
289.786584
335.784728
413.981573
432.380831
409.381758
423.181202
482.978789
482.978789
390.982501
294.386398
289.786584
344.984357
317.385470
211.589738
188.590666
225.389182
142.592522
-87.398199
-275.990590
-312.789106
-326.588549
-473.782610
-657.775187
-740.571847
-703.773331
-731.372218
-846.367578
-864.766836
-749.771475
-625.576486
-607.177228
-662.375001
-630.176301
-515.180940
-482.982239
-528.980383
-528.980383
-459.983167
-441.583909
-501.381497
-515.180940
-418.584837
-294.389848
-220.792817
-183.994302
-119.596900
22.997347
147.192337
193.190481
257.587883
372.583243
423.181202
335.784728
216.189553
188.590666
234.588811
197.790295
82.794935
41.396605
27.597162
-50.599684
-128.796529
-142.595972
-68.998941
-4.601539
-4.601539
-36.800240
-23.000797
18.397533
59.795863
59.795863
73.595306
124.193264
119.593450
13.797718
-105.797457
-119.596900
-36.800240
-27.600611
-64.399127
-64.399127
13.797718
114.993636
170.191409
225.389182
317.385470
409.381758
441.580459
395.582315
363.383614
395.582315
432.380831
409.381758
367.983429
358.783800
340.384542
289.786584
243.788439
271.387326
344.984357
363.383614
326.585099
271.387326
303.586027
367.983429
377.183058
354.183985
358.783800
413.981573
390.982501
294.386398
271.387326
326.585099
344.984357
280.586955
211.589738
211.589738
193.190481
45.996419
-128.796529
-248.391704
-266.790961
-340.387992
-505.981311
-639.375929
-676.174445
-694.573702
-731.372218
-777.370362
-745.171661
-666.974816
-634.776115
-662.375001
-657.775187
-570.378713
-510.581126
-501.381497
-473.782610
-450.783538
-441.583909
-423.184652
-404.785394
-358.787250
-285.190219
-216.193003
-193.193931
-170.194858
-73.598756
32.196976
68.995491
119.593450
229.988996
349.584171
367.983429
303.586027
234.588811
220.789367
197.790295
110.393821
32.196976
-0.001725
-32.200426
-64.399127
-105.797457
-91.998013
-18.400983
32.196976
22.997347
-0.001725
4.598089
36.796790
50.596234
36.796790
41.396605
64.395677
68.995491
13.797718
-36.800240
4.598089
64.395677
73.595306
64.395677
64.395677
87.394749
128.793079
142.592522
216.189553
321.985285
372.583243
358.783800
344.984357
372.583243
418.581387
413.981573
372.583243
344.984357
317.385470
266.787511
220.789367
211.589738
252.988068
285.186769
252.988068
234.588811
248.388254
266.787511
280.586955
298.986212
317.385470
331.184913
321.985285
294.386398
257.587883
229.988996
229.988996
225.389182
193.190481
137.992708
87.394749
68.995491
13.797718
-101.197642
-216.193003
-308.189291
-363.387064
-464.582981
-561.179084
-611.777043
-620.976672
-634.776115
-694.573702
-712.972960
-657.775187
-584.178156
-547.379641
-538.180012
-519.780754
-469.182796
-427.784466
-436.984095
-432.384280
-395.585765
-349.587621
-331.188363
-303.589477
-239.192075
-165.595044
-101.197642
-59.799312
-0.001725
45.996419
105.794007
147.192337
147.192337
197.790295
229.988996
197.790295
174.791223
160.991780
160.991780
142.592522
87.394749
18.397533
-32.200426
-68.998941
-96.597828
-78.198570
-73.598756
-82.798384
-59.799312
-32.200426
-23.000797
13.797718
55.196048
68.995491
59.795863
45.996419
50.596234
32.196976
18.397533
41.396605
73.595306
119.593450
147.192337
165.591594
197.790295
243.788439
303.586027
331.184913
331.184913
326.585099
349.584171
344.984357
326.585099
321.985285
312.785656
317.385470
303.586027
266.787511
257.587883
271.387326
289.786584
285.186769
239.188625
234.588811
248.388254
234.588811
216.189553
220.789367
239.188625
252.988068
252.988068
229.988996
229.988996
257.587883
271.387326
243.788439
197.790295
156.391965
142.592522
96.594378
50.596234
13.797718
-36.800240
-119.596900
-206.993374
-275.990590
-377.186507
-473.782610
-510.581126
-538.180012
-584.178156
-662.375001
-694.573702
-653.175373
-625.576486
-593.377785
-542.779827
-510.581126
-459.983167
-413.985023
-400.185580
-377.186507
-354.187435
-326.588549
-317.388920
-321.988734
-312.789106
-262.191147
-202.393559
-147.195786
-87.398199
-9.201354
45.996419
64.395677
78.195120
114.993636
147.192337
170.191409
174.791223
147.192337
119.593450
110.393821
96.594378
50.596234
18.397533
-13.801168
-45.999869
-73.598756
-96.597828
-96.597828
-73.598756
-64.399127
-50.599684
-45.999869
-27.600611
9.197904
32.196976
45.996419
78.195120
96.594378
124.193264
137.992708
151.792151
179.391037
193.190481
225.389182
257.587883
275.987140
294.386398
285.186769
298.986212
317.385470
317.385470
308.185841
312.785656
298.986212
289.786584
294.386398
285.186769
248.388254
229.988996
234.588811
262.187697
257.587883
239.188625
239.188625
234.588811
248.388254
239.188625
183.990852
174.791223
188.590666
183.990852
156.391965
137.992708
151.792151
165.591594
165.591594
174.791223
170.191409
151.792151
128.793079
87.394749
50.596234
-9.201354
-78.198570
-137.996158
-225.392632
-303.589477
-377.186507
-441.583909
-478.382425
-501.381497
-547.379641
-584.178156
-607.177228
-579.578342
-547.379641
-515.180940
-482.982239
-436.984095
-377.186507
-349.587621
-321.988734
-298.989662
-252.991518
-243.791889
-252.991518
-257.591332
-266.790961
-248.391704
-225.392632
-197.793745
-170.194858
-137.996158
-78.198570
-36.800240
4.598089
50.596234
105.794007
170.191409
174.791223
174.791223
174.791223
170.191409
142.592522
91.994563
45.996419
13.797718
-27.600611
-68.998941
-87.398199
-73.598756
-55.199498
-41.400055
-27.600611
22.997347
73.595306
119.593450
147.192337
179.391037
234.588811
262.187697
275.987140
285.186769
280.586955
271.387326
257.587883
248.388254
239.188625
216.189553
211.589738
193.190481
170.191409
188.590666
216.189553
239.188625
257.587883
294.386398
331.184913
340.384542
344.984357
354.183985
367.983429
331.184913
303.586027
285.186769
271.387326
234.588811
179.391037
151.792151
133.392893
105.794007
82.794935
91.994563
101.194192
87.394749
78.195120
91.994563
110.393821
101.194192
68.995491
68.995491
41.396605
-9.201354
-91.998013
-160.995230
-257.591332
-377.186507
-473.782610
-533.580198
-584.178156
-620.976672
-634.776115
-653.175373
-616.376857
-570.378713
-533.580198
-478.382425
-427.784466
-372.586693
-326.588549
-294.389848
-262.191147
-229.992446
-225.392632
-220.792817
-216.193003
-220.792817
-229.992446
-211.593188
-183.994302
-174.794673
-151.795601
-96.597828
-50.599684
-9.201354
32.196976
82.794935
147.192337
183.990852
202.390110
197.790295
206.989924
188.590666
151.792151
91.994563
45.996419
4.598089
-41.400055
-73.598756
-101.197642
-91.998013
-55.199498
-18.400983
22.997347
64.395677
119.593450
165.591594
225.389182
271.387326
289.786584
317.385470
294.386398
298.986212
289.786584
280.586955
275.987140
248.388254
225.389182
216.189553
197.790295
179.391037
170.191409
179.391037
179.391037
183.990852
206.989924
220.789367
252.988068
308.185841
312.785656
298.986212
298.986212
289.786584
285.186769
266.787511
211.589738
165.591594
128.793079
96.594378
68.995491
41.396605
13.797718
32.196976
78.195120
78.195120
68.995491
68.995491
68.995491
55.196048
9.197904
-23.000797
-55.199498
-124.196714
-211.593188
-289.790033
-344.987806
-381.786322
-436.984095
-496.781682
-551.979455
-579.578342
-584.178156
-593.377785
-565.778899
-528.980383
-473.782610
-432.384280
-381.786322
-308.189291
-243.791889
-183.994302
-151.795601
-133.396343
-133.396343
-128.796529
-105.797457
-96.597828
-105.797457
-105.797457
-105.797457
-96.597828
-91.998013
-68.998941
-41.400055
-13.801168
55.196048
101.194192
110.393821
105.794007
101.194192
114.993636
105.794007
82.794935
55.196048
45.996419
22.997347
-9.201354
-18.400983
-13.801168
4.598089
9.197904
9.197904
9.197904
45.996419
96.594378
147.192337
193.190481
225.389182
280.586955
317.385470
349.584171
367.983429
363.383614
354.183985
312.785656
262.187697
225.389182
193.190481
174.791223
151.792151
119.593450
114.993636
142.592522
165.591594
183.990852
197.790295
188.590666
183.990852
183.990852
193.190481
211.589738
225.389182
211.589738
188.590666
188.590666
188.590666
188.590666
151.792151
114.993636
105.794007
78.195120
50.596234
18.397533
-4.601539
4.598089
-0.001725
-13.801168
-13.801168
-32.200426
-50.599684
-59.799312
-101.197642
-160.995230
-225.392632
-289.790033
-349.587621
-400.185580
-427.784466
-450.783538
-492.181868
-505.981311
-496.781682
-482.982239
-459.983167
-446.183724
-395.585765
-344.987806
-303.589477
-252.991518
-216.193003
-193.193931
-151.795601
-101.197642
-87.398199
-91.998013
-82.798384
-73.598756
-73.598756
-82.798384
-82.798384
-68.998941
-78.198570
-101.197642
-101.197642
-91.998013
-78.198570
-59.799312
-41.400055
-0.001725
32.196976
41.396605
55.196048
55.196048
45.996419
55.196048
50.596234
41.396605
55.196048
50.596234
45.996419
64.395677
87.394749
110.393821
124.193264
165.591594
211.589738
239.188625
248.388254
285.186769
326.585099
331.184913
317.385470
331.184913
344.984357
344.984357
326.585099
289.786584
266.787511
243.788439
211.589738
193.190481
170.191409
137.992708
128.793079
137.992708
147.192337
174.791223
206.989924
216.189553
239.188625
243.788439
225.389182
229.988996
234.588811
225.389182
183.990852
151.792151
124.193264
124.193264
124.193264
87.394749
41.396605
18.397533
18.397533
-13.801168
-59.799312
-82.798384
-96.597828
-147.195786
-193.193931
-220.792817
-252.991518
-298.989662
-331.188363
-335.788178
-372.586693
-395.585765
-404.785394
-423.184652
-441.583909
-441.583909
-409.385208
-404.785394
-390.985951
-354.187435
-344.987806
-317.388920
-275.990590
-234.592260
-197.793745
-174.794673
-165.595044
-147.195786
-133.396343
-119.596900
-124.196714
-124.196714
-119.596900
-110.397271
-110.397271
-128.796529
-110.397271
-91.998013
-87.398199
-73.598756
-78.198570
-73.598756
-59.799312
-64.399127
-50.599684
-45.999869
-32.200426
-4.601539
13.797718
45.996419
82.794935
87.394749
101.194192
128.793079
142.592522
165.591594
179.391037
197.790295
206.989924
243.788439
271.387326
275.987140
285.186769
289.786584
308.185841
321.985285
335.784728
326.585099
317.385470
308.185841
294.386398
275.987140
285.186769
285.186769
262.187697
248.388254
252.988068
266.787511
275.987140
271.387326
262.187697
248.388254
243.788439
229.988996
234.588811
234.588811
220.789367
216.189553
193.190481
174.791223
160.991780
147.192337
110.393821
87.394749
50.596234
13.797718
-13.801168
-45.999869
-82.798384
-119.596900
-170.194858
-225.392632
-262.191147
-294.389848
-331.188363
-354.187435
-358.787250
-390.985951
-432.384280
-450.783538
-441.583909
-441.583909
-441.583909
-427.784466
-413.985023
-372.586693
-340.387992
-303.589477
-266.790961
-243.791889
-206.993374
-193.193931
-202.393559
-216.193003
-211.593188
-193.193931
-188.594116
-197.793745
-197.793745
-179.394487
-174.794673
-151.795601
-128.796529
-110.397271
-91.998013
-96.597828
-105.797457
-105.797457
-91.998013
-55.199498
-45.999869
-32.200426
4.598089
18.397533
36.796790
55.196048
78.195120
105.794007
105.794007
101.194192
119.593450
147.192337
188.590666
211.589738
220.789367
243.788439
271.387326
298.986212
312.785656
308.185841
321.985285
326.585099
321.985285
308.185841
294.386398
303.586027
294.386398
294.386398
303.586027
298.986212
285.186769
266.787511
257.587883
262.187697
266.787511
266.787511
266.787511
262.187697
262.187697
266.787511
243.788439
225.389182
225.389182
183.990852
165.591594
165.591594
142.592522
119.593450
82.794935
59.795863
32.196976
4.598089
-23.000797
-55.199498
-78.198570
-124.196714
-151.795601
-160.995230
-193.193931
-234.592260
-289.790033
-308.189291
-331.188363
-349.587621
-358.787250
-381.786322
-386.386136
-400.185580
-400.185580
-390.985951
-381.786322
-372.586693
-354.187435
-317.388920
-303.589477
-280.590405
-271.390776
-262.191147
-225.392632
-216.193003
-211.593188
-206.993374
-202.393559
-197.793745
-193.193931
-188.594116
-183.994302
-165.595044
-165.595044
-156.395415
-147.195786
-137.996158
-96.597828
-82.798384
-68.998941
-64.399127
-27.600611
-0.001725
-9.201354
13.797718
32.196976
55.196048
87.394749
82.794935
87.394749
133.392893
142.592522
151.792151
170.191409
188.590666
202.390110
193.190481
211.589738
234.588811
262.187697
271.387326
266.787511
275.987140
289.786584
303.586027
308.185841
321.985285
298.986212
280.586955
289.786584
289.786584
271.387326
252.988068
262.187697
266.787511
262.187697
266.787511
262.187697
252.988068
243.788439
243.788439
225.389182
206.989924
202.390110
165.591594
151.792151
142.592522
128.793079
124.193264
91.994563
68.995491
55.196048
32.196976
9.197904
-13.801168
-50.599684
-68.998941
-87.398199
-133.396343
-142.595972
-170.194858
-206.993374
-220.792817
-248.391704
-275.990590
-289.790033
-308.189291
-317.388920
-321.988734
-349.587621
-358.787250
-335.788178
-326.588549
-321.988734
-321.988734
-308.189291
-289.790033
-294.389848
-280.590405
-266.790961
-262.191147
-257.591332
-252.991518
-234.592260
-220.792817
-197.793745
-188.594116
-193.193931
-183.994302
-165.595044
-147.195786
-128.796529
-119.596900
-124.196714
-128.796529
-114.997085
-87.398199
-73.598756
-55.199498
-32.200426
-27.600611
-0.001725
55.196048
87.394749
96.594378
91.994563
91.994563
114.993636
137.992708
165.591594
170.191409
179.391037
197.790295
206.989924
220.789367
234.588811
248.388254
239.188625
243.788439
252.988068
271.387326
298.986212
285.186769
271.387326
285.186769
275.987140
262.187697
266.787511
271.387326
266.787511
275.987140
266.787511
248.388254
234.588811
234.588811
229.988996
225.389182
220.789367
206.989924
183.990852
170.191409
170.191409
165.591594
142.592522
119.593450
78.195120
78.195120
59.795863
18.397533
-4.601539
-32.200426
-36.800240
-41.400055
-68.998941
-101.197642
-119.596900
-137.996158
-156.395415
-174.794673
-188.594116
-229.992446
-266.790961
-280.590405
-285.190219
-285.190219
-289.790033
-298.989662
-317.388920
-317.388920
-308.189291
-289.790033
-298.989662
-303.589477
-303.589477
-294.389848
-289.790033
-280.590405
-252.991518
-252.991518
-257.591332
-239.192075
-216.193003
-202.393559
-216.193003
-216.193003
-202.393559
-174.794673
-165.595044
-156.395415
-151.795601
-147.195786
-124.196714
-91.998013
-68.998941
-50.599684
-27.600611
-13.801168
4.598089
32.196976
59.795863
91.994563
96.594378
105.794007
137.992708
170.191409
206.989924
216.189553
234.588811
243.788439
257.587883
266.787511
275.987140
280.586955
275.987140
275.987140
275.987140
266.787511
266.787511
275.987140
298.986212
289.786584
275.987140
271.387326
280.586955
266.787511
266.787511
271.387326
257.587883
248.388254
248.388254
234.588811
206.989924
197.790295
202.390110
193.190481
170.191409
170.191409
151.792151
133.392893
119.593450
91.994563
50.596234
32.196976
9.197904
-4.601539
-23.000797
-32.200426
-50.599684
-68.998941
-68.998941
-101.197642
-124.196714
-151.795601
-179.394487
-206.993374
-234.592260
-248.391704
-275.990590
-298.989662
-289.790033
-298.989662
-303.589477
-312.789106
-308.189291
-317.388920
-331.188363
-321.988734
-298.989662
-294.389848
-289.790033
-275.990590
-280.590405
-248.391704
-220.792817
-216.193003
-202.393559
-206.993374
-211.593188
-193.193931
-170.194858
-174.794673
-179.394487
-147.195786
-133.396343
-110.397271
-87.398199
-73.598756
-68.998941
-64.399127
-27.600611
-9.201354
-9.201354
-0.001725
4.598089
22.997347
41.396605
59.795863
78.195120
105.794007
124.193264
142.592522
170.191409
179.391037
188.590666
197.790295
220.789367
239.188625
252.988068
252.988068
239.188625
252.988068
252.988068
257.587883
248.388254
229.988996
234.588811
257.587883
239.188625
211.589738
220.789367
229.988996
216.189553
211.589738
202.390110
202.390110
206.989924
197.790295
188.590666
170.191409
160.991780
151.792151
137.992708
128.793079
110.393821
87.394749
91.994563
78.195120
59.795863
18.397533
-0.001725
-0.001725
-13.801168
-18.400983
-32.200426
-50.599684
-73.598756
-96.597828
-101.197642
-114.997085
-133.396343
-151.795601
-165.595044
-174.794673
-183.994302
-197.793745
-211.593188
-202.393559
-206.993374
-220.792817
-243.791889
-248.391704
-243.791889
-243.791889
-229.992446
-216.193003
-225.392632
-225.392632
-197.793745
-179.394487
-183.994302
-179.394487
-170.194858
-156.395415
-151.795601
-142.595972
-133.396343
-142.595972
-124.196714
-101.197642
-96.597828
-101.197642
-91.998013
-73.598756
-59.799312
-50.599684
-45.999869
-36.800240
-23.000797
-9.201354
-0.001725
13.797718
22.997347
22.997347
32.196976
55.196048
68.995491
78.195120
96.594378
105.794007
124.193264
142.592522
142.592522
165.591594
183.990852
188.590666
188.590666
188.590666
188.590666
188.590666
165.591594
165.591594
174.791223
174.791223
174.791223
174.791223
156.391965
156.391965
165.591594
160.991780
156.391965
156.391965
147.192337
142.592522
133.392893
147.192337
147.192337
124.193264
105.794007
114.993636
105.794007
91.994563
68.995491
59.795863
68.995491
45.996419
32.196976
36.796790
13.797718
4.598089
-4.601539
-23.000797
-32.200426
-45.999869
-55.199498
-68.998941
-82.798384
-82.798384
-87.398199
-110.397271
-124.196714
-119.596900
-142.595972
-156.395415
-156.395415
-165.595044
-174.794673
-170.194858
-174.794673
-179.394487
-165.595044
-179.394487
-174.794673
-165.595044
-151.795601
-147.195786
-137.996158
-147.195786
-156.395415
-137.996158
-128.796529
-124.196714
-114.997085
-110.397271
-101.197642
-105.797457
-101.197642
-96.597828
-91.998013
-64.399127
-55.199498
-68.998941
-59.799312
-50.599684
-41.400055
-32.200426
-27.600611
-18.400983
9.197904
4.598089
13.797718
41.396605
41.396605
50.596234
55.196048
64.395677
82.794935
87.394749
96.594378
105.794007
96.594378
91.994563
114.993636
110.393821
128.793079
133.392893
110.393821
133.392893
128.793079
128.793079
137.992708
119.593450
128.793079
133.392893
128.793079
124.193264
133.392893
124.193264
114.993636
124.193264
119.593450
110.393821
105.794007
110.393821
114.993636
114.993636
101.194192
87.394749
73.595306
73.595306
68.995491
59.795863
36.796790
22.997347
13.797718
9.197904
4.598089
-4.601539
-13.801168
-9.201354
-23.000797
-41.400055
-55.199498
-45.999869
-41.400055
-59.799312
-59.799312
-55.199498
-78.198570
-78.198570
-73.598756
-82.798384
-78.198570
-101.197642
-110.397271
-105.797457
-119.596900
-114.997085
-114.997085
-124.196714
-128.796529
-119.596900
-105.797457
-96.597828
-105.797457
-91.998013
-78.198570
-87.398199
-87.398199
-87.398199
-91.998013
-82.798384
-82.798384
-87.398199
-87.398199
-68.998941
-59.799312
-59.799312
-45.999869
-41.400055
-55.199498
-41.400055
-18.400983
-18.400983
-9.201354
-13.801168
-0.001725
13.797718
4.598089
22.997347
22.997347
18.397533
32.196976
27.597162
32.196976
32.196976
36.796790
41.396605
32.196976
50.596234
55.196048
45.996419
64.395677
73.595306
78.195120
73.595306
73.595306
68.995491
68.995491
73.595306
68.995491
87.394749
73.595306
68.995491
87.394749
73.595306
59.795863
59.795863
82.794935
91.994563
78.195120
82.794935
78.195120
64.395677
64.395677
73.595306
59.795863
36.796790
27.597162
36.796790
41.396605
36.796790
32.196976
27.597162
13.797718
4.598089
4.598089
9.197904
-4.601539
-18.400983
-23.000797
-27.600611
-32.200426
-23.000797
-18.400983
-32.200426
-36.800240
-41.400055
-41.400055
-50.599684
-55.199498
-50.599684
-50.599684
-55.199498
-59.799312
-50.599684
-55.199498
-64.399127
-50.599684
-45.999869
-36.800240
-41.400055
-64.399127
-55.199498
-55.199498
-45.999869
-32.200426
-55.199498
-64.399127
-45.999869
-36.800240
-36.800240
-59.799312
-55.199498
-36.800240
-45.999869
-50.599684
-45.999869
-41.400055
-36.800240
-13.801168
4.598089
-13.801168
-4.601539
4.598089
18.397533
22.997347
13.797718
18.397533
13.797718
-0.001725
13.797718
18.397533
13.797718
18.397533
27.597162
32.196976
36.796790
36.796790
45.996419
36.796790
36.796790
45.996419
36.796790
41.396605
50.596234
36.796790
13.797718
4.598089
13.797718
22.997347
22.997347
27.597162
13.797718
-0.001725
32.196976
32.196976
9.197904
18.397533
13.797718
13.797718
22.997347
22.997347
27.597162
13.797718
-0.001725
18.397533
18.397533
4.598089
13.797718
4.598089
-23.000797
-9.201354
9.197904
4.598089
-9.201354
9.197904
18.397533
9.197904
-9.201354
-23.000797
-9.201354
-4.601539
-18.400983
-18.400983
-13.801168
-13.801168
-9.201354
-9.201354
-4.601539
