-7.307033
-29.220828
-32.873127
-7.307033
25.563659
54.782053
69.391249
109.566540
146.089532
142.437233
164.351028
197.221720
186.264823
149.741831
109.566540
69.391249
69.391249
94.957344
138.784934
182.612524
226.440114
248.353909
252.006208
204.526319
164.351028
182.612524
200.874020
186.264823
153.394130
149.741831
146.089532
124.175737
120.523438
146.089532
197.221720
233.744712
233.744712
197.221720
146.089532
124.175737
113.218839
87.652745
80.348147
105.914241
142.437233
124.175737
109.566540
146.089532
160.698729
153.394130
131.480335
127.828036
146.089532
142.437233
135.132634
124.175737
113.218839
127.828036
142.437233
131.480335
153.394130
193.569421
193.569421
157.046429
120.523438
113.218839
116.871139
113.218839
113.218839
116.871139
102.261942
25.563659
-51.134623
-84.005316
-84.005316
-65.743820
-51.134623
-14.611632
-14.611632
-91.309914
-189.921992
-259.315676
-292.186369
-299.490967
-288.534069
-273.924873
-281.229471
-310.447864
-357.927754
-372.536950
-354.275454
-332.361659
-310.447864
-299.490967
-321.404762
-350.623155
-383.493848
-401.755344
-387.146147
-336.013959
-288.534069
-273.924873
-266.620274
-233.749582
-215.488086
-208.183488
-197.226590
-186.269693
-178.965094
-171.660496
-175.312795
-178.965094
-157.051299
-116.876008
-94.962213
-91.309914
-76.700717
-29.220828
-7.307033
-18.263931
-10.959332
7.302163
7.302163
-18.263931
-29.220828
-21.916230
-0.002435
32.868258
58.434352
91.305044
124.175737
142.437233
135.132634
113.218839
131.480335
149.741831
135.132634
116.871139
124.175737
157.046429
175.307925
186.264823
200.874020
219.135515
248.353909
252.006208
255.658507
259.310806
241.049310
219.135515
204.526319
186.264823
178.960225
178.960225
204.526319
233.744712
244.701610
259.310806
233.744712
197.221720
178.960225
164.351028
164.351028
142.437233
142.437233
160.698729
146.089532
138.784934
142.437233
168.003327
168.003327
160.698729
175.307925
164.351028
149.741831
138.784934
135.132634
131.480335
131.480335
131.480335
127.828036
113.218839
120.523438
146.089532
149.741831
138.784934
131.480335
105.914241
73.043549
40.172856
21.911360
-3.654734
-36.525427
-58.439222
-80.353017
-98.614512
-102.266812
-98.614512
-91.309914
-102.266812
-153.399000
-200.878889
-252.011078
-292.186369
-314.100164
-321.404762
-310.447864
-314.100164
-321.404762
-343.318557
-365.232352
-346.970856
-303.143266
-288.534069
-306.795565
-328.709360
-339.666258
-365.232352
-387.146147
-372.536950
-332.361659
-284.881770
-266.620274
-255.663377
-233.749582
-226.444983
-193.574291
-189.921992
-193.574291
-178.965094
-175.312795
-160.703598
-142.442103
-116.876008
-84.005316
-54.786922
-32.873127
-36.525427
-21.916230
3.649864
25.563659
40.172856
32.868258
29.215959
43.825155
43.825155
36.520557
40.172856
69.391249
102.261942
113.218839
116.871139
135.132634
146.089532
149.741831
138.784934
124.175737
127.828036
116.871139
120.523438
135.132634
157.046429
182.612524
197.221720
204.526319
197.221720
193.569421
197.221720
204.526319
204.526319
186.264823
182.612524
186.264823
178.960225
189.917122
200.874020
200.874020
211.830917
230.092413
230.092413
208.178618
189.917122
178.960225
178.960225
160.698729
153.394130
149.741831
171.655626
171.655626
157.046429
153.394130
160.698729
160.698729
142.437233
138.784934
138.784934
138.784934
142.437233
124.175737
109.566540
98.609643
116.871139
135.132634
124.175737
116.871139
124.175737
120.523438
94.957344
65.738950
54.782053
65.738950
69.391249
58.434352
43.825155
36.520557
18.259061
-32.873127
-65.743820
-80.353017
-91.309914
-105.919111
-124.180607
-131.485205
-138.789803
-153.399000
-182.617393
-208.183488
-233.749582
-262.967975
-284.881770
-303.143266
-314.100164
-314.100164
-314.100164
-321.404762
-321.404762
-321.404762
-332.361659
-317.752463
-317.752463
-325.057061
-325.057061
-325.057061
-325.057061
-321.404762
-317.752463
-295.838668
-270.272574
-248.358778
-219.140385
-211.835787
-186.269693
-164.355898
-178.965094
-186.269693
-157.051299
-138.789803
-131.485205
-116.876008
-102.266812
-84.005316
-54.786922
-32.873127
-14.611632
3.649864
25.563659
29.215959
18.259061
-0.002435
3.649864
29.215959
51.129754
65.738950
84.000446
109.566540
124.175737
124.175737
116.871139
116.871139
124.175737
120.523438
124.175737
135.132634
142.437233
149.741831
149.741831
153.394130
160.698729
178.960225
182.612524
189.917122
200.874020
200.874020
189.917122
175.307925
182.612524
182.612524
186.264823
200.874020
211.830917
222.787815
219.135515
197.221720
197.221720
193.569421
189.917122
189.917122
168.003327
164.351028
160.698729
149.741831
157.046429
149.741831
142.437233
149.741831
153.394130
146.089532
127.828036
127.828036
120.523438
109.566540
105.914241
94.957344
98.609643
105.914241
109.566540
105.914241
105.914241
102.261942
91.305044
84.000446
76.695848
69.391249
76.695848
76.695848
54.782053
54.782053
58.434352
40.172856
21.911360
10.954463
-7.307033
-36.525427
-51.134623
-62.091521
-91.309914
-109.571410
-113.223709
-127.832906
-149.746701
-160.703598
-189.921992
-215.488086
-222.792684
-241.054180
-248.358778
-252.011078
-270.272574
-281.229471
-295.838668
-303.143266
-292.186369
-292.186369
-281.229471
-292.186369
-295.838668
-288.534069
-281.229471
-288.534069
-299.490967
-277.577172
-262.967975
-255.663377
-241.054180
-230.097283
-215.488086
-204.531188
-189.921992
-171.660496
-153.399000
-146.094402
-138.789803
-138.789803
-138.789803
-116.876008
-91.309914
-80.353017
-58.439222
-32.873127
-14.611632
-14.611632
-14.611632
-3.654734
7.302163
7.302163
21.911360
43.825155
47.477454
54.782053
73.043549
76.695848
80.348147
91.305044
91.305044
98.609643
105.914241
116.871139
124.175737
127.828036
127.828036
131.480335
138.784934
138.784934
142.437233
153.394130
149.741831
164.351028
178.960225
182.612524
178.960225
175.307925
178.960225
175.307925
178.960225
175.307925
182.612524
182.612524
182.612524
182.612524
186.264823
193.569421
193.569421
182.612524
186.264823
175.307925
175.307925
160.698729
160.698729
164.351028
168.003327
175.307925
168.003327
157.046429
164.351028
153.394130
135.132634
146.089532
138.784934
135.132634
138.784934
131.480335
116.871139
109.566540
113.218839
113.218839
105.914241
98.609643
94.957344
87.652745
65.738950
62.086651
62.086651
47.477454
47.477454
36.520557
10.954463
3.649864
-3.654734
-21.916230
-32.873127
-47.482324
-76.700717
-94.962213
-105.919111
-116.876008
-131.485205
-135.137504
-149.746701
-164.355898
-178.965094
-197.226590
-215.488086
-222.792684
-230.097283
-237.401881
-233.749582
-252.011078
-273.924873
-277.577172
-281.229471
-277.577172
-273.924873
-262.967975
-262.967975
-266.620274
-262.967975
-277.577172
-281.229471
-266.620274
-248.358778
-237.401881
-233.749582
-215.488086
-197.226590
-193.574291
-189.921992
-171.660496
-149.746701
-138.789803
-146.094402
-138.789803
-116.876008
-113.223709
-109.571410
-91.309914
-58.439222
-36.525427
-25.568529
-29.220828
-14.611632
3.649864
21.911360
18.259061
10.954463
18.259061
29.215959
40.172856
47.477454
62.086651
87.652745
94.957344
105.914241
116.871139
113.218839
120.523438
113.218839
105.914241
109.566540
113.218839
135.132634
142.437233
157.046429
168.003327
175.307925
186.264823
182.612524
171.655626
168.003327
168.003327
171.655626
153.394130
160.698729
168.003327
164.351028
171.655626
178.960225
182.612524
171.655626
175.307925
178.960225
164.351028
146.089532
138.784934
142.437233
142.437233
146.089532
142.437233
142.437233
146.089532
146.089532
149.741831
149.741831
146.089532
146.089532
131.480335
105.914241
98.609643
102.261942
98.609643
102.261942
113.218839
135.132634
120.523438
91.305044
102.261942
91.305044
84.000446
73.043549
51.129754
51.129754
54.782053
43.825155
43.825155
32.868258
25.563659
25.563659
10.954463
7.302163
-7.307033
-29.220828
-43.830025
-65.743820
-84.005316
-109.571410
-131.485205
-131.485205
-120.528308
-135.137504
-142.442103
-153.399000
-171.660496
-182.617393
-197.226590
-204.531188
-211.835787
-233.749582
-252.011078
-273.924873
-266.620274
-259.315676
-262.967975
-244.706479
-248.358778
-248.358778
-241.054180
-241.054180
-252.011078
-252.011078
-252.011078
-226.444983
-233.749582
-248.358778
-222.792684
-204.531188
-193.574291
-189.921992
-171.660496
-146.094402
-135.137504
-120.528308
-120.528308
-113.223709
-102.266812
-109.571410
-109.571410
-98.614512
-84.005316
-65.743820
-40.177726
-18.263931
-21.916230
-18.263931
-3.654734
3.649864
3.649864
10.954463
32.868258
47.477454
51.129754
58.434352
65.738950
69.391249
76.695848
87.652745
91.305044
102.261942
109.566540
113.218839
124.175737
127.828036
120.523438
120.523438
124.175737
138.784934
149.741831
157.046429
153.394130
146.089532
149.741831
164.351028
168.003327
171.655626
171.655626
178.960225
175.307925
171.655626
186.264823
171.655626
164.351028
168.003327
178.960225
171.655626
164.351028
157.046429
157.046429
160.698729
146.089532
138.784934
131.480335
135.132634
135.132634
131.480335
127.828036
113.218839
113.218839
116.871139
113.218839
113.218839
105.914241
102.261942
98.609643
91.305044
80.348147
80.348147
69.391249
73.043549
73.043549
65.738950
65.738950
62.086651
54.782053
54.782053
40.172856
36.520557
32.868258
36.520557
40.172856
36.520557
25.563659
18.259061
18.259061
-0.002435
-25.568529
-32.873127
-43.830025
-62.091521
-69.396119
-87.657615
-102.266812
-98.614512
-109.571410
-127.832906
-149.746701
-157.051299
-178.965094
-208.183488
-215.488086
-219.140385
-244.706479
-248.358778
-248.358778
-244.706479
-244.706479
-244.706479
-252.011078
-252.011078
-252.011078
-241.054180
-237.401881
-255.663377
-266.620274
-233.749582
-226.444983
-219.140385
-197.226590
-193.574291
-168.008197
-149.746701
-149.746701
-124.180607
-124.180607
-124.180607
-120.528308
-116.876008
-113.223709
-109.571410
-94.962213
-87.657615
-73.048418
-47.482324
-32.873127
-40.177726
-21.916230
-10.959332
-18.263931
-29.220828
-18.263931
3.649864
18.259061
40.172856
54.782053
62.086651
76.695848
87.652745
94.957344
109.566540
124.175737
120.523438
120.523438
113.218839
113.218839
127.828036
149.741831
153.394130
135.132634
135.132634
146.089532
116.871139
98.609643
135.132634
138.784934
105.914241
120.523438
149.741831
127.828036
113.218839
142.437233
157.046429
149.741831
146.089532
153.394130
138.784934
124.175737
135.132634
142.437233
127.828036
131.480335
157.046429
149.741831
142.437233
149.741831
157.046429
160.698729
146.089532
138.784934
127.828036
109.566540
-18.263931
-124.180607
43.825155
178.960225
105.914241
51.129754
76.695848
116.871139
124.175737
102.261942
113.218839
178.960225
208.178618
160.698729
135.132634
149.741831
127.828036
98.609643
80.348147
25.563659
10.954463
84.000446
80.348147
47.477454
76.695848
105.914241
87.652745
94.957344
135.132634
58.434352
-98.614512
-215.488086
-295.838668
-361.580053
-416.364540
-478.453626
-493.062823
-460.192130
-485.758225
-540.542712
-500.367421
-416.364540
-398.103045
-379.841549
-328.709360
-332.361659
-325.057061
-230.097283
-200.878889
-233.749582
-120.528308
32.868258
29.215959
18.259061
157.046429
233.744712
168.003327
127.828036
102.261942
14.606762
-51.134623
-73.048418
-160.703598
-226.444983
-197.226590
-197.226590
-266.620274
-295.838668
-248.358778
-248.358778
-325.057061
-346.970856
-306.795565
-292.186369
-281.229471
-259.315676
-262.967975
-233.749582
-131.485205
-7.307033
135.132634
259.310806
314.095294
332.356790
328.704491
321.399892
303.138396
281.224601
248.353909
182.612524
113.218839
94.957344
62.086651
-18.263931
-36.525427
7.302163
-36.525427
-102.266812
-73.048418
-10.959332
-36.525427
-76.700717
-32.873127
84.000446
182.612524
241.049310
310.442995
390.793576
434.621166
456.534962
511.319449
536.885543
474.796457
460.187261
441.925765
292.181499
222.787815
314.095294
339.661388
219.135515
208.178618
270.267704
186.264823
94.957344
102.261942
109.566540
105.914241
69.391249
-10.959332
-10.959332
120.523438
160.698729
153.394130
394.445876
577.060834
434.621166
427.316568
628.193023
602.626928
518.624047
598.974629
493.057953
273.920003
339.661388
401.750474
178.960225
142.437233
383.488978
387.141277
281.224601
354.270585
262.963105
-379.841549
-1588.752574
-2903.580276
-3279.767090
-2647.919334
-2319.212408
-2392.258392
-1665.450857
-496.715122
-76.700717
87.652745
682.977510
1059.164325
1018.989034
1022.641333
672.020613
32.868258
84.000446
445.578064
-7.307033
-602.631798
-266.620274
222.787815
7.302163
-281.229471
-153.399000
-10.959332
-215.488086
-639.154790
-909.424928
-766.985261
-555.151909
-664.720884
-810.812851
-642.807089
-310.447864
18.259061
314.095294
474.796457
628.193023
788.894186
573.408535
146.089532
178.960225
405.402773
211.830917
-62.091521
-65.743820
-73.048418
-54.786922
54.782053
-29.220828
-127.832906
-0.002435
-146.094402
-533.238114
-339.666258
120.523438
40.172856
-138.789803
58.434352
109.566540
-40.177726
73.043549
157.046429
40.172856
153.394130
350.618286
197.221720
113.218839
427.316568
566.103937
303.138396
160.698729
277.572302
314.095294
222.787815
131.480335
102.261942
124.175737
131.480335
73.043549
91.305044
273.920003
445.578064
427.316568
310.442995
339.661388
474.796457
489.405654
379.836679
255.658507
146.089532
91.305044
153.394130
270.267704
332.356790
339.661388
379.836679
405.402773
430.968867
478.448757
434.621166
332.356790
398.098175
398.098175
164.351028
116.871139
343.313687
423.664269
357.922884
336.009089
303.138396
244.701610
255.658507
266.615405
321.399892
573.408535
756.023494
690.282108
675.672912
766.980391
591.670031
-317.752463
-2165.815843
-3911.614847
-3951.790138
-2830.534292
-2479.913572
-2552.959555
-1515.706591
-255.663377
76.695848
540.537842
1449.960336
1694.664380
1453.612635
1278.302275
540.537842
-314.100164
-43.830025
325.052191
-584.370302
-1318.482436
-661.068585
-153.399000
-628.197892
-792.551355
-222.792684
36.520557
-379.841549
-927.686424
-1015.341604
-580.718003
-270.272574
-430.973737
-540.542712
-295.838668
29.215959
317.747593
511.319449
562.451637
792.546485
975.161444
401.750474
-336.013959
-109.571410
416.359671
21.911360
-668.373183
-675.677782
-310.447864
-146.094402
-299.490967
-350.623155
135.132634
529.580945
58.434352
-482.105925
-135.137504
197.221720
-131.485205
-189.921992
135.132634
7.302163
-135.137504
219.135515
233.744712
-29.220828
390.793576
715.848203
168.003327
76.695848
763.328092
781.589588
178.960225
109.566540
255.658507
10.954463
-182.617393
-91.309914
-14.611632
124.175737
237.397011
80.348147
120.523438
555.147039
664.716014
383.488978
401.750474
533.233244
372.532081
241.049310
361.575183
390.793576
306.790696
266.615405
160.698729
98.609643
314.095294
522.276347
343.313687
76.695848
208.178618
522.276347
452.882662
160.698729
237.397011
474.796457
328.704491
58.434352
189.917122
460.187261
511.319449
485.753355
368.879781
193.569421
277.572302
449.230363
346.965986
317.747593
620.888424
803.503383
792.546485
964.204546
1099.339616
697.586707
-500.367421
-2505.479666
-4306.063158
-4368.152243
-3181.155013
-2567.568752
-2319.212408
-1281.959444
-142.442103
346.965986
1011.684436
1994.152913
2286.336846
1869.974741
1285.606873
438.273466
-252.011078
-197.226590
-146.094402
-796.203654
-1311.177837
-1099.344485
-883.858834
-967.861715
-752.376064
-248.358778
-94.962213
-485.758225
-905.772629
-821.769748
-409.059942
-189.921992
-168.008197
-51.134623
91.305044
98.609643
200.874020
551.494740
883.853965
960.552247
653.759117
87.652745
-259.315676
-171.660496
-109.571410
-354.275454
-482.105925
-394.450745
-485.758225
-693.939277
-547.847311
-51.134623
219.135515
58.434352
-65.743820
197.221720
511.319449
452.882662
120.523438
-160.703598
-299.490967
-474.801327
-606.284097
-314.100164
189.917122
306.790696
259.310806
354.270585
467.491859
642.802219
836.374075
661.063715
273.920003
208.178618
164.351028
-252.011078
-434.626036
-109.571410
51.129754
-120.528308
-54.786922
241.049310
420.011970
547.842441
631.845322
529.580945
456.534962
460.187261
336.009089
244.701610
405.402773
591.670031
500.362552
325.052191
248.353909
241.049310
281.224601
270.267704
171.655626
164.351028
186.264823
36.520557
-18.263931
277.572302
514.971748
456.534962
445.578064
456.534962
332.356790
372.532081
529.580945
427.316568
288.529200
303.138396
142.437233
32.868258
343.313687
558.799338
452.882662
533.233244
756.023494
799.851084
876.549366
1070.121222
712.195903
-639.154790
-2615.048641
-4258.583268
-4386.413739
-3159.241218
-2282.689417
-2121.988253
-1395.180718
-54.786922
777.937289
1260.040779
2008.762109
2392.253522
1990.500613
1230.822386
277.572302
-482.105925
-438.278335
-255.663377
-967.861715
-1793.281328
-1555.881882
-931.338723
-894.815732
-840.031244
-255.663377
153.394130
-157.051299
-639.154790
-591.674901
-80.353017
200.874020
51.129754
-98.614512
-29.220828
149.741831
368.879781
558.799338
642.802219
661.063715
482.101056
18.259061
-299.490967
-237.401881
-182.617393
-412.712241
-642.807089
-639.154790
-540.542712
-518.628917
-449.235233
-65.743820
525.928646
613.583826
87.652745
47.477454
617.236125
577.060834
-25.568529
-157.051299
-94.962213
-544.195011
-799.855953
-350.623155
10.954463
116.871139
430.968867
547.842441
328.704491
522.276347
924.029255
653.759117
211.830917
259.310806
200.874020
-255.663377
-420.016840
-182.617393
-14.611632
43.825155
94.957344
131.480335
321.399892
602.626928
595.322330
441.925765
456.534962
398.098175
197.221720
255.658507
518.624047
617.236125
577.060834
471.144158
230.092413
18.259061
58.434352
168.003327
157.046429
138.784934
160.698729
62.086651
-62.091521
160.698729
555.147039
540.537842
325.052191
376.184380
467.491859
376.184380
346.965986
423.664269
350.618286
237.397011
288.529200
262.963105
219.135515
416.359671
591.670031
514.971748
507.667150
704.891305
792.546485
788.894186
737.761998
116.871139
-1482.835898
-3542.732631
-4634.770083
-3860.482659
-2436.085982
-1964.939389
-1811.542824
-737.766867
555.147039
1168.733300
1785.971860
2531.040891
2436.081112
1552.224713
602.626928
-237.401881
-679.330081
-591.674901
-719.505372
-1446.312907
-1902.850303
-1585.100275
-1099.344485
-766.985261
-383.493848
21.911360
175.307925
-146.094402
-558.804208
-394.450745
204.526319
372.532081
87.652745
-7.307033
65.738950
124.175737
383.488978
708.543604
697.586707
420.011970
116.871139
-211.835787
-434.626036
-390.798446
-332.361659
-522.281216
-712.200773
-584.370302
-314.100164
-219.140385
-186.269693
189.917122
617.236125
478.448757
226.440114
430.968867
602.626928
394.445876
131.480335
-197.226590
-672.025482
-821.769748
-547.847311
-336.013959
-178.965094
113.218839
321.399892
376.184380
500.362552
690.282108
836.374075
880.201665
606.279228
146.089532
-76.700717
-109.571410
-281.229471
-390.798446
-252.011078
-127.832906
-58.439222
171.655626
423.664269
566.103937
690.282108
712.195903
500.362552
306.790696
339.661388
416.359671
405.402773
423.664269
456.534962
350.618286
142.437233
-10.959332
-3.654734
87.652745
138.784934
98.609643
69.391249
157.046429
295.833798
361.575183
456.534962
591.670031
573.408535
452.882662
423.664269
460.187261
365.227482
237.397011
233.744712
215.483216
168.003327
273.920003
409.055072
346.965986
346.965986
555.147039
591.670031
489.405654
675.672912
1018.989034
902.115460
-94.962213
-2034.333073
-4097.882105
-4576.333296
-3217.678005
-2052.594569
-2012.419278
-1639.884763
-383.493848
609.931527
1333.086763
2381.296625
2881.661611
2242.509256
1256.388480
306.790696
-617.240995
-858.292740
-606.284097
-1077.430690
-2019.723876
-2045.289971
-1406.137616
-1077.430690
-756.028363
-69.396119
343.313687
164.351028
-164.355898
-248.358778
-29.220828
266.615405
346.965986
142.437233
-109.571410
-157.051299
138.784934
525.928646
569.756236
409.055072
295.833798
-3.654734
-489.410524
-580.718003
-273.924873
-314.100164
-657.416286
-672.025482
-416.364540
-124.180607
208.178618
336.009089
204.526319
252.006208
372.532081
109.566540
-7.307033
463.839560
525.928646
-204.531188
-547.847311
-387.146147
-606.284097
-668.373183
-62.091521
237.397011
43.825155
306.790696
668.368313
518.624047
642.802219
1066.468923
708.543604
-54.786922
-142.442103
-47.482324
-244.706479
-189.921992
-0.002435
-98.614512
-87.657615
135.132634
175.307925
336.009089
712.195903
734.109699
467.491859
441.925765
485.753355
383.488978
449.230363
580.713133
452.882662
295.833798
230.092413
3.649864
-193.574291
3.649864
222.787815
47.477454
-138.789803
51.129754
230.092413
189.917122
430.968867
869.244768
832.721776
485.753355
434.621166
427.316568
175.307925
193.569421
405.402773
149.741831
-146.094402
146.089532
405.402773
281.224601
445.578064
774.284989
646.454518
529.580945
814.460280
945.943050
898.463161
872.897067
-76.700717
-2516.436564
-4594.594792
-4360.847645
-2874.361882
-2275.384818
-2249.818724
-1292.916341
178.960225
913.072358
1460.917234
2531.040891
3049.667373
2224.247760
997.075239
32.868258
-774.289859
-1070.126092
-975.166314
-1417.094513
-2140.249749
-2016.071577
-1311.177837
-942.295621
-569.761106
230.092413
759.675793
449.230363
-87.657615
-127.832906
160.698729
259.310806
120.523438
10.954463
-149.746701
-277.577172
36.520557
518.624047
511.319449
317.747593
281.224601
-135.137504
-745.071466
-577.065704
-51.134623
-277.577172
-715.853072
-460.192130
-54.786922
32.868258
303.138396
646.454518
460.187261
91.305044
32.868258
-51.134623
-215.488086
-98.614512
62.086651
-109.571410
-317.752463
-299.490967
-336.013959
-409.059942
-204.531188
43.825155
146.089532
321.399892
409.055072
325.052191
555.147039
847.330973
562.451637
146.089532
91.305044
-58.439222
-325.057061
-200.878889
-29.220828
-182.617393
-168.008197
91.305044
178.960225
321.399892
701.239006
741.414297
489.405654
540.537842
650.106818
449.230363
376.184380
511.319449
441.925765
284.876900
230.092413
47.477454
-164.355898
-113.223709
-0.002435
29.215959
186.264823
409.055072
427.316568
306.790696
361.575183
595.322330
770.632690
708.543604
409.055072
135.132634
62.086651
76.695848
124.175737
186.264823
186.264823
230.092413
430.968867
511.319449
401.750474
514.971748
792.546485
777.937289
657.411416
759.675793
759.675793
635.497621
536.885543
-657.416286
-3356.465373
-5000.000000
-3860.482659
-2322.864708
-2304.603212
-1972.243987
-350.623155
708.543604
945.943050
1902.845433
3060.624270
2885.313910
1731.187372
595.322330
-449.235233
-1190.651965
-1260.045649
-1227.174956
-1731.192242
-2173.120442
-1745.801439
-931.338723
-609.936396
-357.927754
427.316568
843.678674
186.264823
-383.493848
-3.654734
390.793576
200.874020
65.738950
91.305044
-98.614512
-131.485205
237.397011
441.925765
262.963105
138.784934
-3.654734
-456.539831
-726.809970
-427.321438
-160.703598
-467.496729
-682.982380
-273.924873
200.874020
368.879781
598.974629
920.376956
770.632690
171.655626
-219.140385
-299.490967
-493.062823
-752.376064
-657.416286
-379.841549
-328.709360
-197.226590
383.488978
734.109699
328.704491
14.606762
255.658507
222.787815
-124.180607
18.259061
306.790696
94.957344
3.649864
368.879781
456.534962
259.310806
317.747593
273.920003
-120.528308
-273.924873
-98.614512
-116.876008
-182.617393
21.911360
237.397011
394.445876
624.540723
723.152801
690.282108
745.066596
661.063715
365.227482
226.440114
197.221720
14.606762
-113.223709
-102.266812
-277.577172
-310.447864
175.307925
482.101056
336.009089
496.710252
766.980391
357.922884
113.218839
708.543604
796.198784
87.652745
18.259061
357.922884
84.000446
-7.307033
463.839560
398.098175
43.825155
295.833798
456.534962
178.960225
354.270585
756.023494
606.279228
325.052191
357.922884
533.233244
774.284989
843.678674
460.187261
-558.804208
-2505.479666
-4368.152243
-3962.747035
-2081.812962
-1669.103156
-1935.720996
-701.243876
511.319449
672.020613
1636.227594
3027.753578
2644.262165
1362.305156
682.977510
-299.490967
-1365.962325
-1179.695067
-894.815732
-1712.930746
-2202.338835
-1614.318668
-1033.603100
-635.502491
87.652745
668.368313
624.540723
197.221720
-98.614512
47.477454
314.095294
295.833798
135.132634
-62.091521
-368.884651
-262.967975
361.575183
500.362552
69.391249
29.215959
40.172856
-573.413405
-821.769748
-281.229471
-149.746701
-507.672020
-321.404762
124.175737
157.046429
361.575183
796.198784
588.017732
-7.307033
-153.399000
-248.358778
-639.154790
-617.240995
-87.657615
36.520557
-230.097283
-135.137504
182.612524
270.267704
325.052191
310.442995
-69.396119
-328.709360
-102.266812
29.215959
3.649864
292.181499
573.408535
463.839560
409.055072
580.713133
474.796457
105.914241
-109.571410
-284.881770
-471.149028
-387.146147
-149.746701
-3.654734
226.440114
591.670031
719.500502
613.583826
628.193023
756.023494
672.020613
449.230363
273.920003
102.261942
14.606762
113.218839
146.089532
-69.396119
-189.921992
-40.177726
157.046429
339.661388
500.362552
354.270585
135.132634
303.138396
445.578064
230.092413
281.224601
595.322330
434.621166
157.046429
332.356790
354.270585
131.480335
321.399892
471.144158
80.348147
-14.611632
321.399892
204.526319
43.825155
471.144158
745.066596
602.626928
781.589588
993.422940
745.066596
430.968867
-617.240995
-2965.669362
-4375.456842
-3323.594680
-2052.594569
-2063.551466
-1665.450857
-346.970856
456.534962
986.118341
2008.762109
2567.563882
2089.112691
1344.043660
478.448757
-595.327200
-1124.910580
-945.947920
-1048.212297
-1712.930746
-1990.505483
-1428.051411
-701.243876
-361.580053
-84.005316
434.621166
609.931527
124.175737
-175.312795
120.523438
321.399892
197.221720
109.566540
-113.223709
-387.146147
-80.353017
343.313687
109.566540
-160.703598
58.434352
-51.134623
-606.284097
-602.631798
-131.485205
-102.266812
-284.881770
-127.832906
54.782053
135.132634
438.273466
598.974629
215.483216
-138.789803
-105.919111
-233.749582
-456.539831
-171.660496
124.175737
-164.355898
-314.100164
51.129754
226.440114
200.874020
357.922884
222.787815
-292.186369
-398.103045
-94.962213
-0.002435
40.172856
303.138396
430.968867
332.356790
354.270585
474.796457
423.664269
204.526319
-51.134623
-255.663377
-281.229471
-193.574291
-91.309914
87.652745
314.095294
416.359671
489.405654
566.103937
525.928646
489.405654
482.101056
354.270585
182.612524
178.960225
262.963105
306.790696
325.052191
168.003327
-120.528308
-142.442103
102.261942
215.483216
193.569421
281.224601
368.879781
252.006208
149.741831
306.790696
555.147039
668.368313
609.931527
390.793576
98.609643
58.434352
244.701610
266.615405
178.960225
273.920003
303.138396
94.957344
193.569421
566.103937
613.583826
544.190142
737.761998
737.761998
438.273466
339.661388
350.618286
-178.965094
-1625.275566
-3327.246980
-3820.307368
-2826.881993
-1869.979610
-1541.272685
-719.505372
394.445876
723.152801
1110.296513
2180.420170
2443.385711
1526.658619
770.632690
51.129754
-1139.519776
-1596.057173
-1084.735289
-1172.390469
-1848.065815
-1734.844541
-1011.689305
-598.979499
-295.838668
244.701610
650.106818
533.233244
146.089532
-0.002435
171.655626
226.440114
58.434352
-18.263931
-80.353017
-284.881770
-244.706479
84.000446
127.828036
-3.654734
62.086651
-109.571410
-551.499610
-518.628917
-124.180607
-32.873127
-87.657615
10.954463
54.782053
204.526319
423.664269
204.526319
-54.786922
120.523438
-3.654734
-463.844430
-241.054180
219.135515
-146.094402
-398.103045
105.914241
94.957344
-376.189249
-91.309914
244.701610
-226.444983
-292.186369
365.227482
357.922884
43.825155
496.710252
825.417178
398.098175
237.397011
434.621166
138.784934
-288.534069
-222.792684
-160.703598
-255.663377
-116.876008
36.520557
58.434352
241.049310
496.710252
558.799338
588.017732
672.020613
598.974629
471.144158
456.534962
423.664269
299.486097
277.572302
270.267704
124.175737
21.911360
-65.743820
-208.183488
-113.223709
244.701610
376.184380
193.569421
281.224601
617.236125
533.233244
310.442995
588.017732
741.414297
288.529200
-3.654734
142.437233
7.302163
-175.312795
135.132634
288.529200
91.305044
281.224601
693.934408
639.149920
471.144158
584.365432
602.626928
500.362552
496.710252
427.316568
328.704491
281.224601
-631.850191
-2790.359002
-4211.103379
-3422.206758
-2012.419278
-1632.580164
-1373.266923
-266.620274
712.195903
1113.948812
1815.190253
2567.563882
2246.161555
1186.994796
259.310806
-602.631798
-1336.743931
-1351.353128
-1081.082989
-1460.922103
-1972.243987
-1541.272685
-686.634679
-398.103045
-215.488086
445.578064
752.371194
160.698729
-266.620274
94.957344
416.359671
273.920003
175.307925
127.828036
-160.703598
-197.226590
186.264823
262.963105
-58.439222
-226.444983
-317.752463
-613.588696
-723.157671
-346.970856
-43.830025
-116.876008
-116.876008
109.566540
325.052191
445.578064
401.750474
168.003327
-32.873127
-164.355898
-292.186369
-211.835787
-3.654734
-25.568529
-135.137504
-76.700717
14.606762
54.782053
149.741831
3.649864
-427.321438
-420.016840
29.215959
171.655626
153.394130
449.230363
584.365432
445.578064
496.710252
529.580945
226.440114
-25.568529
-131.485205
-368.884651
-412.712241
-65.743820
182.612524
178.960225
211.830917
299.486097
361.575183
489.405654
573.408535
482.101056
401.750474
390.793576
306.790696
306.790696
449.230363
471.144158
332.356790
182.612524
-62.091521
-273.924873
-138.789803
120.523438
124.175737
171.655626
416.359671
467.491859
339.661388
463.839560
712.195903
657.411416
471.144158
376.184380
204.526319
-25.568529
-7.307033
157.046429
120.523438
18.259061
168.003327
405.402773
463.839560
456.534962
540.537842
562.451637
482.101056
452.882662
511.319449
536.885543
383.488978
-91.309914
-1325.787034
-3217.678005
-4163.623490
-3053.324542
-1537.620386
-1223.522657
-978.818613
164.351028
1048.207427
1303.868369
1891.888536
2344.773633
1636.227594
471.144158
-295.838668
-891.163433
-1230.827256
-1029.950801
-934.991023
-1373.266923
-1643.537062
-1194.304264
-555.151909
-303.143266
-178.965094
160.698729
336.009089
-3.654734
-215.488086
237.397011
650.106818
485.753355
273.920003
215.483216
10.954463
-120.528308
51.129754
32.868258
-288.534069
-412.712241
-518.628917
-832.726646
-693.939277
87.652745
394.445876
-47.482324
-149.746701
310.442995
536.885543
390.793576
233.744712
58.434352
-171.660496
-336.013959
-412.712241
-237.401881
149.741831
204.526319
-105.919111
-178.965094
-10.959332
131.480335
226.440114
29.215959
-416.364540
-463.844430
-76.700717
113.218839
197.221720
500.362552
661.063715
525.928646
361.575183
259.310806
219.135515
153.394130
-142.442103
-383.493848
-200.878889
47.477454
14.606762
62.086651
299.486097
343.313687
284.876900
387.141277
489.405654
500.362552
584.365432
620.888424
456.534962
372.532081
452.882662
379.836679
168.003327
-43.830025
-303.143266
-467.496729
-270.272574
62.086651
186.264823
339.661388
584.365432
635.497621
639.149920
763.328092
675.672912
401.750474
383.488978
317.747593
-69.396119
-178.965094
84.000446
109.566540
69.391249
317.747593
401.750474
193.569421
262.963105
504.014851
511.319449
511.319449
620.888424
551.494740
467.491859
573.408535
292.181499
-1000.732408
-3009.496952
-4174.580387
-3276.114791
-1636.232463
-1132.215178
-978.818613
84.000446
989.770640
1121.253411
1614.313799
2118.331084
1417.089643
303.138396
-281.229471
-883.858834
-1300.220940
-840.031244
-504.019720
-1073.778391
-1409.789915
-887.511133
-394.450745
-306.795565
-186.269693
7.302163
32.868258
-164.355898
-336.013959
-43.830025
460.187261
631.845322
551.494740
354.270585
40.172856
-47.482324
109.566540
-73.048418
-471.149028
-482.105925
-398.103045
-598.979499
-500.367421
58.434352
186.264823
-113.223709
-51.134623
186.264823
208.178618
241.049310
211.830917
-142.442103
-317.752463
-131.485205
-197.226590
-252.011078
182.612524
372.532081
7.302163
-98.614512
69.391249
-80.353017
-91.309914
273.920003
197.221720
-259.315676
-314.100164
-204.531188
-149.746701
193.569421
438.273466
211.830917
138.784934
365.227482
387.141277
295.833798
321.399892
171.655626
-40.177726
-36.525427
-29.220828
21.911360
281.224601
357.922884
124.175737
73.043549
219.135515
233.744712
270.267704
445.578064
540.537842
536.885543
558.799338
518.624047
416.359671
372.532081
120.523438
-321.404762
-416.364540
-127.832906
127.828036
255.658507
445.578064
544.190142
467.491859
412.707371
485.753355
566.103937
500.362552
361.575183
215.483216
76.695848
7.302163
200.874020
562.451637
631.845322
441.925765
314.095294
215.483216
175.307925
350.618286
507.667150
398.098175
273.920003
332.356790
412.707371
76.695848
-1325.787034
-3414.902160
-4141.709695
-2731.922215
-1358.657726
-1165.085870
-547.847311
872.897067
1439.003439
1219.865488
1512.049422
1727.535073
924.029255
-76.700717
-613.588696
-1011.689305
-1066.473793
-595.327200
-463.844430
-956.904818
-1113.953682
-664.720884
-387.146147
-566.108806
-628.197892
-295.838668
-73.048418
-292.186369
-336.013959
292.181499
861.940169
788.894186
595.322330
474.796457
73.043549
-273.924873
-208.183488
-255.663377
-580.718003
-591.674901
-387.146147
-427.321438
-317.752463
138.784934
299.486097
-21.916230
-197.226590
80.348147
383.488978
211.830917
-252.011078
-339.666258
21.911360
138.784934
10.954463
208.178618
405.402773
127.828036
-120.528308
-124.180607
-310.447864
-376.189249
-25.568529
32.868258
-200.878889
94.957344
540.537842
270.267704
-65.743820
131.480335
69.391249
-244.706479
36.520557
365.227482
182.612524
339.661388
693.934408
350.618286
36.520557
314.095294
171.655626
-346.970856
-230.097283
65.738950
-43.830025
109.566540
536.885543
500.362552
394.445876
558.799338
438.273466
288.529200
547.842441
584.365432
270.267704
255.658507
252.006208
-171.660496
-314.100164
109.566540
346.965986
295.833798
372.532081
441.925765
401.750474
493.057953
518.624047
255.658507
105.914241
222.787815
343.313687
420.011970
420.011970
266.615405
189.917122
281.224601
262.963105
200.874020
423.664269
693.934408
478.448757
193.569421
321.399892
325.052191
-3.654734
-219.140385
-1011.689305
-3038.715345
-4302.410858
-2940.103268
-975.166314
-606.284097
-420.016840
697.586707
1318.477566
1070.121222
1139.514906
1369.609754
876.549366
-7.307033
-620.893294
-913.077228
-799.855953
-339.666258
-135.137504
-471.149028
-913.077228
-964.209416
-756.028363
-810.812851
-909.424928
-493.062823
-51.134623
-273.924873
-376.189249
390.793576
1066.468923
949.595350
679.325211
449.230363
-91.309914
-463.844430
-314.100164
-197.226590
-317.752463
-317.752463
-241.054180
-303.143266
-226.444983
69.391249
98.609643
-244.706479
-449.235233
-259.315676
3.649864
-3.654734
-127.832906
18.259061
361.575183
518.624047
427.316568
357.922884
215.483216
-193.574291
-485.758225
-449.235233
-405.407643
-273.924873
204.526319
467.491859
175.307925
54.782053
314.095294
270.267704
-18.263931
-98.614512
-266.620274
-478.453626
-120.528308
336.009089
350.618286
558.799338
843.678674
449.230363
18.259061
131.480335
47.477454
-273.924873
-160.703598
-0.002435
-73.048418
262.963105
650.106818
416.359671
266.615405
423.664269
168.003327
-146.094402
160.698729
482.101056
493.057953
701.239006
781.589588
387.141277
124.175737
65.738950
-142.442103
-84.005316
306.790696
379.836679
197.221720
255.658507
383.488978
354.270585
361.575183
438.273466
504.014851
514.971748
387.141277
248.353909
325.052191
394.445876
233.744712
21.911360
-3.654734
222.787815
562.451637
628.193023
438.273466
412.707371
372.532081
25.563659
-569.761106
-1840.761217
-3619.430913
-3988.313130
-2260.775622
-617.240995
-182.617393
452.882662
1413.437344
1252.736181
525.928646
445.578064
398.098175
-113.223709
-336.013959
-233.749582
-317.752463
-146.094402
343.313687
160.698729
-672.025482
-1073.778391
-942.295621
-1022.646203
-1300.220940
-1139.519776
-452.887532
62.086651
76.695848
200.874020
756.023494
1008.032136
555.147039
94.957344
-73.048418
-292.186369
-325.057061
65.738950
252.006208
58.434352
69.391249
105.914241
-321.404762
-544.195011
-200.878889
-215.488086
-723.157671
-686.634679
-204.531188
-171.660496
-109.571410
617.236125
1015.336735
558.799338
215.483216
164.351028
-197.226590
-482.105925
-233.749582
-113.223709
-211.835787
102.261942
423.664269
164.351028
-32.873127
208.178618
186.264823
-175.312795
-266.620274
-262.967975
-314.100164
-58.439222
295.833798
398.098175
577.060834
679.325211
310.442995
43.825155
131.480335
-135.137504
-496.715122
-186.269693
266.615405
321.399892
445.578064
555.147039
230.092413
-14.611632
124.175737
98.609643
-21.916230
241.049310
500.362552
478.448757
558.799338
756.023494
756.023494
591.670031
306.790696
-102.266812
-292.186369
-73.048418
226.440114
387.141277
460.187261
401.750474
208.178618
84.000446
124.175737
328.704491
628.193023
821.764879
646.454518
244.701610
58.434352
197.221720
273.920003
84.000446
3.649864
219.135515
372.532081
288.529200
310.442995
434.621166
346.965986
171.655626
47.477454
-719.505372
-2505.479666
-3787.436675
-3071.586038
-1428.051411
-456.539831
219.135515
1004.379837
1092.035017
485.753355
105.914241
-113.223709
-390.798446
-157.051299
332.356790
248.353909
94.957344
328.704491
127.828036
-631.850191
-1015.341604
-945.947920
-909.424928
-967.861715
-1008.037006
-774.289859
-73.048418
401.750474
255.658507
208.178618
387.141277
80.348147
-412.712241
-314.100164
10.954463
189.917122
482.101056
606.279228
277.572302
29.215959
-29.220828
-339.666258
-529.585815
-255.663377
-164.355898
-445.582934
-500.367421
-299.490967
-233.749582
-153.399000
164.351028
489.405654
493.057953
211.830917
-47.482324
-127.832906
-138.789803
-73.048418
73.043549
193.569421
138.784934
43.825155
25.563659
73.043549
215.483216
255.658507
29.215959
-222.792684
-325.057061
-325.057061
-204.531188
105.914241
471.144158
697.586707
664.716014
321.399892
-21.916230
-69.396119
-124.180607
-273.924873
-40.177726
471.144158
628.193023
452.882662
299.486097
120.523438
-18.263931
102.261942
219.135515
160.698729
241.049310
438.273466
412.707371
409.055072
679.325211
774.284989
438.273466
7.302163
-186.269693
-58.439222
372.532081
763.328092
606.279228
197.221720
40.172856
-62.091521
-222.792684
91.305044
756.023494
785.241887
339.661388
394.445876
624.540723
281.224601
-10.959332
178.960225
281.224601
339.661388
493.057953
215.483216
-160.703598
91.305044
423.664269
259.310806
244.701610
303.138396
-956.904818
-3224.982603
-4075.968310
-2589.482547
-646.459388
113.218839
262.963105
602.626928
617.236125
-69.396119
-639.154790
-529.585815
-51.134623
529.580945
840.026374
482.101056
51.129754
197.221720
124.175737
-712.200773
-1186.999665
-752.376064
-558.804208
-997.080109
-978.818613
-182.617393
420.011970
284.876900
-116.876008
-350.623155
-485.758225
-584.370302
-445.582934
-51.134623
365.227482
668.368313
726.805100
372.532081
-36.525427
-18.263931
116.871139
-105.919111
-372.536950
-233.749582
-80.353017
-354.275454
-639.154790
-460.192130
10.954463
277.572302
138.784934
-51.134623
-25.568529
73.043549
29.215959
-62.091521
-10.959332
109.566540
113.218839
-10.959332
-87.657615
76.695848
350.618286
317.747593
36.520557
-87.657615
-7.307033
3.649864
-160.703598
-131.485205
273.920003
551.494740
412.707371
252.006208
299.486097
230.092413
-14.611632
-94.962213
54.782053
219.135515
321.399892
270.267704
65.738950
3.649864
175.307925
200.874020
58.434352
146.089532
456.534962
661.063715
672.020613
675.672912
708.543604
635.497621
354.270585
7.302163
-127.832906
54.782053
314.095294
460.187261
555.147039
551.494740
314.095294
-43.830025
-237.401881
-200.878889
87.652745
580.713133
799.851084
471.144158
149.741831
259.310806
262.963105
29.215959
157.046429
478.448757
409.055072
237.397011
284.876900
266.615405
248.353909
379.836679
164.351028
-460.192130
-989.775510
-1767.715234
-2804.968198
-2636.962436
-967.861715
204.526319
-54.786922
-507.672020
-500.367421
-496.715122
-558.804208
-482.105925
-215.488086
401.750474
1062.816624
960.552247
306.790696
25.563659
32.868258
-328.709360
-807.160552
-814.465150
-507.672020
-405.407643
-507.672020
-336.013959
186.264823
368.879781
-178.965094
-785.246757
-818.117449
-522.281216
-219.140385
58.434352
219.135515
237.397011
241.049310
138.784934
-94.962213
-120.528308
80.348147
80.348147
-80.353017
-18.263931
138.784934
43.825155
-124.180607
-182.617393
-248.358778
-146.094402
84.000446
91.305044
29.215959
168.003327
149.741831
-175.312795
-241.054180
-29.220828
-7.307033
-7.307033
168.003327
113.218839
-178.965094
-168.008197
58.434352
138.784934
317.747593
584.365432
438.273466
65.738950
18.259061
116.871139
47.477454
76.695848
259.310806
270.267704
153.394130
105.914241
105.914241
164.351028
299.486097
281.224601
69.391249
-94.962213
-116.876008
10.954463
252.006208
467.491859
547.842441
573.408535
555.147039
478.448757
471.144158
522.276347
423.664269
303.138396
346.965986
398.098175
376.184380
336.009089
230.092413
116.871139
200.874020
343.313687
230.092413
109.566540
259.310806
401.750474
387.141277
357.922884
237.397011
14.606762
58.434352
306.790696
325.052191
164.351028
142.437233
178.960225
127.828036
116.871139
189.917122
14.606762
-832.726646
-2191.381937
-2750.183711
-1643.537062
-171.660496
153.394130
-226.444983
-398.103045
-573.413405
-934.991023
-1008.037006
-774.289859
-270.272574
580.713133
1066.468923
588.017732
43.825155
102.261942
-84.005316
-602.631798
-471.149028
40.172856
-32.873127
-357.927754
-193.574291
164.351028
149.741831
-321.404762
-847.335843
-920.381826
-511.324319
-157.051299
-94.962213
-3.654734
105.914241
-29.220828
-241.054180
-317.752463
-259.315676
-73.048418
94.957344
102.261942
124.175737
277.572302
255.658507
-65.743820
-175.312795
65.738950
226.440114
76.695848
-226.444983
-255.663377
175.307925
496.710252
204.526319
-182.617393
-149.746701
-160.703598
-354.275454
-146.094402
266.615405
332.356790
204.526319
36.520557
-306.795565
-405.407643
58.434352
328.704491
230.092413
482.101056
785.241887
365.227482
-149.746701
-3.654734
241.049310
171.655626
204.526319
368.879781
420.011970
409.055072
244.701610
-36.525427
-120.528308
3.649864
76.695848
208.178618
544.190142
734.109699
595.322330
372.532081
138.784934
-14.611632
36.520557
168.003327
346.965986
657.411416
847.330973
573.408535
200.874020
157.046429
208.178618
248.353909
405.402773
441.925765
357.922884
427.316568
405.402773
69.391249
-10.959332
328.704491
314.095294
32.868258
233.744712
420.011970
73.043549
-94.962213
3.649864
-281.229471
-672.025482
-1029.950801
-1913.807200
-2337.473904
-945.947920
566.103937
116.871139
-843.683543
-723.157671
-631.850191
-1179.695067
-1128.562879
-325.057061
339.661388
737.761998
745.066596
164.351028
-226.444983
-3.654734
-135.137504
-686.634679
-445.582934
401.750474
456.534962
-204.531188
-354.275454
10.954463
-76.700717
-646.459388
-745.071466
-138.789803
241.049310
-21.916230
-306.795565
-241.054180
-208.183488
-354.275454
-416.364540
-354.275454
-175.312795
138.784934
146.089532
-153.399000
-43.830025
314.095294
146.089532
-182.617393
69.391249
383.488978
127.828036
-80.353017
226.440114
387.141277
18.259061
-346.970856
-336.013959
-58.439222
248.353909
317.747593
153.394130
73.043549
109.566540
-94.962213
-423.669139
-361.580053
3.649864
200.874020
211.830917
262.963105
343.313687
259.310806
7.302163
-149.746701
58.434352
449.230363
511.319449
292.181499
262.963105
387.141277
303.138396
109.566540
146.089532
314.095294
339.661388
233.744712
175.307925
241.049310
350.618286
368.879781
299.486097
281.224601
314.095294
211.830917
80.348147
211.830917
544.190142
679.325211
438.273466
87.652745
14.606762
175.307925
328.704491
511.319449
723.152801
704.891305
409.055072
120.523438
47.477454
149.741831
292.181499
346.965986
314.095294
277.572302
131.480335
-142.442103
-314.100164
-266.620274
-248.358778
-540.542712
-1300.220940
-2048.942270
-1691.016951
-284.881770
409.055072
-379.841549
-1307.525538
-1365.962325
-1081.082989
-810.812851
-383.493848
43.825155
336.009089
416.359671
47.477454
-376.189249
-91.309914
398.098175
51.129754
-493.062823
-91.309914
514.971748
266.615405
-182.617393
-40.177726
135.132634
-186.269693
-493.062823
-310.447864
73.043549
175.307925
-189.921992
-668.373183
-661.068585
-226.444983
-76.700717
-321.404762
-273.924873
109.566540
98.609643
-303.143266
-346.970856
25.563659
124.175737
-109.571410
-47.482324
288.529200
255.658507
-62.091521
105.914241
609.931527
540.537842
-40.177726
-314.100164
-25.568529
401.750474
445.578064
29.215959
-299.490967
-127.832906
58.434352
-175.312795
-266.620274
142.437233
354.270585
25.563659
-168.008197
51.129754
208.178618
51.129754
-116.876008
14.606762
365.227482
504.014851
303.138396
241.049310
449.230363
430.968867
142.437233
91.305044
321.399892
474.796457
430.968867
332.356790
270.267704
328.704491
441.925765
460.187261
438.273466
383.488978
146.089532
-84.005316
29.215959
357.922884
496.710252
365.227482
171.655626
91.305044
204.526319
361.575183
394.445876
489.405654
686.629809
544.190142
80.348147
-47.482324
255.658507
445.578064
409.055072
328.704491
131.480335
-43.830025
25.563659
40.172856
-182.617393
-357.927754
-704.896175
-1610.666369
-2037.985372
-938.643322
339.661388
62.086651
-1081.082989
-1541.272685
-1260.045649
-931.338723
-672.025482
-412.712241
-43.830025
376.184380
292.181499
-295.838668
-489.410524
-76.700717
-40.177726
-500.367421
-343.318557
493.057953
810.807981
273.920003
-193.574291
-171.660496
-113.223709
-215.488086
-120.528308
241.049310
398.098175
40.172856
-507.672020
-715.853072
-482.105925
-219.140385
-168.008197
-142.442103
10.954463
47.477454
-241.054180
-511.324319
-423.669139
-204.531188
-124.180607
-80.353017
47.477454
222.787815
438.273466
533.233244
266.615405
-146.094402
-197.226590
62.086651
314.095294
500.362552
485.753355
146.089532
-113.223709
-36.525427
-25.568529
-91.309914
160.698729
336.009089
7.302163
-226.444983
-21.916230
14.606762
-211.835787
-168.008197
87.652745
189.917122
266.615405
416.359671
346.965986
113.218839
-0.002435
14.606762
124.175737
365.227482
577.060834
551.494740
416.359671
387.141277
339.661388
288.529200
398.098175
595.322330
664.716014
482.101056
127.828036
-102.266812
102.261942
529.580945
613.583826
284.876900
-98.614512
-193.574291
105.914241
533.233244
635.497621
343.313687
160.698729
284.876900
361.575183
281.224601
255.658507
292.181499
237.397011
131.480335
91.305044
135.132634
222.787815
186.264823
-40.177726
-379.841549
-880.206535
-1519.358890
-1541.272685
-496.715122
398.098175
-146.094402
-1300.220940
-1508.401992
-964.209416
-650.111687
-628.197892
-540.542712
-259.315676
73.043549
62.086651
-383.493848
-500.367421
-65.743820
-120.528308
-639.154790
-273.924873
752.371194
836.374075
62.086651
-241.054180
-102.266812
-149.746701
-105.919111
208.178618
372.532081
208.178618
-138.789803
-482.105925
-504.019720
-149.746701
7.302163
-244.706479
-303.143266
-51.134623
-43.830025
-361.580053
-525.933515
-416.364540
-321.404762
-332.361659
-168.008197
288.529200
529.580945
164.351028
-317.752463
-233.749582
186.264823
376.184380
350.618286
339.661388
336.009089
284.876900
219.135515
109.566540
94.957344
255.658507
270.267704
29.215959
-25.568529
175.307925
98.609643
-219.140385
-241.054180
10.954463
127.828036
164.351028
222.787815
149.741831
-0.002435
-80.353017
-58.439222
142.437233
405.402773
398.098175
171.655626
142.437233
365.227482
460.187261
390.793576
401.750474
489.405654
584.365432
642.802219
533.233244
262.963105
69.391249
135.132634
423.664269
661.063715
518.624047
65.738950
-197.226590
-10.959332
314.095294
460.187261
441.925765
357.922884
277.572302
189.917122
98.609643
51.129754
87.652745
65.738950
21.911360
186.264823
430.968867
328.704491
-76.700717
-328.709360
-511.324319
-938.643322
-1296.568641
-942.295621
-18.263931
303.138396
-438.278335
-1340.396231
-1446.312907
-945.947920
-507.672020
-336.013959
-325.057061
-255.663377
-186.269693
-357.927754
-504.019720
-288.534069
-124.180607
-405.407643
-474.801327
124.175737
555.147039
281.224601
-127.832906
-230.097283
-178.965094
7.302163
270.267704
372.532081
306.790696
94.957344
-306.795565
-522.281216
-160.703598
211.830917
-25.568529
-325.057061
-157.051299
18.259061
-178.965094
-456.539831
-588.022601
-514.976618
-215.488086
32.868258
10.954463
-7.307033
-14.611632
-211.835787
-193.574291
292.181499
555.147039
262.963105
94.957344
277.572302
306.790696
146.089532
113.218839
175.307925
284.876900
434.621166
343.313687
54.782053
51.129754
200.874020
25.563659
-157.051299
47.477454
262.963105
164.351028
7.302163
-25.568529
-32.873127
-3.654734
76.695848
135.132634
204.526319
226.440114
116.871139
62.086651
230.092413
376.184380
336.009089
328.704491
482.101056
613.583826
569.756236
328.704491
102.261942
146.089532
445.578064
675.672912
628.193023
365.227482
51.129754
-65.743820
94.957344
398.098175
536.885543
434.621166
306.790696
241.049310
131.480335
-3.654734
-21.916230
113.218839
219.135515
215.483216
149.741831
65.738950
-0.002435
-160.703598
-354.275454
-357.927754
-288.534069
-562.456507
-1008.037006
-858.292740
-175.312795
-18.263931
-661.068585
-1154.128973
-949.600219
-529.585815
-394.450745
-456.539831
-441.930635
-252.011078
-178.965094
-467.496729
-598.979499
-189.921992
80.348147
-284.881770
-504.019720
-54.786922
332.356790
120.523438
-197.226590
-193.574291
-3.654734
157.046429
259.310806
259.310806
146.089532
-47.482324
-288.534069
-336.013959
-18.263931
215.483216
18.259061
-306.795565
-336.013959
-200.878889
-189.921992
-244.706479
-299.490967
-332.361659
-252.011078
-54.786922
40.172856
-109.571410
-259.315676
-116.876008
208.178618
343.313687
230.092413
157.046429
219.135515
215.483216
131.480335
127.828036
266.615405
368.879781
281.224601
138.784934
175.307925
303.138396
255.658507
54.782053
29.215959
164.351028
153.394130
-18.263931
-105.919111
-14.611632
84.000446
87.652745
76.695848
146.089532
222.787815
204.526319
116.871139
135.132634
248.353909
273.920003
252.006208
350.618286
485.753355
474.796457
354.270585
244.701610
197.221720
306.790696
511.319449
613.583826
485.753355
211.830917
7.302163
62.086651
299.486097
460.187261
427.316568
281.224601
215.483216
237.397011
230.092413
186.264823
135.132634
80.348147
40.172856
98.609643
189.917122
69.391249
-193.574291
-295.838668
-171.660496
-65.743820
-182.617393
-580.718003
-1018.993904
-920.381826
-314.100164
-87.657615
-514.976618
-916.729527
-891.163433
-657.416286
-482.105925
-427.321438
-471.149028
-405.407643
-164.355898
-131.485205
-368.884651
-376.189249
-135.137504
-175.312795
-321.404762
-62.091521
299.486097
226.440114
-149.746701
-292.186369
-91.309914
164.351028
259.310806
146.089532
-40.177726
-109.571410
-135.137504
-204.531188
-157.051299
-36.525427
-98.614512
-266.620274
-197.226590
7.302163
-73.048418
-368.884651
-427.321438
-153.399000
21.911360
-164.355898
-303.143266
-51.134623
208.178618
40.172856
-175.312795
32.868258
325.052191
295.833798
131.480335
102.261942
211.830917
303.138396
208.178618
47.477454
157.046429
412.707371
321.399892
25.563659
102.261942
332.356790
222.787815
7.302163
65.738950
160.698729
47.477454
-51.134623
18.259061
164.351028
262.963105
266.615405
186.264823
182.612524
259.310806
252.006208
200.874020
310.442995
427.316568
310.442995
102.261942
69.391249
237.397011
478.448757
642.802219
588.017732
328.704491
36.520557
-10.959332
288.529200
588.017732
551.494740
237.397011
58.434352
186.264823
357.922884
310.442995
138.784934
94.957344
168.003327
204.526319
124.175737
-21.916230
-116.876008
-127.832906
-87.657615
-69.396119
-43.830025
-109.571410
-456.539831
-916.729527
-927.686424
-365.232352
-7.307033
-299.490967
-730.462269
-850.988142
-770.637560
-624.545593
-463.844430
-390.798446
-332.361659
-182.617393
-197.226590
-401.755344
-394.450745
-222.792684
-273.924873
-339.666258
-10.959332
266.615405
29.215959
-233.749582
-157.051299
-91.309914
-73.048418
131.480335
262.963105
54.782053
-149.746701
-142.442103
-131.485205
-135.137504
-98.614512
-149.746701
-215.488086
-87.657615
-10.959332
-244.706479
-416.364540
-197.226590
-18.263931
-157.051299
-200.878889
-21.916230
21.911360
-94.962213
-124.180607
-29.220828
124.175737
288.529200
325.052191
200.874020
157.046429
248.353909
248.353909
142.437233
142.437233
222.787815
230.092413
211.830917
248.353909
237.397011
135.132634
76.695848
149.741831
284.876900
295.833798
182.612524
54.782053
14.606762
113.218839
237.397011
273.920003
273.920003
295.833798
295.833798
262.963105
237.397011
178.960225
94.957344
105.914241
244.701610
441.925765
500.362552
277.572302
-32.873127
-14.611632
354.270585
628.193023
580.713133
379.836679
204.526319
120.523438
146.089532
222.787815
211.830917
157.046429
146.089532
219.135515
288.529200
208.178618
-43.830025
-233.749582
-124.180607
94.957344
80.348147
-109.571410
-175.312795
-186.269693
-449.235233
-850.988142
-777.942158
-197.226590
21.911360
-445.582934
-847.335843
-708.548474
-504.019720
-613.588696
-693.939277
-463.844430
-142.442103
-120.528308
-427.321438
-573.413405
-284.881770
-51.134623
-237.401881
-317.752463
65.738950
277.572302
-80.353017
-401.755344
-197.226590
84.000446
29.215959
-76.700717
25.563659
138.784934
43.825155
-182.617393
-244.706479
-40.177726
109.566540
-51.134623
-208.183488
-120.528308
-91.309914
-259.315676
-321.404762
-102.266812
73.043549
-47.482324
-193.574291
-91.309914
94.957344
32.868258
-168.008197
-105.919111
193.569421
310.442995
168.003327
58.434352
116.871139
168.003327
142.437233
189.917122
317.747593
346.965986
193.569421
-7.307033
-14.611632
171.655626
295.833798
226.440114
127.828036
204.526319
259.310806
160.698729
87.652745
124.175737
164.351028
160.698729
215.483216
354.270585
365.227482
219.135515
25.563659
-14.611632
215.483216
518.624047
518.624047
215.483216
73.043549
189.917122
226.440114
171.655626
241.049310
423.664269
493.057953
379.836679
211.830917
105.914241
164.351028
303.138396
266.615405
146.089532
131.480335
142.437233
47.477454
-29.220828
-3.654734
25.563659
47.477454
76.695848
29.215959
-94.962213
-153.399000
-157.051299
-193.574291
-328.709360
-540.542712
-566.108806
-332.361659
-171.660496
-336.013959
-628.197892
-686.634679
-522.281216
-339.666258
-255.663377
-281.229471
-350.623155
-376.189249
-365.232352
-317.752463
-241.054180
-211.835787
-241.054180
-208.183488
-84.005316
-32.873127
-127.832906
-230.097283
-241.054180
-138.789803
-32.873127
10.954463
-29.220828
-102.266812
-186.269693
-233.749582
-127.832906
40.172856
40.172856
-84.005316
-146.094402
-124.180607
-116.876008
-105.919111
-40.177726
-18.263931
-62.091521
-91.309914
-94.962213
-40.177726
58.434352
94.957344
40.172856
80.348147
211.830917
189.917122
51.129754
25.563659
105.914241
164.351028
168.003327
208.178618
230.092413
142.437233
80.348147
131.480335
233.744712
262.963105
171.655626
69.391249
116.871139
244.701610
277.572302
171.655626
131.480335
237.397011
303.138396
259.310806
226.440114
252.006208
178.960225
36.520557
40.172856
241.049310
398.098175
317.747593
94.957344
-40.177726
58.434352
262.963105
354.270585
299.486097
226.440114
200.874020
168.003327
178.960225
281.224601
317.747593
208.178618
91.305044
135.132634
262.963105
244.701610
62.086651
-54.786922
40.172856
208.178618
164.351028
-51.134623
-153.399000
-54.786922
25.563659
-47.482324
-171.660496
-200.878889
-252.011078
-420.016840
-478.453626
-303.143266
-211.835787
-438.278335
-697.591577
-562.456507
-222.792684
-127.832906
-361.580053
-547.847311
-361.580053
-105.919111
-182.617393
-420.016840
-390.798446
-168.008197
-127.832906
-208.183488
-127.832906
-51.134623
-171.660496
-277.577172
-189.921992
-29.220828
-18.263931
-153.399000
-252.011078
-178.965094
-29.220828
-80.353017
-233.749582
-182.617393
-47.482324
-87.657615
-171.660496
-84.005316
29.215959
-43.830025
-142.442103
-80.353017
3.649864
10.954463
-36.525427
-62.091521
-7.307033
76.695848
116.871139
94.957344
127.828036
222.787815
215.483216
138.784934
138.784934
208.178618
211.830917
157.046429
157.046429
171.655626
168.003327
186.264823
193.569421
186.264823
208.178618
222.787815
197.221720
193.569421
241.049310
262.963105
219.135515
211.830917
262.963105
248.353909
124.175737
47.477454
120.523438
233.744712
233.744712
171.655626
127.828036
131.480335
131.480335
91.305044
135.132634
321.399892
420.011970
237.397011
-10.959332
40.172856
266.615405
314.095294
157.046429
54.782053
105.914241
164.351028
142.437233
105.914241
80.348147
62.086651
62.086651
84.000446
98.609643
62.086651
-69.396119
-211.835787
-149.746701
51.129754
58.434352
-189.921992
-390.798446
-390.798446
-299.490967
-226.444983
-197.226590
-281.229471
-434.626036
-496.715122
-401.755344
-237.401881
-171.660496
-273.924873
-409.059942
-361.580053
-175.312795
-94.962213
-189.921992
-299.490967
-284.881770
-215.488086
-127.832906
-76.700717
-116.876008
-208.183488
-259.315676
-200.878889
-105.919111
-51.134623
-76.700717
-120.528308
-149.746701
-153.399000
-127.832906
-160.703598
-189.921992
-65.743820
54.782053
-29.220828
-153.399000
-120.528308
-47.482324
-62.091521
-76.700717
-43.830025
3.649864
58.434352
54.782053
-51.134623
-87.657615
58.434352
175.307925
135.132634
146.089532
230.092413
171.655626
76.695848
131.480335
226.440114
230.092413
197.221720
182.612524
149.741831
178.960225
226.440114
168.003327
149.741831
262.963105
328.704491
252.006208
241.049310
288.529200
186.264823
40.172856
116.871139
281.224601
284.876900
193.569421
105.914241
69.391249
94.957344
175.307925
233.744712
266.615405
273.920003
189.917122
73.043549
73.043549
208.178618
248.353909
142.437233
113.218839
193.569421
178.960225
40.172856
7.302163
62.086651
102.261942
153.394130
186.264823
131.480335
14.606762
-65.743820
-76.700717
-51.134623
29.215959
54.782053
-73.048418
-197.226590
-186.269693
-168.008197
-233.749582
-273.924873
-259.315676
-230.097283
-211.835787
-230.097283
-321.404762
-445.582934
-412.712241
-281.229471
-204.531188
-200.878889
-200.878889
-270.272574
-383.493848
-317.752463
-153.399000
-94.962213
-160.703598
-219.140385
-241.054180
-230.097283
-171.660496
-171.660496
-200.878889
-164.355898
-84.005316
-87.657615
-160.703598
-200.878889
-186.269693
-153.399000
-87.657615
-14.611632
-32.873127
-113.223709
-138.789803
-113.223709
-76.700717
-29.220828
25.563659
40.172856
14.606762
-14.611632
3.649864
7.302163
7.302163
65.738950
124.175737
116.871139
98.609643
109.566540
124.175737
131.480335
168.003327
230.092413
270.267704
314.095294
306.790696
208.178618
157.046429
197.221720
244.701610
292.181499
295.833798
252.006208
153.394130
73.043549
116.871139
226.440114
292.181499
266.615405
160.698729
105.914241
146.089532
211.830917
186.264823
124.175737
135.132634
186.264823
189.917122
153.394130
109.566540
47.477454
51.129754
135.132634
193.569421
182.612524
98.609643
3.649864
-14.611632
40.172856
113.218839
116.871139
58.434352
25.563659
32.868258
-10.959332
-47.482324
-21.916230
25.563659
7.302163
-54.786922
-116.876008
-146.094402
-127.832906
-131.485205
-175.312795
-219.140385
-204.531188
-200.878889
-233.749582
-273.924873
-270.272574
-230.097283
-211.835787
-219.140385
-248.358778
-277.577172
-270.272574
-255.663377
-292.186369
-288.534069
-219.140385
-208.183488
-248.358778
-248.358778
-193.574291
-178.965094
-175.312795
-160.703598
-157.051299
-157.051299
-138.789803
-149.746701
-160.703598
-113.223709
-80.353017
-84.005316
-73.048418
-21.916230
-10.959332
-54.786922
-73.048418
-40.177726
-7.307033
29.215959
43.825155
3.649864
3.649864
36.520557
54.782053
84.000446
127.828036
124.175737
76.695848
65.738950
116.871139
153.394130
131.480335
124.175737
164.351028
208.178618
215.483216
186.264823
160.698729
186.264823
241.049310
266.615405
266.615405
244.701610
208.178618
164.351028
149.741831
215.483216
281.224601
230.092413
124.175737
91.305044
153.394130
230.092413
252.006208
208.178618
146.089532
142.437233
175.307925
157.046429
94.957344
69.391249
84.000446
116.871139
124.175737
105.914241
62.086651
32.868258
40.172856
62.086651
62.086651
40.172856
25.563659
3.649864
14.606762
7.302163
-21.916230
-58.439222
-65.743820
-29.220828
-10.959332
-65.743820
-146.094402
-160.703598
-76.700717
-40.177726
-105.919111
-182.617393
-211.835787
-193.574291
-186.269693
-197.226590
-211.835787
-215.488086
-211.835787
-219.140385
-204.531188
-164.355898
-171.660496
-255.663377
-299.490967
-233.749582
-138.789803
-138.789803
-204.531188
-252.011078
-237.401881
-186.269693
-160.703598
-164.355898
-178.965094
-197.226590
-189.921992
-157.051299
-102.266812
-73.048418
-87.657615
-116.876008
-105.919111
-65.743820
-40.177726
-51.134623
-76.700717
-62.091521
-3.654734
47.477454
32.868258
-3.654734
3.649864
47.477454
58.434352
51.129754
58.434352
40.172856
36.520557
65.738950
76.695848
98.609643
127.828036
127.828036
102.261942
102.261942
157.046429
189.917122
171.655626
182.612524
208.178618
189.917122
175.307925
175.307925
164.351028
168.003327
160.698729
135.132634
142.437233
168.003327
200.874020
189.917122
164.351028
178.960225
186.264823
175.307925
186.264823
168.003327
138.784934
116.871139
113.218839
116.871139
127.828036
138.784934
138.784934
94.957344
54.782053
43.825155
40.172856
69.391249
84.000446
62.086651
7.302163
-3.654734
10.954463
7.302163
14.606762
14.606762
-3.654734
-3.654734
3.649864
-7.307033
-43.830025
-80.353017
-80.353017
-65.743820
-76.700717
-91.309914
-102.266812
-120.528308
-164.355898
-157.051299
-109.571410
-113.223709
-142.442103
-175.312795
-193.574291
-160.703598
-116.876008
-127.832906
-178.965094
-197.226590
-171.660496
-138.789803
-138.789803
-168.008197
-208.183488
-208.183488
-153.399000
-124.180607
-149.746701
-193.574291
-175.312795
-113.223709
-73.048418
-84.005316
-94.962213
-98.614512
-91.309914
-84.005316
-73.048418
-58.439222
-51.134623
-36.525427
-47.482324
-62.091521
-62.091521
-32.873127
-14.611632
-25.568529
-14.611632
3.649864
3.649864
21.911360
25.563659
10.954463
14.606762
36.520557
58.434352
65.738950
47.477454
43.825155
58.434352
102.261942
131.480335
124.175737
105.914241
105.914241
138.784934
142.437233
127.828036
131.480335
120.523438
94.957344
91.305044
127.828036
135.132634
113.218839
116.871139
131.480335
157.046429
164.351028
142.437233
127.828036
124.175737
146.089532
160.698729
138.784934
120.523438
105.914241
87.652745
76.695848
105.914241
120.523438
76.695848
43.825155
62.086651
84.000446
87.652745
80.348147
43.825155
18.259061
14.606762
29.215959
36.520557
-7.307033
-40.177726
-25.568529
-7.307033
3.649864
7.302163
-10.959332
-58.439222
-76.700717
-58.439222
-58.439222
-69.396119
-80.353017
-105.919111
-105.919111
