7.071310
4.715041
11.783848
11.783848
7.071310
4.715041
4.715041
9.427579
2.358772
0.002504
2.358772
-2.353765
2.358772
-2.353765
2.358772
2.358772
-4.710034
-2.353765
4.715041
2.358772
2.358772
9.427579
7.071310
2.358772
0.002504
-2.353765
2.358772
2.358772
4.715041
2.358772
-2.353765
0.002504
0.002504
2.358772
-2.353765
-7.066303
0.002504
0.002504
-2.353765
4.715041
2.358772
-2.353765
0.002504
-7.066303
-9.422572
-7.066303
-4.710034
-4.710034
-11.778841
-18.847647
-14.135110
-4.710034
-9.422572
-14.135110
-16.491378
-21.203916
-18.847647
-11.778841
-18.847647
-21.203916
-21.203916
-21.203916
-16.491378
-16.491378
-18.847647
-16.491378
-9.422572
-14.135110
-14.135110
-9.422572
-11.778841
-11.778841
-11.778841
-7.066303
-4.710034
-14.135110
-11.778841
-9.422572
-11.778841
-4.710034
-4.710034
-7.066303
-7.066303
-2.353765
-4.710034
-9.422572
-9.422572
-2.353765
0.002504
2.358772
-4.710034
-2.353765
2.358772
2.358772
2.358772
0.002504
2.358772
-4.710034
0.002504
-2.353765
-2.353765
2.358772
-2.353765
0.002504
4.715041
7.071310
4.715041
4.715041
0.002504
0.002504
4.715041
9.427579
7.071310
7.071310
9.427579
7.071310
9.427579
7.071310
9.427579
9.427579
9.427579
11.783848
16.496385
18.852654
21.208923
14.140117
11.783848
14.140117
18.852654
14.140117
16.496385
16.496385
7.071310
4.715041
7.071310
7.071310
7.071310
11.783848
0.002504
-4.710034
-2.353765
-7.066303
2.358772
7.071310
2.358772
0.002504
2.358772
4.715041
0.002504
0.002504
4.715041
2.358772
7.071310
9.427579
14.140117
11.783848
4.715041
0.002504
7.071310
11.783848
9.427579
14.140117
9.427579
4.715041
9.427579
9.427579
0.002504
-2.353765
0.002504
-2.353765
-9.422572
-7.066303
4.715041
-2.353765
-11.778841
-4.710034
-2.353765
-4.710034
0.002504
0.002504
-9.422572
-14.135110
-4.710034
-4.710034
-4.710034
4.715041
2.358772
-2.353765
-2.353765
0.002504
0.002504
0.002504
4.715041
-2.353765
-4.710034
-4.710034
0.002504
4.715041
0.002504
0.002504
-4.710034
-4.710034
-2.353765
-2.353765
-4.710034
-9.422572
-9.422572
-2.353765
0.002504
0.002504
-9.422572
-9.422572
-7.066303
-7.066303
-4.710034
-2.353765
-2.353765
-2.353765
-2.353765
-4.710034
-9.422572
-2.353765
-7.066303
-11.778841
-7.066303
-7.066303
-7.066303
-11.778841
-16.491378
-18.847647
-9.422572
2.358772
0.002504
-11.778841
-18.847647
-18.847647
-14.135110
-9.422572
-9.422572
-7.066303
-11.778841
-14.135110
-14.135110
-11.778841
-9.422572
-11.778841
0.002504
2.358772
-4.710034
2.358772
-4.710034
-9.422572
-2.353765
0.002504
0.002504
4.715041
7.071310
2.358772
-7.066303
-7.066303
2.358772
9.427579
11.783848
16.496385
18.852654
4.715041
-7.066303
4.715041
11.783848
16.496385
16.496385
14.140117
7.071310
7.071310
11.783848
14.140117
7.071310
4.715041
14.140117
16.496385
11.783848
16.496385
9.427579
-7.066303
-14.135110
2.358772
9.427579
0.002504
-7.066303
0.002504
-7.066303
-9.422572
-2.353765
0.002504
0.002504
7.071310
0.002504
-11.778841
-7.066303
4.715041
4.715041
-11.778841
-4.710034
14.140117
14.140117
9.427579
11.783848
11.783848
9.427579
11.783848
16.496385
16.496385
14.140117
11.783848
11.783848
7.071310
7.071310
4.715041
0.002504
2.358772
11.783848
9.427579
2.358772
-2.353765
7.071310
4.715041
-2.353765
2.358772
0.002504
4.715041
9.427579
4.715041
9.427579
23.565192
32.990267
28.277730
16.496385
9.427579
14.140117
18.852654
28.277730
35.346536
30.633999
16.496385
4.715041
-4.710034
2.358772
14.140117
14.140117
4.715041
-18.847647
-11.778841
-7.066303
-18.847647
-14.135110
-18.847647
-30.628992
-32.985260
-18.847647
-16.491378
-18.847647
-32.985260
-40.054067
-25.916454
-16.491378
-7.066303
-7.066303
-18.847647
-23.560185
-21.203916
-18.847647
-2.353765
11.783848
2.358772
-18.847647
-28.272723
-18.847647
-2.353765
4.715041
-9.422572
-18.847647
-18.847647
-11.778841
-2.353765
-23.560185
-35.341529
-21.203916
-9.422572
-9.422572
-25.916454
-28.272723
-21.203916
-23.560185
-16.491378
-7.066303
0.002504
7.071310
-14.135110
-18.847647
2.358772
42.415343
63.621763
37.702805
-9.422572
-7.066303
32.990267
56.552956
68.334300
51.840418
30.633999
35.346536
49.484149
37.702805
25.921461
23.565192
9.427579
-2.353765
-2.353765
25.921461
7.071310
-56.547949
-101.317057
-96.604519
-58.904218
4.715041
28.277730
-51.835411
-157.867510
-169.648854
-89.535713
-21.203916
0.002504
-2.353765
-28.272723
-73.041831
-77.754369
-32.985260
14.140117
47.127881
61.265494
51.840418
35.346536
44.771612
58.909225
44.771612
42.415343
87.184451
131.953559
129.597290
103.678333
56.552956
-11.778841
-30.628992
54.196687
143.734903
124.884753
30.633999
-49.479142
-75.398100
-54.191680
-11.778841
-7.066303
-28.272723
-23.560185
-16.491378
-80.110637
-150.798703
-134.304821
-70.685562
-30.628992
-9.422572
-7.066303
-32.985260
-75.398100
-103.673326
-110.742132
-40.054067
94.253258
169.653861
84.828182
-44.766605
-61.260487
11.783848
96.609526
167.297592
188.504012
150.803710
89.540720
42.415343
32.990267
70.690569
146.091172
179.078936
117.815946
32.990267
35.346536
51.840418
23.565192
-7.066303
-16.491378
-11.778841
2.358772
4.715041
-51.835411
-153.154972
-188.499005
-155.511241
-91.891982
-35.341529
-32.985260
-120.167208
-228.555575
-216.774231
-113.098401
-42.410336
-25.916454
-23.560185
-51.835411
-91.891982
-80.110637
-18.847647
42.415343
77.759376
73.046838
47.127881
37.702805
94.253258
139.022366
91.896989
37.702805
80.115644
153.159979
148.447441
87.184451
35.346536
11.783848
21.208923
51.840418
49.484149
7.071310
-25.916454
-40.054067
-91.891982
-127.236014
-89.535713
-23.560185
-49.479142
-155.511241
-223.843037
-193.211542
-63.616755
30.633999
-49.479142
-209.705424
-223.843037
-58.904218
65.978031
37.702805
-14.135110
-4.710034
4.715041
14.140117
58.909225
117.815946
162.585054
164.941323
122.528484
91.896989
129.597290
200.285356
172.010130
87.184451
87.184451
160.228785
188.504012
139.022366
68.334300
-28.272723
-68.329293
4.715041
70.690569
32.990267
-58.904218
-96.604519
-122.523477
-214.417962
-270.968414
-176.717660
7.071310
65.978031
-120.167208
-362.862900
-358.150362
-124.879746
21.208923
-37.697798
-80.110637
-7.066303
4.715041
-96.604519
-129.592283
-2.353765
150.803710
164.941323
96.609526
80.115644
131.953559
160.228785
77.759376
-9.422572
65.978031
273.329690
325.167605
139.022366
-32.985260
-42.410336
18.852654
37.702805
58.909225
101.322064
96.609526
-9.422572
-167.292585
-237.980650
-131.948552
30.633999
37.702805
-89.535713
-167.292585
-134.304821
-103.673326
-127.236014
-131.948552
-68.329293
-4.710034
11.783848
-11.778841
-35.341529
-47.122874
-42.410336
-14.135110
61.265494
164.941323
186.147743
91.896989
2.358772
-2.353765
58.909225
143.734903
183.791474
153.159979
82.471913
25.921461
18.852654
28.277730
47.127881
77.759376
75.403107
9.427579
-25.916454
-11.778841
-21.203916
-80.110637
-96.604519
-21.203916
35.346536
0.002504
-68.329293
-94.248251
-77.754369
-61.260487
-37.697798
14.140117
63.621763
42.415343
-37.697798
-96.604519
-32.985260
77.759376
77.759376
9.427579
30.633999
115.459677
54.196687
-94.248251
-91.891982
80.115644
172.010130
56.552956
-68.329293
-51.835411
9.427579
0.002504
-65.973024
-65.973024
-9.422572
14.140117
-47.122874
-113.098401
-91.891982
-58.904218
-75.398100
-96.604519
-51.835411
-9.422572
-58.904218
-106.029595
-89.535713
-58.904218
-47.122874
-32.985260
-9.422572
-21.203916
-37.697798
-47.122874
-58.904218
-44.766605
-4.710034
40.059074
54.196687
18.852654
-47.122874
-91.891982
-23.560185
89.540720
113.103408
28.277730
-44.766605
-23.560185
16.496385
30.633999
42.415343
49.484149
42.415343
35.346536
16.496385
-2.353765
9.427579
75.403107
77.759376
18.852654
40.059074
91.896989
58.909225
-4.710034
23.565192
115.459677
96.609526
28.277730
56.552956
124.884753
110.747140
14.140117
-35.341529
47.127881
172.010130
167.297592
4.715041
-96.604519
-16.491378
91.896989
63.621763
-9.422572
-4.710034
14.140117
-56.547949
-120.167208
-65.973024
16.496385
2.358772
-108.385864
-195.567811
-143.729896
-21.203916
-9.422572
-148.442434
-226.199306
-117.810939
-11.778841
-51.835411
-108.385864
-103.673326
-87.179444
-77.754369
-42.410336
-11.778841
-18.847647
-18.847647
7.071310
-4.710034
-21.203916
21.208923
63.621763
23.565192
-2.353765
61.265494
96.609526
25.921461
-18.847647
14.140117
21.208923
25.921461
63.621763
49.484149
-28.272723
-51.835411
14.140117
21.208923
-28.272723
-11.778841
25.921461
2.358772
-28.272723
18.852654
61.265494
40.059074
23.565192
18.852654
16.496385
80.115644
190.860281
181.435205
87.184451
70.690569
117.815946
134.309828
160.228785
228.560582
226.204313
124.884753
98.965795
164.941323
148.447441
58.909225
56.552956
98.965795
58.909225
2.358772
56.552956
115.459677
-18.847647
-405.275739
-647.971431
-280.393490
412.349553
499.531500
-306.312447
-1013.193103
-754.003529
-61.260487
143.734903
-82.466906
-193.211542
-176.717660
-275.680952
-393.494395
-294.531103
-47.122874
106.034602
65.978031
-40.054067
-4.710034
150.803710
139.022366
-94.248251
-167.292585
136.666097
471.256274
461.831198
204.997894
-23.560185
-96.604519
0.002504
176.722667
240.341926
204.997894
197.929087
110.747140
-136.661090
-266.255877
-117.810939
56.552956
35.346536
-58.904218
-103.673326
-157.867510
-188.499005
-157.867510
-188.499005
-190.855273
-84.823175
-148.442434
-327.518867
-82.466906
452.406123
261.548346
-640.902624
-829.404132
124.884753
838.834215
445.337317
-219.130500
-348.725287
-75.398100
240.341926
332.236412
127.241022
-2.353765
183.791474
242.698195
-21.203916
-18.847647
296.892379
200.285356
-216.774231
-87.179444
433.555972
407.637015
-65.973024
-242.693188
-98.960788
51.840418
212.066700
296.892379
108.390871
-106.029595
-56.547949
9.427579
-18.847647
167.297592
362.867907
129.597290
-190.855273
-16.491378
278.042228
150.803710
-51.835411
58.909225
179.078936
84.828182
21.208923
23.565192
-23.560185
-11.778841
68.334300
-4.710034
-195.567811
-228.555575
-113.098401
2.358772
30.633999
-127.236014
-402.919470
-407.632008
-110.742132
-35.341529
-254.474532
-249.761995
-18.847647
-89.535713
-355.794093
-299.243641
-56.547949
-30.628992
-106.029595
-49.479142
16.496385
-7.066303
-25.916454
-54.191680
-94.248251
28.277730
219.135507
157.872517
-40.054067
0.002504
98.965795
25.921461
2.358772
110.747140
77.759376
-70.685562
25.921461
202.641625
54.196687
-209.705424
-195.567811
2.358772
110.747140
136.666097
56.552956
-172.005123
-252.118264
-32.985260
131.953559
32.990267
-44.766605
40.059074
37.702805
-49.479142
-23.560185
63.621763
44.771612
30.633999
120.172215
141.378635
65.978031
35.346536
42.415343
35.346536
113.103408
233.273120
190.860281
44.771612
25.921461
127.241022
164.941323
164.941323
223.848044
202.641625
101.322064
120.172215
209.710431
139.022366
54.196687
221.491776
384.074326
179.078936
-117.810939
-101.317057
101.322064
167.297592
98.965795
49.484149
91.896989
131.953559
-186.142736
-918.942349
-1159.281772
23.565192
1444.395310
923.659893
-1171.063116
-2099.433043
-819.979057
579.644641
417.062090
-313.381254
-270.968414
54.196687
-301.599909
-845.898014
-617.339936
136.666097
412.349553
49.484149
-155.511241
106.034602
259.192077
-75.398100
-468.894998
-346.369018
303.961185
864.753172
751.652267
82.471913
-431.194696
-344.012749
40.059074
268.617153
379.361789
480.681349
351.086562
-94.248251
-450.044847
-334.587673
40.059074
214.422969
101.322064
-42.410336
-54.191680
-58.904218
-181.430198
-322.806329
-393.494395
-409.988277
-204.992887
379.361789
742.227192
106.034602
-1003.768027
-1161.638040
-141.373628
756.364805
718.664503
240.341926
-134.304821
-365.219168
-407.632008
-134.304821
322.811336
636.195094
582.000910
143.734903
-249.761995
-167.292585
134.309828
160.228785
84.828182
306.317454
549.013146
348.730294
-89.535713
-294.531103
-202.636618
89.540720
452.406123
593.782254
384.074326
54.196687
-202.636618
-311.024985
-54.191680
494.818962
763.433612
480.681349
91.896989
-65.973024
-124.879746
-23.560185
306.317454
475.968812
266.260884
40.059074
70.690569
188.504012
216.779238
-80.110637
-909.517273
-1439.677765
-228.555575
1859.098628
1734.216378
-1102.731319
-3016.021627
-1604.616585
725.733310
980.210346
-134.304821
-471.251267
-134.304821
-454.757385
-1154.569234
-958.998919
108.390871
685.676739
195.572818
-367.575437
-176.717660
212.066700
-32.985260
-570.214559
-468.894998
311.029992
1001.416766
959.003926
181.435205
-617.339936
-647.971431
30.633999
549.013146
574.932103
527.806726
447.693585
-37.697798
-617.339936
-544.295601
80.115644
454.762392
336.948949
82.471913
-98.960788
-226.199306
-327.518867
-478.320073
-570.214559
-240.336919
435.912241
669.182857
-61.260487
-1050.893404
-1166.350578
-395.850664
367.580444
546.656877
296.892379
-42.410336
-362.862900
-549.008139
-464.182460
-11.778841
593.782254
803.490182
334.592680
-275.680952
-329.875136
-11.778841
98.965795
131.953559
452.406123
695.101815
388.786864
-115.454670
-263.899608
-113.098401
94.253258
381.718058
612.632405
480.681349
101.322064
-176.717660
-214.417962
-18.847647
308.673723
516.025382
464.187467
303.961185
106.034602
-120.167208
-68.329293
365.224176
633.838825
384.074326
106.034602
146.091172
176.722667
87.184451
176.722667
426.487166
435.912241
-214.417962
-1390.196119
-1658.810768
395.855671
2766.262136
1515.083375
-2596.605771
-3906.691253
-617.339936
2132.425814
881.247054
-1225.257299
-878.885778
214.422969
-369.931706
-1376.058506
-845.898014
426.487166
640.907631
-197.924080
-605.558591
-35.341529
473.612543
-23.560185
-857.679359
-650.327700
539.588071
1336.006943
933.084969
-148.442434
-836.472939
-532.514257
322.811336
737.514654
534.875533
386.430595
419.418359
37.702805
-577.283365
-490.101418
249.767002
596.138523
270.973421
-89.535713
-122.523477
-80.110637
-188.499005
-303.956178
-275.680952
-242.693188
-237.980650
51.840418
412.349553
-131.948552
-1333.645667
-1281.807752
386.430595
1272.387684
221.491776
-810.553981
-544.295601
-115.454670
-143.729896
115.459677
591.425985
551.369415
139.022366
-223.843037
-381.713050
0.002504
678.607933
610.276136
-49.479142
18.852654
577.288372
322.811336
-318.093791
-106.029595
450.049854
440.624779
344.017756
414.705821
106.034602
-266.255877
-47.122874
230.916851
148.447441
336.948949
669.182857
237.985658
-431.194696
-190.855273
391.143133
367.580444
308.673723
572.575835
379.361789
-204.992887
-245.049457
179.078936
379.361789
431.199703
504.244038
311.029992
-219.130500
-1166.350578
-2090.007968
-1010.836834
2358.627624
3423.661145
-841.185477
-5000.000000
-2905.276991
1790.766831
1983.980877
-999.055490
-1437.321496
362.867907
306.317454
-1477.378067
-1786.049286
-273.324683
803.490182
365.224176
-473.607536
-320.450060
466.543736
313.386261
-893.023391
-1222.901031
106.034602
1463.245461
1491.520687
499.531500
-617.339936
-1055.605942
-325.162598
779.927493
956.647657
549.013146
600.851061
534.875533
-442.976041
-1081.524899
-233.268113
812.915257
659.757782
54.196687
-4.710034
40.059074
-289.818565
-551.364408
-447.688578
-322.806329
-266.255877
30.633999
492.462694
384.074326
-652.683968
-1581.053896
-1145.144158
315.742530
1196.987080
796.421375
-129.592283
-749.290991
-838.829208
-435.907234
344.017756
1046.185874
1043.829605
216.779238
-626.765011
-577.283365
127.241022
577.288372
513.669113
379.361789
318.098799
181.435205
47.127881
-30.628992
-120.167208
14.140117
487.750156
735.158385
360.511638
-96.604519
-202.636618
-200.280349
-134.304821
289.823572
779.927493
683.320471
131.953559
-223.843037
-303.956178
-219.130500
351.086562
1187.562005
1213.480962
150.803710
-680.959195
-325.162598
494.818962
782.283762
605.563598
492.462694
440.624779
51.840418
-1032.043254
-2080.582893
-1192.269535
1757.779067
3169.184109
221.491776
-3767.671391
-3536.757043
110.747140
1764.847874
-16.491378
-1376.058506
-348.725287
501.887769
-763.428604
-2125.352001
-1277.095214
549.013146
822.340333
-235.624382
-487.745149
268.617153
301.604917
-709.234421
-1189.913267
-273.324683
1114.517670
1672.953388
961.360195
-384.069319
-1076.812362
-490.101418
497.175231
834.121677
744.583461
812.915257
633.838825
-200.280349
-893.023391
-537.226795
388.786864
817.627795
544.300608
65.978031
-190.855273
-266.255877
-605.558591
-1006.124296
-322.806329
1083.886175
640.907631
-1694.154801
-1918.000342
855.328097
1854.386090
-871.816972
-2646.087417
-683.315463
1498.589493
1149.861703
-181.430198
-782.278755
-622.052473
25.921461
433.555972
160.228785
280.398497
916.591087
358.155369
-1020.261909
-626.765011
1112.161402
1173.424392
-221.486769
-431.194696
461.831198
579.644641
18.852654
-117.810939
56.552956
195.572818
351.086562
282.754766
2.358772
21.208923
157.872517
-110.742132
-202.636618
435.912241
798.777644
195.572818
-266.255877
115.459677
313.386261
-73.041831
110.747140
1036.760798
1291.237834
313.386261
-669.177850
-445.332309
636.195094
1336.006943
963.716464
68.334300
-320.450060
-136.661090
-148.442434
-791.703831
-1265.313870
-325.162598
1647.034431
2024.037447
-834.116670
-3937.322748
-3129.122532
544.300608
2118.288201
256.835808
-1366.633431
-867.104434
-395.850664
-1286.520290
-1665.879575
-327.518867
1003.773034
758.721074
-348.725287
-812.910250
-421.769621
0.002504
-108.385864
-334.587673
207.354162
1204.055887
1274.743952
160.228785
-801.128906
-607.914860
259.192077
926.016162
1065.036025
772.858687
296.892379
-51.835411
-270.968414
-393.494395
-75.398100
631.482556
864.753172
308.673723
-270.968414
-414.700814
-426.482159
-341.656480
-129.592283
-367.575437
-791.703831
-249.761995
680.964202
160.228785
-1218.188493
-1152.212965
-51.835411
129.597290
-197.924080
181.435205
532.519264
18.852654
-556.076945
-565.502021
-89.535713
711.595697
1043.829605
268.617153
-454.757385
0.002504
454.762392
32.990267
0.002504
798.777644
930.728700
103.678333
-268.612146
44.771612
195.572818
167.297592
301.604917
360.511638
226.204313
169.653861
32.990267
-282.749759
-221.486769
327.523874
605.563598
289.823572
-4.710034
54.196687
84.828182
-35.341529
75.403107
450.049854
692.745546
586.713448
306.317454
115.459677
150.803710
280.398497
268.617153
292.179841
539.588071
525.450457
-65.973024
-438.263503
-172.005123
-381.713050
-1237.038644
-848.254283
1074.461100
1559.852483
-829.404132
-3051.365660
-2233.740368
68.334300
810.558989
-110.742132
-848.254283
-732.797109
-659.752775
-1152.212965
-1326.576860
-497.170224
468.900005
369.936713
-388.781857
-581.995903
-245.049457
-249.761995
-563.145752
-303.956178
721.020772
1496.233224
1006.129303
-365.219168
-1024.974447
-233.268113
862.396903
1055.610949
702.170621
582.000910
485.393887
-37.697798
-485.388880
-214.417962
435.912241
801.133913
619.701212
89.540720
-313.381254
-303.956178
-299.243641
-558.433214
-497.170224
-68.329293
-207.349155
-605.558591
103.678333
876.534516
-372.287975
-2163.052302
-1479.734335
860.040634
1663.528313
650.332707
-379.356782
-765.784873
-655.040237
-143.729896
412.349553
808.202720
1107.448864
706.883159
-483.032611
-918.942349
110.747140
984.922884
652.688975
287.467303
527.806726
504.244038
-84.823175
-473.607536
-207.349155
386.430595
794.065107
629.126287
51.840418
-282.749759
-242.693188
-228.555575
-181.430198
332.236412
930.728700
680.964202
-193.211542
-504.239031
-35.341529
313.386261
261.548346
450.049854
907.166011
860.040634
200.285356
-301.599909
-122.523477
534.875533
987.279152
699.814353
42.415343
-47.122874
471.256274
614.988674
2.358772
-728.084572
-1128.650276
-1041.468329
-91.891982
1215.837231
1013.198110
-1140.431621
-2818.095043
-2066.445279
-204.992887
582.000910
188.504012
-414.700814
-935.436231
-1371.345968
-1366.633431
-768.141142
-25.916454
315.742530
42.415343
-447.688578
-572.570827
-318.093791
-134.304821
-164.936316
-35.341529
421.774628
815.271526
699.814353
143.734903
-325.162598
-292.174834
212.066700
810.558989
1024.979454
676.251664
101.322064
-228.555575
-266.255877
-70.685562
365.224176
683.320471
454.762392
-94.248251
-603.202323
-1013.193103
-914.229811
-11.778841
629.126287
14.140117
-819.979057
-666.821582
-315.737523
-586.708441
-671.534119
-21.203916
513.669113
358.155369
-146.086165
-565.502021
-506.595300
49.484149
414.705821
296.892379
351.086562
633.838825
334.592680
-374.644244
-353.437824
431.199703
881.247054
690.389277
414.705821
202.641625
-77.754369
-193.211542
58.909225
405.280746
574.932103
525.450457
214.422969
-214.417962
-351.081555
-110.742132
148.447441
308.673723
520.737920
487.750156
-2.353765
-384.069319
-157.867510
301.604917
405.280746
292.179841
386.430595
565.507028
504.244038
174.366399
-75.398100
113.103408
640.907631
977.854077
735.158385
282.754766
160.228785
259.192077
169.653861
23.565192
108.390871
-61.260487
-742.222185
-1133.362814
-473.607536
549.013146
699.814353
-332.231405
-1863.806158
-2462.298447
-1300.657903
546.656877
1008.485572
-207.349155
-1281.807752
-1397.264926
-1123.937739
-812.910250
-252.118264
322.811336
320.455067
-190.855273
-690.384270
-673.890388
-162.580047
292.179841
301.604917
195.572818
454.762392
671.539126
348.730294
-148.442434
-183.786467
242.698195
619.701212
732.802116
638.551362
372.292982
-4.710034
-270.968414
-200.280349
61.265494
278.042228
369.936713
129.597290
-475.963805
-888.310854
-631.477549
-56.547949
167.297592
54.196687
-209.705424
-572.570827
-692.740539
-344.012749
68.334300
127.241022
82.471913
42.415343
-146.086165
-176.717660
94.253258
263.904615
150.803710
174.366399
402.924477
440.624779
327.523874
247.410733
141.378635
44.771612
235.629389
591.425985
633.838825
332.236412
25.921461
-63.616755
30.633999
207.354162
393.499402
400.568208
186.147743
-56.547949
-110.742132
-28.272723
87.184451
233.273120
285.111035
155.516248
75.403107
84.828182
-35.341529
-129.592283
186.147743
662.114051
678.607933
296.892379
-16.491378
-91.891982
155.516248
640.907631
841.190484
511.312844
193.216549
266.260884
360.511638
190.860281
-75.398100
-278.037221
-541.939332
-801.128906
-593.777247
320.455067
954.291389
-186.142736
-2429.310683
-2919.414604
-633.833818
1529.220988
841.190484
-1317.151785
-2082.939161
-1229.969837
-513.664106
-478.320073
-341.656480
32.990267
23.565192
-551.364408
-1020.261909
-692.740539
181.435205
584.357179
139.022366
-233.268113
150.803710
591.425985
320.455067
-117.810939
16.496385
426.487166
591.425985
530.162995
405.280746
212.066700
35.346536
-18.847647
51.840418
221.491776
386.430595
230.916851
-259.187070
-643.258893
-541.939332
-101.317057
249.767002
186.147743
-249.761995
-605.558591
-579.639634
-311.024985
-37.697798
153.159979
160.228785
-73.041831
-313.381254
-240.336919
98.965795
384.074326
334.592680
115.459677
63.621763
214.422969
346.374025
299.248648
193.216549
204.997894
329.880143
402.924477
348.730294
282.754766
259.192077
202.641625
153.159979
233.273120
329.880143
266.260884
153.159979
139.022366
122.528484
40.059074
58.909225
233.273120
320.455067
209.710431
106.034602
134.309828
176.722667
113.103408
117.815946
311.029992
471.256274
421.774628
228.560582
143.734903
301.604917
513.669113
483.037618
285.111035
318.098799
640.907631
772.858687
499.531500
235.629389
237.985658
-94.248251
-1152.212965
-1604.616585
35.346536
2276.158214
1724.791303
-1639.960617
-3666.351830
-2097.076775
426.487166
926.016162
30.633999
-508.951568
-768.141142
-1383.127312
-1861.449889
-1333.645667
-51.835411
735.158385
221.491776
-893.023391
-1208.763417
-624.408742
-233.268113
-336.943942
-141.373628
518.381651
739.870923
226.204313
-339.300211
-414.700814
-91.891982
365.224176
735.158385
732.802116
414.705821
122.528484
-47.122874
-155.511241
-101.317057
259.192077
584.357179
412.349553
-176.717660
-619.696204
-516.020375
-80.110637
129.597290
-84.823175
-320.450060
-256.830801
-150.798703
-320.450060
-504.239031
-348.725287
-58.904218
4.715041
-84.823175
-77.754369
21.208923
35.346536
-61.260487
-131.948552
25.921461
419.418359
598.494792
294.536110
-61.260487
-11.778841
230.916851
341.661487
395.855671
457.118661
362.867907
141.378635
70.690569
113.103408
146.091172
263.904615
398.211939
351.086562
148.447441
-2.353765
-68.329293
-61.260487
134.309828
412.349553
457.118661
223.848044
25.921461
-21.203916
-4.710034
139.022366
405.280746
549.013146
473.612543
365.224176
221.491776
30.633999
117.815946
570.219566
916.591087
796.421375
475.968812
341.661487
353.442831
256.835808
-7.066303
-334.587673
-607.914860
-584.352172
7.071310
817.627795
683.320471
-829.404132
-2259.659325
-1972.194525
-442.976041
506.600307
242.698195
-445.332309
-994.342952
-1394.908657
-1458.527916
-968.423995
-193.211542
249.767002
28.277730
-553.720677
-869.460703
-638.546355
-259.187070
-73.041831
91.896989
393.499402
551.369415
282.754766
-131.948552
-209.705424
87.184451
480.681349
685.676739
586.713448
344.017756
155.516248
65.978031
-21.203916
-37.697798
129.597290
308.673723
259.192077
-2.353765
-282.749759
-438.263503
-428.838427
-223.843037
47.127881
115.459677
-110.742132
-405.275739
-471.251267
-294.531103
-141.373628
-136.661090
-47.122874
176.722667
216.779238
-7.066303
-141.373628
-11.778841
153.159979
254.479540
412.349553
494.818962
311.029992
68.334300
30.633999
188.504012
417.062090
612.632405
584.357179
289.823572
9.427579
-32.985260
73.046838
233.273120
461.831198
556.081953
278.042228
-136.661090
-299.243641
-139.017359
183.791474
464.187467
452.406123
176.722667
-54.191680
-115.454670
-70.685562
120.172215
447.693585
610.276136
440.624779
155.516248
30.633999
176.722667
424.130897
539.588071
516.025382
527.806726
582.000910
546.656877
457.118661
263.904615
-256.830801
-968.423995
-1201.694611
-412.344546
982.566615
1562.208752
153.159979
-2240.809175
-3023.090433
-1442.034034
407.637015
721.020772
49.484149
-617.339936
-1314.795516
-1943.919299
-1769.555404
-638.546355
464.187467
582.000910
-230.911844
-1050.893404
-1083.881168
-567.858290
-200.280349
-25.916454
360.511638
721.020772
475.968812
-150.798703
-409.988277
-146.086165
252.123271
600.851061
845.903021
725.733310
263.904615
-134.304821
-240.336919
-157.867510
110.747140
454.762392
478.325080
101.322064
-315.737523
-511.307837
-523.089182
-341.656480
44.771612
259.192077
70.690569
-266.255877
-490.101418
-539.583064
-386.425588
-44.766605
240.341926
270.973421
179.078936
32.990267
-164.936316
-200.280349
47.127881
341.661487
440.624779
457.118661
400.568208
153.159979
-68.329293
70.690569
435.912241
624.413749
541.944339
325.167605
101.322064
-23.560185
51.840418
266.260884
426.487166
464.187467
344.017756
75.403107
-181.430198
-162.580047
146.091172
454.762392
523.094189
325.167605
42.415343
-89.535713
11.783848
240.341926
461.831198
607.919867
546.656877
256.835808
75.403107
221.491776
435.912241
516.025382
622.057480
758.721074
716.308234
591.425985
487.750156
127.241022
-666.821582
-1319.508053
-975.492801
504.244038
1887.373854
1293.594103
-1295.945365
-3228.085823
-2410.460532
-204.992887
824.696602
473.612543
-146.086165
-897.735929
-1804.899437
-2064.089011
-1211.119686
-54.191680
506.600307
266.260884
-497.170224
-1083.881168
-989.630414
-492.457686
-169.648854
103.678333
589.069716
756.364805
256.835808
-320.450060
-388.781857
-91.891982
306.317454
791.708838
1029.691992
645.620169
-9.422572
-334.587673
-256.830801
9.427579
377.005520
643.263900
461.831198
-91.891982
-584.352172
-735.153378
-518.376644
-30.628992
329.880143
136.666097
-320.450060
-523.089182
-506.595300
-546.651870
-433.550965
28.277730
369.936713
242.698195
-150.798703
-393.494395
-306.312447
21.208923
336.948949
388.786864
315.742530
299.248648
155.516248
-110.742132
-84.823175
353.442831
666.826589
546.656877
308.673723
148.447441
23.565192
-4.710034
131.953559
334.592680
471.256274
475.968812
237.985658
-122.523477
-268.612146
-73.041831
242.698195
428.843435
431.199703
266.260884
18.852654
-148.442434
-87.179444
204.997894
508.956576
619.701212
501.887769
301.604917
193.216549
169.653861
233.273120
457.118661
786.996300
944.866313
794.065107
593.782254
487.750156
228.560582
-353.437824
-987.274145
-1086.237437
-212.061693
1279.456490
1790.766831
11.783848
-2542.411588
-3008.952820
-1227.613568
334.592680
525.450457
285.111035
-143.729896
-1244.107450
-2302.072165
-2068.801548
-718.659496
506.600307
801.133913
65.978031
-968.423995
-1300.657903
-895.379660
-417.057083
37.702805
692.745546
994.347959
421.774628
-360.506631
-551.364408
-235.624382
207.354162
711.595697
1039.117067
812.915257
252.123271
-204.992887
-402.919470
-261.543339
261.548346
746.939730
622.057480
61.265494
-365.219168
-581.995903
-664.465313
-395.850664
157.872517
358.155369
16.496385
-358.150362
-513.664106
-598.489785
-525.445450
-117.810939
296.892379
372.292982
172.010130
-157.867510
-391.138126
-252.118264
188.504012
483.037618
520.737920
508.956576
311.029992
-70.685562
-179.073929
193.216549
574.932103
614.988674
518.381651
395.855671
174.366399
-14.135110
42.415343
245.054464
417.062090
539.588071
459.474930
110.747140
-204.992887
-200.280349
-2.353765
190.860281
426.487166
539.588071
252.123271
-200.280349
-311.024985
9.427579
372.292982
534.875533
527.806726
379.361789
216.779238
150.803710
179.078936
294.536110
577.288372
876.534516
867.109441
640.907631
475.968812
249.767002
-311.024985
-1067.387286
-1326.576860
-447.688578
1255.893802
2026.393716
313.386261
-2504.711286
-3319.980309
-1522.147175
360.511638
657.401513
240.341926
-197.924080
-1095.662513
-2212.533948
-2302.072165
-1006.124296
487.750156
956.647657
183.791474
-954.286381
-1366.633431
-970.780263
-468.894998
-65.973024
544.300608
1043.829605
699.814353
-209.705424
-640.902624
-339.300211
122.528484
525.450457
963.716464
1142.792897
664.470320
-202.636618
-699.809345
-447.688578
266.260884
770.502418
626.770018
115.459677
-174.361391
-294.531103
-633.833818
-841.185477
-306.312447
466.543736
534.875533
-14.135110
-499.526493
-742.222185
-796.416368
-412.344546
249.767002
643.263900
527.806726
18.852654
-508.951568
-577.283365
-68.329293
487.750156
671.539126
631.482556
424.130897
-18.847647
-334.587673
-108.385864
438.268510
737.514654
655.045244
417.062090
164.941323
-56.547949
-134.304821
56.552956
398.211939
640.907631
565.507028
169.653861
-259.187070
-391.138126
-113.098401
296.892379
560.794490
570.219566
292.179841
-122.523477
-299.243641
-30.628992
386.430595
589.069716
579.644641
494.818962
353.442831
176.722667
129.597290
341.661487
702.170621
921.303625
904.809743
798.777644
610.276136
35.346536
-966.067726
-1661.167037
-1039.112060
838.834215
2273.801946
1345.432018
-1465.596722
-3284.636276
-2488.217404
-567.858290
494.818962
671.539126
485.393887
-483.032611
-2028.744978
-2700.281601
-1724.786296
-75.398100
876.534516
669.182857
-282.749759
-1095.662513
-1284.164021
-1027.330716
-473.607536
405.280746
1149.861703
994.347959
124.884753
-499.526493
-473.607536
-139.017359
268.617153
758.721074
1121.586477
1024.979454
388.786864
-407.632008
-721.015765
-287.462296
450.049854
824.696602
671.539126
164.941323
-478.320073
-951.930113
-890.667122
-303.956178
327.523874
506.600307
150.803710
-459.469923
-951.930113
-999.055490
-494.813955
247.410733
643.263900
405.280746
-160.223778
-541.939332
-471.251267
-77.754369
308.673723
556.081953
685.676739
541.944339
75.403107
-273.324683
-117.810939
318.098799
617.344943
706.883159
614.988674
315.742530
-9.422572
-136.661090
-42.410336
249.767002
633.838825
761.077343
400.568208
-127.236014
-348.725287
-256.830801
23.565192
452.406123
742.227192
523.094189
-82.466906
-442.976041
-223.843037
273.329690
612.632405
678.607933
560.794490
327.523874
108.390871
113.103408
381.718058
718.664503
926.016162
944.866313
808.202720
584.357179
245.054464
-438.263503
-1371.345968
-1581.053896
-129.592283
2031.106254
2276.158214
-379.356782
-3225.729555
-3188.029253
-989.630414
428.843435
388.786864
282.754766
143.734903
-1048.537136
-2568.330545
-2563.618007
-871.816972
768.146149
1001.416766
35.346536
-930.723693
-1152.212965
-980.205339
-801.128906
-223.843037
867.109441
1411.407546
683.320471
-377.000513
-666.821582
-296.887372
174.366399
600.851061
918.947356
970.785270
758.721074
228.560582
-541.939332
-836.472939
-120.167208
829.409139
933.084969
367.580444
-129.592283
-612.627398
-1152.212965
-996.699221
94.253258
942.510044
525.450457
-506.595300
-1079.168631
-1017.905640
-567.858290
106.034602
607.919867
520.737920
35.346536
-414.700814
-598.489785
-308.668716
351.086562
739.870923
614.988674
445.337317
332.236412
7.071310
-209.705424
153.159979
680.964202
765.789880
574.932103
398.211939
160.228785
-51.835411
-21.203916
188.504012
435.912241
662.114051
610.276136
122.528484
-355.794093
-351.081555
-44.766605
233.273120
494.818962
633.838825
339.305218
-249.761995
-457.113654
-91.891982
405.280746
688.033008
706.883159
483.037618
127.241022
-44.766605
120.172215
445.337317
817.627795
1081.529907
973.141539
572.575835
235.629389
-322.806329
-1526.859712
-2203.108873
-494.813955
2518.853906
2952.407375
-365.219168
-3666.351830
-3541.469581
-1208.763417
325.167605
612.632405
716.308234
346.374025
-1229.969837
-2961.827443
-2860.507883
-824.691595
1093.311251
1248.824995
56.552956
-933.079962
-1140.431621
-1100.375050
-966.067726
-200.280349
1057.967218
1578.702634
761.077343
-358.150362
-664.465313
-306.312447
91.896989
504.244038
1010.841841
1208.768425
824.696602
68.334300
-614.983667
-765.784873
-193.211542
655.045244
1010.841841
647.976438
-155.511241
-982.561608
-1211.119686
-539.583064
315.742530
414.705821
0.002504
-212.061693
-355.794093
-746.934722
-885.954585
-344.012749
393.499402
662.114051
332.236412
-216.774231
-447.688578
-195.567811
162.585054
325.167605
534.875533
784.640031
603.207330
16.496385
-235.624382
103.678333
464.187467
527.806726
539.588071
549.013146
367.580444
54.196687
-134.304821
-117.810939
117.815946
478.325080
584.357179
285.111035
-61.260487
-221.486769
-292.174834
-221.486769
228.560582
746.939730
723.377041
150.803710
-358.150362
-315.737523
179.078936
685.676739
874.178248
706.883159
417.062090
230.916851
214.422969
372.292982
711.595697
1088.598713
1154.574241
810.558989
308.673723
-315.737523
-1314.795516
-1991.044676
-798.772637
1939.211769
2978.326332
299.248648
-3251.648512
-3718.189745
-1484.446873
181.435205
329.880143
417.062090
440.624779
-779.922486
-2639.018610
-2975.965056
-1248.819988
666.826589
1098.023788
226.204313
-706.878152
-1020.261909
-1024.974447
-982.561608
-424.125890
805.846451
1550.427408
918.947356
-242.693188
-605.558591
-230.911844
106.034602
402.924477
900.097205
1175.780661
829.409139
129.597290
-428.838427
-593.777247
-268.612146
334.592680
669.182857
497.175231
28.277730
-563.145752
-1043.824598
-980.205339
-289.818565
346.374025
341.661487
-63.616755
-475.963805
-808.197713
-911.873542
-530.157988
181.435205
619.701212
431.199703
-84.823175
-374.644244
-275.680952
-28.272723
195.572818
473.612543
737.514654
685.676739
228.560582
-204.992887
-122.523477
336.948949
626.770018
593.782254
478.325080
379.361789
174.366399
-89.535713
-160.223778
75.403107
431.199703
603.207330
417.062090
2.358772
-301.599909
-299.243641
-32.985260
367.580444
659.757782
579.644641
183.791474
-127.236014
-117.810939
122.528484
466.543736
838.834215
956.647657
603.207330
108.390871
11.783848
426.487166
991.991690
1286.525297
1161.643047
647.976438
-296.887372
-1656.454499
-2417.529338
-918.942349
2269.089408
3402.454726
303.961185
-3600.376302
-3880.772295
-1373.702237
219.135507
365.224176
704.526890
706.883159
-916.586080
-2877.001765
-2905.276991
-1034.399522
777.571225
1142.792897
233.273120
-697.453077
-855.323090
-765.784873
-921.298618
-556.076945
777.571225
1677.665926
1008.485572
-134.304821
-372.287975
-89.535713
-23.560185
153.159979
763.433612
1206.412156
987.279152
358.155369
-306.312447
-702.165614
-525.445450
106.034602
640.907631
744.583461
334.592680
-636.190086
-1479.734335
-1175.775654
11.783848
567.863297
106.034602
-261.543339
-245.049457
-553.720677
-1029.686985
-770.497411
134.309828
739.870923
598.494792
30.633999
-362.862900
-301.599909
-58.904218
73.046838
365.224176
900.097205
954.291389
237.985658
-348.725287
-139.017359
325.167605
487.750156
556.081953
655.045244
511.312844
110.747140
-216.774231
-233.268113
68.334300
494.818962
669.182857
414.705821
47.127881
-169.648854
-320.450060
-299.243641
157.872517
775.214956
801.133913
230.916851
-188.499005
-202.636618
-61.260487
247.410733
824.696602
1159.286779
789.352569
136.666097
-101.317057
219.135507
772.858687
1215.837231
1206.412156
603.207330
-478.320073
-1767.199135
-2280.865745
-723.372034
2148.919696
2898.213191
-96.604519
-3477.850322
-3529.688236
-1298.301634
-2.353765
160.228785
607.919867
664.470320
-883.598316
-2827.520119
-2898.208184
-1065.031017
735.158385
1086.242444
193.216549
-697.453077
-897.735929
-862.391896
-890.667122
-388.781857
845.903021
1578.702634
951.935120
-61.260487
-322.806329
-101.317057
-2.353765
155.516248
624.413749
1114.517670
1220.549769
702.170621
-336.943942
-1067.387286
-697.453077
261.548346
725.733310
525.450457
127.241022
-353.437824
-893.023391
-1123.937739
-779.922486
-108.385864
428.843435
433.555972
-157.867510
-829.404132
-1010.836834
-645.615162
-37.697798
530.162995
721.020772
395.855671
-96.604519
-353.437824
-268.612146
120.172215
683.320471
1048.542143
862.396903
332.236412
-14.135110
-16.491378
148.447441
433.555972
770.502418
834.121677
461.831198
-40.054067
-289.818565
-193.211542
120.172215
478.325080
586.713448
327.523874
2.358772
-179.073929
-282.749759
-216.774231
179.078936
647.976438
706.883159
285.111035
-214.417962
-299.243641
245.054464
949.578851
999.060497
426.487166
212.066700
617.344943
789.352569
530.162995
636.195094
1161.643047
1102.736326
16.496385
-1479.734335
-2245.521712
-1149.856696
1531.577257
3039.589322
937.797507
-2704.994138
-3777.096466
-1981.619601
-341.656480
65.978031
610.276136
1010.841841
-296.887372
-2551.836663
-3242.223437
-1672.948381
384.074326
1227.618575
657.401513
-388.781857
-923.654886
-977.849070
-984.917877
-610.271129
598.494792
1649.390700
1253.537533
35.346536
-433.550965
-75.398100
101.322064
120.172215
539.588071
944.866313
784.640031
428.843435
287.467303
-40.054067
-629.121280
-716.303227
-82.466906
565.507028
617.344943
63.621763
-786.991293
-1354.852086
-1083.881168
-318.093791
136.666097
183.791474
87.184451
-275.680952
-916.586080
-1145.144158
-532.514257
367.580444
763.433612
534.875533
91.896989
-233.268113
-355.794093
-252.118264
157.872517
791.708838
1138.080359
768.146149
65.978031
-242.693188
-68.329293
186.147743
435.912241
728.089579
782.283762
391.143133
-186.142736
-459.469923
-256.830801
179.078936
499.531500
530.162995
353.442831
82.471913
-268.612146
-513.664106
-334.587673
294.536110
881.247054
869.465710
301.604917
-280.393490
-386.425588
87.184451
801.133913
1163.999316
944.866313
523.094189
344.017756
407.637015
553.725684
810.558989
1053.254680
746.939730
-471.251267
-1988.688407
-2090.007968
146.091172
2740.343178
2292.652096
-1253.532526
-3817.153036
-2841.657732
-591.420978
129.597290
139.022366
746.939730
549.013146
-1503.297024
-3272.854932
-2464.654715
-129.592283
1201.699618
838.834215
-127.236014
-678.602926
-801.128906
-860.035627
-739.865916
82.471913
1279.456490
1498.589493
464.187467
-377.000513
-124.879746
308.673723
160.228785
148.447441
629.126287
900.097205
737.514654
558.438221
214.422969
-549.008139
-926.011155
-299.243641
527.806726
662.114051
280.398497
-254.474532
-921.298618
-1310.082978
-907.161004
-103.673326
388.786864
409.993284
28.277730
-718.659496
-1286.520290
-949.573844
61.265494
824.696602
874.178248
440.624779
-103.673326
-511.307837
-523.089182
18.852654
817.627795
1241.756188
916.591087
212.066700
-242.693188
-242.693188
56.552956
478.325080
812.915257
822.340333
461.831198
-68.329293
-431.194696
-341.656480
139.022366
570.219566
624.413749
386.430595
65.978031
-242.693188
-384.069319
-179.073929
299.248648
713.951966
730.445848
325.167605
-115.454670
-108.385864
365.224176
822.340333
860.040634
680.964202
626.770018
645.620169
577.288372
572.575835
786.996300
876.534516
202.641625
-1255.888794
-2271.440670
-1244.107450
1482.095611
2858.156621
676.251664
-2841.657732
-3786.521541
-1965.125719
-346.369018
75.403107
638.551362
1006.129303
-450.044847
-2841.657732
-3350.611804
-1463.240453
584.357179
1152.217972
541.944339
-285.106028
-852.966821
-1105.087588
-1024.974447
-421.769621
704.526890
1512.727106
1114.517670
40.059074
-398.206932
-42.410336
193.216549
131.953559
386.430595
871.821979
895.384667
384.074326
-148.442434
-362.862900
-195.567811
143.734903
120.172215
-273.324683
-294.531103
84.828182
-84.823175
-848.254283
-989.630414
-329.875136
-9.422572
-308.668716
-377.000513
-82.466906
-193.211542
-680.959195
-706.878152
-91.891982
497.175231
551.369415
240.341926
-49.479142
-108.385864
16.496385
216.779238
483.037618
756.364805
786.996300
440.624779
21.208923
-18.847647
268.617153
483.037618
520.737920
574.932103
551.369415
209.710431
-212.061693
-193.211542
233.273120
532.519264
454.762392
233.273120
80.115644
-35.341529
-96.604519
35.346536
327.523874
485.393887
379.361789
162.585054
77.759376
219.135507
468.900005
645.620169
650.332707
617.344943
659.757782
626.770018
499.531500
572.575835
888.315861
836.477946
-47.122874
-1277.095214
-1826.105857
-980.205339
991.991690
2332.708667
1013.198110
-2141.845883
-3704.052132
-2243.165443
-176.717660
346.374025
301.604917
544.300608
-143.729896
-2085.295430
-3060.790735
-1642.316886
461.831198
1152.217972
516.025382
-242.693188
-636.190086
-827.047863
-779.922486
-315.737523
537.231802
1260.606339
1187.562005
381.718058
-240.336919
-87.179444
266.260884
266.260884
301.604917
704.526890
940.153775
516.025382
-110.742132
-315.737523
-183.786467
-77.754369
-101.317057
-134.304821
-44.766605
9.427579
-294.531103
-867.104434
-1003.768027
-433.550965
84.828182
-40.054067
-381.713050
-386.425588
-341.656480
-579.639634
-600.846054
4.715041
614.988674
475.968812
-87.179444
-259.187070
16.496385
259.192077
325.167605
480.681349
666.826589
570.219566
237.985658
25.921461
77.759376
226.204313
348.730294
442.981048
473.612543
306.317454
-42.410336
-303.956178
-242.693188
77.759376
341.661487
332.236412
164.941323
11.783848
-120.167208
-235.624382
-190.855273
188.504012
626.770018
610.276136
136.666097
-200.280349
84.828182
638.551362
803.490182
567.863297
501.887769
739.870923
765.789880
497.175231
480.681349
803.490182
789.352569
56.552956
-961.355188
-1581.053896
-1112.156395
626.770018
2170.126116
1241.756188
-1828.462125
-3640.432873
-2344.485004
-193.211542
344.017756
91.896989
346.374025
18.852654
-1724.786296
-2983.033863
-1913.287804
256.835808
1182.849467
603.207330
-212.061693
-617.339936
-801.128906
-758.716067
-313.381254
464.187467
1156.930510
1199.343349
527.806726
-148.442434
-155.511241
176.722667
275.685959
322.811336
664.470320
902.453474
544.300608
-35.341529
-212.061693
-82.466906
-91.891982
-289.818565
-313.381254
4.715041
214.422969
-91.891982
-655.040237
-852.966821
-574.927096
-299.243641
-254.474532
-176.717660
2.358772
-77.754369
-513.664106
-676.246657
-155.511241
471.256274
473.612543
108.390871
61.265494
247.410733
181.435205
54.196687
289.823572
650.332707
645.620169
393.499402
280.398497
266.260884
174.366399
169.653861
369.936713
473.612543
303.961185
106.034602
65.978031
73.046838
96.609526
214.422969
254.479540
101.322064
-21.203916
32.990267
146.091172
172.010130
212.066700
313.386261
339.305218
256.835808
188.504012
299.248648
610.276136
914.234818
921.303625
563.150759
273.329690
485.393887
944.866313
970.785270
346.374025
-570.214559
-1416.115076
-1616.397929
-313.381254
1983.980877
2502.360024
-336.943942
-3638.076604
-3567.388538
-855.323090
742.227192
381.718058
150.803710
278.042228
-871.816972
-2740.338171
-2735.625633
-666.821582
980.210346
869.465710
2.358772
-518.376644
-777.566218
-911.873542
-680.959195
-37.697798
706.883159
1105.092595
881.247054
216.779238
-197.924080
-82.466906
101.322064
106.034602
303.961185
789.352569
954.291389
478.325080
-160.223778
-539.583064
-678.602926
-414.700814
299.248648
777.571225
289.823572
-711.590690
-1109.800126
-742.222185
-417.057083
-537.226795
-544.295601
51.840418
633.838825
197.929087
-1083.881168
-1682.373457
-749.290991
647.976438
1060.323487
551.369415
148.447441
11.783848
-311.024985
-581.995903
-70.685562
930.728700
1286.525297
735.158385
58.909225
-164.936316
-117.810939
30.633999
393.499402
732.802116
697.458084
367.580444
49.484149
-172.005123
-268.612146
-54.191680
369.936713
558.438221
388.786864
124.884753
-42.410336
-143.729896
-98.960788
183.791474
492.462694
579.644641
551.369415
501.887769
348.730294
155.516248
256.835808
744.583461
1156.930510
1036.760798
619.701212
464.187467
530.162995
249.767002
-650.327700
-1562.203745
-1385.483581
287.467303
2172.482385
1946.280575
-852.966821
-3517.906892
-3294.061351
-909.517273
746.939730
768.146149
384.074326
9.427579
-1128.650276
-2589.536965
-2540.055319
-673.890388
1093.311251
1241.756188
273.329690
-577.283365
-914.229811
-893.023391
-516.020375
176.722667
852.971828
1088.598713
829.409139
327.523874
-87.179444
-186.142736
0.002504
292.179841
546.656877
723.377041
754.008536
487.750156
-124.879746
-666.821582
-501.882762
226.204313
565.507028
94.253258
-450.044847
-428.838427
-285.106028
-506.595300
-655.040237
-313.381254
32.990267
-160.223778
-516.020375
-475.963805
-237.980650
-214.417962
-292.174834
-106.029595
230.916851
273.329690
25.921461
-98.960788
37.702805
209.710431
303.961185
355.799100
369.936713
351.086562
320.455067
256.835808
141.378635
127.241022
322.811336
480.681349
332.236412
89.540720
65.978031
136.666097
63.621763
2.358772
169.653861
344.017756
223.848044
-42.410336
-120.167208
11.783848
207.354162
388.786864
424.130897
216.779238
54.196687
280.398497
692.745546
737.514654
386.430595
240.341926
598.494792
1027.335723
1013.198110
501.887769
-186.142736
-867.104434
-1444.390303
-1321.864322
179.078936
2181.907460
2177.194923
-697.453077
-3628.651528
-3423.656138
-794.060100
1015.554379
862.396903
202.641625
-183.786467
-1034.399522
-2217.246486
-2269.084401
-817.622788
685.676739
1001.416766
395.855671
-358.150362
-916.586080
-1029.686985
-525.445450
230.916851
652.688975
695.101815
680.964202
598.494792
240.341926
-242.693188
-362.862900
18.852654
549.013146
862.396903
836.477946
551.369415
110.747140
-329.875136
-560.789483
-516.020375
-195.567811
400.568208
1008.485572
857.684366
-520.732913
-2085.295430
-2035.813784
-174.361391
1498.589493
1253.537533
-252.118264
-1262.957601
-1199.338342
-709.234421
-228.555575
320.455067
765.789880
713.951966
146.091172
-478.320073
-678.602926
-320.450060
405.280746
966.072733
911.878549
402.924477
42.415343
44.771612
94.253258
98.965795
282.754766
610.276136
744.583461
551.369415
212.066700
-127.236014
-344.012749
-226.199306
209.710431
610.276136
622.057480
329.880143
14.140117
-230.911844
-398.206932
-313.381254
252.123271
1015.554379
1208.768425
525.450457
-365.219168
-560.789483
87.184451
921.303625
1274.743952
1069.748562
614.988674
160.228785
-348.725287
-1032.043254
-1500.940755
-881.242047
984.922884
2497.647486
1526.864720
-1552.778670
-3612.157646
-2556.549201
30.633999
1317.156792
805.846451
-58.904218
-534.870526
-1041.468329
-1597.547778
-1552.778670
-732.797109
249.767002
756.364805
605.563598
-108.385864
-961.355188
-1215.832224
-544.295601
381.718058
683.320471
433.555972
339.305218
508.956576
379.361789
-193.211542
-579.639634
-266.255877
468.900005
975.497808
900.097205
381.718058
-202.636618
-530.157988
-525.445450
-287.462296
56.552956
407.637015
570.219566
301.604917
-417.057083
-1121.581470
-1171.063116
-402.919470
492.462694
664.470320
77.759376
-607.914860
-784.635024
-516.020375
-193.211542
16.496385
146.091172
252.123271
294.536110
155.516248
-134.304821
-329.875136
-162.580047
278.042228
591.425985
584.357179
362.867907
120.172215
-9.422572
-4.710034
103.678333
245.054464
374.649251
454.762392
398.211939
139.022366
-204.992887
-315.737523
-63.616755
245.054464
299.248648
174.366399
129.597290
157.872517
110.747140
0.002504
-77.754369
-70.685562
108.390871
492.462694
822.340333
711.595697
139.022366
-320.450060
-139.017359
468.900005
876.534516
749.295998
256.835808
-315.737523
-805.841444
-921.298618
-306.312447
817.627795
1460.889192
732.802116
-947.217575
-2047.595129
-1566.916283
-115.454670
942.510044
909.522280
70.690569
-867.104434
-1305.370440
-1024.974447
-344.012749
77.759376
9.427579
-188.499005
-183.786467
-143.729896
-315.737523
-499.526493
-388.781857
-40.054067
228.560582
254.479540
160.228785
65.978031
18.852654
0.002504
-40.054067
-75.398100
-7.066303
212.066700
468.900005
511.312844
186.147743
-311.024985
-551.364408
-311.024985
169.653861
454.762392
372.292982
54.196687
-313.381254
-485.388880
-313.381254
103.678333
372.292982
214.422969
-129.592283
-273.324683
-160.223778
11.783848
110.747140
127.241022
101.322064
70.690569
56.552956
77.759376
77.759376
61.265494
70.690569
87.184451
110.747140
124.884753
143.734903
131.953559
51.840418
-16.491378
32.990267
134.309828
143.734903
73.046838
14.140117
16.496385
47.127881
51.840418
37.702805
32.990267
32.990267
47.127881
61.265494
35.346536
0.002504
23.565192
96.609526
127.241022
91.896989
49.484149
63.621763
155.516248
226.204313
204.997894
98.965795
-35.341529
-47.122874
96.609526
282.754766
308.673723
108.390871
-157.867510
-261.543339
-164.936316
-23.560185
94.253258
200.285356
207.354162
23.565192
-289.818565
-468.894998
-341.656480
-37.697798
162.585054
146.091172
-35.341529
-254.474532
-393.494395
-358.150362
-176.717660
-32.985260
-23.560185
-98.960788
-164.936316
-160.223778
-139.017359
-143.729896
-157.867510
-179.073929
-174.361391
-91.891982
44.771612
110.747140
9.427579
-179.073929
-259.187070
-174.361391
-21.203916
70.690569
96.609526
35.346536
-77.754369
-160.223778
-176.717660
-113.098401
0.002504
108.390871
113.103408
7.071310
-115.454670
-174.361391
-129.592283
-9.422572
115.459677
150.803710
70.690569
-40.054067
-65.973024
2.358772
87.184451
120.172215
96.609526
68.334300
42.415343
35.346536
42.415343
61.265494
106.034602
122.528484
94.253258
42.415343
9.427579
28.277730
75.403107
117.815946
110.747140
40.059074
-14.135110
25.921461
108.390871
110.747140
47.127881
47.127881
68.334300
44.771612
30.633999
61.265494
84.828182
65.978031
40.059074
54.196687
89.540720
108.390871
82.471913
30.633999
44.771612
106.034602
108.390871
68.334300
58.909225
96.609526
131.953559
106.034602
58.909225
56.552956
87.184451
96.609526
61.265494
16.496385
14.140117
35.346536
87.184451
120.172215
77.759376
-30.628992
-84.823175
-40.054067
11.783848
37.702805
47.127881
28.277730
-32.985260
-94.248251
-98.960788
-77.754369
-47.122874
-21.203916
-42.410336
-101.317057
-143.729896
-146.086165
-106.029595
-75.398100
-65.973024
-80.110637
-106.029595
-120.167208
-113.098401
-129.592283
-157.867510
-143.729896
-108.385864
-91.891982
-91.891982
-96.604519
-113.098401
-134.304821
-143.729896
-129.592283
-89.535713
-65.973024
-84.823175
-127.236014
-139.017359
-115.454670
-82.466906
-58.904218
-40.054067
-35.341529
-61.260487
-82.466906
-58.904218
-16.491378
-4.710034
11.783848
44.771612
61.265494
51.840418
7.071310
-30.628992
-21.203916
47.127881
122.528484
113.103408
37.702805
2.358772
40.059074
80.115644
82.471913
84.828182
91.896989
87.184451
61.265494
30.633999
47.127881
87.184451
110.747140
110.747140
82.471913
58.909225
51.840418
49.484149
42.415343
65.978031
98.965795
75.403107
44.771612
56.552956
89.540720
84.828182
63.621763
65.978031
65.978031
42.415343
37.702805
73.046838
82.471913
58.909225
49.484149
51.840418
40.059074
37.702805
47.127881
44.771612
30.633999
30.633999
58.909225
70.690569
58.909225
51.840418
56.552956
44.771612
37.702805
44.771612
35.346536
-4.710034
-37.697798
-25.916454
-16.491378
-44.766605
-80.110637
-80.110637
-61.260487
-65.973024
-77.754369
-98.960788
-124.879746
-141.373628
-162.580047
-155.511241
-120.167208
-80.110637
-77.754369
-131.948552
-174.361391
-148.442434
-82.466906
-49.479142
-77.754369
-115.454670
-124.879746
-101.317057
-44.766605
-18.847647
-35.341529
-70.685562
-75.398100
-32.985260
0.002504
-18.847647
-40.054067
-21.203916
11.783848
7.071310
-18.847647
-9.422572
25.921461
37.702805
32.990267
49.484149
47.127881
16.496385
21.208923
58.909225
82.471913
61.265494
37.702805
42.415343
51.840418
37.702805
56.552956
110.747140
110.747140
70.690569
58.909225
63.621763
44.771612
30.633999
49.484149
77.759376
70.690569
49.484149
54.196687
65.978031
56.552956
28.277730
14.140117
30.633999
49.484149
42.415343
30.633999
30.633999
40.059074
35.346536
14.140117
23.565192
56.552956
65.978031
37.702805
2.358772
9.427579
37.702805
47.127881
42.415343
49.484149
58.909225
44.771612
23.565192
18.852654
21.208923
37.702805
35.346536
4.715041
-9.422572
9.427579
14.140117
-25.916454
-61.260487
-49.479142
-11.778841
4.715041
-23.560185
-73.041831
-89.535713
-82.466906
-73.041831
-40.054067
-4.710034
-11.778841
-73.041831
-139.017359
-143.729896
-103.673326
-61.260487
-28.272723
-44.766605
-87.179444
-103.673326
-101.317057
-120.167208
-115.454670
-63.616755
-21.203916
-18.847647
-49.479142
-87.179444
-117.810939
-115.454670
-75.398100
-32.985260
-9.422572
-4.710034
-21.203916
-42.410336
-68.329293
-63.616755
-25.916454
4.715041
9.427579
-2.353765
2.358772
4.715041
-11.778841
-16.491378
18.852654
56.552956
58.909225
40.059074
9.427579
4.715041
7.071310
28.277730
82.471913
110.747140
108.390871
61.265494
28.277730
32.990267
44.771612
40.059074
35.346536
58.909225
75.403107
65.978031
47.127881
37.702805
23.565192
16.496385
32.990267
70.690569
80.115644
49.484149
11.783848
9.427579
40.059074
58.909225
56.552956
47.127881
42.415343
40.059074
25.921461
18.852654
16.496385
21.208923
30.633999
42.415343
54.196687
49.484149
30.633999
18.852654
18.852654
25.921461
32.990267
47.127881
51.840418
35.346536
30.633999
32.990267
30.633999
18.852654
18.852654
30.633999
40.059074
30.633999
4.715041
-21.203916
-35.341529
-28.272723
0.002504
18.852654
30.633999
2.358772
-42.410336
-63.616755
-47.122874
-23.560185
-23.560185
-25.916454
-16.491378
-11.778841
-56.547949
-89.535713
-65.973024
-28.272723
-18.847647
-23.560185
-44.766605
-70.685562
-94.248251
-82.466906
-56.547949
-61.260487
-65.973024
-54.191680
-51.835411
-77.754369
-94.248251
-75.398100
-61.260487
-56.547949
-70.685562
-96.604519
-98.960788
-82.466906
-73.041831
-54.191680
-40.054067
-40.054067
-35.341529
-42.410336
-42.410336
-25.916454
-14.135110
-2.353765
14.140117
16.496385
-4.710034
-28.272723
-18.847647
11.783848
42.415343
42.415343
16.496385
9.427579
9.427579
9.427579
23.565192
42.415343
51.840418
47.127881
49.484149
49.484149
23.565192
25.921461
44.771612
58.909225
58.909225
44.771612
42.415343
40.059074
35.346536
30.633999
25.921461
30.633999
44.771612
54.196687
42.415343
25.921461
16.496385
9.427579
9.427579
18.852654
28.277730
21.208923
23.565192
28.277730
14.140117
4.715041
23.565192
49.484149
47.127881
35.346536
35.346536
35.346536
25.921461
25.921461
42.415343
65.978031
77.759376
58.909225
32.990267
30.633999
32.990267
32.990267
30.633999
35.346536
42.415343
35.346536
4.715041
-32.985260
-32.985260
-7.066303
-9.422572
-11.778841
-35.341529
-58.904218
-77.754369
-77.754369
-61.260487
-54.191680
-58.904218
-73.041831
-87.179444
-84.823175
-77.754369
-63.616755
-61.260487
-77.754369
-87.179444
-70.685562
-47.122874
-42.410336
-54.191680
-68.329293
-47.122874
-32.985260
-51.835411
-61.260487
-37.697798
-16.491378
-21.203916
-25.916454
-21.203916
-14.135110
-9.422572
-7.066303
2.358772
-9.422572
-14.135110
7.071310
25.921461
30.633999
23.565192
25.921461
35.346536
30.633999
18.852654
28.277730
65.978031
82.471913
51.840418
30.633999
37.702805
44.771612
47.127881
56.552956
75.403107
73.046838
47.127881
14.140117
7.071310
25.921461
54.196687
58.909225
37.702805
32.990267
16.496385
2.358772
21.208923
35.346536
37.702805
25.921461
18.852654
30.633999
30.633999
23.565192
18.852654
9.427579
23.565192
30.633999
21.208923
11.783848
16.496385
28.277730
28.277730
14.140117
11.783848
23.565192
18.852654
-14.135110
-32.985260
-23.560185
11.783848
23.565192
7.071310
-11.778841
-16.491378
-21.203916
-42.410336
-42.410336
-32.985260
-32.985260
-35.341529
-40.054067
-35.341529
-37.697798
-54.191680
-75.398100
-77.754369
-58.904218
-32.985260
-30.628992
-42.410336
-63.616755
-75.398100
-68.329293
-49.479142
-18.847647
-14.135110
-28.272723
-51.835411
-84.823175
-87.179444
-61.260487
-40.054067
-25.916454
-18.847647
-21.203916
-40.054067
-58.904218
-51.835411
-37.697798
-25.916454
-9.422572
11.783848
0.002504
-25.916454
-32.985260
-11.778841
7.071310
9.427579
18.852654
37.702805
37.702805
18.852654
9.427579
9.427579
23.565192
42.415343
58.909225
75.403107
63.621763
35.346536
16.496385
28.277730
49.484149
56.552956
68.334300
68.334300
49.484149
32.990267
30.633999
40.059074
44.771612
54.196687
65.978031
61.265494
51.840418
28.277730
14.140117
21.208923
35.346536
47.127881
61.265494
65.978031
40.059074
9.427579
-7.066303
-2.353765
23.565192
47.127881
40.059074
18.852654
9.427579
-7.066303
-11.778841
2.358772
23.565192
37.702805
30.633999
7.071310
-2.353765
-9.422572
-21.203916
-11.778841
18.852654
32.990267
16.496385
2.358772
-9.422572
-25.916454
-32.985260
-9.422572
14.140117
9.427579
-11.778841
-23.560185
-28.272723
-32.985260
-23.560185
-4.710034
2.358772
-4.710034
-16.491378
-23.560185
-25.916454
-35.341529
-30.628992
4.715041
14.140117
0.002504
-11.778841
-32.985260
-44.766605
-37.697798
-21.203916
-14.135110
-11.778841
-7.066303
-14.135110
-42.410336
-49.479142
-42.410336
-32.985260
-23.560185
-14.135110
-11.778841
-37.697798
-56.547949
-63.616755
-63.616755
-47.122874
-30.628992
-11.778841
-11.778841
-32.985260
-51.835411
-54.191680
-40.054067
-21.203916
-2.353765
14.140117
16.496385
-4.710034
-32.985260
-30.628992
11.783848
40.059074
44.771612
44.771612
25.921461
14.140117
-11.778841
-18.847647
11.783848
44.771612
49.484149
47.127881
23.565192
-2.353765
-14.135110
-4.710034
18.852654
30.633999
32.990267
28.277730
7.071310
-9.422572
-4.710034
7.071310
14.140117
32.990267
40.059074
28.277730
7.071310
-14.135110
-14.135110
2.358772
23.565192
21.208923
7.071310
-2.353765
-7.066303
-16.491378
-18.847647
-4.710034
14.140117
7.071310
-11.778841
-9.422572
-4.710034
-9.422572
-4.710034
11.783848
18.852654
25.921461
28.277730
18.852654
9.427579
-2.353765
0.002504
16.496385
37.702805
44.771612
32.990267
11.783848
0.002504
0.002504
7.071310
11.783848
7.071310
11.783848
4.715041
-16.491378
-28.272723
-37.697798
-30.628992
-7.066303
16.496385
0.002504
-35.341529
-49.479142
-47.122874
-35.341529
-21.203916
-9.422572
4.715041
-4.710034
-7.066303
-14.135110
-21.203916
-11.778841
2.358772
9.427579
11.783848
14.140117
9.427579
2.358772
0.002504
-9.422572
0.002504
11.783848
9.427579
16.496385
16.496385
2.358772
-7.066303
-4.710034
7.071310
23.565192
23.565192
25.921461
14.140117
-11.778841
-25.916454
-7.066303
21.208923
42.415343
40.059074
14.140117
4.715041
-2.353765
-16.491378
-2.353765
18.852654
32.990267
28.277730
7.071310
4.715041
-2.353765
0.002504
0.002504
9.427579
23.565192
23.565192
7.071310
-16.491378
-21.203916
-14.135110
2.358772
18.852654
21.208923
14.140117
7.071310
0.002504
-21.203916
-30.628992
-7.066303
14.140117
9.427579
2.358772
-7.066303
-18.847647
-14.135110
-9.422572
0.002504
9.427579
16.496385
14.140117
-14.135110
-35.341529
-37.697798
-25.916454
-7.066303
0.002504
0.002504
0.002504
-23.560185
-44.766605
-40.054067
-23.560185
2.358772
2.358772
-4.710034
-18.847647
-40.054067
-42.410336
-32.985260
-25.916454
0.002504
14.140117
0.002504
-18.847647
-49.479142
-58.904218
-35.341529
-2.353765
23.565192
9.427579
-4.710034
-21.203916
-40.054067
-35.341529
-18.847647
0.002504
21.208923
21.208923
7.071310
-11.778841
-21.203916
-18.847647
2.358772
23.565192
35.346536
30.633999
9.427579
-7.066303
-14.135110
-9.422572
14.140117
42.415343
47.127881
32.990267
11.783848
-14.135110
-9.422572
4.715041
21.208923
32.990267
28.277730
21.208923
16.496385
2.358772
-11.778841
-9.422572
9.427579
28.277730
28.277730
11.783848
-2.353765
-2.353765
-4.710034
0.002504
9.427579
21.208923
28.277730
14.140117
-2.353765
-9.422572
4.715041
14.140117
18.852654
25.921461
30.633999
16.496385
-4.710034
-7.066303
2.358772
11.783848
18.852654
25.921461
35.346536
18.852654
-7.066303
-9.422572
-2.353765
14.140117
23.565192
11.783848
4.715041
-4.710034
-9.422572
-4.710034
-4.710034
4.715041
16.496385
4.715041
-9.422572
-14.135110
-7.066303
7.071310
14.140117
9.427579
16.496385
16.496385
7.071310
-16.491378
-11.778841
9.427579
9.427579
21.208923
23.565192
4.715041
-7.066303
-9.422572
-7.066303
2.358772
18.852654
14.140117
2.358772
4.715041
9.427579
9.427579
9.427579
4.715041
16.496385
18.852654
9.427579
0.002504
-4.710034
4.715041
4.715041
-9.422572
-11.778841
-11.778841
-16.491378
-4.710034
4.715041
-14.135110
-35.341529
-32.985260
-21.203916
-9.422572
-11.778841
-21.203916
-30.628992
-42.410336
-40.054067
-28.272723
-9.422572
0.002504
-4.710034
-28.272723
-47.122874
-40.054067
-16.491378
-7.066303
-2.353765
9.427579
7.071310
-14.135110
-28.272723
-32.985260
-32.985260
-25.916454
-11.778841
9.427579
7.071310
-14.135110
-37.697798
-47.122874
-30.628992
0.002504
16.496385
16.496385
0.002504
-32.985260
-37.697798
-14.135110
9.427579
18.852654
16.496385
7.071310
4.715041
-14.135110
-37.697798
-28.272723
4.715041
37.702805
28.277730
-7.066303
-23.560185
-18.847647
-7.066303
7.071310
4.715041
9.427579
11.783848
7.071310
4.715041
-2.353765
9.427579
16.496385
11.783848
18.852654
35.346536
30.633999
0.002504
-2.353765
18.852654
21.208923
23.565192
40.059074
42.415343
21.208923
2.358772
2.358772
18.852654
25.921461
18.852654
18.852654
9.427579
11.783848
14.140117
9.427579
4.715041
4.715041
0.002504
0.002504
-2.353765
0.002504
-9.422572
-14.135110
4.715041
23.565192
9.427579
-18.847647
-23.560185
-4.710034
9.427579
18.852654
30.633999
28.277730
11.783848
9.427579
32.990267
37.702805
18.852654
4.715041
0.002504
7.071310
16.496385
16.496385
-9.422572
-2.353765
18.852654
-4.710034
-37.697798
-14.135110
42.415343
58.909225
30.633999
-7.066303
-28.272723
-28.272723
-28.272723
-30.628992
-11.778841
21.208923
37.702805
7.071310
-23.560185
-14.135110
-2.353765
-23.560185
-32.985260
-4.710034
30.633999
23.565192
4.715041
0.002504
4.715041
-4.710034
-4.710034
-2.353765
-21.203916
-37.697798
-30.628992
-4.710034
9.427579
11.783848
14.140117
11.783848
-4.710034
-16.491378
-30.628992
-28.272723
0.002504
4.715041
-23.560185
-37.697798
-30.628992
-14.135110
-7.066303
-16.491378
-4.710034
30.633999
54.196687
32.990267
-2.353765
-37.697798
-65.973024
-70.685562
-35.341529
30.633999
94.253258
96.609526
70.690569
2.358772
-358.150362
-808.197713
-612.627398
402.924477
1385.488588
963.716464
-685.671732
-1484.446873
-511.307837
900.097205
1112.161402
-2.353765
-895.379660
-501.882762
452.406123
744.583461
73.046838
-744.578454
-711.590690
122.528484
791.708838
610.276136
-197.924080
-732.797109
-398.206932
299.248648
525.450457
141.378635
-311.024985
-275.680952
110.747140
299.248648
96.609526
-273.324683
-362.862900
-54.191680
266.260884
294.536110
98.965795
-47.122874
-42.410336
-9.422572
25.921461
56.552956
-103.673326
-301.599909
-209.705424
117.815946
353.442831
204.997894
-131.948552
-204.992887
-65.973024
25.921461
-9.422572
-65.973024
68.334300
332.236412
372.292982
77.759376
-228.555575
-209.705424
-40.054067
-157.867510
-348.725287
-18.847647
685.676739
723.377041
-287.462296
-1093.306244
-523.089182
695.101815
881.247054
-65.973024
-577.283365
47.127881
652.688975
219.135507
-586.708441
-638.546355
-14.135110
480.681349
501.887769
254.479540
-68.329293
-362.862900
-438.263503
-153.154972
268.617153
421.774628
162.585054
-150.798703
-117.810939
98.965795
115.459677
-101.317057
-221.486769
-127.236014
2.358772
141.378635
266.260884
200.285356
-63.616755
-285.106028
-275.680952
-47.122874
183.791474
219.135507
84.828182
-23.560185
-49.479142
-77.754369
-101.317057
-54.191680
49.484149
73.046838
2.358772
2.358772
82.471913
63.621763
-87.179444
-164.936316
-61.260487
63.621763
106.034602
96.609526
37.702805
-91.891982
-143.729896
-11.778841
82.471913
30.633999
-21.203916
-37.697798
-37.697798
11.783848
58.909225
0.002504
-89.535713
-75.398100
32.990267
89.540720
14.140117
-87.179444
-87.179444
-32.985260
-28.272723
-63.616755
-44.766605
28.277730
21.208923
-80.110637
-103.673326
-9.422572
58.909225
21.208923
-51.835411
-40.054067
16.496385
30.633999
35.346536
49.484149
14.140117
-82.466906
-106.029595
-9.422572
58.909225
37.702805
9.427579
0.002504
-35.341529
-87.179444
-82.466906
7.071310
122.528484
124.884753
-7.066303
-110.742132
-65.973024
16.496385
21.208923
7.071310
40.059074
58.909225
30.633999
9.427579
-2.353765
-25.916454
-58.904218
-65.973024
-11.778841
70.690569
106.034602
51.840418
-54.191680
-117.810939
-75.398100
23.565192
47.127881
-4.710034
-4.710034
42.415343
61.265494
9.427579
-51.835411
-65.973024
-7.066303
51.840418
23.565192
-25.916454
11.783848
73.046838
28.277730
-42.410336
-7.066303
28.277730
-32.985260
-61.260487
61.265494
150.803710
73.046838
-35.341529
-58.904218
-32.985260
-35.341529
-11.778841
44.771612
54.196687
30.633999
21.208923
2.358772
-25.916454
-42.410336
-40.054067
-2.353765
58.909225
75.403107
25.921461
-28.272723
-9.422572
25.921461
-11.778841
-51.835411
9.427579
91.896989
82.471913
44.771612
32.990267
-2.353765
-40.054067
-18.847647
32.990267
61.265494
54.196687
11.783848
-40.054067
-28.272723
23.565192
30.633999
-11.778841
-11.778841
49.484149
70.690569
23.565192
-23.560185
-47.122874
-28.272723
28.277730
56.552956
2.358772
-44.766605
-28.272723
16.496385
49.484149
30.633999
-16.491378
-65.973024
-73.041831
-4.710034
58.909225
37.702805
-23.560185
-30.628992
-9.422572
-9.422572
-18.847647
-32.985260
-47.122874
-35.341529
16.496385
54.196687
2.358772
-68.329293
-58.904218
-14.135110
-2.353765
2.358772
-4.710034
-18.847647
-21.203916
-21.203916
-40.054067
-40.054067
-23.560185
-25.916454
-37.697798
0.002504
44.771612
-2.353765
-82.466906
-63.616755
-11.778841
-11.778841
-18.847647
-2.353765
0.002504
-32.985260
-54.191680
-28.272723
-4.710034
-14.135110
-32.985260
-21.203916
2.358772
21.208923
0.002504
-37.697798
-54.191680
-25.916454
35.346536
35.346536
-4.710034
-28.272723
-30.628992
0.002504
44.771612
61.265494
28.277730
11.783848
42.415343
49.484149
7.071310
9.427579
47.127881
40.059074
21.208923
40.059074
58.909225
40.059074
14.140117
21.208923
42.415343
51.840418
30.633999
11.783848
16.496385
42.415343
30.633999
-14.135110
-11.778841
37.702805
63.621763
32.990267
-7.066303
-2.353765
18.852654
16.496385
-4.710034
2.358772
16.496385
0.002504
-14.135110
-16.491378
-7.066303
-9.422572
-21.203916
-18.847647
-7.066303
-9.422572
-40.054067
-54.191680
-11.778841
16.496385
-18.847647
-49.479142
-21.203916
-16.491378
-51.835411
-56.547949
-23.560185
7.071310
-18.847647
-68.329293
-63.616755
-32.985260
-23.560185
-25.916454
-21.203916
-7.066303
-11.778841
-32.985260
-49.479142
-44.766605
-23.560185
-16.491378
-9.422572
-7.066303
-9.422572
7.071310
0.002504
-21.203916
-32.985260
-7.066303
28.277730
44.771612
49.484149
40.059074
7.071310
-7.066303
-4.710034
0.002504
23.565192
37.702805
49.484149
56.552956
54.196687
40.059074
16.496385
25.921461
65.978031
65.978031
35.346536
63.621763
91.896989
63.621763
23.565192
35.346536
68.334300
65.978031
51.840418
61.265494
75.403107
68.334300
30.633999
16.496385
44.771612
70.690569
68.334300
42.415343
14.140117
-2.353765
11.783848
25.921461
18.852654
4.715041
-7.066303
-7.066303
-4.710034
-2.353765
-21.203916
-68.329293
-63.616755
-21.203916
0.002504
-14.135110
-58.904218
-91.891982
-91.891982
-80.110637
-63.616755
-54.191680
-56.547949
-54.191680
-80.110637
-110.742132
-101.317057
-82.466906
-51.835411
-37.697798
-65.973024
-80.110637
-75.398100
-68.329293
-77.754369
-84.823175
-80.110637
-56.547949
-35.341529
-32.985260
-47.122874
-70.685562
-82.466906
-77.754369
-68.329293
-40.054067
-23.560185
-11.778841
-7.066303
-18.847647
-9.422572
7.071310
11.783848
7.071310
-7.066303
-7.066303
18.852654
47.127881
54.196687
32.990267
-2.353765
0.002504
14.140117
11.783848
11.783848
37.702805
75.403107
89.540720
94.253258
94.253258
63.621763
25.921461
32.990267
68.334300
84.828182
87.184451
87.184451
84.828182
89.540720
77.759376
56.552956
49.484149
58.909225
75.403107
89.540720
94.253258
96.609526
87.184451
44.771612
9.427579
23.565192
54.196687
68.334300
56.552956
30.633999
2.358772
-14.135110
-2.353765
9.427579
0.002504
-11.778841
7.071310
23.565192
14.140117
-9.422572
-49.479142
-80.110637
-75.398100
-44.766605
-16.491378
-14.135110
-42.410336
-49.479142
-30.628992
-32.985260
-54.191680
-56.547949
-35.341529
-28.272723
-63.616755
-77.754369
-61.260487
-54.191680
-49.479142
-49.479142
-58.904218
-80.110637
-91.891982
-75.398100
-37.697798
-11.778841
-23.560185
-44.766605
-56.547949
-54.191680
-42.410336
-40.054067
-28.272723
-9.422572
-7.066303
-4.710034
-4.710034
-11.778841
-28.272723
-30.628992
-9.422572
11.783848
30.633999
21.208923
4.715041
9.427579
9.427579
-2.353765
0.002504
28.277730
51.840418
54.196687
58.909225
68.334300
61.265494
32.990267
16.496385
37.702805
61.265494
77.759376
65.978031
44.771612
32.990267
23.565192
30.633999
61.265494
75.403107
63.621763
54.196687
35.346536
16.496385
30.633999
40.059074
42.415343
44.771612
35.346536
23.565192
21.208923
11.783848
2.358772
-7.066303
-7.066303
9.427579
4.715041
-9.422572
-9.422572
-4.710034
-25.916454
-30.628992
-18.847647
-11.778841
-23.560185
-37.697798
-32.985260
-25.916454
-25.916454
-21.203916
-9.422572
-14.135110
-42.410336
-70.685562
-63.616755
-40.054067
-21.203916
-25.916454
-56.547949
-65.973024
-61.260487
-63.616755
-58.904218
-37.697798
-25.916454
-37.697798
-54.191680
-42.410336
-23.560185
-28.272723
-49.479142
-47.122874
-28.272723
-2.353765
4.715041
-23.560185
-61.260487
-56.547949
-11.778841
14.140117
16.496385
7.071310
-11.778841
-16.491378
-11.778841
-7.066303
14.140117
14.140117
-7.066303
7.071310
37.702805
42.415343
25.921461
11.783848
11.783848
30.633999
37.702805
30.633999
35.346536
42.415343
32.990267
37.702805
49.484149
40.059074
28.277730
14.140117
32.990267
56.552956
54.196687
42.415343
32.990267
32.990267
40.059074
44.771612
44.771612
51.840418
49.484149
30.633999
16.496385
28.277730
42.415343
21.208923
11.783848
35.346536
30.633999
7.071310
-7.066303
4.715041
