8.438073
-0.007859
2.807451
-0.007859
-2.823170
2.807451
-0.007859
8.438073
-0.007859
-0.007859
5.622762
-5.638481
-0.007859
2.807451
-2.823170
-0.007859
-5.638481
-8.453792
-5.638481
-2.823170
-11.269103
-11.269103
-5.638481
-11.269103
-16.899725
-8.453792
-11.269103
-2.823170
-8.453792
-11.269103
-5.638481
-8.453792
-8.453792
-5.638481
-8.453792
-14.084414
-8.453792
-8.453792
-14.084414
-11.269103
-8.453792
-2.823170
-2.823170
-11.269103
-14.084414
-2.823170
-5.638481
-14.084414
-8.453792
-5.638481
-11.269103
-8.453792
-2.823170
-2.823170
-0.007859
-2.823170
-8.453792
-2.823170
-5.638481
-2.823170
-2.823170
-5.638481
-2.823170
-0.007859
-5.638481
-11.269103
-11.269103
-11.269103
-14.084414
-8.453792
-5.638481
-11.269103
-8.453792
-8.453792
-8.453792
-2.823170
-11.269103
-5.638481
-2.823170
-14.084414
-11.269103
-5.638481
-5.638481
-5.638481
-2.823170
-0.007859
-0.007859
-0.007859
-0.007859
-5.638481
-8.453792
2.807451
2.807451
-0.007859
2.807451
2.807451
2.807451
8.438073
2.807451
2.807451
5.622762
5.622762
-0.007859
2.807451
8.438073
11.253384
8.438073
8.438073
14.068695
14.068695
2.807451
8.438073
5.622762
-2.823170
5.622762
14.068695
8.438073
8.438073
8.438073
2.807451
11.253384
11.253384
2.807451
2.807451
5.622762
11.253384
8.438073
2.807451
5.622762
5.622762
5.622762
5.622762
11.253384
11.253384
14.068695
14.068695
11.253384
14.068695
8.438073
8.438073
14.068695
-0.007859
-2.823170
2.807451
8.438073
5.622762
-0.007859
5.622762
16.884006
5.622762
-5.638481
16.884006
8.438073
-2.823170
16.884006
14.068695
2.807451
5.622762
8.438073
8.438073
-2.823170
5.622762
8.438073
2.807451
14.068695
14.068695
11.253384
-0.007859
8.438073
2.807451
-8.453792
2.807451
5.622762
2.807451
5.622762
2.807451
-0.007859
14.068695
8.438073
2.807451
5.622762
2.807451
5.622762
-0.007859
2.807451
5.622762
-0.007859
2.807451
-0.007859
-5.638481
2.807451
8.438073
-11.269103
-8.453792
14.068695
2.807451
-5.638481
2.807451
-0.007859
-5.638481
-8.453792
-0.007859
-5.638481
-16.899725
-19.715036
-16.899725
-11.269103
-25.345657
-22.530347
-22.530347
-30.976279
-28.160968
-19.715036
-22.530347
-33.791590
-19.715036
-11.269103
-22.530347
-25.345657
-11.269103
-5.638481
-22.530347
-28.160968
-19.715036
-14.084414
-25.345657
-19.715036
2.807451
-14.084414
-28.160968
-2.823170
-2.823170
-25.345657
-28.160968
-0.007859
5.622762
-22.530347
-8.453792
8.438073
-16.899725
-16.899725
11.253384
2.807451
-16.899725
-0.007859
16.884006
-5.638481
-19.715036
8.438073
14.068695
-5.638481
-8.453792
5.622762
2.807451
-14.084414
-2.823170
2.807451
-19.715036
-14.084414
8.438073
2.807451
-8.453792
-0.007859
16.884006
8.438073
-11.269103
2.807451
11.253384
8.438073
-8.453792
8.438073
30.960560
5.622762
-2.823170
28.145249
25.329939
-2.823170
2.807451
16.884006
11.253384
14.068695
28.145249
22.514628
14.068695
33.775871
36.591182
8.438073
19.699317
42.221804
16.884006
2.807451
8.438073
11.253384
14.068695
2.807451
-2.823170
8.438073
14.068695
-0.007859
5.622762
14.068695
5.622762
-5.638481
14.068695
16.884006
-5.638481
2.807451
22.514628
5.622762
-11.269103
22.514628
28.145249
-19.715036
-8.453792
30.960560
19.699317
-22.530347
-0.007859
30.960560
-8.453792
-11.269103
30.960560
11.253384
-30.976279
16.884006
33.775871
-42.237523
-25.345657
50.667737
-2.823170
-61.944699
16.884006
50.667737
-36.606901
-25.345657
39.406493
-8.453792
-50.683455
16.884006
28.145249
-47.868145
-16.899725
47.852426
-25.345657
-47.868145
39.406493
14.068695
-64.760010
-5.638481
59.113669
-30.976279
-64.760010
22.514628
16.884006
-47.868145
-8.453792
25.329939
-22.530347
-22.530347
8.438073
-11.269103
-28.160968
-11.269103
-2.823170
-2.823170
-14.084414
-19.715036
11.253384
-16.899725
-56.314077
25.329939
47.852426
-73.205943
-33.791590
81.636156
2.807451
-84.467186
14.068695
76.005535
-30.976279
-64.760010
25.329939
28.145249
-28.160968
-5.638481
2.807451
-25.345657
2.807451
19.699317
-25.345657
-28.160968
25.329939
8.438073
-25.345657
-2.823170
-2.823170
-0.007859
11.253384
-28.160968
-50.683455
28.145249
42.221804
-73.205943
-47.868145
90.082089
25.329939
-121.066228
-19.715036
126.681131
-11.269103
-135.142782
47.852426
118.235198
-92.913119
-78.836564
123.865820
28.145249
-123.881539
33.775871
118.235198
-78.836564
-84.467186
126.681131
42.221804
-152.034647
22.514628
166.095483
-47.868145
-112.620295
101.343333
101.343333
-109.804984
-50.683455
137.942374
22.514628
-123.881539
36.591182
146.388307
-59.129388
-92.913119
118.235198
64.744291
-121.066228
-2.823170
121.050509
-45.052834
-90.097808
101.343333
64.744291
-98.543741
-5.638481
118.235198
-8.453792
-78.836564
59.113669
67.559602
-42.237523
-11.269103
76.005535
8.438073
-67.575321
42.221804
87.266778
-47.868145
-42.237523
78.820846
2.807451
-39.422212
61.928980
-25.345657
-64.760010
129.496442
33.775871
-197.079622
50.667737
225.217012
-118.250917
-188.633689
171.726105
129.496442
-180.187756
-30.976279
157.649550
-42.237523
-50.683455
126.681131
-42.237523
-123.881539
168.910794
101.343333
-247.755218
-14.084414
304.045717
-90.097808
-273.093016
199.879214
185.802659
-270.277705
-64.760010
301.230406
-47.868145
-275.908327
149.203618
213.955768
-174.557135
-115.435606
163.280172
36.591182
-104.174362
8.438073
36.591182
-36.606901
25.329939
53.483047
-76.021253
-59.129388
146.388307
36.591182
-197.079622
36.591182
225.217012
-121.066228
-213.971487
166.095483
101.343333
-233.678663
-33.791590
166.095483
-78.836564
-126.696849
61.928980
-25.345657
-101.359051
101.343333
-11.269103
-261.831772
56.298358
278.707919
-194.264311
-320.953301
191.433281
208.325146
-202.710243
-154.849958
112.604576
39.406493
-67.575321
8.438073
-28.160968
-90.097808
39.406493
98.528022
-73.205943
-137.958093
59.113669
92.897400
-73.205943
-70.390632
45.037115
19.699317
-53.498766
53.483047
84.451467
-157.665269
-73.205943
267.446675
36.591182
-312.507368
22.514628
270.261986
-64.760010
-163.295891
70.374913
16.884006
-47.868145
104.158644
-5.638481
-202.710243
61.928980
250.554810
-129.512160
-222.417420
182.987348
84.451467
-185.818378
64.744291
92.897400
-132.327471
36.591182
106.973954
-76.021253
25.329939
67.559602
-129.512160
42.221804
219.586390
-137.958093
-194.264311
208.325146
129.496442
-140.773404
19.699317
59.113669
-73.205943
168.910794
157.649550
-270.277705
-59.129388
357.536624
39.406493
-211.156176
8.438073
90.082089
104.158644
59.113669
-208.340865
-98.543741
301.230406
84.451467
-329.399234
-19.715036
309.676338
-64.760010
-239.309285
166.095483
152.018929
-247.755218
-22.530347
289.969162
-84.467186
-219.602109
143.572996
106.973954
-84.467186
36.591182
-28.160968
-76.021253
197.063903
95.712711
-264.647083
-42.237523
278.707919
5.622762
-213.971487
28.145249
135.127063
-45.052834
-36.606901
90.082089
-19.715036
-140.773404
33.775871
228.032323
-53.498766
-301.246125
73.190224
326.568204
-101.359051
-309.692057
129.496442
152.018929
-163.295891
30.960560
70.374913
-205.525554
39.406493
284.338540
-168.926513
-275.908327
250.554810
166.095483
-270.277705
-67.575321
211.140457
-25.345657
-143.588715
50.667737
36.591182
-19.715036
-5.638481
-95.728430
39.406493
112.604576
-146.404026
-67.575321
168.910794
-61.944699
-106.989673
132.311752
-50.683455
-129.512160
129.496442
-5.638481
-168.926513
81.636156
112.604576
-126.696849
-70.390632
112.604576
25.329939
-84.467186
14.068695
19.699317
-73.205943
53.483047
84.451467
-160.480580
-59.129388
185.802659
-90.097808
-154.849958
182.987348
11.253384
-242.124596
76.005535
222.401701
-168.926513
-225.232731
194.248592
180.172038
-216.786798
-177.372445
171.726105
154.834240
-163.295891
-154.849958
157.649550
132.311752
-137.958093
-137.958093
45.037115
160.464861
36.591182
-236.493974
-95.728430
318.122271
118.235198
-357.552342
-87.282497
377.243800
11.253384
-329.399234
70.374913
247.739499
-98.543741
-160.480580
104.158644
118.235198
-67.575321
-92.913119
59.113669
112.604576
-14.084414
-87.282497
-33.791590
135.127063
92.897400
-168.926513
-19.715036
168.910794
-36.606901
-14.084414
22.514628
-135.142782
132.311752
182.987348
-225.232731
-64.760010
242.108877
16.884006
-149.219337
19.699317
123.865820
-33.791590
-84.467186
84.451467
70.374913
-76.021253
-36.606901
123.865820
22.514628
-137.958093
47.852426
166.095483
-90.097808
-132.327471
191.433281
76.005535
-202.710243
76.005535
115.419887
-112.620295
70.374913
28.145249
-213.971487
129.496442
340.644758
-287.169570
-346.291099
532.085899
289.969162
-610.930323
-135.142782
512.378723
95.712711
-298.430814
-163.295891
157.649550
304.045717
-59.129388
-382.890140
50.667737
340.644758
-42.237523
-188.633689
-70.390632
109.789265
219.586390
-163.295891
-256.201150
267.446675
199.879214
-323.768612
-95.728430
343.460069
11.253384
-312.507368
36.591182
225.217012
-25.345657
-152.034647
-30.976279
87.266778
47.852426
8.438073
-98.543741
-101.359051
202.694525
118.235198
-273.093016
-64.760010
236.478255
-8.453792
-104.174362
-36.606901
-87.282497
171.726105
129.496442
-433.565736
-92.913119
563.054319
-90.097808
-616.560944
174.541416
481.410303
-264.647083
-377.259519
194.248592
109.789265
-140.773404
73.190224
-109.804984
-225.232731
337.829447
154.834240
-532.101618
-25.345657
470.149059
-197.079622
-309.692057
256.185432
22.514628
-259.016461
219.586390
157.649550
-422.304493
-50.683455
444.811261
-39.422212
-385.705451
16.884006
270.261986
104.158644
-163.295891
-289.984881
168.910794
399.766287
-270.277705
-323.768612
267.446675
160.464861
-95.728430
-78.836564
-185.818378
121.050509
422.288774
-261.831772
-591.223146
368.797867
712.265796
-492.687265
-802.371463
647.513645
743.234216
-760.141800
-554.624105
720.711728
351.906002
-540.547550
-236.493974
391.320354
228.032323
-233.678663
-236.493974
163.280172
337.829447
-121.066228
-422.304493
180.172038
548.977764
-281.538948
-532.101618
532.085899
411.027531
-602.484390
-47.868145
568.684940
-202.710243
-261.831772
371.613178
-47.868145
-295.615503
301.230406
143.572996
-309.692057
-11.269103
261.816053
14.068695
-318.137990
67.559602
388.505043
-273.093016
-270.277705
385.689733
115.419887
-349.106410
-90.097808
439.180639
67.559602
-627.822188
143.572996
686.927998
-351.921721
-540.547550
425.104085
357.536624
-250.570529
-180.187756
59.113669
163.280172
76.005535
-76.021253
-135.142782
-2.823170
275.892608
-59.129388
-399.782006
281.523230
343.460069
-509.579130
-197.079622
571.500251
115.419887
-548.993483
-115.435606
498.302168
115.419887
-456.088224
-180.187756
495.486857
140.757685
-636.268121
121.050509
594.022738
-422.304493
-343.475788
478.594992
109.789265
-354.737032
-61.944699
208.325146
109.789265
-219.602109
-59.129388
152.018929
-137.958093
98.528022
160.464861
-371.628897
-61.944699
441.995950
-59.129388
-385.705451
76.005535
267.446675
-56.314077
-211.156176
45.037115
81.636156
-73.205943
47.852426
-0.007859
-146.404026
2.807451
239.293566
-14.084414
-427.935115
109.789265
520.824655
-340.660477
-470.164778
624.991158
132.311752
-816.448018
385.689733
667.220822
-830.524572
-329.399234
940.305978
-64.760010
-838.970505
323.752893
540.531831
-427.935115
-205.525554
394.135665
-143.588715
-298.430814
430.734707
14.068695
-540.547550
320.937582
351.906002
-487.056643
-106.989673
475.779681
-101.359051
-453.272913
306.861028
349.090691
-478.610711
-191.449000
534.901210
-78.836564
-456.088224
380.059111
81.636156
-492.687265
371.613178
340.644758
-630.637499
-73.205943
686.927998
-225.232731
-515.209752
444.811261
191.433281
-413.858560
59.113669
211.140457
-8.453792
-16.899725
-289.984881
84.451467
588.392117
-399.782006
-518.025063
619.360536
208.325146
-470.164778
47.852426
219.586390
-87.282497
-78.836564
202.694525
50.667737
-484.241332
154.834240
695.373930
-425.119804
-644.714053
543.347142
639.067713
-523.655685
-582.777214
540.531831
515.194033
-515.209752
-419.489182
706.635174
180.172038
-844.601126
427.919396
650.328956
-864.308303
-45.052834
853.031340
-534.916929
-422.304493
838.954786
-70.390632
-777.033665
467.333748
574.315562
-608.115012
-270.277705
548.977764
87.266778
-391.336073
-45.052834
332.198826
188.617970
-391.336073
-391.336073
830.508853
309.676338
-1342.911154
256.185432
1382.309788
-729.173380
-1038.857578
960.013154
641.883024
-1052.934132
8.438073
799.540433
-650.344675
-56.314077
824.878231
-641.898742
-534.916929
892.445693
180.172038
-788.294909
22.514628
602.468671
-109.804984
-442.011669
152.018929
335.014136
-121.066228
-425.119804
157.649550
695.373930
-430.750426
-813.632707
757.310770
706.635174
-858.677681
-591.223146
782.648568
484.225614
-591.223146
-458.903534
309.676338
554.608386
-219.602109
-653.159986
230.847634
540.531831
-337.845166
-394.151384
354.721313
19.699317
-273.093016
149.203618
-118.250917
-104.174362
281.523230
-177.372445
-304.061436
250.554810
213.955768
-261.831772
-337.845166
289.969162
394.135665
-458.903534
-320.953301
419.473463
256.185432
-365.998275
-416.673871
408.212220
447.626572
-506.763820
-394.151384
371.613178
394.135665
-216.786798
-523.655685
143.572996
582.761495
-160.480580
-548.993483
154.834240
402.581598
-121.066228
-275.908327
25.329939
281.523230
81.636156
-534.916929
-8.453792
855.846651
-289.984881
-965.659495
487.040925
1033.211237
-670.051851
-1083.902552
1021.949994
777.017946
-1213.406853
-137.958093
1038.841859
-503.948509
-540.547550
886.815071
-73.205943
-900.907344
594.022738
689.743309
-914.983899
-95.728430
965.643776
-554.624105
-571.515970
813.616988
236.478255
-822.078639
-53.498766
875.553827
-70.390632
-715.096825
199.879214
720.711728
-202.710243
-689.759027
532.085899
512.378723
-670.051851
-64.760010
509.563412
-67.575321
-183.003067
-36.606901
81.636156
230.847634
-106.989673
-264.647083
239.293566
104.158644
-239.309285
129.496442
76.005535
-121.066228
-0.007859
-42.237523
95.712711
208.325146
-188.633689
-394.151384
377.243800
484.225614
-551.808794
-278.723638
546.162453
14.068695
-233.678663
135.127063
-140.773404
5.622762
382.874422
-216.786798
-371.628897
357.536624
292.784473
-408.227938
-171.741824
374.428489
42.221804
-225.232731
-84.467186
59.113669
388.505043
-225.232731
-667.236540
686.927998
540.531831
-1075.456619
-230.863352
1244.359554
-171.741824
-1266.897760
610.914604
844.585408
-774.218354
-301.246125
534.901210
-67.575321
-247.755218
298.415095
-143.588715
-439.196358
489.856235
439.180639
-895.276722
-315.322679
1295.035150
-191.449000
-1387.956128
672.851443
1165.530849
-1075.456619
-799.556152
1351.341368
59.113669
-1269.713071
686.927998
886.815071
-1272.528382
-343.475788
1630.057146
-458.903534
-1503.383875
1120.485875
982.535641
-1430.185792
-416.673871
1480.845669
-123.881539
-1266.897760
461.703127
830.508853
-526.470996
-532.101618
439.180639
495.486857
-574.331281
-551.808794
889.630382
368.797867
-1081.087241
-76.021253
892.445693
-126.696849
-633.452810
146.388307
501.117479
-360.367653
-402.597317
692.558620
76.005535
-808.002085
132.311752
723.527039
-211.156176
-715.096825
394.135665
453.257194
-532.101618
-36.606901
464.518437
-267.462394
-377.259519
413.842841
295.599784
-354.737032
-450.457602
337.829447
717.896418
-591.223146
-563.070037
644.698334
199.879214
-225.232731
-239.309285
-50.683455
487.040925
-132.327471
-261.831772
219.586390
-14.084414
-53.498766
-59.129388
323.752893
-126.696849
-472.980089
639.067713
84.451467
-543.362861
180.172038
216.771079
112.604576
-323.768612
-357.552342
943.121289
67.559602
-1418.924548
782.648568
1238.728932
-1311.942734
-684.128406
1371.048544
281.523230
-1154.285324
78.820846
830.508853
-137.958093
-731.988691
360.351935
853.031340
-889.646101
-622.191566
1331.634192
312.491649
-1638.518797
273.077297
1720.147094
-996.627914
-1083.902552
1123.301186
382.874422
-554.624105
-121.066228
-95.728430
332.198826
518.009344
-639.083431
-436.381047
726.342350
304.045717
-613.745633
-292.800192
551.793075
315.306960
-495.502576
-354.737032
596.838049
185.802659
-481.426022
118.235198
-112.620295
67.559602
602.468671
-534.916929
-706.650893
909.337558
622.175847
-1204.960920
-228.048041
1188.053336
-261.831772
-627.822188
396.950976
-121.066228
59.113669
461.703127
-627.822188
-351.921721
926.229423
216.771079
-1354.172397
273.077297
1672.286809
-1216.222164
-1202.145609
1689.178675
518.009344
-1497.753253
-236.493974
1221.837067
132.311752
-1050.118821
-152.034647
1005.058128
-16.899725
-1199.330299
487.040925
1075.440901
-1159.915946
-706.650893
1556.859063
-14.084414
-1632.888176
639.067713
1126.116497
-884.015479
-762.957111
712.265796
610.914604
-788.294909
-565.885348
931.860045
228.032323
-1030.411645
259.000742
670.036132
-579.961903
-87.282497
377.243800
-259.016461
-180.187756
337.829447
73.190224
-506.763820
129.496442
430.734707
-323.768612
-163.295891
225.217012
28.145249
-284.354259
101.343333
472.964370
-498.317887
-301.246125
703.819863
5.622762
-568.700659
-70.390632
644.698334
146.388307
-979.736049
115.419887
1140.193051
-616.560944
-1052.934132
1247.174865
503.932790
-1776.469031
478.594992
1734.223649
-1342.911154
-1233.114029
1689.178675
717.896418
-1585.027890
-416.673871
1449.877249
146.388307
-1280.974314
329.383515
869.923206
-655.975297
-337.845166
926.229423
-152.034647
-982.551360
647.513645
892.445693
-760.141800
-954.398251
1131.747118
892.445693
-1559.690092
-101.359051
1449.877249
-427.935115
-929.060453
655.959578
729.157661
-802.371463
-526.470996
999.427507
318.122271
-1162.731257
143.572996
1213.391134
-858.677681
-816.448018
1455.507871
59.113669
-1568.136025
554.608386
1311.927015
-670.051851
-1179.623122
706.635174
1173.976782
-1005.073847
-771.403043
1261.251419
132.311752
-1216.222164
641.883024
931.860045
-1202.145609
-368.813586
1458.323182
-39.422212
-1613.180999
439.180639
1649.764322
-757.326489
-1503.383875
847.400718
1402.016964
-1010.704469
-1075.456619
1227.467689
382.874422
-1266.897760
444.811261
1092.332766
-1221.852786
-672.867162
1708.885851
-8.453792
-1813.068073
698.189241
1463.953803
-1117.686283
-1052.934132
1317.557637
672.851443
-1615.996310
-22.530347
1607.534659
-805.186774
-1309.127423
1514.629399
746.049526
-2204.396286
216.771079
2283.209272
-1233.114029
-1768.023098
1914.403546
872.738516
-2179.058488
143.572996
1841.205463
-785.479598
-1475.230766
1283.773906
875.553827
-1711.716881
154.834240
1331.634192
-844.601126
-650.344675
906.522247
180.172038
-816.448018
149.203618
534.901210
-281.538948
-287.169570
236.478255
222.401701
-332.214544
-140.773404
354.721313
112.604576
-219.602109
-433.565736
413.842841
560.239008
-985.366671
-129.512160
1154.269605
-470.164778
-954.398251
717.896418
698.189241
-844.601126
-484.241332
850.216029
247.739499
-813.632707
-47.868145
813.616988
-382.890140
-599.669079
827.693542
-90.097808
-701.020271
565.869629
-19.715036
-267.462394
458.887816
-349.106410
-298.430814
605.283982
-64.760010
-382.890140
337.829447
-244.939907
-185.818378
762.941392
-199.894933
-760.141800
275.892608
816.432299
-264.647083
-1086.717863
582.761495
1255.620798
-1112.055661
-1157.100635
1813.052354
543.347142
-2035.477633
306.861028
1661.025566
-689.759027
-1196.514988
909.337558
841.770097
-1064.195376
-447.642291
1292.219839
-33.791590
-1252.821205
579.946184
833.324164
-644.714053
-487.056643
563.054319
267.446675
-442.011669
84.451467
185.802659
-264.647083
115.419887
368.797867
-275.908327
-405.412628
298.415095
726.342350
-484.241332
-1176.807811
1219.021756
1154.269605
-1925.680508
-813.632707
2466.204480
377.243800
-2775.904397
298.415095
2505.618833
-731.988691
-1821.514005
779.833257
1238.728932
-636.268121
-923.429831
706.635174
788.279190
-1027.596334
-416.673871
1233.098310
25.329939
-1078.271930
135.127063
929.044734
-180.187756
-695.389649
284.338540
320.937582
-292.800192
182.987348
281.523230
-810.817396
-5.638481
1334.449502
-416.673871
-1489.307320
644.698334
1601.904037
-1002.258536
-1573.766647
1545.597819
1224.652378
-1827.144627
-875.569546
1925.664789
616.545225
-2004.509213
-216.786798
1846.836084
-199.894933
-1404.847994
402.581598
892.445693
-461.718845
-388.520762
394.135665
-25.345657
-309.692057
447.626572
104.158644
-881.200168
371.613178
869.923206
-886.830790
-515.209752
1089.517455
-61.944699
-1216.222164
503.932790
1120.485875
-951.582940
-912.168588
1258.436108
261.816053
-1390.771439
439.180639
1050.103103
-1052.934132
-596.853768
1182.422714
174.541416
-1033.226956
-292.800192
985.350952
447.626572
-1272.528382
-298.430814
1278.143285
-8.453792
-1086.717863
154.834240
807.986366
-298.430814
-439.196358
168.910794
50.667737
250.554810
78.820846
-670.051851
-101.359051
1097.963388
-84.467186
-1478.046077
461.703127
1585.012172
-737.619313
-1646.964730
1083.886833
1559.674374
-1503.383875
-1033.226956
1706.070540
121.050509
-1449.892968
757.310770
582.761495
-929.060453
225.217012
436.365329
-411.043249
-152.034647
509.563412
-39.422212
-768.587732
664.405511
472.964370
-1126.132215
95.712711
1323.188259
-568.700659
-1402.032683
1097.963388
1182.422714
-1337.280532
-740.434623
1354.156679
213.955768
-996.627914
126.681131
574.315562
14.068695
-281.538948
-135.142782
284.338540
95.712711
-19.715036
152.018929
-610.930323
377.243800
878.369138
-1036.042267
-509.579130
1337.264813
219.586390
-1677.933150
475.779681
1517.444710
-1272.528382
-591.223146
1368.233233
-233.678663
-940.321697
712.265796
275.892608
-701.020271
408.212220
396.950976
-734.804002
-112.620295
1095.148077
-287.169570
-1306.312112
1066.994968
1066.994968
-1751.131233
-365.998275
1998.862872
-425.119804
-1717.347502
1007.873439
1131.747118
-1204.960920
-470.164778
979.720330
112.604576
-560.254727
-273.093016
326.568204
602.468671
-503.948509
-658.790608
796.725122
343.460069
-751.695867
-185.818378
557.423697
219.586390
-698.204960
-0.007859
610.914604
-123.881539
-343.475788
-197.079622
441.995950
363.167245
-630.637499
-548.993483
855.846651
498.302168
-1033.226956
-76.021253
616.545225
47.852426
-281.538948
-413.858560
301.230406
703.819863
-681.313095
-799.556152
1134.562429
441.995950
-1112.055661
-118.250917
661.590200
61.928980
-180.187756
-391.336073
-132.327471
858.661962
-50.683455
-990.997293
273.077297
892.445693
-306.876746
-760.141800
87.266778
667.220822
275.892608
-1112.055661
30.960560
1334.449502
-695.389649
-895.276722
954.382532
430.734707
-1216.222164
202.694525
962.828465
-864.308303
-67.575321
726.342350
-639.083431
-199.894933
900.891625
-329.399234
-962.844184
723.527039
602.468671
-740.434623
-205.525554
487.040925
160.464861
-529.286307
-92.913119
841.770097
-267.462394
-1033.226956
585.576806
917.783491
-810.817396
-653.159986
1058.549035
140.757685
-1131.762837
467.333748
909.337558
-971.290116
-518.025063
1261.251419
90.082089
-1396.402061
261.816053
1742.669581
-878.384857
-1737.054679
1641.318389
1145.823673
-2117.121649
-225.232731
2280.393961
-976.920738
-1793.360896
2122.736552
757.310770
-2539.418282
422.288774
2283.209272
-1179.623122
-1886.266156
1821.498286
1168.346160
-2142.459447
50.667737
1734.223649
-788.294909
-1069.825998
1185.238025
427.919396
-1385.140817
259.000742
1402.016964
-709.466204
-1365.433641
1289.404528
1286.589217
-1897.527399
-838.970505
2316.993003
28.145249
-2317.008722
957.197843
1807.421732
-1655.410663
-931.875764
1981.971007
42.221804
-1976.356104
886.815071
1551.228441
-1624.442243
-706.650893
1900.326991
-81.651875
-1675.117839
630.621780
1382.309788
-968.474806
-1143.024081
1345.710746
810.801677
-1782.099653
-53.498766
2046.723158
-985.366671
-1666.671906
1844.020774
816.432299
-2243.810639
261.816053
2038.277225
-1261.267138
-1289.420247
1948.187276
256.185432
-2038.292944
900.891625
1311.927015
-1523.091051
-230.863352
1413.278207
-655.975297
-867.123614
1005.058128
444.811261
-1002.258536
-256.201150
1069.810279
-157.665269
-875.569546
450.441883
582.761495
-650.344675
-427.935115
1196.499269
-129.512160
-1497.753253
1193.683958
906.522247
-1956.648928
22.514628
1990.416940
-467.349467
-1984.802037
608.099293
2150.889661
-1179.623122
-1894.712088
1860.912639
619.360536
-2007.324524
698.189241
1233.098310
-1311.942734
-605.299701
1424.539451
309.676338
-1959.464239
208.325146
2114.290619
-1005.073847
-1590.658512
895.261004
1204.945201
-712.281515
-1196.514988
1176.792093
492.671546
-1399.217372
289.969162
1036.026548
-847.416437
-636.268121
1525.890643
-436.381047
-1601.919756
1621.611213
996.612196
-2277.594369
-332.214544
2801.226476
-892.461412
-2725.228801
2184.673391
1874.989193
-2694.260381
-892.461412
2623.861890
28.145249
-2255.071882
793.909812
1413.278207
-1362.618330
-256.201150
1143.008362
-292.800192
-757.326489
306.861028
743.234216
-554.624105
-701.020271
982.535641
371.613178
-1286.604936
509.563412
982.535641
-1204.960920
-109.804984
1171.161471
-351.921721
-1109.240350
548.977764
1264.066730
-912.168588
-1033.226956
1162.715538
565.869629
-951.582940
-301.246125
819.247610
351.906002
-1005.073847
11.253384
1359.787300
-762.957111
-940.321697
1461.138492
-70.390632
-1190.884366
796.725122
568.684940
-791.110219
-205.525554
917.783491
-230.863352
-912.168588
993.796885
259.000742
-1210.591542
411.027531
909.337558
-458.903534
-1030.411645
596.838049
1452.692560
-1427.370481
-1137.393459
2204.380567
36.591182
-1993.247970
1019.134683
1114.855253
-1590.658512
121.050509
1556.859063
-1393.586750
-622.191566
2097.398754
-509.579130
-2193.135043
1585.012172
1844.020774
-2559.125458
-819.263328
2908.208290
-368.813586
-2649.215407
1494.922223
1790.529867
-2164.981934
-425.119804
1829.944219
-470.164778
-1328.834599
799.540433
1159.900227
-1314.758045
-701.020271
1762.376758
-360.367653
-1525.906362
1393.571031
518.009344
-1793.360896
447.626572
1545.597819
-889.646101
-1247.190584
1030.395926
971.274398
-1210.591542
-551.808794
1092.332766
2.807451
-579.961903
239.293566
-45.052834
-213.971487
312.491649
98.528022
-335.029855
-160.480580
264.631364
306.861028
-484.241332
-168.926513
723.527039
-329.399234
-625.006877
526.455277
399.766287
-532.101618
-123.881539
464.518437
-304.061436
-5.638481
346.275380
-554.624105
126.681131
563.054319
-602.484390
-143.588715
568.684940
-135.142782
-242.124596
36.591182
5.622762
50.667737
84.451467
-225.232731
-222.417420
627.806469
-30.976279
-878.384857
574.315562
591.207427
-869.938924
-208.340865
717.896418
-152.034647
-343.475788
250.554810
-45.052834
-25.345657
140.757685
-191.449000
95.712711
59.113669
-329.399234
439.180639
-70.390632
-681.313095
858.661962
273.077297
-1230.298718
292.784473
1210.575823
-616.560944
-1086.717863
765.756703
962.828465
-1052.934132
-650.344675
1351.341368
64.744291
-1067.010687
304.045717
594.022738
-349.106410
-211.156176
458.887816
-289.984881
-391.336073
805.171055
106.973954
-850.231748
213.955768
692.558620
-154.849958
-720.727447
106.973954
886.815071
-484.241332
-571.515970
1030.395926
-385.705451
-951.582940
1432.985384
278.707919
-1787.730275
377.243800
1714.516473
-881.200168
-1421.739859
1461.138492
802.355744
-1646.964730
171.726105
1283.773906
-962.844184
-371.628897
1157.084916
-563.070037
-743.249934
1072.625590
182.987348
-1213.406853
560.239008
1089.517455
-1402.032683
-433.565736
1773.638001
-422.304493
-1556.874782
1066.994968
1148.638984
-1523.091051
-594.038457
1855.282017
-45.052834
-1697.640326
563.054319
1140.193051
-653.159986
-816.448018
822.062920
546.162453
-1199.330299
199.879214
1078.256211
-813.632707
-495.502576
836.139475
-25.345657
-529.286307
194.248592
425.104085
-143.588715
-577.146592
270.261986
616.545225
-529.286307
-444.826980
796.725122
182.987348
-1061.380065
182.987348
1371.048544
-808.002085
-1292.235558
1520.260021
681.297376
-1821.514005
19.699317
1874.989193
-729.173380
-1576.581958
1328.818881
858.661962
-1449.892968
115.419887
1055.733724
-1010.704469
-228.048041
1162.715538
-515.209752
-779.848976
788.279190
244.924188
-968.474806
177.356727
878.369138
-444.826980
-836.155194
253.370121
1021.949994
-298.430814
-1427.370481
698.189241
1337.264813
-1162.731257
-1075.456619
1371.048544
568.684940
-1444.262346
126.681131
962.828465
-563.070037
-222.417420
394.135665
-405.412628
2.807451
692.558620
-371.628897
-872.754235
427.919396
1058.549035
-270.277705
-1545.613538
337.829447
1911.588235
-909.353277
-1356.987708
1097.963388
275.892608
-523.655685
264.631364
-233.678663
-180.187756
796.725122
-98.543741
-1126.132215
228.032323
1238.728932
-287.169570
-1238.744651
250.554810
1027.580615
-137.958093
-740.434623
213.955768
278.707919
-306.876746
408.212220
-284.354259
-754.511178
1199.314580
368.797867
-1675.117839
461.703127
1483.660980
-1002.258536
-819.263328
1072.625590
278.707919
-1112.055661
349.090691
1038.841859
-875.569546
-467.349467
847.400718
109.789265
-332.214544
-45.052834
-81.651875
228.032323
489.856235
-442.011669
-717.912136
872.738516
619.360536
-929.060453
-123.881539
557.423697
33.775871
-239.309285
-70.390632
64.744291
106.973954
61.928980
-320.953301
168.910794
411.027531
-292.800192
-363.182964
152.018929
427.919396
84.451467
-577.146592
-340.660477
982.535641
140.757685
-1216.222164
605.283982
1185.238025
-1171.177190
-917.799210
1559.674374
253.370121
-1472.415455
487.040925
819.247610
-647.529364
-188.633689
498.302168
-146.404026
-191.449000
396.950976
-194.264311
-610.930323
484.225614
886.815071
-990.997293
-962.844184
1697.624607
557.423697
-1956.648928
-19.715036
1765.192069
-425.119804
-1503.383875
703.819863
1143.008362
-754.511178
-830.524572
636.252402
602.468671
-425.119804
-402.597317
98.528022
284.338540
47.852426
-306.876746
-90.097808
368.797867
81.636156
-478.610711
2.807451
458.887816
-143.588715
-340.660477
59.113669
109.789265
222.401701
-199.894933
-360.367653
464.518437
104.158644
-529.286307
149.203618
436.365329
-233.678663
-444.826980
123.865820
433.550018
-180.187756
-478.610711
298.415095
554.608386
-413.858560
-630.637499
574.315562
585.576806
-802.371463
-475.795400
937.490667
42.221804
-813.632707
368.797867
422.288774
-399.782006
-208.340865
197.063903
-28.160968
230.847634
140.757685
-976.920738
157.649550
1314.742326
-633.452810
-1151.470013
1052.918413
715.081107
-1328.834599
-64.760010
1010.688750
-315.322679
-501.133198
140.757685
242.108877
180.172038
-267.462394
-467.349467
633.437091
368.797867
-836.155194
-22.530347
594.022738
-61.944699
-233.678663
11.253384
-244.939907
349.090691
577.130873
-827.709261
-363.182964
945.936600
45.037115
-774.218354
242.108877
658.774889
-630.637499
-532.101618
974.089709
154.834240
-740.434623
385.689733
177.356727
-518.025063
171.726105
461.703127
-377.259519
-225.232731
670.036132
-236.493974
-554.624105
608.099293
422.288774
-563.070037
-337.845166
534.901210
64.744291
-492.687265
219.586390
388.505043
-284.354259
-281.538948
425.104085
273.077297
-427.935115
-90.097808
230.847634
-129.512160
-14.084414
292.784473
-163.295891
-309.692057
523.639966
64.744291
-554.624105
453.257194
126.681131
-670.051851
216.771079
670.036132
-289.984881
-579.961903
365.982556
501.117479
-185.818378
-526.470996
188.617970
520.824655
-422.304493
-396.966695
492.671546
284.338540
-382.890140
-132.327471
284.338540
225.217012
-242.124596
-287.169570
191.433281
261.816053
36.591182
-405.412628
-213.971487
489.856235
126.681131
-427.935115
377.243800
256.185432
-723.542758
-30.976279
419.473463
-22.530347
-118.250917
14.068695
73.190224
84.451467
22.514628
-264.647083
-45.052834
326.568204
-2.823170
-413.858560
126.681131
320.937582
-329.399234
-160.480580
346.275380
213.955768
-335.029855
-171.741824
98.528022
-28.160968
112.604576
-261.831772
-22.530347
610.914604
-411.043249
-619.376255
746.049526
81.636156
-655.975297
267.446675
-0.007859
-171.741824
323.752893
-332.214544
-380.074830
698.189241
163.280172
-923.429831
61.928980
810.801677
-273.093016
-622.191566
213.955768
332.198826
-95.728430
-154.849958
-84.467186
-143.588715
205.509836
413.842841
-481.426022
-295.615503
785.463879
-101.359051
-838.970505
253.370121
655.959578
-346.291099
-489.871954
503.932790
464.518437
-495.502576
-391.336073
543.347142
11.253384
-503.948509
371.613178
-36.606901
-281.538948
579.946184
-171.741824
-681.313095
582.761495
571.500251
-743.249934
-523.655685
633.437091
484.225614
-678.497784
-394.151384
844.585408
312.491649
-740.434623
-67.575321
596.838049
-177.372445
-323.768612
222.401701
28.145249
143.572996
101.343333
-487.056643
126.681131
757.310770
-304.061436
-692.574338
548.977764
481.410303
-602.484390
-154.849958
526.455277
8.438073
-278.723638
219.586390
236.478255
-253.385840
-76.021253
166.095483
-126.696849
87.266778
197.063903
-430.750426
-157.665269
548.977764
177.356727
-478.610711
-16.899725
661.590200
-205.525554
-757.326489
287.153851
537.716521
-354.737032
-304.061436
548.977764
149.203618
-436.381047
242.108877
194.248592
-461.718845
-123.881539
256.185432
-39.422212
64.744291
360.351935
-295.615503
-368.813586
540.531831
168.910794
-534.916929
106.973954
208.325146
-402.597317
16.884006
464.518437
-16.899725
-191.449000
-14.084414
-104.174362
87.266778
143.572996
-208.340865
-16.899725
180.172038
-363.182964
-177.372445
571.500251
191.433281
-478.610711
-222.417420
396.950976
59.113669
-450.457602
2.807451
273.077297
-5.638481
-219.602109
-59.129388
250.554810
171.726105
-146.404026
-354.737032
-45.052834
464.518437
5.622762
-518.025063
140.757685
306.861028
-259.016461
-42.237523
242.108877
-64.760010
-98.543741
42.221804
-112.620295
8.438073
154.834240
-216.786798
-132.327471
388.505043
8.438073
-371.628897
219.586390
256.185432
-309.692057
-191.449000
76.005535
-11.269103
123.865820
73.190224
-228.048041
115.419887
289.969162
-278.723638
-213.971487
149.203618
-166.111202
47.852426
301.230406
-298.430814
-36.606901
425.104085
-197.079622
-442.011669
259.000742
396.950976
-433.565736
-306.876746
425.104085
76.005535
-304.061436
42.221804
239.293566
28.145249
-101.359051
-135.142782
19.699317
199.879214
-95.728430
-343.475788
70.374913
537.716521
76.005535
-492.687265
-11.269103
380.059111
-244.939907
-267.462394
399.766287
149.203618
-208.340865
-11.269103
-33.791590
-39.422212
323.752893
73.190224
-453.272913
53.483047
374.428489
-208.340865
-171.741824
318.122271
-36.606901
-335.029855
259.000742
242.108877
-278.723638
11.253384
281.523230
-67.575321
-253.385840
64.744291
216.771079
-73.205943
-160.480580
129.496442
225.217012
-90.097808
-90.097808
67.559602
-87.282497
-98.543741
50.667737
112.604576
112.604576
11.253384
-16.899725
25.329939
-143.588715
-67.575321
199.879214
-36.606901
-132.327471
112.604576
115.419887
33.775871
-16.899725
-84.467186
-118.250917
36.591182
247.739499
-14.084414
-363.182964
106.973954
402.581598
-135.142782
-222.417420
95.712711
53.483047
-123.881539
-76.021253
118.235198
106.973954
-61.944699
-112.620295
8.438073
208.325146
90.082089
-304.061436
-98.543741
236.478255
-47.868145
-50.683455
230.847634
-101.359051
-284.354259
199.879214
115.419887
-197.079622
171.726105
106.973954
-318.137990
-25.345657
216.771079
-104.174362
-98.543741
236.478255
36.591182
-233.678663
109.789265
197.063903
-199.894933
-166.111202
177.356727
11.253384
-163.295891
98.528022
81.636156
-76.021253
-16.899725
59.113669
5.622762
-154.849958
-194.264311
8.438073
78.820846
42.221804
22.514628
-132.327471
-81.651875
149.203618
61.928980
-208.340865
-33.791590
98.528022
-256.201150
14.068695
360.351935
-219.602109
-259.016461
368.797867
67.559602
-354.737032
84.451467
216.771079
-225.232731
-194.264311
81.636156
-0.007859
73.190224
211.140457
-81.651875
-225.232731
137.942374
70.374913
-340.660477
39.406493
278.707919
-239.309285
-177.372445
360.351935
304.045717
-132.327471
-250.570529
-132.327471
19.699317
115.419887
-87.282497
-56.314077
208.325146
33.775871
-87.282497
56.298358
73.190224
-19.715036
-163.295891
-174.557135
42.221804
101.343333
70.374913
137.942374
-5.638481
-106.989673
39.406493
-8.453792
-121.066228
56.298358
70.374913
-160.480580
14.068695
292.784473
19.699317
-230.863352
70.374913
171.726105
-123.881539
-42.237523
177.356727
-33.791590
-81.651875
182.987348
28.145249
-78.836564
166.095483
50.667737
-194.264311
-36.606901
166.095483
53.483047
-112.620295
-123.881539
42.221804
236.478255
-0.007859
-225.232731
101.343333
177.356727
-168.926513
-87.282497
163.280172
56.298358
-47.868145
28.145249
61.928980
30.960560
109.789265
8.438073
-135.142782
126.681131
129.496442
-115.435606
56.298358
174.541416
-98.543741
-143.588715
137.942374
135.127063
-140.773404
-121.066228
106.973954
73.190224
-50.683455
-30.976279
95.712711
64.744291
-160.480580
-101.359051
109.789265
2.807451
-76.021253
25.329939
28.145249
53.483047
33.775871
-47.868145
-39.422212
-50.683455
-50.683455
-42.237523
-30.976279
64.744291
-14.084414
-95.728430
166.095483
101.343333
-371.628897
-211.156176
275.892608
-50.683455
-343.475788
149.203618
174.541416
-287.169570
-126.696849
171.726105
11.253384
-177.372445
-183.003067
-84.467186
84.451467
64.744291
-185.818378
-152.034647
104.158644
67.559602
-137.958093
-132.327471
19.699317
-5.638481
-104.174362
-84.467186
123.865820
191.433281
-126.696849
-137.958093
81.636156
-67.575321
-146.404026
64.744291
123.865820
-53.498766
-45.052834
152.018929
174.541416
30.960560
-67.575321
36.591182
157.649550
39.406493
16.884006
219.586390
118.235198
-78.836564
219.586390
289.969162
-81.651875
11.253384
256.185432
53.483047
-30.976279
202.694525
90.082089
-14.084414
270.261986
123.865820
-219.602109
112.604576
354.721313
-78.836564
-166.111202
250.554810
163.280172
-129.512160
84.451467
239.293566
-59.129388
-219.602109
-98.543741
-132.327471
-160.480580
-78.836564
-70.390632
-73.205943
-59.129388
-56.314077
-137.958093
-188.633689
-118.250917
-185.818378
-295.615503
-163.295891
22.514628
-36.606901
-157.665269
-59.129388
25.329939
-112.620295
-185.818378
-118.250917
-81.651875
-126.696849
-225.232731
-154.849958
50.667737
5.622762
-239.309285
-225.232731
19.699317
-36.606901
-211.156176
-101.359051
-0.007859
-67.575321
-87.282497
14.068695
98.528022
73.190224
-33.791590
-56.314077
25.329939
5.622762
-2.823170
67.559602
84.451467
92.897400
132.311752
182.987348
253.370121
320.937582
298.415095
171.726105
14.068695
11.253384
309.676338
492.671546
278.707919
109.789265
236.478255
360.351935
250.554810
188.617970
273.077297
298.415095
239.293566
270.261986
433.550018
472.964370
270.261986
126.681131
205.509836
278.707919
236.478255
230.847634
329.383515
326.568204
160.464861
-163.295891
-929.060453
-1551.244160
-760.141800
577.130873
202.694525
-976.920738
-492.687265
456.072505
-228.048041
-954.398251
-166.111202
126.681131
-1078.271930
-1326.019289
222.401701
1193.683958
456.072505
-374.444208
-149.219337
208.325146
-137.958093
-427.935115
30.960560
236.478255
-408.227938
-613.745633
92.897400
537.716521
216.771079
-326.583923
-675.682473
-650.344675
-470.164778
-478.610711
-405.412628
-50.683455
-45.052834
-427.935115
-76.021253
537.716521
115.419887
-492.687265
-351.921721
-163.295891
-171.741824
98.528022
422.288774
315.306960
101.343333
222.401701
335.014136
264.631364
259.000742
213.955768
115.419887
289.969162
703.819863
723.527039
301.230406
-11.269103
78.820846
343.460069
340.644758
273.077297
411.027531
416.658152
191.433281
219.586390
515.194033
441.995950
174.541416
228.032323
427.919396
515.194033
546.162453
565.869629
512.378723
554.608386
430.734707
-563.070037
-1953.833617
-1872.189601
-90.097808
768.572014
-337.845166
-937.506386
56.298358
312.491649
-867.123614
-996.627914
84.451467
-374.444208
-1965.094861
-1300.681491
1162.715538
1666.656187
56.298358
-506.763820
312.491649
208.325146
-647.529364
-304.061436
622.175847
225.217012
-788.294909
-298.430814
1143.008362
1230.283000
14.068695
-740.434623
-743.249934
-762.957111
-858.677681
-436.381047
90.082089
-250.570529
-822.078639
-382.890140
537.716521
413.842841
-543.362861
-937.506386
-616.560944
-256.201150
36.591182
506.748101
720.711728
270.261986
-76.021253
301.230406
658.774889
315.306960
-163.295891
-163.295891
140.757685
467.333748
762.941392
853.031340
548.977764
225.217012
287.153851
532.085899
346.275380
-199.894933
-343.475788
50.667737
484.225614
692.558620
731.972972
523.639966
112.604576
76.005535
402.581598
470.149059
320.937582
357.536624
563.054319
827.693542
1064.179657
1002.242817
399.766287
-974.105427
-2598.539811
-2488.742686
-118.250917
1314.742326
-205.525554
-1390.771439
-61.944699
574.315562
-912.168588
-1238.744651
45.037115
-512.394441
-2429.621157
-1655.410663
1435.800694
2263.502096
211.140457
-847.416437
87.266778
264.631364
-723.542758
-458.903534
684.112687
264.631364
-1016.335091
-399.782006
1534.336576
1731.408338
104.158644
-903.722655
-641.898742
-546.178172
-1047.303510
-957.213562
-45.052834
219.586390
-743.249934
-1044.488200
222.401701
791.094501
-487.056643
-1311.942734
-574.331281
-121.066228
-472.980089
30.960560
1069.810279
816.432299
-163.295891
-104.174362
641.883024
608.099293
-39.422212
-216.786798
118.235198
430.734707
498.302168
560.239008
777.017946
616.545225
16.884006
-109.804984
498.302168
847.400718
270.261986
-343.475788
-118.250917
408.212220
532.085899
534.901210
684.112687
543.347142
76.005535
123.865820
768.572014
940.305978
478.594992
394.135665
881.184449
1123.301186
895.261004
534.901210
-360.367653
-2164.981934
-2995.498646
-1061.380065
1266.882041
723.527039
-1052.934132
-799.556152
199.879214
-487.056643
-1303.496801
-574.331281
-368.813586
-1773.653720
-1976.356104
419.473463
2331.069557
1280.958596
-563.070037
-627.822188
-30.976279
-402.597317
-602.484390
312.491649
644.698334
-323.768612
-523.655685
948.751911
1838.390152
684.112687
-808.002085
-1013.519780
-636.268121
-785.479598
-1002.258536
-433.565736
230.847634
-140.773404
-884.015479
-548.993483
236.478255
-191.449000
-1210.591542
-1007.889158
-126.696849
-33.791590
-76.021253
641.883024
1005.058128
323.752893
-211.156176
-0.007859
335.014136
363.167245
177.356727
202.694525
515.194033
644.698334
487.040925
456.072505
520.824655
239.293566
-149.219337
28.145249
692.558620
985.350952
532.085899
-92.913119
-135.142782
315.306960
532.085899
518.009344
554.608386
326.568204
50.667737
439.180639
1112.039942
1081.071522
616.545225
644.698334
906.522247
844.585408
692.558620
185.802659
-1483.676698
-3189.755098
-2190.319732
850.216029
1694.809296
-309.692057
-1314.758045
-242.124596
-202.710243
-1590.658512
-1323.203978
123.865820
-625.006877
-2319.824033
-841.785816
2339.515490
2260.686785
-419.489182
-1261.267138
-219.602109
-312.507368
-951.582940
42.221804
1224.652378
444.811261
-731.988691
118.235198
1666.656187
1264.066730
-684.128406
-1565.320714
-805.186774
-354.737032
-765.772421
-594.038457
197.063903
-42.237523
-1050.118821
-917.799210
42.221804
-19.715036
-1019.150402
-1247.190584
-413.858560
166.095483
129.496442
346.275380
816.432299
520.824655
-219.602109
-171.741824
391.320354
396.950976
19.699317
123.865820
577.130873
698.189241
512.378723
382.874422
259.000742
50.667737
-81.651875
33.775871
385.689733
706.635174
695.373930
360.351935
11.253384
-92.913119
132.311752
427.919396
388.505043
225.217012
320.937582
588.392117
799.540433
861.477273
889.630382
945.936600
898.076314
779.833257
785.463879
588.392117
-822.078639
-3003.944579
-3006.759890
76.005535
2114.290619
430.734707
-1354.172397
-442.011669
143.572996
-1326.019289
-1737.054679
-191.449000
-121.066228
-1875.004912
-1421.739859
1745.484892
3018.005415
681.297376
-1463.969522
-979.736049
-115.435606
-503.948509
-323.768612
999.427507
1148.638984
-205.525554
-368.813586
1216.206445
1751.115514
8.438073
-1686.379083
-1494.937942
-467.349467
-92.913119
-166.111202
92.897400
90.082089
-833.339883
-1475.230766
-655.975297
295.599784
-360.367653
-1461.154211
-1005.073847
267.446675
613.729915
405.396909
568.684940
411.027531
-351.921721
-470.164778
388.505043
909.337558
458.887816
-50.683455
112.604576
543.347142
650.328956
391.320354
106.973954
-45.052834
-152.034647
-22.530347
433.550018
785.463879
661.590200
315.306960
188.617970
135.127063
-47.868145
-45.052834
261.816053
506.748101
498.302168
512.378723
692.558620
757.310770
678.482065
686.927998
858.661962
1030.395926
960.013154
664.405511
273.077297
-655.975297
-2314.193411
-2911.039320
-810.817396
1618.795902
1005.058128
-1109.240350
-1143.024081
-191.449000
-968.474806
-1877.820223
-793.925530
22.514628
-1210.591542
-1449.892968
1019.134683
2694.244662
1069.810279
-1171.177190
-1204.960920
-323.768612
-270.277705
-64.760010
957.197843
1252.805487
225.217012
-318.137990
579.946184
1252.805487
208.325146
-1362.618330
-1500.568564
-512.394441
30.960560
59.113669
143.572996
-154.849958
-1109.240350
-1573.766647
-872.754235
-154.849958
-380.074830
-945.952318
-774.218354
39.406493
532.085899
501.117479
332.198826
67.559602
-340.660477
-329.399234
394.135665
957.197843
703.819863
168.910794
95.712711
360.351935
487.040925
357.536624
87.266778
-95.728430
-28.160968
228.032323
509.563412
672.851443
585.576806
304.045717
160.464861
281.523230
230.847634
-73.205943
11.253384
571.500251
793.909812
487.040925
492.671546
892.445693
872.738516
594.022738
765.756703
1103.594009
962.828465
602.468671
616.545225
340.644758
-1323.203978
-3203.831652
-2471.850821
630.621780
1922.849478
-81.651875
-1601.919756
-723.542758
-413.858560
-1753.946544
-1711.716881
-22.530347
-123.881539
-1703.270948
-765.772421
2224.087744
2578.816916
-157.665269
-1748.315922
-833.339883
-47.868145
-236.493974
408.212220
1579.381550
1109.224631
-391.336073
-320.953301
1021.949994
1075.440901
-501.133198
-1568.136025
-1002.258536
47.852426
247.739499
-73.205943
-90.097808
-374.444208
-1416.109237
-1765.207787
-498.317887
374.428489
-540.547550
-1145.839392
-149.219337
594.022738
244.924188
129.496442
374.428489
-0.007859
-450.457602
45.037115
875.553827
1019.134683
470.149059
-70.390632
14.068695
439.180639
441.995950
98.528022
39.406493
188.617970
146.388307
149.203618
487.040925
672.851443
301.230406
-5.638481
351.906002
627.806469
115.419887
-346.291099
171.726105
883.999760
751.680148
360.351935
537.716521
855.846651
726.342350
633.437091
979.720330
1176.792093
869.923206
571.500251
399.766287
-501.133198
-2350.792453
-3248.876626
-1286.604936
1554.043752
1489.291601
-864.308303
-1630.072865
-743.249934
-1052.934132
-1953.833617
-1176.807811
-90.097808
-751.695867
-1131.762837
791.094501
2598.524092
1472.399736
-1114.870972
-1951.018306
-853.047059
129.496442
489.856235
1086.702144
1407.647586
481.410303
-461.718845
95.712711
926.229423
228.032323
-1134.578148
-1311.942734
-382.890140
405.396909
422.288774
-5.638481
-529.286307
-1252.821205
-1815.883383
-1314.758045
-42.237523
335.014136
-405.412628
-610.930323
81.636156
365.982556
61.928980
2.807451
-0.007859
-253.385840
-98.543741
706.635174
1235.913621
850.216029
70.374913
-287.169570
-59.129388
239.293566
312.491649
329.383515
332.198826
225.217012
152.018929
292.784473
450.441883
354.721313
135.127063
177.356727
543.347142
613.729915
70.374913
-242.124596
278.707919
796.725122
684.112687
633.437091
926.229423
892.445693
636.252402
836.139475
1188.053336
1120.485875
822.062920
630.621780
326.568204
-706.650893
-2505.634551
-3164.417300
-903.722655
1931.295411
1430.170073
-1224.668097
-1832.775249
-760.141800
-1154.285324
-2083.337918
-1030.411645
230.847634
-560.254727
-1061.380065
965.643776
2716.767149
1106.409320
-1731.424057
-2108.675716
-498.317887
498.302168
734.788283
1354.156679
1548.413130
323.752893
-723.542758
-76.021253
824.878231
137.942374
-1188.069055
-1165.546568
-14.084414
594.022738
191.433281
-371.628897
-813.632707
-1542.798227
-1996.063280
-1159.915946
216.771079
441.995950
-301.246125
-540.547550
-132.327471
42.221804
-106.989673
-92.913119
47.852426
101.343333
301.230406
847.400718
1199.314580
712.265796
-205.525554
-481.426022
-16.899725
391.320354
456.072505
444.811261
357.536624
129.496442
-11.269103
109.789265
281.523230
284.338540
247.739499
408.212220
641.883024
453.257194
-135.142782
-225.232731
380.059111
703.819863
439.180639
484.225614
1016.319372
1145.823673
779.833257
737.603594
1002.242817
951.567221
672.851443
630.621780
523.639966
-703.835582
-2826.579993
-3155.971367
-160.480580
2533.771942
1047.287792
-1900.342710
-1976.356104
-813.632707
-1390.771439
-1829.959938
-273.093016
532.085899
-900.907344
-1159.915946
1323.188259
2660.460932
368.797867
-2246.625950
-1886.266156
-45.052834
777.017946
1066.994968
1644.133700
1238.728932
-385.705451
-1095.163796
39.406493
1027.580615
216.771079
-1204.960920
-1095.163796
377.243800
962.828465
-45.052834
-923.429831
-912.168588
-1328.834599
-2024.216389
-1131.762837
655.959578
731.972972
-579.961903
-822.078639
-47.868145
28.145249
-377.259519
-109.804984
380.059111
360.351935
377.243800
833.324164
1066.994968
529.270588
-281.538948
-484.241332
47.852426
599.653360
608.099293
351.906002
284.338540
182.987348
-166.111202
-239.309285
216.771079
537.716521
292.784473
250.554810
779.833257
670.036132
-399.782006
-765.772421
259.000742
1024.765305
622.175847
368.797867
906.522247
1176.792093
799.540433
644.698334
943.121289
945.936600
588.392117
551.793075
458.887816
-1007.889158
-3150.340745
-2767.458464
709.450485
2756.181502
526.455277
-2218.472841
-1905.973332
-898.092033
-1475.230766
-1404.847994
188.617970
320.937582
-1190.884366
-698.204960
1872.173882
2378.929843
-323.768612
-2469.035510
-1615.996310
337.829447
1255.620798
1494.922223
1582.196861
751.680148
-762.957111
-1024.781023
365.982556
1126.116497
-42.237523
-1247.190584
-619.376255
709.450485
754.495459
-230.863352
-909.353277
-1317.573356
-1875.004912
-1585.027890
-59.129388
807.986366
30.960560
-703.835582
-408.227938
-143.588715
-304.061436
-154.849958
230.847634
360.351935
487.040925
796.725122
906.522247
619.360536
70.374913
-380.074830
-168.926513
540.531831
810.801677
475.779681
236.478255
166.095483
-208.340865
-461.718845
-81.651875
351.906002
354.721313
399.766287
709.450485
655.959578
5.622762
-565.885348
-543.362861
-0.007859
737.603594
1193.683958
1002.242817
532.085899
456.072505
686.927998
774.202635
740.418905
734.788283
723.527039
743.234216
518.009344
-937.506386
-3113.741704
-2972.976159
275.892608
2440.866682
613.729915
-1911.603954
-1804.622140
-1061.380065
-1615.996310
-1435.816413
185.802659
388.505043
-1100.794417
-782.664287
1708.885851
2322.623625
-289.984881
-2393.022116
-1520.275740
337.829447
1143.008362
1503.368156
1697.624607
686.927998
-954.398251
-1120.501594
315.306960
1106.409320
129.496442
-1052.934132
-658.790608
639.067713
827.693542
-320.953301
-1233.114029
-1402.032683
-1587.843201
-1497.753253
-304.061436
777.017946
202.694525
-909.353277
-836.155194
-205.525554
-188.633689
-225.232731
202.694525
475.779681
467.333748
655.959578
909.337558
684.112687
92.897400
-219.602109
33.775871
602.468671
926.229423
701.004552
230.847634
-39.422212
-166.111202
-256.201150
-30.976279
461.703127
641.883024
453.257194
450.441883
571.500251
278.707919
-183.003067
-295.615503
-168.926513
208.325146
996.612196
1466.769114
968.459087
323.752893
416.658152
692.558620
695.373930
937.490667
1227.467689
957.197843
461.703127
-377.259519
-2224.103462
-3338.966575
-1120.501594
2288.839894
1996.047562
-1306.312112
-2581.647946
-1311.942734
-1010.704469
-1652.595352
-760.141800
475.779681
-292.800192
-1069.825998
698.189241
2435.236060
740.418905
-2297.301546
-2508.449862
-177.372445
1523.075332
1717.331783
1503.368156
892.445693
-475.795400
-1250.005895
-242.124596
1120.485875
796.725122
-667.236540
-993.812604
208.325146
1016.319372
306.861028
-1033.226956
-1894.712088
-1903.158021
-1036.042267
95.712711
453.257194
-154.849958
-945.952318
-1168.361879
-639.083431
101.343333
244.924188
-152.034647
-166.111202
427.919396
940.305978
965.643776
506.748101
-202.710243
-427.935115
222.401701
934.675356
979.720330
577.130873
22.514628
-532.101618
-492.687265
163.280172
427.919396
95.712711
81.636156
456.072505
543.347142
354.721313
194.248592
-84.467186
-244.939907
140.757685
571.500251
557.423697
627.806469
889.630382
639.067713
233.662944
546.162453
999.427507
861.477273
782.648568
1109.224631
1089.517455
444.811261
-768.587732
-2581.647946
-3277.029735
-706.650893
2680.168108
2060.799712
-1573.766647
-2877.255589
-1486.492009
-1131.762837
-1525.906362
-292.800192
796.725122
-413.858560
-1182.438433
827.693542
2333.884868
278.707919
-2533.787660
-2229.734084
247.739499
1841.205463
1990.416940
1604.719348
560.239008
-993.812604
-1359.803019
90.082089
1402.016964
853.031340
-534.916929
-740.434623
213.955768
698.189241
30.960560
-979.736049
-1579.397269
-1683.563772
-1016.335091
394.135665
1055.733724
-230.863352
-1920.049886
-1725.793435
-211.156176
560.239008
382.874422
174.541416
-22.530347
-171.741824
360.351935
1134.562429
844.585408
-247.755218
-523.655685
402.581598
1283.773906
1204.945201
371.613178
-515.209752
-822.078639
-343.475788
453.257194
841.770097
509.563412
-106.989673
-315.322679
39.406493
444.811261
354.721313
-129.512160
-244.939907
399.766287
1143.008362
1005.058128
137.942374
-270.277705
233.662944
909.337558
1089.517455
996.612196
993.796885
979.720330
841.770097
841.770097
892.445693
-25.345657
-2415.544603
-3879.506266
-1435.816413
2815.303031
3170.032203
-844.601126
-3533.223026
-2457.774266
-1120.501594
-1179.623122
-453.272913
813.616988
30.960560
-1418.924548
-115.435606
2198.749946
1131.747118
-2269.148437
-2978.606781
-171.741824
2342.330801
2525.326009
1531.521265
289.969162
-1078.271930
-1562.505403
-205.525554
1649.764322
1630.057146
-143.588715
-1089.533174
-123.881539
802.355744
140.757685
-1103.609728
-1630.072865
-1435.816413
-670.051851
461.703127
883.999760
-199.894933
-1990.432659
-2623.877609
-1196.514988
883.999760
1382.309788
239.293566
-588.407835
-354.737032
112.604576
472.964370
681.297376
259.000742
-326.583923
149.203618
1331.634192
1596.273415
515.194033
-861.492992
-1379.510195
-574.331281
844.585408
1413.278207
734.788283
-163.295891
-487.056643
-323.768612
61.928980
374.428489
180.172038
-261.831772
14.068695
957.197843
1303.481083
653.144267
19.699317
-112.620295
-118.250917
337.829447
1537.151887
2193.119324
1337.264813
233.662944
306.861028
996.612196
982.535641
-385.705451
-2702.706314
-3555.745513
-684.128406
3155.955648
2756.181502
-1342.911154
-3690.880436
-2719.598179
-1461.154211
-805.186774
467.333748
1019.134683
-591.223146
-1731.424057
59.113669
1920.034168
411.027531
-2345.161831
-2204.396286
458.887816
2336.700179
2342.330801
1373.863855
-213.971487
-1731.424057
-1494.937942
641.883024
2257.871474
1511.814089
-371.628897
-1005.073847
-39.422212
748.864837
53.483047
-1241.559962
-1554.059471
-853.047059
-5.638481
650.328956
540.531831
-1007.889158
-2632.323542
-2164.981934
-70.390632
1219.021756
853.031340
-61.944699
-582.777214
-380.074830
349.090691
793.909812
422.288774
-137.958093
36.591182
847.400718
1427.354762
1089.517455
-53.498766
-1024.781023
-869.938924
318.122271
1311.927015
1095.148077
115.419887
-506.763820
-436.381047
-56.314077
309.676338
346.275380
-19.715036
-188.633689
264.631364
760.126081
661.590200
87.266778
-349.106410
8.438073
1036.026548
1545.597819
974.089709
343.460069
456.072505
813.616988
940.305978
1064.179657
1095.148077
149.203618
-2088.968540
-3603.605799
-1599.104445
2426.790128
3046.158524
-813.632707
-3586.713933
-2347.977142
-737.619313
-929.060453
-681.313095
278.707919
-306.876746
-1385.140817
-84.467186
2004.493494
1033.211237
-2131.198203
-2896.962765
-185.818378
2387.375775
2429.605439
1117.670564
-73.205943
-1002.258536
-1128.947526
216.771079
1737.038960
1410.462896
-337.845166
-1050.118821
42.221804
923.414113
160.464861
-1114.870972
-1554.059471
-1269.713071
-439.196358
762.941392
861.477273
-962.844184
-2618.246987
-1920.049886
-8.453792
909.337558
655.959578
30.960560
-563.070037
-532.101618
332.198826
985.350952
540.531831
-259.016461
-199.894933
771.387324
1582.196861
1249.990176
-14.084414
-948.767629
-731.988691
230.847634
1005.058128
1047.287792
337.829447
-557.439416
-670.051851
67.559602
596.838049
275.892608
-239.309285
-152.034647
335.014136
630.621780
515.194033
84.451467
-289.984881
-45.052834
796.725122
1438.616005
1303.481083
599.653360
-16.899725
177.356727
1168.346160
1731.408338
1227.467689
534.901210
-278.723638
-2190.319732
-3420.610591
-906.537966
2927.915466
2342.330801
-1883.450845
-3448.763700
-1382.325506
-332.214544
-1210.591542
-968.474806
166.095483
-264.647083
-1013.519780
385.689733
1880.619815
163.280172
-2753.381910
-2376.130251
889.630382
2818.118341
2001.678183
520.824655
-365.998275
-917.799210
-737.619313
529.270588
1570.935617
920.598802
-588.407835
-782.664287
396.950976
810.801677
-374.444208
-1523.091051
-1404.847994
-695.389649
-14.084414
594.022738
315.306960
-1326.019289
-2654.846029
-1692.009704
602.468671
1416.093518
188.617970
-847.416437
-484.241332
185.802659
430.734707
599.653360
464.518437
-149.219337
-39.422212
1171.161471
1728.593027
686.927998
-675.682473
-1030.411645
-289.984881
878.369138
1331.634192
515.194033
-495.502576
-602.484390
-157.665269
239.293566
523.639966
326.568204
-335.029855
-346.291099
554.608386
1005.058128
340.644758
-405.412628
-281.538948
450.441883
1114.855253
1345.710746
1086.702144
458.887816
-98.543741
168.910794
1255.620798
1894.696370
1295.035150
515.194033
208.325146
-1019.150402
-3085.588595
-2623.877609
1176.792093
3217.892488
357.536624
-2972.976159
-2435.251779
-765.772421
-1207.776231
-1542.798227
-42.237523
554.608386
-720.727447
-692.574338
1185.238025
1176.792093
-1531.536984
-2857.548413
-672.867162
2072.060956
2440.866682
1207.760512
123.865820
-689.759027
-1219.037475
-537.732239
1092.332766
1613.165281
326.568204
-765.772421
-292.800192
487.040925
101.343333
-996.627914
-1585.027890
-1258.451827
-281.538948
650.328956
596.838049
-653.159986
-2035.477633
-2142.459447
-805.186774
610.914604
838.954786
211.140457
-202.710243
-163.295891
-25.345657
225.217012
419.473463
213.955768
166.095483
782.648568
1323.188259
931.860045
-19.715036
-670.051851
-633.452810
70.374913
844.585408
867.107895
259.000742
-230.863352
-354.737032
-247.755218
14.068695
185.802659
123.865820
152.018929
439.180639
563.054319
253.370121
-143.588715
-253.385840
50.667737
748.864837
1416.093518
1328.818881
602.468671
135.127063
298.415095
768.572014
1244.359554
1371.048544
1007.873439
686.927998
87.266778
-1900.342710
-3502.254607
-1311.942734
2660.460932
2483.096346
-1520.275740
-3189.755098
-1452.708279
-720.727447
-1435.816413
-684.128406
518.009344
-267.462394
-1143.024081
332.198826
1714.516473
78.820846
-2426.805847
-2046.738876
788.279190
2629.492512
2063.615023
574.315562
-478.610711
-996.627914
-777.033665
506.748101
1686.363364
1126.116497
-489.871954
-847.416437
287.153851
771.387324
-289.984881
-1514.645118
-1596.289134
-664.421229
436.365329
748.864837
-95.728430
-1441.447035
-2328.269965
-1928.495819
-76.021253
1691.993985
1224.652378
-706.650893
-1168.361879
5.622762
630.621780
416.658152
380.059111
264.631364
104.158644
731.972972
1430.170073
799.540433
-579.961903
-1117.686283
-464.534156
765.756703
1545.597819
853.031340
-610.930323
-1050.118821
-357.552342
197.063903
371.613178
487.040925
197.063903
-236.493974
76.005535
616.545225
230.847634
-419.489182
-90.097808
703.819863
900.891625
779.833257
799.540433
641.883024
382.874422
509.563412
853.031340
1019.134683
1097.963388
1157.084916
883.999760
-267.462394
-2336.715898
-3372.750306
-1019.150402
2646.384377
2474.650413
-1390.771439
-3403.718725
-1970.725482
-844.601126
-1064.195376
-391.336073
532.085899
-346.291099
-1252.821205
166.095483
1615.980591
123.865820
-2342.346520
-1981.986726
833.324164
2623.861890
2032.646603
518.009344
-630.637499
-1199.330299
-808.002085
647.513645
1770.822690
1106.409320
-498.317887
-934.691075
36.591182
594.022738
-289.984881
-1413.293926
-1272.528382
-267.462394
197.063903
-78.836564
-371.628897
-774.218354
-1683.563772
-2001.693902
-548.993483
1320.372948
1326.003570
-132.327471
-864.308303
-391.336073
137.942374
399.766287
723.527039
810.801677
472.964370
337.829447
675.666754
751.680148
121.050509
-636.268121
-591.223146
402.581598
1244.359554
844.585408
-208.340865
-644.714053
-450.457602
-180.187756
253.370121
715.081107
475.779681
-152.034647
-70.390632
427.919396
309.676338
-199.894933
-132.327471
560.239008
1137.377740
1140.193051
619.360536
106.973954
163.280172
613.729915
976.905019
1196.499269
1249.990176
872.738516
413.842841
219.586390
-847.416437
-2989.868025
-2936.377118
867.107895
3544.468551
945.936600
-2964.530227
-3065.881419
-1295.050869
-1092.348485
-943.137008
526.455277
777.017946
-796.740841
-945.952318
909.337558
1165.530849
-1221.852786
-2528.157039
-540.547550
2184.673391
2646.384377
1221.837067
-213.971487
-1036.042267
-1176.807811
-219.602109
1354.156679
1798.975799
425.104085
-971.290116
-633.452810
441.995950
250.554810
-892.461412
-1323.203978
-861.492992
-191.449000
523.639966
630.621780
-740.434623
-2373.314940
-2224.103462
-557.439416
898.076314
1340.080124
689.743309
-579.961903
-1069.825998
-219.602109
737.603594
858.661962
546.162453
329.383515
453.257194
954.382532
1044.472481
112.604576
-858.677681
-695.389649
230.847634
979.720330
1117.670564
427.919396
-760.141800
-1221.852786
-422.304493
484.225614
495.486857
101.343333
-45.052834
8.438073
123.865820
273.077297
197.063903
-146.404026
-213.971487
284.338540
1013.504061
1427.354762
1050.103103
22.514628
-450.457602
335.014136
1334.449502
1475.215047
1044.472481
641.883024
340.644758
-25.345657
-1117.686283
-2750.566599
-2471.850821
712.265796
2823.748963
622.175847
-2530.972349
-2621.062298
-1356.987708
-1323.203978
-1044.488200
458.887816
813.616988
-515.209752
-748.880556
647.513645
740.418905
-1179.623122
-2021.401078
-132.327471
2117.105930
2283.209272
982.535641
-208.340865
-948.767629
-1086.717863
-171.741824
1202.129891
1503.368156
439.180639
-605.299701
-515.209752
73.190224
-87.282497
-900.907344
-1114.870972
-371.628897
349.090691
216.771079
-625.006877
-1396.402061
-1376.694885
-650.344675
-104.174362
-109.804984
-39.422212
323.752893
461.703127
180.172038
-98.543741
-33.791590
225.217012
563.054319
1021.949994
1280.958596
765.756703
-188.633689
-394.151384
219.586390
523.639966
239.293566
115.419887
202.694525
81.636156
-47.868145
14.068695
-90.097808
-332.214544
-180.187756
304.045717
532.085899
287.153851
-98.543741
-267.462394
-95.728430
351.906002
844.585408
951.567221
402.581598
-154.849958
205.509836
1137.377740
1447.061938
805.171055
160.464861
351.906002
1027.580615
1168.346160
667.220822
374.428489
-25.345657
-1742.685300
-3324.890020
-1492.122631
2401.452330
2646.384377
-1503.383875
-4020.271810
-2187.504421
-205.525554
-546.178172
-619.376255
363.167245
-11.269103
-1210.591542
-343.475788
1449.877249
647.513645
-1863.743669
-2004.509213
737.603594
2764.627435
2024.200670
104.158644
-948.767629
-951.582940
-425.119804
599.653360
1551.228441
1159.900227
-487.056643
-1348.541776
-365.998275
661.590200
-33.791590
-1227.483407
-1095.163796
-256.201150
22.514628
-28.160968
-121.066228
-889.646101
-1894.712088
-1655.410663
-157.665269
1131.747118
1227.467689
191.433281
-912.168588
-802.371463
284.338540
898.076314
689.743309
461.703127
399.766287
329.383515
563.054319
816.432299
284.338540
-605.299701
-602.484390
349.090691
1078.256211
802.355744
-149.219337
-872.754235
-771.403043
-76.021253
515.194033
613.729915
304.045717
-152.034647
-371.628897
-90.097808
315.306960
292.784473
50.667737
309.676338
914.968180
976.905019
292.784473
-256.201150
81.636156
929.044734
1331.634192
1013.504061
591.207427
503.932790
467.333748
292.784473
430.734707
760.126081
-205.525554
-2674.553205
-3412.164658
-154.849958
3215.077177
1562.489685
-2860.363724
-3845.722535
-1368.248952
-47.868145
-354.737032
163.280172
489.856235
-940.321697
-1537.167605
605.283982
2086.137510
90.082089
-2297.301546
-1297.866180
1601.904037
2711.136528
1435.800694
-247.755218
-1086.717863
-1005.073847
-76.021253
1233.098310
1697.624607
498.302168
-1221.852786
-1334.465221
137.942374
760.126081
-411.043249
-1390.771439
-875.569546
-109.804984
-90.097808
-199.894933
-292.800192
-1030.411645
-1844.036492
-1219.037475
610.914604
1607.534659
695.373930
-768.587732
-965.659495
-42.237523
678.482065
799.540433
717.896418
470.149059
137.942374
289.969162
791.094501
706.635174
-157.665269
-748.880556
-247.755218
765.756703
1069.810279
332.198826
-554.624105
-768.587732
-391.336073
149.203618
579.946184
582.761495
25.329939
-422.304493
-146.404026
365.982556
408.212220
98.528022
90.082089
551.793075
1005.058128
813.616988
42.221804
-292.800192
374.428489
1202.129891
1311.927015
957.197843
633.437091
354.721313
349.090691
734.788283
960.013154
534.901210
-712.281515
-2666.107272
-3403.718725
-579.961903
3189.739379
2288.839894
-2440.882401
-4177.929220
-1534.352294
259.000742
-354.737032
-287.169570
450.441883
-396.966695
-1235.929340
399.766287
1976.340385
239.293566
-2418.359914
-1776.469031
1435.800694
3079.942254
1711.701162
-444.826980
-1356.987708
-1072.641308
-166.111202
1036.026548
1607.534659
537.716521
-1210.591542
-1424.555170
-14.084414
681.297376
-433.565736
-1590.658512
-1131.762837
101.343333
577.130873
199.879214
-686.943717
-1928.495819
-2218.472841
-450.457602
1466.769114
1140.193051
-270.277705
-630.637499
-413.858560
-289.984881
377.243800
951.567221
360.351935
-87.282497
712.265796
1221.837067
489.856235
-287.169570
-563.070037
-532.101618
233.662944
1179.607403
878.369138
-289.984881
-760.141800
-554.624105
-340.660477
92.897400
537.716521
295.599784
-98.543741
160.464861
408.212220
2.807451
-287.169570
90.082089
509.563412
644.698334
754.495459
703.819863
292.784473
50.667737
441.995950
923.414113
740.418905
374.428489
774.202635
1413.278207
1106.409320
318.122271
230.847634
574.315562
329.383515
-889.646101
-2584.463256
-2826.579993
-5.638481
3063.050389
1686.363364
-2621.062298
-3904.844064
-1621.626932
-191.449000
-332.214544
295.599784
799.540433
-495.502576
-1331.649910
292.784473
1587.827483
-56.314077
-2100.229783
-1064.195376
1776.453312
2778.703989
1306.296394
-484.241332
-1219.037475
-1047.303510
-163.295891
1171.161471
1725.777716
543.347142
-1213.406853
-1404.847994
-78.836564
520.824655
-450.457602
-1297.866180
-774.218354
174.541416
323.752893
-70.390632
-565.885348
-1311.942734
-1798.991518
-900.907344
948.751911
1590.642793
318.122271
-931.875764
-717.912136
104.158644
501.117479
546.162453
433.550018
250.554810
335.014136
681.297376
689.743309
152.018929
-467.349467
-639.083431
-30.976279
934.675356
1016.319372
-84.467186
-954.398251
-664.421229
-39.422212
185.802659
304.045717
323.752893
-0.007859
-157.665269
222.401701
458.887816
115.419887
-197.079622
42.221804
588.392117
971.274398
883.999760
374.428489
106.973954
315.306960
425.104085
368.797867
729.157661
1238.728932
1072.625590
520.824655
326.568204
354.721313
273.077297
439.180639
731.972972
-335.029855
-3026.467066
-3873.875644
-171.741824
3786.585288
1914.403546
-3158.786678
-4107.546448
-1145.839392
160.464861
-472.980089
95.712711
740.418905
-613.745633
-1418.924548
579.946184
2218.457122
292.784473
-2497.188619
-1717.347502
1708.885851
3220.707799
1514.629399
-563.070037
-1137.393459
-926.245142
-326.583923
940.305978
1720.147094
579.946184
-1362.618330
-1601.919756
-67.575321
723.527039
-396.966695
-1593.473823
-1159.915946
70.374913
641.883024
382.874422
-560.254727
-1855.297736
-1967.910172
-230.863352
1278.143285
810.801677
-137.958093
-126.696849
-140.773404
-430.750426
90.082089
788.279190
374.428489
-73.205943
641.883024
1216.206445
608.099293
-256.201150
-602.484390
-492.687265
194.248592
912.152869
599.653360
-211.156176
-447.642291
-481.426022
-579.961903
-56.314077
599.653360
236.478255
-295.615503
211.140457
695.373930
121.050509
-439.196358
-70.390632
472.964370
681.297376
793.909812
664.405511
194.248592
2.807451
354.721313
658.774889
661.590200
591.207427
560.239008
686.927998
900.891625
740.418905
228.032323
126.681131
518.009344
774.202635
740.418905
-123.881539
-2598.539811
-4301.802899
-1469.600144
3392.441763
3215.077177
-1925.680508
-4476.352174
-2060.815431
137.942374
-180.187756
-129.512160
757.310770
92.897400
-1176.807811
-28.160968
2136.813106
1168.346160
-2167.797245
-2657.661340
844.585408
3581.067593
2477.465724
-126.696849
-1328.834599
-1224.668097
-644.714053
551.793075
1753.930825
1289.404528
-802.371463
-1920.049886
-625.006877
917.783491
197.063903
-1593.473823
-1661.041284
-121.066228
889.630382
670.036132
-28.160968
-1024.781023
-2007.324524
-1520.275740
655.959578
2015.754738
760.126081
-1188.069055
-1134.578148
399.766287
1126.116497
458.887816
-323.768612
-270.277705
349.090691
841.770097
948.751911
546.162453
-456.088224
-1297.866180
-712.281515
895.261004
1365.417922
92.897400
-1033.226956
-765.772421
-47.868145
81.636156
-36.606901
-16.899725
-154.849958
-284.354259
154.834240
717.896418
419.473463
-425.119804
-543.362861
284.338540
1064.179657
1050.103103
481.410303
-25.345657
-118.250917
180.172038
672.851443
948.751911
712.265796
309.676338
239.293566
408.212220
464.518437
447.626572
602.468671
791.094501
723.527039
464.518437
177.356727
-850.231748
-3150.340745
-4039.978987
-371.628897
4208.881921
2798.411165
-2829.395304
-4481.982796
-1433.001102
67.559602
-816.448018
-188.633689
1230.283000
413.842841
-962.844184
104.158644
1708.885851
368.797867
-2446.513023
-2131.198203
1556.859063
3772.508733
2043.907847
-633.452810
-1421.739859
-1126.132215
-723.542758
391.320354
1655.394944
1230.283000
-647.529364
-1545.613538
-506.763820
498.302168
-247.755218
-1500.568564
-1207.776231
295.599784
1145.823673
746.049526
-112.620295
-943.137008
-1635.703486
-1424.555170
295.599784
2004.493494
1385.125098
-762.957111
-1390.771439
-168.926513
639.067713
422.288774
171.726105
101.343333
154.834240
560.239008
853.031340
439.180639
-357.552342
-993.812604
-861.492992
447.626572
1556.859063
765.756703
-796.740841
-1067.010687
-447.642291
-129.512160
177.356727
551.793075
264.631364
-275.908327
-64.760010
484.225614
411.027531
-70.390632
-222.417420
140.757685
768.572014
1173.976782
836.139475
-16.899725
-447.642291
-76.021253
532.085899
853.031340
875.553827
605.283982
185.802659
33.775871
292.784473
543.347142
481.410303
363.167245
441.995950
633.437091
684.112687
532.085899
-247.755218
-2553.494837
-4583.333988
-2164.981934
3505.054199
4628.363244
-914.983899
-5000.000000
-2837.841237
174.541416
-135.142782
-498.317887
937.490667
1092.332766
-644.714053
-762.957111
1345.710746
1711.701162
-1269.713071
-3277.029735
-608.115012
3440.302048
3547.283862
343.460069
-1725.793435
-1531.536984
-914.983899
-239.309285
1019.134683
1706.070540
470.149059
-1404.847994
-1480.861388
76.005535
624.991158
-762.957111
-1858.113047
-881.200168
900.891625
1368.233233
368.797867
-793.925530
-1396.402061
-1492.122631
-762.957111
889.630382
1877.804504
765.756703
-976.920738
-1055.749443
-59.129388
250.554810
106.973954
343.460069
512.378723
337.829447
335.014136
416.658152
59.113669
-605.299701
-923.429831
-380.074830
799.540433
1323.188259
408.212220
-777.033665
-934.691075
-518.025063
-222.417420
253.370121
712.265796
405.396909
-202.710243
-123.881539
284.338540
191.433281
-118.250917
-14.084414
382.874422
762.941392
948.751911
622.175847
-53.498766
-326.583923
-2.823170
377.243800
672.851443
965.643776
788.279190
129.496442
-109.804984
239.293566
385.689733
253.370121
377.243800
667.220822
802.355744
762.941392
523.639966
78.820846
-827.709261
-2708.336936
-3828.830670
-945.952318
3862.598682
3786.585288
-1554.059471
-4617.117719
-2387.391494
47.852426
-174.557135
-247.755218
929.044734
985.350952
-447.642291
-692.574338
912.152869
1252.805487
-1224.668097
-2860.363724
-349.106410
3223.523110
3189.739379
391.320354
-1447.077657
-1500.568564
-960.028873
-95.728430
1027.580615
1469.584425
537.716521
-957.213562
-1356.987708
-320.953301
346.275380
-526.470996
-1452.708279
-779.848976
701.004552
1176.792093
399.766287
-585.592525
-1134.578148
-1179.623122
-582.777214
532.085899
1356.971990
1117.670564
-183.003067
-1545.613538
-1266.897760
726.342350
1742.669581
332.198826
-878.384857
-2.823170
872.738516
408.212220
2.807451
-45.052834
-461.718845
-495.502576
318.122271
934.675356
847.400718
129.496442
-1148.654703
-1497.753253
101.343333
1385.125098
548.977764
-433.565736
-59.129388
211.140457
-149.219337
28.145249
481.410303
250.554810
-137.958093
112.604576
712.265796
954.382532
436.365329
-447.642291
-554.624105
326.568204
909.337558
608.099293
256.185432
273.077297
185.802659
-84.467186
25.329939
481.410303
526.455277
87.266778
-8.453792
554.608386
974.089709
591.207427
-45.052834
-112.620295
-143.588715
-1478.046077
-3260.137870
-2173.427866
1917.218857
3614.851323
67.559602
-3688.065125
-2919.485252
-329.399234
45.037115
-582.777214
199.879214
1097.963388
222.401701
-923.429831
-84.467186
1365.417922
391.320354
-2046.738876
-1824.329316
1331.634192
3155.955648
1691.993985
-551.808794
-1320.388667
-982.551360
-416.673871
270.261986
993.796885
1097.963388
50.667737
-1221.852786
-1154.285324
11.253384
380.059111
-591.223146
-1309.127423
-619.376255
596.838049
861.477273
64.744291
-731.988691
-917.799210
-751.695867
-427.935115
157.649550
878.369138
1086.702144
239.293566
-979.736049
-1002.258536
112.604576
641.883024
298.415095
394.135665
830.508853
532.085899
-87.282497
-194.264311
-84.467186
-84.467186
-14.084414
50.667737
259.000742
757.310770
599.653360
-540.547550
-1123.316905
-442.011669
171.726105
163.280172
377.243800
717.896418
329.383515
-388.520762
-506.763820
-56.314077
365.982556
419.473463
250.554810
270.261986
551.793075
546.162453
67.559602
-205.525554
59.113669
340.644758
363.167245
464.518437
636.252402
484.225614
76.005535
-104.174362
90.082089
298.415095
295.599784
332.198826
608.099293
799.540433
610.914604
261.816053
154.834240
256.185432
-211.156176
-1889.081467
-3265.768492
-1596.289134
2294.470516
3398.072385
-16.899725
-3229.169450
-2643.584785
-678.497784
-284.354259
-405.412628
430.734707
985.350952
39.406493
-929.060453
-121.066228
1165.530849
335.014136
-1813.068073
-1855.297736
720.711728
2708.321217
2007.308805
30.960560
-1103.609728
-1086.717863
-633.452810
-53.498766
740.418905
1221.837067
568.684940
-664.421229
-948.767629
-132.327471
323.752893
-298.430814
-1033.226956
-788.294909
188.617970
740.418905
368.797867
-306.876746
-678.497784
-791.110219
-731.988691
-368.813586
363.167245
1044.472481
886.815071
-213.971487
-1117.686283
-889.646101
-47.868145
557.423697
731.972972
537.716521
194.248592
16.884006
-90.097808
-202.710243
-76.021253
67.559602
-191.449000
-247.755218
433.550018
875.553827
315.306960
-495.502576
-824.893950
-675.682473
-132.327471
512.378723
655.959578
298.415095
-76.021253
-318.137990
-301.246125
50.667737
295.599784
149.203618
14.068695
166.095483
416.658152
568.684940
408.212220
-64.760010
-335.029855
-87.282497
329.383515
579.946184
664.405511
506.748101
135.127063
-64.760010
61.928980
281.523230
405.396909
399.766287
363.167245
453.257194
624.991158
653.144267
501.117479
301.230406
106.973954
-382.890140
-1573.766647
-2615.431676
-1517.460429
1486.476290
2728.028393
394.135665
-2314.193411
-2325.454655
-968.474806
-532.101618
-577.146592
81.636156
754.495459
315.306960
-565.885348
-332.214544
709.450485
515.194033
-1097.979106
-1720.162813
-222.417420
1601.904037
1936.926033
968.459087
-188.633689
-748.880556
-658.790608
-402.597317
-36.606901
619.360536
960.013154
326.568204
-501.133198
-442.011669
132.311752
182.987348
-487.056643
-1002.258536
-585.592525
287.153851
565.869629
185.802659
-84.467186
-202.710243
-546.178172
-799.556152
-506.763820
146.388307
717.896418
731.972972
53.483047
-546.178172
-444.826980
-154.849958
-36.606901
354.721313
734.788283
419.473463
-78.836564
-61.944699
143.572996
180.172038
121.050509
-137.958093
-377.259519
11.253384
619.360536
548.977764
95.712711
-146.404026
-382.890140
-548.993483
-174.557135
399.766287
543.347142
315.306960
5.622762
-236.493974
-132.327471
197.063903
216.771079
-0.007859
36.591182
230.847634
318.122271
399.766287
444.811261
174.541416
-199.894933
-233.678663
-0.007859
236.478255
467.333748
599.653360
422.288774
87.266778
-45.052834
70.374913
202.694525
273.077297
332.198826
408.212220
503.932790
585.576806
509.563412
318.122271
132.311752
-365.998275
-1458.338900
-2252.256571
-1314.758045
909.337558
1883.435126
444.811261
-1435.816413
-1725.793435
-1052.934132
-858.677681
-923.429831
-349.106410
416.658152
346.275380
-233.678663
-225.232731
318.122271
304.045717
-613.745633
-1306.312112
-791.110219
439.180639
1176.792093
996.612196
470.149059
106.973954
-163.295891
-461.718845
-464.534156
-25.345657
453.257194
501.117479
163.280172
-59.129388
70.374913
202.694525
-53.498766
-487.056643
-622.191566
-416.673871
-135.142782
56.298358
149.203618
191.433281
106.973954
-239.309285
-625.006877
-568.700659
-174.557135
42.221804
56.298358
112.604576
146.388307
70.374913
-45.052834
-126.696849
-59.129388
199.879214
309.676338
132.311752
140.757685
470.149059
565.869629
239.293566
-36.606901
-67.575321
-16.899725
64.744291
168.910794
225.217012
208.325146
101.343333
-95.728430
-163.295891
22.514628
132.311752
-2.823170
-121.066228
-22.530347
152.018929
188.617970
112.604576
-5.638481
-90.097808
-36.606901
112.604576
194.248592
174.541416
177.356727
256.185432
270.261986
177.356727
123.865820
188.617970
250.554810
256.185432
284.338540
357.536624
349.090691
230.847634
182.987348
267.446675
340.644758
343.460069
360.351935
368.797867
349.090691
374.428489
408.212220
256.185432
-247.755218
-1030.411645
-1509.014496
-892.461412
461.703127
1021.949994
208.325146
-768.587732
-886.830790
-641.898742
-681.313095
-746.065245
-495.502576
-188.633689
-180.187756
-346.291099
-253.385840
129.496442
250.554810
-216.786798
-813.632707
-841.785816
-284.354259
298.415095
489.856235
380.059111
309.676338
301.230406
73.190224
-278.723638
-270.277705
121.050509
306.861028
87.266778
-59.129388
152.018929
436.365329
396.950976
36.591182
-259.016461
-256.201150
-213.971487
-270.277705
-174.557135
149.203618
332.198826
106.973954
-292.800192
-444.826980
-236.493974
-22.530347
-129.512160
-326.583923
-233.678663
8.438073
53.483047
-28.160968
-39.422212
-59.129388
-104.174362
-98.543741
-70.390632
33.775871
213.955768
278.707919
160.464861
98.528022
146.388307
118.235198
33.775871
50.667737
140.757685
191.433281
163.280172
84.451467
-8.453792
14.068695
137.942374
157.649550
42.221804
-22.530347
19.699317
42.221804
11.253384
-11.269103
25.329939
112.604576
126.681131
22.514628
-8.453792
146.388307
253.370121
137.942374
-42.237523
-16.899725
174.541416
287.153851
236.478255
160.464861
208.325146
275.892608
253.370121
216.771079
233.662944
281.523230
267.446675
233.662944
275.892608
388.505043
430.734707
365.982556
273.077297
197.063903
70.374913
-281.538948
-858.677681
-1120.501594
-484.241332
520.824655
681.297376
-73.205943
-667.236540
-633.452810
-568.700659
-765.772421
-785.479598
-450.457602
-112.620295
-126.696849
-332.214544
-222.417420
140.757685
143.572996
-343.475788
-701.020271
-571.515970
-205.525554
104.158644
264.631364
295.599784
292.784473
275.892608
92.897400
-168.926513
-177.372445
87.266778
228.032323
109.789265
30.960560
182.987348
413.842841
422.288774
146.388307
-106.989673
-149.219337
-146.404026
-222.417420
-216.786798
-0.007859
250.554810
281.523230
59.113669
-222.417420
-270.277705
-143.588715
-177.372445
-337.845166
-247.755218
64.744291
174.541416
16.884006
-78.836564
-28.160968
-22.530347
-92.913119
-137.958093
-64.760010
149.203618
298.415095
191.433281
56.298358
168.910794
267.446675
129.496442
-14.084414
39.406493
137.942374
137.942374
87.266778
87.266778
163.280172
225.217012
106.973954
-106.989673
-146.404026
-2.823170
36.591182
-56.314077
-28.160968
109.789265
129.496442
5.622762
-78.836564
-76.021253
-33.791590
28.145249
39.406493
22.514628
104.158644
216.771079
197.063903
56.298358
-11.269103
78.820846
199.879214
205.509836
157.649550
197.063903
287.153851
253.370121
143.572996
118.235198
211.140457
270.261986
256.185432
278.707919
351.906002
374.428489
301.230406
194.248592
25.329939
-295.615503
-709.466204
-850.231748
-377.259519
301.230406
408.212220
-70.390632
-478.610711
-546.178172
-551.808794
-661.605919
-703.835582
-546.178172
-306.876746
-225.232731
-261.831772
-160.480580
64.744291
53.483047
-270.277705
-608.115012
-650.344675
-377.259519
-25.345657
152.018929
199.879214
301.230406
351.906002
129.496442
-163.295891
-174.557135
-5.638481
84.451467
73.190224
73.190224
188.617970
357.536624
399.766287
284.338540
146.388307
64.744291
-42.237523
-171.741824
-140.773404
76.005535
270.261986
244.924188
8.438073
-185.818378
-143.588715
-16.899725
-39.422212
-188.633689
-273.093016
-219.602109
-39.422212
154.834240
180.172038
39.406493
-109.804984
-202.710243
-242.124596
-157.665269
59.113669
197.063903
171.726105
118.235198
112.604576
166.095483
216.771079
149.203618
-16.899725
-59.129388
98.528022
191.433281
123.865820
112.604576
171.726105
132.311752
19.699317
-50.683455
-50.683455
-14.084414
39.406493
64.744291
78.820846
129.496442
146.388307
56.298358
-5.638481
67.559602
129.496442
76.005535
-2.823170
-16.899725
45.037115
194.248592
309.676338
233.662944
92.897400
87.266778
132.311752
92.897400
64.744291
171.726105
267.446675
253.370121
182.987348
149.203618
160.464861
191.433281
205.509836
197.063903
250.554810
329.383515
329.383515
275.892608
205.509836
70.374913
-149.219337
-458.903534
-785.479598
-760.141800
-185.818378
351.906002
259.000742
-183.003067
-450.457602
-520.840374
-588.407835
-655.975297
-591.223146
-382.890140
-180.187756
-211.156176
-309.692057
-149.219337
121.050509
61.928980
-320.953301
-594.038457
-520.840374
-228.048041
39.406493
152.018929
211.140457
312.491649
264.631364
-33.791590
-230.863352
-98.543741
67.559602
28.145249
-67.575321
-22.530347
171.726105
332.198826
292.784473
98.528022
-64.760010
-121.066228
-168.926513
-239.309285
-219.602109
-39.422212
166.095483
177.356727
-19.715036
-174.557135
-146.404026
-73.205943
-137.958093
-253.385840
-250.570529
-118.250917
45.037115
118.235198
95.712711
53.483047
-47.868145
-225.232731
-309.692057
-160.480580
73.190224
149.203618
109.789265
112.604576
137.942374
152.018929
146.388307
76.005535
-16.899725
-2.823170
92.897400
135.127063
132.311752
211.140457
275.892608
163.280172
-14.084414
-64.760010
-19.715036
28.145249
47.852426
50.667737
56.298358
112.604576
160.464861
92.897400
30.960560
47.852426
36.591182
-25.345657
-19.715036
61.928980
143.572996
188.617970
177.356727
95.712711
84.451467
143.572996
118.235198
67.559602
129.496442
225.217012
247.739499
222.401701
230.847634
278.707919
289.969162
202.694525
76.005535
109.789265
306.861028
396.950976
335.014136
295.599784
343.460069
385.689733
349.090691
228.032323
61.928980
-50.683455
-208.340865
-546.178172
-670.051851
-205.525554
312.491649
256.185432
-174.557135
-458.903534
-548.993483
-596.853768
-613.745633
-543.362861
-329.399234
-109.804984
-135.142782
-256.201150
-171.741824
16.884006
-16.899725
-267.462394
-467.349467
-447.642291
-205.525554
109.789265
259.000742
244.924188
267.446675
242.108877
11.253384
-168.926513
-64.760010
135.127063
146.388307
2.807451
-84.467186
30.960560
247.739499
275.892608
50.667737
-188.633689
-230.863352
-213.971487
-256.201150
-202.710243
-59.129388
11.253384
-45.052834
-171.741824
-275.908327
-270.277705
-211.156176
-228.048041
-270.277705
-194.264311
-87.282497
-59.129388
-28.160968
22.514628
25.329939
-33.791590
-95.728430
-194.264311
-247.755218
-109.804984
67.559602
95.712711
84.451467
140.757685
149.203618
47.852426
-8.453792
39.406493
90.082089
84.451467
59.113669
106.973954
233.662944
295.599784
160.464861
-11.269103
-36.606901
-14.084414
-36.606901
-8.453792
104.158644
157.649550
137.942374
84.451467
16.884006
22.514628
73.190224
39.406493
-42.237523
-25.345657
73.190224
126.681131
140.757685
191.433281
185.802659
115.419887
67.559602
39.406493
64.744291
185.802659
270.261986
230.847634
194.248592
213.955768
219.586390
205.509836
222.401701
208.325146
194.248592
230.847634
256.185432
287.153851
388.505043
456.072505
349.090691
259.000742
289.969162
304.045717
236.478255
182.987348
146.388307
-30.976279
-399.782006
-785.479598
-813.632707
-287.169570
261.816053
191.433281
-264.647083
-518.025063
-529.286307
-554.624105
-560.254727
-444.826980
-287.169570
-197.079622
-219.602109
-264.647083
-160.480580
30.960560
-2.823170
-261.831772
-439.196358
-332.214544
-56.314077
174.541416
213.955768
154.834240
202.694525
222.401701
8.438073
-219.602109
-163.295891
50.667737
104.158644
30.960560
47.852426
143.572996
202.694525
129.496442
-56.314077
-199.894933
-213.971487
-225.232731
-270.277705
-205.525554
16.884006
152.018929
59.113669
-137.958093
-281.538948
-267.462394
-146.404026
-98.543741
-140.773404
-118.250917
-0.007859
53.483047
56.298358
98.528022
115.419887
30.960560
-70.390632
-126.696849
-104.174362
19.699317
92.897400
19.699317
-19.715036
64.744291
87.266778
-22.530347
-50.683455
30.960560
56.298358
50.667737
42.221804
5.622762
30.960560
115.419887
98.528022
8.438073
14.068695
67.559602
36.591182
25.329939
84.451467
112.604576
135.127063
166.095483
95.712711
11.253384
61.928980
129.496442
76.005535
19.699317
67.559602
106.973954
90.082089
76.005535
59.113669
64.744291
112.604576
112.604576
53.483047
78.820846
157.649550
143.572996
109.789265
154.834240
197.063903
199.879214
216.771079
219.586390
163.280172
115.419887
64.744291
45.037115
149.203618
281.523230
281.523230
222.401701
233.662944
222.401701
168.910794
216.771079
306.861028
244.924188
87.266778
-30.976279
-126.696849
-337.845166
-619.376255
-664.421229
-270.277705
174.541416
87.266778
-419.489182
-661.605919
-470.164778
-315.322679
-402.597317
-503.948509
-422.304493
-256.201150
-168.926513
-194.264311
-132.327471
59.113669
76.005535
-194.264311
-433.565736
-315.322679
36.591182
250.554810
216.771079
135.127063
180.172038
230.847634
87.266778
-118.250917
-87.282497
118.235198
140.757685
-36.606901
-76.021253
106.973954
239.293566
146.388307
-84.467186
-267.462394
-259.016461
-137.958093
-115.435606
-171.741824
-92.913119
67.559602
28.145249
-174.557135
-264.647083
-140.773404
22.514628
25.329939
-56.314077
-14.084414
177.356727
261.816053
149.203618
109.789265
205.509836
194.248592
70.374913
33.775871
118.235198
222.401701
256.185432
185.802659
53.483047
-78.836564
-180.187756
-202.710243
-39.422212
213.955768
250.554810
28.145249
-168.926513
-199.894933
-81.651875
59.113669
50.667737
-67.575321
-53.498766
90.082089
126.681131
101.343333
121.050509
67.559602
-30.976279
-50.683455
33.775871
143.572996
247.739499
284.338540
197.063903
115.419887
87.266778
45.037115
28.145249
76.005535
92.897400
64.744291
64.744291
84.451467
56.298358
36.591182
56.298358
19.699317
-70.390632
-87.282497
33.775871
166.095483
177.356727
104.158644
33.775871
30.960560
70.374913
118.235198
98.528022
64.744291
126.681131
225.217012
228.032323
197.063903
259.000742
363.167245
357.536624
222.401701
92.897400
87.266778
177.356727
205.509836
81.636156
-154.849958
-540.547550
-968.474806
-1013.519780
-419.489182
242.108877
242.108877
-292.800192
-715.096825
-765.772421
-667.236540
-574.331281
-439.196358
-253.385840
-112.620295
-121.066228
-185.818378
-101.359051
64.744291
28.145249
-236.493974
-450.457602
-312.507368
118.235198
441.995950
464.518437
332.198826
188.617970
22.514628
-154.849958
-188.633689
-33.791590
160.464861
208.325146
90.082089
-61.944699
-92.913119
-33.791590
-67.575321
-222.417420
-354.737032
-323.768612
-205.525554
-149.219337
-92.913119
61.928980
129.496442
-73.205943
-309.692057
-278.723638
-16.899725
247.739499
340.644758
250.554810
199.879214
287.153851
284.338540
174.541416
208.325146
340.644758
306.861028
152.018929
121.050509
216.771079
292.784473
250.554810
104.158644
-0.007859
-16.899725
-132.327471
-354.737032
-430.750426
-278.723638
-101.359051
-0.007859
8.438073
-84.467186
-137.958093
-118.250917
-180.187756
-242.124596
-87.282497
152.018929
213.955768
211.140457
253.370121
216.771079
95.712711
-11.269103
-84.467186
-5.638481
225.217012
343.460069
242.108877
123.865820
106.973954
76.005535
-2.823170
-73.205943
-81.651875
-16.899725
64.744291
61.928980
2.807451
-5.638481
-2.823170
-78.836564
-154.849958
-90.097808
59.113669
137.942374
126.681131
132.311752
152.018929
160.464861
197.063903
250.554810
239.293566
194.248592
202.694525
287.153851
422.288774
484.225614
346.275380
171.726105
225.217012
349.090691
346.275380
335.014136
332.198826
225.217012
121.050509
109.789265
59.113669
-185.818378
-684.128406
-1283.789625
-1326.019289
-396.966695
594.022738
470.149059
-411.043249
-988.181982
-1033.226956
-869.938924
-613.745633
-295.615503
56.298358
315.306960
197.063903
-157.665269
-174.557135
135.127063
112.604576
-320.953301
-464.534156
8.438073
610.914604
791.094501
453.257194
-19.715036
-216.786798
-273.093016
-430.750426
-363.182964
78.820846
385.689733
168.910794
-287.169570
-534.916929
-450.457602
-264.647083
-270.277705
-456.088224
-422.304493
-64.760010
104.158644
-64.760010
-135.142782
-14.084414
-56.314077
-259.016461
-239.309285
112.604576
478.594992
557.423697
326.568204
64.744291
81.636156
267.446675
284.338540
216.771079
278.707919
385.689733
343.460069
180.172038
73.190224
56.298358
67.559602
-11.269103
-191.449000
-188.633689
76.005535
188.617970
-45.052834
-267.462394
-357.552342
-529.286307
-585.592525
-211.156176
275.892608
380.059111
160.464861
-152.034647
-320.953301
-104.174362
202.694525
225.217012
188.617970
320.937582
351.906002
208.325146
213.955768
247.739499
33.775871
-157.665269
-106.989673
-30.976279
146.388307
388.505043
222.401701
-250.570529
-411.043249
-267.462394
-171.741824
-50.683455
157.649550
202.694525
53.483047
-61.944699
-109.804984
-45.052834
112.604576
166.095483
90.082089
157.649550
374.428489
433.550018
287.153851
149.203618
112.604576
152.018929
253.370121
374.428489
456.072505
436.365329
340.644758
205.509836
98.528022
121.050509
233.662944
318.122271
388.505043
413.842841
213.955768
-78.836564
-106.989673
95.712711
163.280172
59.113669
-22.530347
-28.160968
-92.913119
-591.223146
-1447.077657
-1523.091051
-244.939907
912.152869
503.932790
-582.777214
-914.983899
-653.159986
-478.610711
-349.106410
-53.498766
270.261986
382.874422
118.235198
-213.971487
-33.791590
295.599784
-30.976279
-650.344675
-596.853768
143.572996
720.711728
546.162453
-129.512160
-582.777214
-540.547550
-450.457602
-481.426022
-242.124596
202.694525
213.955768
-289.984881
-650.344675
-520.840374
-239.309285
-174.557135
-284.354259
-284.354259
-61.944699
194.248592
168.910794
-81.651875
-146.404026
-22.530347
-92.913119
-225.232731
90.082089
639.067713
672.851443
211.140457
-140.773404
-135.142782
81.636156
247.739499
250.554810
242.108877
309.676338
242.108877
-25.345657
-109.804984
5.622762
-78.836564
-222.417420
-0.007859
315.306960
219.586390
-73.205943
-168.926513
-197.079622
-242.124596
-166.111202
-84.467186
-73.205943
78.820846
267.446675
84.451467
-236.493974
-160.480580
84.451467
81.636156
92.897400
228.032323
191.433281
76.005535
92.897400
39.406493
-59.129388
-0.007859
-25.345657
-197.079622
-64.760010
253.370121
171.726105
-112.620295
-129.512160
-39.422212
25.329939
197.063903
289.969162
157.649550
101.343333
154.834240
73.190224
25.329939
160.464861
171.726105
30.960560
92.897400
253.370121
247.739499
137.942374
25.329939
-90.097808
-39.422212
242.108877
365.982556
213.955768
149.203618
166.095483
19.699317
-5.638481
270.261986
374.428489
222.401701
211.140457
244.924188
143.572996
188.617970
360.351935
318.122271
270.261986
396.950976
349.090691
177.356727
216.771079
177.356727
-95.728430
-78.836564
228.032323
118.235198
-712.281515
-1717.347502
-1646.964730
-22.530347
1292.219839
425.104085
-1269.713071
-1497.753253
-684.128406
-295.615503
-135.142782
205.509836
284.338540
28.145249
-213.971487
-183.003067
239.293566
515.194033
-84.467186
-875.569546
-461.718845
760.126081
1100.778699
261.816053
-596.853768
-779.848976
-523.655685
-228.048041
16.884006
228.032323
166.095483
-323.768612
-793.925530
-633.452810
-36.606901
132.311752
-287.169570
-543.362861
-225.232731
281.523230
441.995950
143.572996
-273.093016
-326.583923
-19.715036
191.433281
278.707919
546.162453
602.468671
78.820846
-335.029855
-87.282497
301.230406
346.275380
216.771079
98.528022
98.528022
182.987348
73.190224
-160.480580
-185.818378
-67.575321
-22.530347
-36.606901
-87.282497
-22.530347
380.059111
447.626572
-329.399234
-748.880556
-98.543741
349.090691
-78.836564
-329.399234
-33.791590
230.847634
275.892608
8.438073
-399.782006
-247.755218
177.356727
-19.715036
-230.863352
309.676338
551.793075
-146.404026
-599.669079
-256.201150
50.667737
76.005535
81.636156
-11.269103
-22.530347
152.018929
73.190224
-247.755218
-171.741824
197.063903
174.541416
5.622762
216.771079
391.320354
95.712711
-197.079622
-84.467186
106.973954
205.509836
253.370121
152.018929
73.190224
228.032323
199.879214
-118.250917
-98.543741
247.739499
289.969162
185.802659
284.338540
208.325146
-78.836564
-78.836564
67.559602
143.572996
371.613178
481.410303
182.987348
11.253384
233.662944
315.306960
174.541416
168.910794
239.293566
312.491649
472.964370
427.919396
152.018929
171.726105
312.491649
90.082089
-123.881539
36.591182
157.649550
30.960560
-242.124596
-903.722655
-1748.315922
-1517.460429
53.483047
1050.103103
261.816053
-1005.073847
-1275.343693
-855.862370
-402.597317
90.082089
439.180639
332.198826
-5.638481
-160.480580
16.884006
360.351935
304.045717
-346.291099
-695.389649
-87.282497
740.418905
822.062920
177.356727
-563.070037
-816.448018
-515.209752
-126.696849
123.865820
281.523230
70.374913
-548.993483
-757.326489
-225.232731
115.419887
-115.435606
-270.277705
-98.543741
101.343333
242.108877
295.599784
129.496442
-146.404026
-174.557135
90.082089
368.797867
518.009344
515.194033
253.370121
-146.404026
-219.602109
70.374913
225.217012
87.266778
25.329939
140.757685
149.203618
-16.899725
-163.295891
-129.512160
-92.913119
-216.786798
-146.404026
278.707919
273.077297
-343.475788
-354.737032
427.919396
515.194033
-244.939907
-436.381047
-28.160968
64.744291
19.699317
101.343333
-61.944699
-166.111202
45.037115
-22.530347
-236.493974
2.807451
70.374913
-413.858560
-365.998275
261.816053
275.892608
-171.741824
-188.633689
-115.435606
-261.831772
-70.390632
236.478255
53.483047
-126.696849
28.145249
16.884006
-129.512160
30.960560
191.433281
-22.530347
-109.804984
152.018929
225.217012
42.221804
-47.868145
-115.435606
-183.003067
36.591182
323.752893
250.554810
47.852426
-8.453792
-92.913119
-76.021253
166.095483
247.739499
104.158644
188.617970
349.090691
135.127063
-64.760010
87.266778
191.433281
197.063903
360.351935
402.581598
208.325146
154.834240
188.617970
109.789265
188.617970
495.486857
613.729915
458.887816
278.707919
135.127063
39.406493
98.528022
289.969162
478.594992
422.288774
30.960560
-244.939907
-30.976279
177.356727
-73.205943
-506.763820
-923.429831
-1244.375273
-850.231748
292.784473
715.081107
-259.016461
-1173.992501
-993.812604
-422.304493
-50.683455
230.847634
211.140457
-146.404026
-202.710243
123.865820
219.586390
67.559602
-78.836564
-377.259519
-470.164778
160.464861
765.756703
340.644758
-501.133198
-729.173380
-447.642291
-104.174362
146.388307
191.433281
-42.237523
-413.858560
-582.777214
-304.061436
112.604576
90.082089
-183.003067
-146.404026
56.298358
76.005535
168.910794
287.153851
-47.868145
-399.782006
-11.269103
588.392117
523.639966
140.757685
2.807451
-81.651875
-166.111202
92.897400
461.703127
326.568204
-87.282497
-123.881539
135.127063
194.248592
59.113669
-36.606901
-87.282497
-101.359051
76.005535
411.027531
385.689733
-216.786798
-571.515970
42.221804
717.896418
363.167245
-323.768612
-349.106410
-163.295891
-174.557135
-16.899725
143.572996
-16.899725
-73.205943
14.068695
-123.881539
-109.804984
123.865820
-126.696849
-439.196358
19.699317
436.365329
61.928980
-219.602109
-70.390632
-166.111202
-275.908327
78.820846
278.707919
8.438073
-123.881539
-98.543741
-194.264311
-90.097808
140.757685
-5.638481
-239.309285
-0.007859
250.554810
50.667737
-118.250917
-53.498766
-90.097808
-123.881539
84.451467
219.586390
126.681131
87.266778
59.113669
-64.760010
-0.007859
208.325146
171.726105
73.190224
222.401701
239.293566
5.622762
22.514628
250.554810
230.847634
70.374913
64.744291
140.757685
273.077297
408.212220
236.478255
-109.804984
-64.760010
242.108877
320.937582
239.293566
177.356727
76.005535
36.591182
168.910794
292.784473
222.401701
73.190224
90.082089
247.739499
261.816053
59.113669
-109.804984
-146.404026
-211.156176
-208.340865
-236.493974
-627.822188
-999.443225
-596.853768
121.050509
135.127063
-360.367653
-664.421229
-686.943717
-478.610711
-8.453792
250.554810
25.329939
-129.512160
-19.715036
-36.606901
-56.314077
166.095483
115.419887
-351.921721
-368.813586
264.631364
534.901210
36.591182
-422.304493
-413.858560
-264.647083
-126.696849
47.852426
73.190224
-81.651875
-194.264311
-236.493974
-236.493974
-67.575321
146.388307
132.311752
-25.345657
-25.345657
182.987348
298.415095
84.451467
-140.773404
50.667737
337.829447
278.707919
185.802659
332.198826
281.523230
-87.282497
-143.588715
236.478255
416.658152
230.847634
73.190224
73.190224
78.820846
135.127063
208.325146
137.942374
-5.638481
42.221804
281.523230
239.293566
-135.142782
-146.404026
363.167245
396.950976
-320.953301
-537.732239
84.451467
278.707919
-318.137990
-478.610711
135.127063
391.320354
-76.021253
-472.980089
-312.507368
-14.084414
-33.791590
-219.602109
-106.989673
202.694525
28.145249
-532.101618
-498.317887
98.528022
146.388307
-323.768612
-343.475788
33.775871
33.775871
-244.939907
-259.016461
-90.097808
-39.422212
-81.651875
-67.575321
73.190224
174.541416
-5.638481
-301.246125
-197.079622
211.140457
267.446675
8.438073
-2.823170
135.127063
36.591182
-92.913119
25.329939
180.172038
197.063903
174.541416
149.203618
112.604576
53.483047
-42.237523
-28.160968
219.586390
382.874422
253.370121
118.235198
154.834240
140.757685
64.744291
115.419887
208.325146
197.063903
84.451467
5.622762
129.496442
351.906002
273.077297
-61.944699
-163.295891
39.406493
281.523230
422.288774
332.198826
59.113669
-53.498766
56.298358
70.374913
11.253384
115.419887
123.865820
-104.174362
-143.588715
-33.791590
-343.475788
-892.461412
-746.065245
45.037115
301.230406
-244.939907
-622.191566
-430.750426
-222.417420
-213.971487
-95.728430
42.221804
-19.715036
-106.989673
-64.760010
70.374913
123.865820
-112.620295
-419.489182
-295.615503
177.356727
396.950976
112.604576
-323.768612
-461.718845
-247.755218
-36.606901
-28.160968
36.591182
59.113669
-185.818378
-278.723638
78.820846
264.631364
-47.868145
-275.908327
-47.868145
270.261986
351.906002
256.185432
123.865820
2.807451
-78.836564
25.329939
281.523230
343.460069
157.649550
64.744291
81.636156
61.928980
152.018929
253.370121
87.266778
-109.804984
73.190224
343.460069
259.000742
-0.007859
-19.715036
106.973954
47.852426
-56.314077
129.496442
340.644758
180.172038
-109.804984
-171.741824
-143.588715
-101.359051
-64.760010
-191.449000
-197.079622
154.834240
244.924188
-177.372445
-346.291099
-126.696849
-146.404026
-222.417420
70.374913
267.446675
61.928980
-213.971487
-354.737032
-259.016461
2.807451
101.343333
-53.498766
-152.034647
-73.205943
-45.052834
-135.142782
-163.295891
-95.728430
-118.250917
-180.187756
14.068695
270.261986
121.050509
-199.894933
-191.449000
-5.638481
81.636156
168.910794
180.172038
50.667737
-11.269103
-19.715036
-76.021253
5.622762
188.617970
157.649550
64.744291
123.865820
95.712711
-39.422212
-61.944699
-22.530347
53.483047
208.325146
304.045717
222.401701
59.113669
-81.651875
-64.760010
129.496442
284.338540
233.662944
109.789265
64.744291
84.451467
81.636156
-28.160968
-87.282497
84.451467
273.077297
228.032323
90.082089
-19.715036
-90.097808
-33.791590
129.496442
180.172038
121.050509
64.744291
16.884006
45.037115
106.973954
14.068695
-109.804984
-92.913119
-61.944699
-104.174362
-180.187756
-346.291099
-495.502576
-332.214544
-95.728430
-208.340865
-388.520762
-315.322679
-205.525554
-208.340865
-143.588715
-53.498766
-146.404026
-247.755218
-45.052834
208.325146
92.897400
-183.003067
-168.926513
-39.422212
-33.791590
87.266778
174.541416
-109.804984
-360.367653
-115.435606
149.203618
30.960560
-81.651875
-59.129388
-140.773404
-166.111202
53.483047
222.401701
78.820846
-152.034647
-76.021253
197.063903
256.185432
121.050509
104.158644
129.496442
5.622762
25.329939
318.122271
