2.979179
2.979179
-0.000559
-0.000559
2.979179
2.979179
-1.490427
-1.490427
-0.000559
-2.980296
-1.490427
-0.000559
-4.470165
-4.470165
-0.000559
2.979179
-0.000559
-1.490427
-0.000559
4.469047
-1.490427
-2.980296
1.489310
-0.000559
-1.490427
-0.000559
-0.000559
-0.000559
-1.490427
-2.980296
2.979179
2.979179
-2.980296
2.979179
1.489310
-2.980296
-1.490427
-1.490427
2.979179
1.489310
-1.490427
2.979179
2.979179
-0.000559
-1.490427
-1.490427
-1.490427
-0.000559
-1.490427
-2.980296
-0.000559
2.979179
-0.000559
-2.980296
-1.490427
-2.980296
-2.980296
-0.000559
1.489310
-0.000559
-2.980296
1.489310
1.489310
1.489310
2.979179
1.489310
-0.000559
-5.960034
-4.470165
-2.980296
-1.490427
1.489310
2.979179
4.469047
2.979179
4.469047
5.958916
-0.000559
-0.000559
-1.490427
-2.980296
-0.000559
4.469047
-0.000559
1.489310
1.489310
-0.000559
4.469047
1.489310
-0.000559
1.489310
-2.980296
-4.470165
-2.980296
-2.980296
-4.470165
-2.980296
2.979179
1.489310
1.489310
1.489310
1.489310
2.979179
1.489310
-1.490427
-1.490427
-1.490427
-0.000559
2.979179
-0.000559
1.489310
2.979179
-0.000559
-1.490427
2.979179
-1.490427
-2.980296
1.489310
-0.000559
1.489310
-1.490427
-2.980296
-1.490427
1.489310
1.489310
-0.000559
-4.470165
1.489310
5.958916
1.489310
2.979179
-0.000559
1.489310
-0.000559
-4.470165
4.469047
-0.000559
-2.980296
4.469047
-1.490427
-4.470165
-0.000559
-1.490427
-0.000559
-0.000559
-2.980296
-2.980296
-0.000559
-0.000559
1.489310
-0.000559
-0.000559
1.489310
1.489310
-1.490427
-2.980296
-4.470165
-1.490427
-1.490427
-2.980296
-0.000559
-0.000559
-2.980296
-1.490427
-0.000559
2.979179
-1.490427
-1.490427
1.489310
-1.490427
-0.000559
-1.490427
4.469047
2.979179
-4.470165
2.979179
2.979179
-0.000559
-1.490427
-2.980296
-0.000559
-1.490427
1.489310
2.979179
-0.000559
1.489310
-1.490427
-0.000559
-1.490427
-2.980296
1.489310
1.489310
4.469047
2.979179
-2.980296
-7.449902
-1.490427
-1.490427
-2.980296
2.979179
1.489310
-0.000559
-0.000559
2.979179
-0.000559
-1.490427
-4.470165
-0.000559
5.958916
2.979179
-0.000559
2.979179
1.489310
-0.000559
1.489310
2.979179
1.489310
-0.000559
1.489310
2.979179
-0.000559
1.489310
4.469047
4.469047
4.469047
5.958916
5.958916
7.448785
4.469047
-0.000559
-0.000559
2.979179
4.469047
4.469047
4.469047
1.489310
1.489310
1.489310
-0.000559
-2.980296
-2.980296
-4.470165
-7.449902
-10.429640
-7.449902
-7.449902
-5.960034
-1.490427
-4.470165
-10.429640
-4.470165
1.489310
-0.000559
-2.980296
-1.490427
1.489310
-4.470165
-0.000559
4.469047
1.489310
-0.000559
-1.490427
-1.490427
-2.980296
-2.980296
-0.000559
-1.490427
-4.470165
-4.470165
-1.490427
2.979179
-1.490427
-7.449902
-4.470165
-4.470165
-4.470165
-0.000559
1.489310
-4.470165
-10.429640
-1.490427
-0.000559
-4.470165
-0.000559
5.958916
5.958916
1.489310
1.489310
5.958916
-0.000559
4.469047
11.918391
7.448785
7.448785
5.958916
8.938654
5.958916
5.958916
13.408260
11.918391
10.428522
8.938654
7.448785
-0.000559
-7.449902
-13.409377
-13.409377
11.918391
22.347472
2.979179
-17.878983
-20.858721
-8.939771
-4.470165
-0.000559
14.898129
8.938654
-1.490427
-14.899246
-16.389115
-1.490427
5.958916
5.958916
4.469047
-0.000559
-4.470165
-7.449902
-10.429640
-5.960034
8.938654
10.428522
1.489310
-0.000559
-0.000559
-7.449902
-17.878983
-17.878983
-0.000559
10.428522
-0.000559
-5.960034
-4.470165
-7.449902
-10.429640
-7.449902
-1.490427
4.469047
7.448785
-1.490427
-8.939771
-10.429640
-4.470165
4.469047
5.958916
7.448785
5.958916
1.489310
-7.449902
-14.899246
-2.980296
4.469047
5.958916
7.448785
7.448785
2.979179
-1.490427
-8.939771
-0.000559
7.448785
7.448785
10.428522
4.469047
4.469047
-1.490427
-2.980296
1.489310
2.979179
10.428522
8.938654
1.489310
-0.000559
-1.490427
1.489310
2.979179
5.958916
10.428522
7.448785
-1.490427
-2.980296
1.489310
-0.000559
-2.980296
2.979179
8.938654
4.469047
-1.490427
-4.470165
-4.470165
-4.470165
-1.490427
2.979179
-1.490427
-1.490427
-0.000559
-5.960034
-7.449902
-0.000559
7.448785
7.448785
4.469047
2.979179
-0.000559
-2.980296
-5.960034
-2.980296
-0.000559
2.979179
1.489310
-2.980296
-1.490427
1.489310
-5.960034
-7.449902
2.979179
2.979179
1.489310
-1.490427
-4.470165
-1.490427
-4.470165
-2.980296
-0.000559
-2.980296
1.489310
-0.000559
-0.000559
-1.490427
-0.000559
1.489310
-1.490427
-1.490427
2.979179
-2.980296
-4.470165
-2.980296
1.489310
2.979179
1.489310
1.489310
-0.000559
-0.000559
-0.000559
-1.490427
-1.490427
-1.490427
1.489310
-0.000559
-2.980296
2.979179
1.489310
-0.000559
-1.490427
-1.490427
-0.000559
4.469047
4.469047
-4.470165
-7.449902
-4.470165
-4.470165
-2.980296
4.469047
2.979179
-1.490427
-2.980296
-1.490427
1.489310
1.489310
-1.490427
-0.000559
-1.490427
1.489310
2.979179
4.469047
7.448785
-1.490427
-2.980296
2.979179
5.958916
2.979179
-1.490427
-0.000559
-1.490427
-4.470165
-0.000559
-0.000559
-1.490427
1.489310
-1.490427
-4.470165
-0.000559
-0.000559
-1.490427
-1.490427
1.489310
4.469047
-0.000559
-2.980296
1.489310
2.979179
1.489310
-0.000559
4.469047
4.469047
-0.000559
-4.470165
-1.490427
5.958916
5.958916
-0.000559
2.979179
4.469047
4.469047
4.469047
-2.980296
-2.980296
2.979179
-0.000559
5.958916
5.958916
2.979179
-1.490427
-4.470165
-4.470165
-0.000559
7.448785
1.489310
-8.939771
-4.470165
5.958916
5.958916
-2.980296
-7.449902
-1.490427
4.469047
-5.960034
-5.960034
7.448785
5.958916
-4.470165
-7.449902
1.489310
5.958916
-2.980296
-7.449902
2.979179
10.428522
1.489310
-17.878983
-26.818196
-1.490427
28.306947
8.938654
-23.838458
-13.409377
4.469047
-14.899246
-17.878983
19.367735
29.796816
-8.939771
-29.797933
-2.980296
19.367735
5.958916
-2.980296
-10.429640
-10.429640
11.918391
11.918391
-5.960034
8.938654
23.837341
-16.389115
-46.186489
5.958916
53.634715
19.367735
-28.308064
-17.878983
10.428522
-7.449902
-17.878983
10.428522
22.347472
13.408260
-8.939771
-28.308064
-8.939771
14.898129
-25.328327
-61.085176
1.489310
81.942221
29.796816
-67.044651
-53.635833
10.428522
11.918391
-4.470165
16.387997
37.246159
17.877866
-25.328327
-47.676358
-2.980296
55.124584
43.205634
-10.429640
8.938654
59.594190
20.857603
-50.656095
-26.818196
53.634715
61.084059
26.817078
19.367735
5.958916
-17.878983
-19.368852
-1.490427
34.266422
52.144847
16.387997
-38.737146
-32.777671
4.469047
-4.470165
-23.838458
2.979179
22.347472
-0.000559
-7.449902
4.469047
-16.389115
-38.737146
-26.818196
11.918391
29.796816
19.367735
1.489310
-35.757408
-41.716883
-10.429640
2.979179
19.367735
35.756291
11.918391
-35.757408
-41.716883
-5.960034
1.489310
-17.878983
-8.939771
17.877866
16.387997
-20.858721
-44.696620
-40.227014
-28.308064
-14.899246
5.958916
16.387997
-7.449902
-49.166227
-67.044651
-38.737146
7.448785
20.857603
-4.470165
-37.247277
-31.287802
4.469047
2.979179
-34.267539
-28.308064
20.857603
29.796816
7.448785
7.448785
14.898129
-7.449902
-20.858721
4.469047
41.715766
56.614453
31.286685
-0.000559
-10.429640
16.387997
41.715766
26.817078
16.387997
34.266422
32.776553
5.958916
1.489310
20.857603
25.327210
25.327210
29.796816
26.817078
25.327210
26.817078
11.918391
1.489310
31.286685
52.144847
19.367735
-14.899246
-0.000559
22.347472
29.796816
26.817078
1.489310
-17.878983
2.979179
25.327210
4.469047
-5.960034
20.857603
5.958916
-52.145964
-29.797933
40.225897
29.796816
-32.777671
-41.716883
-11.919509
-1.490427
-5.960034
-22.348590
-46.186489
-32.777671
-4.470165
-29.797933
-55.125702
-8.939771
17.877866
-56.615570
-102.801501
-31.287802
34.266422
-8.939771
-77.473732
-74.493995
-13.409377
20.857603
-19.368852
-89.392682
-61.085176
35.756291
25.327210
-73.004126
-55.125702
41.715766
5.958916
-95.352157
-58.105439
74.492878
81.942221
-34.267539
-83.433207
-7.449902
65.553665
29.796816
-40.227014
-1.490427
95.351040
64.063796
-64.064914
-53.635833
78.962484
86.411827
-28.308064
-31.287802
83.432090
92.371302
-25.328327
-71.514258
25.327210
117.699071
77.472615
-13.409377
-2.980296
70.023271
52.144847
-22.348590
1.489310
104.290252
114.719333
23.837341
-5.960034
43.205634
53.634715
19.367735
20.857603
73.003009
123.658545
75.982746
-62.575045
-89.392682
58.104322
132.597758
13.408260
-65.554783
14.898129
50.654978
-40.227014
-90.882551
-35.757408
8.938654
-10.429640
-52.145964
-62.575045
-34.267539
-16.389115
-81.943339
-159.416512
-86.412945
43.205634
19.367735
-98.331895
-102.801501
-44.696620
-77.473732
-102.801501
-20.858721
50.654978
1.489310
-93.862288
-116.210319
-52.145964
26.817078
28.306947
-44.696620
-55.125702
13.408260
16.387997
-65.554783
-58.105439
41.715766
46.185372
-59.595308
-73.004126
53.634715
89.391565
-35.757408
-111.740713
-10.429640
107.269990
56.614453
-71.514258
-50.656095
71.513140
87.901696
-20.858721
-41.716883
65.553665
92.371302
-11.919509
-50.656095
55.124584
135.577495
53.634715
-61.085176
-17.878983
119.188939
129.618020
14.898129
-8.939771
86.411827
110.249727
29.796816
-5.960034
61.084059
125.148414
117.699071
52.144847
10.428522
74.492878
151.966051
75.982746
-73.004126
-2.980296
230.929094
229.439225
-38.737146
-166.865856
-13.409377
123.658545
71.513140
-20.858721
-17.878983
20.857603
-38.737146
-162.396250
-143.027956
35.756291
70.023271
-156.436775
-265.197192
-56.615570
71.513140
-126.639400
-292.014829
-141.538088
31.286685
-43.206752
-166.865856
-110.250844
-14.899246
-61.085176
-156.436775
-123.659663
16.387997
86.411827
-8.939771
-119.190057
-86.412945
13.408260
26.817078
-26.818196
-25.328327
16.387997
-7.449902
-62.575045
-22.348590
62.573928
19.367735
-104.291369
-102.801501
34.266422
93.861171
10.428522
-75.983864
-75.983864
-23.838458
32.776553
50.654978
20.857603
-2.980296
-5.960034
-14.899246
-7.449902
65.553665
119.188939
50.654978
-23.838458
26.817078
93.861171
70.023271
43.205634
74.492878
99.820646
86.411827
83.432090
65.553665
35.756291
53.634715
107.269990
117.699071
86.411827
83.432090
86.411827
53.634715
29.796816
73.003009
162.395132
198.151982
117.699071
4.469047
25.327210
129.618020
101.310515
13.408260
105.780121
232.418962
113.229464
-105.781238
-102.801501
34.266422
64.063796
32.776553
55.124584
38.736028
-147.497562
-351.609578
-265.197192
56.614453
171.334345
-108.760976
-370.977871
-254.768111
-68.534520
-168.355725
-280.095879
-84.923076
87.901696
-87.902813
-300.954041
-213.051786
-2.980296
8.938654
-125.149532
-134.088744
40.225897
143.026839
1.489310
-162.396250
-87.902813
40.225897
-11.919509
-50.656095
92.371302
169.844476
-7.449902
-204.112574
-217.521393
-98.331895
102.800383
195.172244
-0.000559
-208.582180
-122.169794
-13.409377
-122.169794
-138.558350
89.391565
172.824213
-35.757408
-171.335462
-68.534520
50.654978
65.553665
13.408260
-2.980296
107.269990
213.050669
80.452352
-110.250844
-16.389115
165.374870
117.699071
53.634715
181.763426
205.601325
1.489310
-98.331895
34.266422
166.864739
196.662113
154.945789
64.063796
29.796816
68.533403
26.817078
-16.389115
135.577495
275.625155
131.107889
-10.429640
114.719333
171.334345
8.938654
-23.838458
162.395132
260.726468
207.091194
137.067364
37.246159
-29.797933
61.084059
126.638283
38.736028
38.736028
151.966051
65.553665
-122.169794
-90.882551
-116.210319
-458.880126
-512.515400
131.107889
592.967194
37.246159
-837.306782
-877.533238
-213.051786
171.334345
-4.470165
-148.987431
14.898129
-17.878983
-460.369995
-618.296080
-71.514258
424.612028
171.334345
-263.707323
-105.781238
245.827781
62.573928
-342.670365
-233.909949
227.949356
354.588198
99.820646
-44.696620
-0.000559
-111.740713
-323.302072
-163.886118
294.993449
360.547673
-89.392682
-330.751416
-137.068481
-116.210319
-314.362860
-116.210319
324.790823
238.378437
-254.768111
-381.406952
-148.987431
-49.166227
1.489310
199.641850
254.766993
29.796816
-132.598875
-84.923076
31.286685
143.026839
196.662113
132.597758
120.678808
219.010144
125.148414
-135.578613
-107.271107
201.131719
271.155549
119.188939
146.006576
196.662113
-11.919509
-160.906381
19.367735
229.439225
244.337912
195.172244
129.618020
10.428522
-16.389115
81.942221
140.047101
195.172244
320.321217
302.442792
65.553665
-61.085176
71.513140
198.151982
219.010144
277.115024
297.973186
125.148414
-73.004126
-78.963601
62.573928
199.641850
219.010144
67.043534
-77.473732
-56.615570
-213.051786
-750.894396
-835.816913
196.662113
1105.482035
268.175812
-1403.456898
-1534.565346
-99.821763
618.294962
-102.801501
-570.620280
38.736028
357.567935
-445.471307
-1032.479585
-280.095879
691.298530
412.693078
-429.082752
-283.075616
508.044677
379.915966
-569.130412
-691.299647
294.993449
825.386715
229.439225
-356.079184
-168.355725
75.982746
-174.315200
-379.917084
-77.473732
326.280692
302.442792
-116.210319
-543.802643
-594.458180
-165.375987
284.564368
190.702638
-235.399817
-311.383122
-73.004126
-78.963601
-278.606010
-131.109007
260.726468
283.074499
-50.656095
-166.865856
77.472615
193.682376
-25.328327
-132.598875
195.172244
536.352182
321.811086
-199.642968
-248.808636
187.722901
339.689511
59.594190
28.306947
362.037541
344.159117
-129.619138
-277.116142
114.719333
370.976754
190.702638
49.165109
189.212769
272.645418
92.371302
-56.615570
96.840908
354.588198
336.709773
78.962484
67.043534
363.527410
394.814653
40.225897
-49.166227
366.507148
575.088769
204.111457
-126.639400
29.796816
294.993449
248.807518
56.614453
119.188939
427.591765
275.625155
-962.455755
-2073.897824
-794.100589
2120.082637
2413.586776
-1193.385407
-3809.594889
-1615.018257
1792.311518
1318.533263
-1299.166087
-1182.956326
989.272275
730.035117
-1775.924079
-1923.421083
864.123302
1969.605896
-281.585748
-1740.167230
163.885001
1890.642853
172.824213
-2082.837036
-950.536805
1659.713201
1550.952784
-558.701331
-953.516543
390.345047
533.372445
-765.793083
-978.844311
417.162684
1126.340197
50.654978
-1062.276960
-615.316342
378.426097
114.719333
-920.739431
-707.688203
709.176954
999.701356
-506.555925
-1509.237577
-525.924219
759.832491
536.352182
-318.832466
-217.521393
439.510715
327.770561
-435.042226
-569.130412
297.973186
968.414113
472.287827
-363.528528
-217.521393
469.308090
312.871874
-391.836033
-189.213887
750.893279
834.325927
-98.331895
-575.089887
-93.862288
354.588198
205.601325
56.614453
321.811086
505.064939
128.128152
-393.325902
-281.585748
393.324785
709.176954
311.382005
-67.044651
135.577495
372.466623
90.881434
-157.926644
241.358175
718.116167
478.247302
-81.943339
-78.963601
382.895704
454.409402
64.063796
-53.635833
277.115024
475.267565
250.297387
-8.939771
71.513140
306.912399
-16.389115
-1306.615431
-2178.188635
-439.511833
2723.479471
2583.431811
-1978.546226
-5000.000000
-1878.725021
2803.932382
2266.089772
-1585.220882
-2032.181500
816.447503
1066.745448
-1860.846596
-2334.624851
955.005294
2534.266143
-105.781238
-2172.229160
-174.315200
2023.241170
321.811086
-2316.746426
-1193.385407
1912.990884
2018.771564
-573.600018
-1466.031384
40.225897
595.946931
-621.275817
-895.411662
506.554808
1103.992167
14.898129
-779.201902
-429.082752
-306.913516
-667.461748
-250.298505
744.933804
758.342622
-318.832466
-1039.928929
-782.181639
-123.659663
400.774128
511.024414
171.334345
-163.886118
-93.862288
44.695503
-138.558350
-247.318767
177.293820
703.217480
633.193649
74.492878
-311.383122
-181.764543
144.516708
224.969619
189.212769
426.101897
633.193649
171.334345
-569.130412
-497.616713
323.300955
721.095904
388.855179
156.435657
280.094762
122.168677
-347.139972
-305.423647
397.794391
870.082777
604.886144
114.719333
-70.024389
-59.595308
-37.247277
153.455920
511.024414
661.501155
397.794391
8.938654
-102.801501
84.921959
290.523843
330.750298
300.952924
296.483318
239.868306
114.719333
80.452352
172.824213
187.722901
156.435657
148.986314
-393.325902
-1649.285237
-1804.231585
737.484460
3206.196938
1101.012429
-3940.703336
-4751.191923
388.855179
4053.932242
1139.749016
-3088.498426
-2058.999137
1458.580923
1066.745448
-2005.363863
-1825.089747
1330.452213
1884.683378
-879.023106
-1889.154102
442.490453
1732.716769
-314.362860
-2054.529531
-500.596450
1750.595193
1311.083919
-636.174504
-1072.706041
-169.845593
-4.470165
-503.576188
-74.493995
955.005294
718.116167
-746.424790
-1337.902674
-384.386690
448.449928
132.597758
-302.443910
-17.878983
236.888569
-216.031524
-752.384265
-561.681068
123.658545
479.737171
238.378437
-120.679925
-80.453470
151.966051
-19.368852
-424.613145
-193.683493
683.849186
995.231750
210.070932
-525.924219
-251.788373
350.118592
332.240167
90.881434
373.956491
709.176954
280.094762
-458.880126
-438.021964
275.625155
674.909974
467.818221
236.888569
219.010144
105.780121
-122.169794
-75.983864
305.422530
601.906406
511.024414
190.702638
-8.939771
59.594190
201.131719
220.500013
210.070932
314.361742
415.672816
300.952924
29.796816
-166.865856
-163.886118
122.168677
639.153124
873.062514
345.648986
-475.268682
-563.170937
208.581063
847.734746
636.173387
37.246159
-163.886118
-71.514258
-542.312775
-1500.298365
-1269.368712
959.474900
2610.249448
566.149557
-3273.242148
-3593.563924
309.892136
2908.223193
832.836059
-2143.921654
-1646.305500
627.234175
674.909974
-1083.135122
-1367.700048
117.699071
826.876584
8.938654
-570.620280
-50.656095
314.361742
-317.342597
-911.800218
-379.917084
657.031549
904.349757
171.334345
-721.097022
-1017.580898
-496.126844
438.020846
853.694221
232.418962
-654.052929
-640.644110
102.800383
333.730036
-286.055354
-685.340172
-177.294937
461.858746
300.952924
-363.528528
-642.133979
-335.221022
59.594190
233.908831
221.989881
96.840908
-44.696620
-122.169794
-146.007694
-110.250844
104.290252
426.101897
505.064939
210.070932
-104.291369
-98.331895
123.658545
281.584630
341.179379
350.118592
287.544105
160.905264
13.408260
-62.575045
75.982746
396.304522
579.558375
362.037541
25.327210
17.877866
219.010144
238.378437
99.820646
153.455920
387.365310
412.693078
147.496445
-41.716883
58.104322
223.479750
238.378437
216.030406
294.993449
350.118592
190.702638
-110.250844
-204.112574
95.351040
476.757433
503.575070
165.374870
-123.659663
-70.024389
157.925526
230.929094
122.168677
25.327210
75.982746
151.966051
50.654978
-132.598875
-201.132837
-341.180497
-770.262690
-908.820481
28.306947
1230.631008
783.670391
-1340.882411
-2522.348310
-1044.398535
1276.816939
1609.057664
-126.639400
-1606.079044
-1381.108867
-186.234149
572.109032
335.219904
-433.552358
-835.816913
-370.977871
409.713341
466.328352
-297.974304
-861.144682
-548.272250
138.557233
438.020846
266.685943
-102.801501
-493.147107
-630.215029
-238.379555
365.017279
457.389140
-77.473732
-540.822906
-388.856296
77.472615
235.398700
-40.227014
-332.241284
-287.545223
-0.000559
193.682376
95.351040
-220.501130
-430.572620
-229.440342
239.868306
454.409402
183.253294
-199.642968
-233.909949
49.165109
292.013711
330.750298
239.868306
104.290252
37.246159
128.128152
280.094762
280.094762
140.047101
96.840908
201.131719
281.584630
256.256862
168.354607
40.225897
-62.575045
55.124584
345.648986
439.510715
154.945789
-157.926644
-116.210319
160.905264
308.402267
220.500013
93.861171
55.124584
77.472615
123.658545
165.374870
157.925526
101.310515
71.513140
101.310515
150.476183
160.905264
116.209202
58.104322
37.246159
101.310515
208.581063
229.439225
111.739596
-11.919509
-7.449902
101.310515
199.641850
196.662113
70.023271
-37.247277
26.817078
163.885001
177.293820
101.310515
74.492878
64.063796
47.675241
71.513140
5.958916
-219.011261
-363.528528
-168.355725
162.395132
175.803951
-196.663230
-543.802643
-446.961176
46.185372
391.834916
135.577495
-451.430782
-721.097022
-466.329470
-50.656095
120.678808
-32.777671
-353.099447
-539.333037
-369.488003
-35.757408
50.654978
-163.886118
-399.285377
-433.552358
-250.298505
-1.490427
64.063796
-189.213887
-508.045794
-479.738288
-114.720451
135.577495
-5.960034
-326.281809
-433.552358
-256.257979
-31.287802
46.185372
-26.818196
-177.294937
-284.565485
-226.460605
-53.635833
34.266422
-64.064914
-175.805068
-141.538088
-20.858721
73.003009
61.084059
-37.247277
-126.639400
-73.004126
123.658545
217.520275
95.351040
-38.737146
-17.878983
111.739596
230.929094
305.422530
268.175812
105.780121
13.408260
146.006576
336.709773
333.730036
171.334345
102.800383
211.560800
335.219904
339.689511
238.378437
144.516708
153.455920
257.746731
354.588198
332.240167
210.070932
90.881434
87.901696
202.621588
309.892136
293.503580
184.743163
96.840908
111.739596
189.212769
216.030406
151.966051
96.840908
150.476183
219.010144
171.334345
75.982746
75.982746
137.067364
138.557233
108.759858
135.577495
168.354607
119.188939
41.715766
38.736028
90.881434
102.800383
87.901696
96.840908
122.168677
123.658545
68.533403
-86.412945
-278.606010
-294.994566
-92.372420
67.043534
7.448785
-114.720451
-114.720451
-99.821763
-196.663230
-330.751416
-384.386690
-350.119709
-257.747848
-159.416512
-148.987431
-266.687060
-379.917084
-367.998134
-300.954041
-283.075616
-271.156667
-244.339030
-250.298505
-271.156667
-251.788373
-271.156667
-390.346165
-403.754983
-175.805068
-0.000559
-135.578613
-353.099447
-326.281809
-180.274674
-195.173362
-260.727586
-150.477300
-10.429640
-65.554783
-221.990999
-250.298505
-162.396250
-101.311632
-90.882551
-67.044651
-29.797933
-13.409377
-44.696620
-73.004126
-46.186489
7.448785
47.675241
70.023271
102.800383
132.597758
102.800383
46.185372
52.144847
154.945789
259.236599
269.665681
214.540538
169.844476
157.925526
183.253294
235.398700
296.483318
326.280692
286.054237
211.560800
178.783688
227.949356
311.382005
311.382005
216.030406
183.253294
269.665681
311.382005
213.050669
113.229464
132.597758
219.010144
265.196074
238.378437
147.496445
64.063796
77.472615
157.925526
181.763426
134.087627
135.577495
181.763426
144.516708
62.573928
77.472615
117.699071
67.043534
35.756291
114.719333
187.722901
110.249727
-2.980296
20.857603
102.800383
96.840908
58.104322
93.861171
119.188939
56.614453
20.857603
83.432090
119.188939
55.124584
-41.716883
-154.946906
-260.727586
-223.480867
-31.287802
50.654978
-68.534520
-132.598875
-58.105439
-87.902813
-284.565485
-409.714458
-367.998134
-247.318767
-113.230582
-46.186489
-171.335462
-390.346165
-403.754983
-245.828898
-198.153099
-281.585748
-297.974304
-211.561918
-177.294937
-226.460605
-293.504698
-365.018396
-351.609578
-174.315200
-8.939771
-86.412945
-293.504698
-336.710891
-238.379555
-204.112574
-216.031524
-137.068481
-52.145964
-113.230582
-210.072049
-193.683493
-128.129269
-134.088744
-138.558350
-58.105439
11.918391
-10.429640
-59.595308
-89.392682
-104.291369
-53.635833
71.513140
154.945789
92.371302
8.938654
23.837341
98.330777
148.986314
177.293820
221.989881
219.010144
190.702638
202.621588
214.540538
160.905264
119.188939
207.091194
333.730036
332.240167
217.520275
131.107889
157.925526
239.868306
277.115024
260.726468
233.908831
233.908831
221.989881
163.885001
137.067364
190.702638
233.908831
189.212769
163.885001
202.621588
207.091194
114.719333
25.327210
78.962484
189.212769
202.621588
135.577495
83.432090
73.003009
65.553665
59.594190
95.351040
122.168677
86.411827
56.614453
68.533403
65.553665
40.225897
56.614453
87.901696
93.861171
73.003009
53.634715
35.756291
28.306947
47.675241
64.063796
80.452352
77.472615
35.756291
-7.449902
-74.493995
-193.683493
-277.116142
-160.906381
53.634715
77.472615
-74.493995
-132.598875
-90.882551
-187.724018
-381.406952
-402.265114
-226.460605
-52.145964
-20.858721
-160.906381
-384.386690
-475.268682
-299.464172
-104.291369
-141.538088
-265.197192
-269.666798
-223.480867
-239.869423
-283.075616
-317.342597
-335.221022
-233.909949
-53.635833
-37.247277
-226.460605
-330.751416
-266.687060
-230.930211
-221.990999
-105.781238
-25.328327
-150.477300
-266.687060
-190.703756
-108.760976
-144.517825
-135.578613
-40.227014
-20.858721
-80.453470
-90.882551
-55.125702
-41.716883
-19.368852
47.675241
90.881434
81.942221
67.043534
62.573928
68.533403
117.699071
193.682376
227.949356
213.050669
207.091194
205.601325
147.496445
96.840908
178.783688
326.280692
341.179379
235.398700
166.864739
181.763426
205.601325
230.929094
274.135287
281.584630
230.929094
192.192507
202.621588
187.722901
132.597758
141.536970
238.378437
290.523843
207.091194
117.699071
101.310515
90.881434
98.330777
153.455920
214.540538
180.273557
71.513140
41.715766
93.861171
105.780121
61.084059
90.881434
154.945789
107.269990
32.776553
20.857603
32.776553
26.817078
56.614453
101.310515
68.533403
7.448785
32.776553
98.330777
59.594190
-5.960034
41.715766
87.901696
34.266422
17.877866
83.432090
58.104322
-96.842026
-214.541655
-207.092311
-137.068481
-14.899246
53.634715
-56.615570
-172.825331
-114.720451
-84.923076
-268.176929
-426.103014
-342.670365
-151.967169
-25.328327
-38.737146
-230.930211
-435.042226
-369.488003
-144.517825
-114.720451
-253.278242
-275.626273
-192.193624
-186.234149
-230.930211
-262.217454
-321.812203
-306.913516
-108.760976
34.266422
-111.740713
-326.281809
-315.852728
-201.132837
-178.784806
-175.805068
-113.230582
-99.821763
-159.416512
-184.744281
-162.396250
-157.926644
-141.538088
-70.024389
23.837341
46.185372
-28.308064
-129.619138
-147.497562
-43.206752
71.513140
119.188939
119.188939
86.411827
35.756291
5.958916
68.533403
207.091194
262.216337
193.682376
148.986314
178.783688
174.314082
111.739596
129.618020
238.378437
293.503580
239.868306
193.682376
208.581063
201.131719
163.885001
153.455920
204.111457
269.665681
253.277125
150.476183
98.330777
166.864739
216.030406
180.273557
187.722901
256.256862
193.682376
38.736028
31.286685
134.087627
153.455920
129.618020
147.496445
116.209202
75.982746
116.209202
117.699071
41.715766
29.796816
98.330777
108.759858
87.901696
99.820646
34.266422
-38.737146
47.675241
140.047101
44.695503
-25.328327
86.411827
129.618020
8.938654
-40.227014
40.225897
90.881434
67.043534
43.205634
41.715766
41.715766
28.306947
19.367735
-26.818196
-162.396250
-262.217454
-147.497562
52.144847
2.979179
-195.173362
-138.558350
78.962484
-17.878983
-387.366427
-508.045794
-294.994566
-68.534520
23.837341
-55.125702
-275.626273
-402.265114
-263.707323
-134.088744
-241.359292
-323.302072
-198.153099
-92.372420
-141.538088
-214.541655
-293.504698
-372.467740
-278.606010
-23.838458
59.594190
-146.007694
-356.079184
-336.710891
-207.092311
-122.169794
-92.372420
-96.842026
-129.619138
-160.906381
-159.416512
-150.477300
-162.396250
-143.027956
-73.004126
13.408260
55.124584
-4.470165
-119.190057
-163.886118
-73.004126
59.594190
105.780121
74.492878
56.614453
74.492878
68.533403
59.594190
104.290252
169.844476
201.131719
189.212769
169.844476
138.557233
119.188939
157.925526
219.010144
251.787256
250.297387
235.398700
193.682376
140.047101
147.496445
199.641850
217.520275
198.151982
196.662113
220.500013
193.682376
134.087627
117.699071
172.824213
236.888569
217.520275
138.557233
90.881434
78.962484
84.921959
95.351040
104.290252
150.476183
183.253294
150.476183
95.351040
46.185372
37.246159
61.084059
84.921959
81.942221
84.921959
104.290252
53.634715
-28.308064
10.428522
148.986314
190.702638
83.432090
-7.449902
1.489310
22.347472
23.837341
56.614453
110.249727
125.148414
68.533403
4.469047
2.979179
17.877866
-37.247277
-131.109007
-168.355725
-141.538088
-61.085176
20.857603
-38.737146
-159.416512
-84.923076
37.246159
-156.436775
-457.390257
-415.673933
-129.619138
-0.000559
-59.595308
-181.764543
-335.221022
-353.099447
-160.906381
-75.983864
-251.788373
-354.589315
-199.642968
-86.412945
-183.254412
-281.585748
-260.727586
-233.909949
-217.521393
-134.088744
-55.125702
-111.740713
-262.217454
-308.403385
-178.784806
-52.145964
-81.943339
-183.254412
-207.092311
-144.517825
-64.064914
-34.267539
-120.679925
-224.970736
-160.906381
29.796816
87.901696
-43.206752
-128.129269
-62.575045
25.327210
31.286685
-1.490427
10.428522
58.104322
90.881434
107.269990
122.168677
117.699071
95.351040
119.188939
163.885001
157.925526
126.638283
131.107889
163.885001
199.641850
233.908831
236.888569
189.212769
137.067364
137.067364
221.989881
289.033974
204.111457
78.962484
128.128152
283.074499
257.746731
108.759858
114.719333
190.702638
141.536970
108.759858
151.966051
137.067364
67.043534
68.533403
141.536970
157.925526
119.188939
81.942221
65.553665
114.719333
138.557233
56.614453
23.837341
90.881434
87.901696
50.654978
110.249727
126.638283
19.367735
25.327210
157.925526
111.739596
-29.797933
29.796816
111.739596
26.817078
1.489310
89.391565
68.533403
-32.777671
7.448785
129.618020
116.209202
-0.000559
-98.331895
-181.764543
-216.031524
-117.700188
49.165109
75.982746
-81.943339
-183.254412
-77.473732
1.489310
-196.663230
-423.123277
-348.629840
-86.412945
55.124584
-8.939771
-210.072049
-409.714458
-363.528528
-114.720451
-44.696620
-224.970736
-314.362860
-175.805068
-83.433207
-177.294937
-275.626273
-266.687060
-213.051786
-146.007694
-107.271107
-122.169794
-181.764543
-238.379555
-230.930211
-150.477300
-43.206752
-19.368852
-129.619138
-238.379555
-216.031524
-98.331895
-19.368852
-64.064914
-162.396250
-148.987431
-23.838458
31.286685
-59.595308
-143.027956
-81.943339
38.736028
70.023271
20.857603
-26.818196
-22.348590
44.695503
125.148414
143.026839
90.881434
64.063796
107.269990
165.374870
178.783688
153.455920
132.597758
137.067364
183.253294
223.479750
217.520275
190.702638
163.885001
175.803951
214.540538
219.010144
177.293820
148.986314
184.743163
217.520275
183.253294
157.925526
187.722901
177.293820
116.209202
123.658545
163.885001
116.209202
70.023271
114.719333
146.006576
132.597758
132.597758
104.290252
56.614453
68.533403
114.719333
95.351040
75.982746
105.780121
99.820646
56.614453
65.553665
90.881434
46.185372
44.695503
126.638283
107.269990
4.469047
-7.449902
65.553665
78.962484
38.736028
41.715766
56.614453
56.614453
55.124584
46.185372
32.776553
-7.449902
-108.760976
-219.011261
-193.683493
-11.919509
89.391565
-47.676358
-183.254412
-74.493995
56.614453
-113.230582
-420.143539
-451.430782
-181.764543
38.736028
5.958916
-172.825331
-320.322335
-326.281809
-210.072049
-132.598875
-174.315200
-229.440342
-192.193624
-131.109007
-160.906381
-257.747848
-286.055354
-217.521393
-117.700188
-55.125702
-101.311632
-211.561918
-272.646535
-205.602443
-105.781238
-80.453470
-83.433207
-83.433207
-141.538088
-207.092311
-180.274674
-95.352157
-65.554783
-70.024389
-38.737146
-28.308064
-81.943339
-116.210319
-77.473732
-22.348590
-7.449902
-2.980296
35.756291
46.185372
-16.389115
-44.696620
44.695503
147.496445
156.435657
95.351040
71.513140
102.800383
126.638283
122.168677
111.739596
140.047101
210.070932
227.949356
169.844476
143.026839
174.314082
171.334345
143.026839
181.763426
239.868306
213.050669
134.087627
132.597758
181.763426
189.212769
180.273557
160.905264
147.496445
153.455920
107.269990
43.205634
83.432090
190.702638
196.662113
128.128152
107.269990
101.310515
70.023271
74.492878
96.840908
87.901696
99.820646
132.597758
95.351040
49.165109
71.513140
44.695503
2.979179
78.962484
174.314082
117.699071
5.958916
-13.409377
22.347472
62.573928
96.840908
89.391565
58.104322
40.225897
16.387997
1.489310
47.675241
47.675241
-77.473732
-184.744281
-160.906381
-56.615570
40.225897
1.489310
-162.396250
-169.845593
29.796816
23.837341
-305.423647
-463.349732
-233.909949
10.428522
25.327210
-99.821763
-269.666798
-339.690628
-208.582180
-89.392682
-180.274674
-277.116142
-177.294937
-74.493995
-126.639400
-226.460605
-277.116142
-253.278242
-148.987431
-37.247277
-56.615570
-201.132837
-280.095879
-210.072049
-96.842026
-65.554783
-99.821763
-104.291369
-90.882551
-140.048219
-202.622705
-162.396250
-74.493995
-64.064914
-75.983864
-23.838458
-7.449902
-84.923076
-134.088744
-107.271107
-46.186489
20.857603
75.982746
50.654978
-22.348590
-29.797933
20.857603
62.573928
92.371302
117.699071
116.209202
86.411827
84.921959
102.800383
107.269990
140.047101
183.253294
175.803951
144.516708
144.516708
163.885001
151.966051
143.026839
186.233032
205.601325
187.722901
172.824213
151.966051
126.638283
132.597758
193.682376
232.418962
174.314082
105.780121
104.290252
111.739596
101.310515
129.618020
154.945789
137.067364
135.577495
154.945789
92.371302
19.367735
65.553665
140.047101
114.719333
74.492878
107.269990
126.638283
84.921959
29.796816
14.898129
83.432090
132.597758
70.023271
19.367735
84.921959
110.249727
11.918391
-2.980296
105.780121
116.209202
50.654978
61.084059
53.634715
-31.287802
-86.412945
-128.129269
-146.007694
-13.409377
114.719333
-13.409377
-186.234149
-110.250844
8.938654
-102.801501
-286.055354
-317.342597
-201.132837
-37.247277
23.837341
-113.230582
-305.423647
-299.464172
-156.436775
-113.230582
-169.845593
-219.011261
-214.541655
-157.926644
-105.781238
-168.355725
-266.687060
-241.359292
-131.109007
-61.085176
-74.493995
-160.906381
-247.318767
-223.480867
-110.250844
-67.044651
-102.801501
-98.331895
-71.514258
-105.781238
-163.886118
-168.355725
-132.598875
-92.372420
-29.797933
-0.000559
-41.716883
-93.862288
-110.250844
-87.902813
-41.716883
-0.000559
11.918391
-7.449902
-8.939771
14.898129
22.347472
26.817078
52.144847
83.432090
102.800383
104.290252
84.921959
49.165109
50.654978
119.188939
192.192507
193.682376
147.496445
123.658545
134.087627
146.006576
151.966051
159.415395
157.925526
166.864739
183.253294
162.395132
119.188939
117.699071
166.864739
196.662113
171.334345
146.006576
122.168677
64.063796
67.043534
153.455920
174.314082
105.780121
108.759858
199.641850
183.253294
29.796816
-19.368852
86.411827
153.455920
150.476183
141.536970
98.330777
49.165109
62.573928
84.921959
77.472615
87.901696
108.759858
86.411827
52.144847
68.533403
64.063796
10.428522
20.857603
107.269990
138.557233
73.003009
11.918391
-26.818196
-105.781238
-153.457037
-75.983864
55.124584
73.003009
-71.514258
-178.784806
-98.331895
-25.328327
-156.436775
-311.383122
-236.889686
-55.125702
-14.899246
-92.372420
-199.642968
-302.443910
-271.156667
-113.230582
-73.004126
-204.112574
-272.646535
-207.092311
-147.497562
-144.517825
-177.294937
-235.399817
-239.869423
-126.639400
-32.777671
-101.311632
-245.828898
-260.727586
-146.007694
-55.125702
-61.085176
-110.250844
-129.619138
-128.129269
-108.760976
-101.311632
-123.659663
-141.538088
-117.700188
-46.186489
5.958916
-26.818196
-99.821763
-107.271107
-38.737146
7.448785
-13.409377
-38.737146
-34.267539
2.979179
41.715766
43.205634
25.327210
34.266422
78.962484
116.209202
98.330777
58.104322
38.736028
83.432090
153.455920
184.743163
156.435657
114.719333
120.678808
156.435657
175.803951
171.334345
146.006576
135.577495
154.945789
178.783688
186.233032
150.476183
104.290252
125.148414
196.662113
205.601325
120.678808
65.553665
99.820646
128.128152
140.047101
183.253294
166.864739
92.371302
93.861171
131.107889
92.371302
53.634715
95.351040
126.638283
119.188939
151.966051
128.128152
14.898129
19.367735
143.026839
144.516708
41.715766
53.634715
119.188939
75.982746
14.898129
43.205634
52.144847
44.695503
110.249727
116.209202
-25.328327
-137.068481
-128.129269
-86.412945
-19.368852
59.594190
5.958916
-116.210319
-89.392682
-23.838458
-138.558350
-293.504698
-244.339030
-96.842026
-44.696620
-59.595308
-117.700188
-244.339030
-294.994566
-181.764543
-87.902813
-141.538088
-213.051786
-213.051786
-180.274674
-153.457037
-151.967169
-207.092311
-241.359292
-150.477300
-38.737146
-62.575045
-181.764543
-242.849161
-195.173362
-114.720451
-73.004126
-68.534520
-80.453470
-107.271107
-123.659663
-105.781238
-84.923076
-116.210319
-150.477300
-96.842026
-7.449902
5.958916
-61.085176
-123.659663
-107.271107
-26.818196
37.246159
25.327210
-49.166227
-74.493995
-7.449902
55.124584
41.715766
26.817078
43.205634
49.165109
65.553665
114.719333
105.780121
20.857603
14.898129
128.128152
202.621588
168.354607
107.269990
86.411827
99.820646
156.435657
205.601325
162.395132
92.371302
117.699071
184.743163
186.233032
141.536970
126.638283
141.536970
140.047101
144.516708
146.006576
119.188939
86.411827
107.269990
168.354607
160.905264
111.739596
126.638283
140.047101
77.472615
41.715766
98.330777
146.006576
137.067364
122.168677
99.820646
73.003009
81.942221
95.351040
80.452352
98.330777
113.229464
78.962484
52.144847
74.492878
73.003009
25.327210
34.266422
84.921959
78.962484
31.286685
-13.409377
-89.392682
-131.109007
-47.676358
47.675241
8.938654
-71.514258
-78.963601
-73.004126
-119.190057
-175.805068
-198.153099
-162.396250
-89.392682
-53.635833
-104.291369
-199.642968
-248.808636
-226.460605
-172.825331
-128.129269
-116.210319
-168.355725
-221.990999
-189.213887
-143.027956
-186.234149
-229.440342
-175.805068
-99.821763
-93.862288
-144.517825
-189.213887
-187.724018
-153.457037
-117.700188
-96.842026
-81.943339
-80.453470
-117.700188
-146.007694
-113.230582
-70.024389
-87.902813
-114.720451
-71.514258
-11.919509
-31.287802
-90.882551
-99.821763
-43.206752
11.918391
5.958916
-19.368852
-20.858721
5.958916
28.306947
26.817078
32.776553
64.063796
74.492878
58.104322
56.614453
92.371302
105.780121
80.452352
87.901696
144.516708
166.864739
128.128152
98.330777
125.148414
148.986314
151.966051
162.395132
172.824213
154.945789
137.067364
154.945789
160.905264
147.496445
151.966051
156.435657
131.107889
126.638283
154.945789
137.067364
102.800383
131.107889
160.905264
131.107889
108.759858
114.719333
90.881434
68.533403
90.881434
105.780121
99.820646
110.249727
98.330777
52.144847
52.144847
87.901696
98.330777
86.411827
74.492878
52.144847
38.736028
70.023271
81.942221
32.776553
19.367735
56.614453
46.185372
-20.858721
-50.656095
-40.227014
-49.166227
-43.206752
-17.878983
-34.267539
-62.575045
-74.493995
-122.169794
-177.294937
-154.946906
-114.720451
-122.169794
-138.558350
-131.109007
-153.457037
-192.193624
-172.825331
-156.436775
-195.173362
-195.173362
-165.375987
-162.396250
-178.784806
-183.254412
-186.234149
-186.234149
-154.946906
-116.210319
-123.659663
-153.457037
-160.906381
-146.007694
-140.048219
-125.149532
-99.821763
-99.821763
-99.821763
-96.842026
-96.842026
-90.882551
-89.392682
-89.392682
-78.963601
-59.595308
-46.186489
-40.227014
-40.227014
-50.656095
-46.186489
-23.838458
1.489310
11.918391
2.979179
-0.000559
11.918391
23.837341
41.715766
53.634715
59.594190
71.513140
70.023271
75.982746
92.371302
93.861171
83.432090
90.881434
135.577495
162.395132
143.026839
117.699071
114.719333
141.536970
157.925526
154.945789
137.067364
125.148414
144.516708
171.334345
168.354607
154.945789
138.557233
117.699071
111.739596
126.638283
128.128152
125.148414
135.577495
117.699071
93.861171
120.678808
148.986314
110.249727
59.594190
86.411827
120.678808
99.820646
80.452352
83.432090
78.962484
77.472615
96.840908
99.820646
64.063796
38.736028
40.225897
50.654978
75.982746
87.901696
61.084059
28.306947
17.877866
17.877866
-25.328327
-65.554783
-29.797933
2.979179
-37.247277
-59.595308
-32.777671
-47.676358
-119.190057
-148.987431
-123.659663
-105.781238
-108.760976
-135.578613
-166.865856
-177.294937
-160.906381
-159.416512
-180.274674
-165.375987
-143.027956
-154.946906
-175.805068
-171.335462
-186.234149
-205.602443
-177.294937
-137.068481
-134.088744
-141.538088
-143.027956
-146.007694
-134.088744
-116.210319
-111.740713
-117.700188
-113.230582
-95.352157
-80.453470
-75.983864
-80.453470
-89.392682
-74.493995
-40.227014
-35.757408
-53.635833
-68.534520
-62.575045
-31.287802
-5.960034
-11.919509
-16.389115
-8.939771
11.918391
26.817078
19.367735
10.428522
16.387997
34.266422
49.165109
58.104322
71.513140
78.962484
80.452352
89.391565
102.800383
95.351040
92.371302
102.800383
108.759858
114.719333
128.128152
147.496445
141.536970
122.168677
117.699071
120.678808
132.597758
141.536970
129.618020
125.148414
137.067364
129.618020
105.780121
102.800383
114.719333
120.678808
119.188939
116.209202
104.290252
93.861171
89.391565
83.432090
78.962484
89.391565
92.371302
95.351040
101.310515
80.452352
46.185372
53.634715
90.881434
87.901696
50.654978
44.695503
56.614453
38.736028
26.817078
46.185372
52.144847
23.837341
17.877866
23.837341
-1.490427
-38.737146
-56.615570
-46.186489
-16.389115
-0.000559
-34.267539
-80.453470
-84.923076
-73.004126
-93.862288
-119.190057
-107.271107
-93.862288
-105.781238
-117.700188
-125.149532
-144.517825
-153.457037
-148.987431
-143.027956
-131.109007
-122.169794
-144.517825
-165.375987
-143.027956
-119.190057
-143.027956
-150.477300
-122.169794
-117.700188
-138.558350
-140.048219
-116.210319
-102.801501
-98.331895
-96.842026
-93.862288
-78.963601
-61.085176
-73.004126
-83.433207
-65.554783
-46.186489
-47.676358
-43.206752
-22.348590
-22.348590
-38.737146
-32.777671
-11.919509
-1.490427
-1.490427
1.489310
4.469047
4.469047
11.918391
22.347472
44.695503
47.675241
37.246159
46.185372
65.553665
74.492878
59.594190
47.675241
71.513140
90.881434
87.901696
80.452352
78.962484
89.391565
98.330777
99.820646
101.310515
101.310515
102.800383
102.800383
96.840908
96.840908
98.330777
87.901696
87.901696
92.371302
90.881434
87.901696
81.942221
83.432090
84.921959
75.982746
65.553665
67.043534
78.962484
67.043534
40.225897
40.225897
67.043534
71.513140
55.124584
55.124584
67.043534
53.634715
31.286685
34.266422
38.736028
28.306947
32.776553
40.225897
23.837341
23.837341
31.286685
13.408260
-0.000559
4.469047
7.448785
2.979179
-4.470165
-8.939771
-8.939771
-16.389115
-20.858721
-14.899246
-20.858721
-32.777671
-47.676358
-58.105439
-49.166227
-47.676358
-62.575045
-74.493995
-67.044651
-62.575045
-71.514258
-70.024389
-62.575045
-74.493995
-90.882551
-84.923076
-80.453470
-93.862288
-92.372420
-75.983864
-70.024389
-70.024389
-73.004126
-84.923076
-86.412945
-73.004126
-67.044651
-73.004126
-75.983864
-74.493995
-77.473732
-68.534520
-52.145964
-46.186489
-46.186489
-47.676358
-49.166227
-50.656095
-43.206752
-40.227014
-41.716883
-32.777671
-22.348590
-19.368852
-19.368852
-11.919509
-17.878983
-32.777671
-22.348590
1.489310
8.938654
5.958916
5.958916
8.938654
5.958916
17.877866
31.286685
32.776553
25.327210
14.898129
26.817078
47.675241
44.695503
32.776553
35.756291
43.205634
52.144847
64.063796
58.104322
37.246159
40.225897
55.124584
55.124584
52.144847
47.675241
46.185372
41.715766
44.695503
56.614453
56.614453
52.144847
44.695503
43.205634
38.736028
35.756291
44.695503
43.205634
40.225897
38.736028
46.185372
46.185372
38.736028
32.776553
31.286685
34.266422
37.246159
38.736028
32.776553
31.286685
35.756291
32.776553
26.817078
32.776553
37.246159
25.327210
17.877866
19.367735
17.877866
19.367735
16.387997
13.408260
13.408260
10.428522
10.428522
10.428522
4.469047
-0.000559
2.979179
7.448785
2.979179
-13.409377
-25.328327
-17.878983
-7.449902
-5.960034
-14.899246
-17.878983
-14.899246
-19.368852
-23.838458
-23.838458
-35.757408
-41.716883
-34.267539
-23.838458
-28.308064
-34.267539
-29.797933
-29.797933
-31.287802
-20.858721
-29.797933
-50.656095
-46.186489
-32.777671
-29.797933
-29.797933
-28.308064
-38.737146
-47.676358
-35.757408
-32.777671
-46.186489
-47.676358
-40.227014
-37.247277
-31.287802
-28.308064
-32.777671
-46.186489
-40.227014
-22.348590
-28.308064
-43.206752
-43.206752
-31.287802
-25.328327
-26.818196
-29.797933
-31.287802
-29.797933
-20.858721
-17.878983
-19.368852
-19.368852
-16.389115
-8.939771
-4.470165
-7.449902
-10.429640
-1.490427
-1.490427
-4.470165
4.469047
1.489310
7.448785
14.898129
1.489310
-1.490427
14.898129
22.347472
13.408260
19.367735
31.286685
29.796816
22.347472
19.367735
19.367735
23.837341
28.306947
31.286685
31.286685
32.776553
32.776553
31.286685
26.817078
31.286685
31.286685
26.817078
31.286685
34.266422
32.776553
29.796816
29.796816
31.286685
31.286685
32.776553
28.306947
22.347472
35.756291
37.246159
28.306947
22.347472
26.817078
35.756291
26.817078
14.898129
13.408260
13.408260
19.367735
23.837341
19.367735
14.898129
11.918391
4.469047
2.979179
4.469047
1.489310
-7.449902
-5.960034
2.979179
5.958916
-2.980296
-14.899246
-13.409377
-8.939771
-10.429640
-11.919509
-13.409377
-7.449902
-8.939771
-17.878983
-13.409377
-7.449902
-4.470165
-8.939771
-10.429640
-8.939771
-11.919509
-13.409377
-11.919509
-11.919509
-11.919509
-10.429640
-10.429640
-13.409377
-8.939771
-10.429640
-16.389115
-10.429640
-5.960034
-14.899246
-14.899246
-13.409377
-17.878983
-16.389115
-8.939771
-0.000559
-2.980296
-10.429640
-16.389115
-31.287802
-25.328327
-8.939771
-7.449902
-16.389115
-19.368852
-8.939771
-11.919509
-19.368852
-10.429640
-1.490427
-2.980296
-5.960034
-7.449902
-11.919509
-25.328327
-26.818196
-8.939771
2.979179
1.489310
-7.449902
-8.939771
-4.470165
-1.490427
-8.939771
-20.858721
-8.939771
11.918391
5.958916
-8.939771
-7.449902
-1.490427
-1.490427
1.489310
10.428522
8.938654
5.958916
7.448785
11.918391
8.938654
5.958916
8.938654
4.469047
2.979179
10.428522
17.877866
13.408260
7.448785
8.938654
11.918391
13.408260
8.938654
7.448785
10.428522
10.428522
13.408260
10.428522
5.958916
8.938654
13.408260
13.408260
8.938654
5.958916
10.428522
11.918391
8.938654
7.448785
2.979179
4.469047
8.938654
5.958916
2.979179
4.469047
8.938654
8.938654
7.448785
4.469047
2.979179
5.958916
8.938654
14.898129
10.428522
2.979179
-1.490427
-4.470165
2.979179
5.958916
8.938654
8.938654
2.979179
7.448785
7.448785
4.469047
1.489310
-5.960034
1.489310
10.428522
11.918391
2.979179
-4.470165
-1.490427
1.489310
5.958916
-2.980296
-8.939771
-1.490427
4.469047
4.469047
-2.980296
-8.939771
-0.000559
-1.490427
-5.960034
-5.960034
-7.449902
-8.939771
-5.960034
-7.449902
-13.409377
-10.429640
-5.960034
-5.960034
-8.939771
-13.409377
-5.960034
-1.490427
-2.980296
-10.429640
-11.919509
-5.960034
-8.939771
-11.919509
-16.389115
-13.409377
-10.429640
-8.939771
-2.980296
-2.980296
-7.449902
-7.449902
-11.919509
-13.409377
-2.980296
-2.980296
-8.939771
-7.449902
-5.960034
-4.470165
-2.980296
2.979179
2.979179
-7.449902
-7.449902
-0.000559
1.489310
5.958916
-1.490427
-7.449902
-5.960034
-2.980296
7.448785
4.469047
1.489310
2.979179
-4.470165
-7.449902
2.979179
7.448785
-0.000559
-5.960034
1.489310
2.979179
4.469047
1.489310
-5.960034
-1.490427
7.448785
10.428522
7.448785
-2.980296
1.489310
4.469047
2.979179
4.469047
5.958916
1.489310
4.469047
10.428522
4.469047
-0.000559
5.958916
8.938654
7.448785
8.938654
5.958916
2.979179
5.958916
4.469047
-1.490427
8.938654
11.918391
2.979179
-0.000559
7.448785
13.408260
4.469047
-1.490427
2.979179
7.448785
1.489310
-4.470165
2.979179
13.408260
11.918391
2.979179
8.938654
11.918391
1.489310
-1.490427
4.469047
8.938654
7.448785
5.958916
1.489310
-0.000559
1.489310
1.489310
-1.490427
4.469047
10.428522
5.958916
-2.980296
-1.490427
1.489310
-1.490427
-4.470165
-0.000559
-0.000559
-2.980296
-7.449902
-10.429640
-7.449902
-8.939771
-7.449902
-7.449902
-5.960034
-0.000559
-7.449902
-11.919509
-7.449902
-4.470165
-4.470165
-5.960034
-8.939771
-5.960034
-7.449902
-11.919509
-8.939771
-7.449902
1.489310
4.469047
-1.490427
-4.470165
-1.490427
-0.000559
-0.000559
-1.490427
-5.960034
-5.960034
1.489310
4.469047
2.979179
-5.960034
-13.409377
-4.470165
5.958916
-0.000559
-8.939771
-5.960034
-2.980296
-5.960034
-7.449902
-7.449902
-8.939771
-2.980296
-4.470165
-2.980296
2.979179
-1.490427
-2.980296
-4.470165
-0.000559
1.489310
-0.000559
-1.490427
-0.000559
7.448785
5.958916
-2.980296
-0.000559
-1.490427
-4.470165
-1.490427
2.979179
4.469047
-0.000559
-1.490427
-2.980296
-0.000559
8.938654
10.428522
8.938654
5.958916
2.979179
7.448785
8.938654
4.469047
7.448785
11.918391
1.489310
-2.980296
4.469047
11.918391
8.938654
8.938654
8.938654
7.448785
11.918391
8.938654
1.489310
4.469047
5.958916
10.428522
10.428522
1.489310
-7.449902
-1.490427
4.469047
5.958916
-1.490427
-1.490427
4.469047
4.469047
-0.000559
-1.490427
-4.470165
5.958916
7.448785
-0.000559
-1.490427
-5.960034
-8.939771
-4.470165
-2.980296
-7.449902
-7.449902
-8.939771
-7.449902
-2.980296
-7.449902
-8.939771
-5.960034
-10.429640
-14.899246
-8.939771
-2.980296
-10.429640
-10.429640
-2.980296
-1.490427
-0.000559
-1.490427
-1.490427
-1.490427
-0.000559
-4.470165
-10.429640
-4.470165
2.979179
8.938654
11.918391
4.469047
-4.470165
-2.980296
-1.490427
-2.980296
-5.960034
-5.960034
5.958916
7.448785
2.979179
-1.490427
-2.980296
-0.000559
-4.470165
-8.939771
-11.919509
2.979179
17.877866
11.918391
-5.960034
-14.899246
-8.939771
4.469047
4.469047
5.958916
5.958916
8.938654
13.408260
16.387997
13.408260
2.979179
-11.919509
-13.409377
4.469047
19.367735
14.898129
5.958916
-0.000559
-1.490427
-4.470165
-5.960034
-0.000559
1.489310
5.958916
-1.490427
-2.980296
14.898129
7.448785
-10.429640
-16.389115
-7.449902
-1.490427
-1.490427
-1.490427
-4.470165
-2.980296
2.979179
11.918391
14.898129
1.489310
-7.449902
-4.470165
4.469047
8.938654
5.958916
10.428522
8.938654
4.469047
-2.980296
1.489310
8.938654
1.489310
-10.429640
-13.409377
-0.000559
16.387997
7.448785
-1.490427
4.469047
13.408260
-0.000559
-19.368852
-22.348590
-10.429640
4.469047
13.408260
13.408260
5.958916
-11.919509
-14.899246
-10.429640
-4.470165
-1.490427
-0.000559
8.938654
16.387997
4.469047
-8.939771
4.469047
11.918391
10.428522
4.469047
-2.980296
2.979179
7.448785
8.938654
14.898129
16.387997
10.428522
-0.000559
-1.490427
-4.470165
-10.429640
-4.470165
7.448785
10.428522
1.489310
-10.429640
-13.409377
2.979179
-1.490427
-17.878983
-8.939771
2.979179
2.979179
-2.980296
-10.429640
-4.470165
-0.000559
-13.409377
-16.389115
-7.449902
-10.429640
-14.899246
-13.409377
1.489310
25.327210
25.327210
-4.470165
-11.919509
-8.939771
-20.858721
4.469047
22.347472
10.428522
16.387997
13.408260
4.469047
20.857603
13.408260
-25.328327
-13.409377
-7.449902
-53.635833
-40.227014
-10.429640
-29.797933
-4.470165
50.654978
83.432090
74.492878
-245.828898
-733.015971
-688.319910
8.938654
768.771703
959.474900
189.212769
-1004.172079
-1325.983724
-481.228157
576.578638
969.903981
342.669248
-515.495138
-373.957609
299.463055
342.669248
-156.436775
-509.535663
-217.521393
558.700213
829.856321
292.013711
-144.517825
-81.943339
56.614453
92.371302
1.489310
-64.064914
189.212769
399.284260
210.070932
46.185372
68.533403
61.084059
23.837341
-144.517825
-315.852728
-73.004126
327.770561
344.159117
95.351040
-70.024389
-111.740713
-77.473732
-157.926644
-302.443910
-64.064914
338.199642
314.361742
19.367735
-143.027956
-86.412945
53.634715
14.898129
-163.886118
-140.048219
53.634715
108.759858
98.330777
120.678808
65.553665
-22.348590
-117.700188
-180.274674
-98.331895
28.306947
55.124584
35.756291
19.367735
-16.389115
-49.166227
-89.392682
-153.457037
-141.538088
-80.453470
-64.064914
-49.166227
-23.838458
-1.490427
8.938654
-70.024389
-171.335462
-169.845593
-108.760976
-95.352157
-86.412945
-29.797933
29.796816
43.205634
-19.368852
-101.311632
-96.842026
-52.145964
-35.757408
-19.368852
29.796816
84.921959
96.840908
55.124584
-0.000559
-17.878983
13.408260
25.327210
-5.960034
7.448785
73.003009
123.658545
147.496445
126.638283
32.776553
-50.656095
-52.145964
-8.939771
53.634715
131.107889
147.496445
122.168677
108.759858
87.901696
81.942221
92.371302
71.513140
41.715766
68.533403
138.557233
195.172244
207.091194
163.885001
120.678808
90.881434
41.715766
-0.000559
35.756291
143.026839
229.439225
253.277125
238.378437
193.682376
131.107889
34.266422
-86.412945
-138.558350
-84.923076
-1.490427
77.472615
120.678808
107.269990
89.391565
64.063796
-180.274674
-642.133979
-905.840744
-646.603585
-43.206752
254.766993
-29.797933
-385.876558
-354.589315
-284.565485
-548.272250
-746.424790
-497.616713
-74.493995
1.489310
-286.055354
-375.447477
-35.757408
211.560800
5.958916
-287.545223
-292.014829
-120.679925
-7.449902
43.205634
171.334345
387.365310
443.980321
260.726468
75.982746
28.306947
96.840908
163.885001
157.925526
157.925526
236.888569
296.483318
199.641850
41.715766
-5.960034
90.881434
160.905264
-34.267539
-338.200759
-373.957609
-101.311632
144.516708
134.087627
-35.757408
-156.436775
-184.744281
-251.788373
-330.751416
-248.808636
-35.757408
86.411827
38.736028
-34.267539
17.877866
132.597758
108.759858
-4.470165
-14.899246
71.513140
137.067364
159.415395
196.662113
308.402267
417.162684
366.507148
183.253294
71.513140
113.229464
217.520275
272.645418
251.787256
219.010144
223.479750
202.621588
129.618020
90.881434
110.249727
117.699071
71.513140
41.715766
104.290252
199.641850
217.520275
169.844476
135.577495
134.087627
110.249727
37.246159
14.898129
108.759858
216.030406
217.520275
154.945789
148.986314
224.969619
247.317650
46.185372
-378.427215
-767.282952
-801.549933
-391.836033
141.536970
292.013711
-4.470165
-330.751416
-439.511833
-522.944481
-740.465315
-816.448620
-516.985006
-119.190057
-92.372420
-341.180497
-365.018396
-101.311632
28.306947
-156.436775
-365.018396
-353.099447
-256.257979
-248.808636
-181.764543
126.638283
479.737171
540.821788
277.115024
-25.328327
-128.129269
-52.145964
50.654978
101.310515
157.925526
250.297387
303.932661
260.726468
157.925526
90.881434
83.432090
47.675241
-84.923076
-256.257979
-327.771678
-244.339030
-56.615570
126.638283
178.783688
62.573928
-120.679925
-278.606010
-366.508265
-356.079184
-241.359292
-92.372420
-10.429640
-29.797933
-64.064914
-4.470165
90.881434
110.249727
44.695503
-52.145964
-99.821763
-75.983864
11.918391
154.945789
284.564368
333.730036
309.892136
242.848043
160.905264
123.658545
125.148414
135.577495
157.925526
175.803951
187.722901
204.111457
232.418962
277.115024
312.871874
274.135287
157.925526
50.654978
10.428522
44.695503
131.107889
226.459488
281.584630
275.625155
229.439225
196.662113
211.560800
239.868306
224.969619
187.722901
178.783688
204.111457
241.358175
262.216337
157.925526
-220.501130
-740.465315
-917.759693
-485.697763
120.678808
216.030406
-175.805068
-418.653670
-300.954041
-306.913516
-671.931354
-867.104157
-499.106582
-98.331895
-262.217454
-645.113717
-563.170937
-77.473732
175.803951
-5.960034
-180.274674
-90.882551
-52.145964
-259.237717
-370.977871
-117.700188
272.645418
452.919534
339.689511
154.945789
137.067364
247.317650
292.013711
190.702638
73.003009
87.901696
166.864739
119.188939
-5.960034
55.124584
257.746731
289.033974
73.003009
-156.436775
-220.501130
-224.970736
-305.423647
-336.710891
-154.946906
43.205634
-10.429640
-204.112574
-260.727586
-160.906381
-96.842026
-163.886118
-256.257979
-235.399817
-150.477300
-131.109007
-123.659663
2.979179
186.233032
239.868306
119.188939
-19.368852
-31.287802
74.492878
122.168677
84.921959
120.678808
236.888569
299.463055
271.155549
230.929094
256.256862
315.851611
256.256862
90.881434
17.877866
101.310515
207.091194
221.989881
184.743163
211.560800
271.155549
232.418962
131.107889
99.820646
147.496445
189.212769
160.905264
104.290252
125.148414
221.989881
320.321217
357.567935
345.648986
326.280692
318.831348
294.993449
245.827781
165.374870
-113.230582
-622.765686
-971.394967
-718.117284
-52.145964
257.746731
-71.514258
-418.653670
-302.443910
-162.396250
-478.248419
-825.387832
-618.296080
-177.294937
-241.359292
-713.647678
-792.610720
-283.075616
141.536970
80.452352
-96.842026
-41.716883
34.266422
-134.088744
-357.569053
-266.687060
87.901696
324.790823
254.766993
73.003009
77.472615
278.604893
438.020846
396.304522
266.685943
205.601325
168.354607
47.675241
-96.842026
-70.024389
132.597758
248.807518
162.395132
11.918391
-74.493995
-110.250844
-148.987431
-166.865856
-125.149532
-99.821763
-190.703756
-321.812203
-327.771678
-211.561918
-89.392682
-34.267539
-70.024389
-132.598875
-151.967169
-150.477300
-144.517825
-90.882551
-2.980296
43.205634
20.857603
-26.818196
-0.000559
125.148414
241.358175
248.807518
204.111457
180.273557
175.803951
169.844476
159.415395
184.743163
253.277125
266.685943
186.233032
125.148414
175.803951
269.665681
283.074499
232.418962
214.540538
230.929094
205.601325
132.597758
107.269990
169.844476
217.520275
193.682376
154.945789
177.293820
262.216337
348.628723
394.814653
372.466623
336.709773
321.811086
286.054237
214.540538
49.165109
-327.771678
-779.201902
-868.594025
-429.082752
58.104322
34.266422
-338.200759
-424.613145
-183.254412
-210.072049
-587.008836
-715.137547
-391.836033
-208.582180
-546.782381
-880.512975
-645.113717
-122.169794
70.023271
-59.595308
-81.943339
44.695503
26.817078
-162.396250
-235.399817
-34.267539
211.560800
233.908831
75.982746
-5.960034
129.618020
351.608460
439.510715
370.976754
303.932661
296.483318
236.888569
77.472615
-17.878983
55.124584
154.945789
104.290252
-50.656095
-117.700188
-67.044651
-43.206752
-92.372420
-93.862288
-34.267539
-65.554783
-229.440342
-351.609578
-297.974304
-175.805068
-159.416512
-213.051786
-201.132837
-148.987431
-143.027956
-140.048219
-65.554783
37.246159
81.942221
25.327210
-47.676358
-50.656095
10.428522
71.513140
104.290252
122.168677
148.986314
201.131719
239.868306
242.848043
268.175812
315.851611
308.402267
211.560800
98.330777
80.452352
151.966051
204.111457
195.172244
175.803951
211.560800
248.807518
229.439225
217.520275
229.439225
221.989881
172.824213
110.249727
83.432090
116.209202
186.233032
266.685943
332.240167
362.037541
382.895704
397.794391
382.895704
314.361742
135.577495
-251.788373
-728.546365
-895.411662
-567.640543
-137.068481
-123.659663
-409.714458
-443.981439
-183.254412
-122.169794
-385.876558
-493.147107
-250.298505
-163.886118
-554.231724
-934.148249
-776.222164
-333.731153
-134.088744
-208.582180
-187.724018
20.857603
135.577495
31.286685
-41.716883
116.209202
289.033974
211.560800
-29.797933
-160.906381
-38.737146
186.233032
299.463055
300.952924
330.750298
369.486885
326.280692
227.949356
177.293820
207.091194
227.949356
110.249727
-116.210319
-271.156667
-262.217454
-171.335462
-108.760976
-67.044651
-7.449902
2.979179
-86.412945
-177.294937
-154.946906
-78.963601
-89.392682
-204.112574
-303.933779
-306.913516
-275.626273
-220.501130
-110.250844
17.877866
92.371302
96.840908
75.982746
78.962484
99.820646
114.719333
98.330777
49.165109
10.428522
32.776553
98.330777
160.905264
236.888569
318.831348
332.240167
268.175812
201.131719
214.540538
257.746731
241.358175
169.844476
119.188939
134.087627
174.314082
181.763426
181.763426
214.540538
251.787256
254.766993
223.479750
201.131719
223.479750
260.726468
269.665681
257.746731
250.297387
262.216337
283.074499
287.544105
259.236599
131.107889
-184.744281
-575.089887
-712.157809
-464.839601
-174.315200
-233.909949
-502.086319
-539.333037
-320.322335
-244.339030
-412.694196
-460.369995
-233.909949
-143.027956
-435.042226
-740.465315
-643.623848
-318.832466
-187.724018
-278.606010
-277.116142
-110.250844
-0.000559
-37.247277
-41.716883
123.658545
317.341480
306.912399
110.249727
-16.389115
58.104322
214.540538
269.665681
220.500013
189.212769
214.540538
224.969619
186.233032
166.864739
235.398700
315.851611
245.827781
10.428522
-190.703756
-171.335462
-65.554783
-83.433207
-174.315200
-192.193624
-144.517825
-154.946906
-219.011261
-169.845593
-16.389115
32.776553
-92.372420
-224.970736
-236.889686
-181.764543
-146.007694
-140.048219
-122.169794
-55.125702
-2.980296
1.489310
20.857603
102.800383
210.070932
230.929094
138.557233
78.962484
131.107889
193.682376
175.803951
156.435657
198.151982
226.459488
180.273557
128.128152
168.354607
272.645418
321.811086
268.175812
193.682376
189.212769
238.378437
256.256862
201.131719
151.966051
169.844476
175.803951
116.209202
90.881434
189.212769
303.932661
312.871874
266.685943
289.033974
363.527410
372.466623
312.871874
236.888569
44.695503
-359.058921
-724.076759
-695.769253
-381.406952
-262.217454
-463.349732
-587.008836
-382.896821
-165.375987
-251.788373
-387.366427
-235.399817
-14.899246
-180.274674
-607.866999
-773.242427
-546.782381
-326.281809
-365.018396
-420.143539
-269.666798
-73.004126
-16.389115
-4.470165
134.087627
359.057804
435.041109
274.135287
68.533403
13.408260
104.290252
184.743163
163.885001
89.391565
74.492878
128.128152
165.374870
174.314082
238.378437
353.098329
375.446360
217.520275
-11.919509
-119.190057
-87.902813
-87.902813
-193.683493
-277.116142
-256.257979
-221.990999
-238.379555
-219.011261
-75.983864
86.411827
84.921959
-46.186489
-134.088744
-128.129269
-101.311632
-117.700188
-157.926644
-153.457037
-131.109007
-123.659663
-101.311632
-8.939771
135.577495
233.908831
226.459488
177.293820
181.763426
244.337912
260.726468
208.581063
177.293820
183.253294
146.006576
67.043534
58.104322
154.945789
271.155549
302.442792
266.685943
248.807518
293.503580
357.567935
356.078067
289.033974
223.479750
184.743163
143.026839
86.411827
73.003009
141.536970
220.500013
227.949356
217.520275
275.625155
351.608460
378.426097
356.078067
219.010144
-125.149532
-528.903956
-674.911091
-514.005269
-376.937346
-521.454612
-712.157809
-607.866999
-373.957609
-338.200759
-391.836033
-239.869423
29.796816
26.817078
-297.974304
-527.414087
-438.021964
-292.014829
-357.569053
-493.147107
-454.410520
-281.585748
-181.764543
-154.946906
-13.409377
248.807518
430.571503
405.243735
271.155549
205.601325
247.317650
290.523843
242.848043
116.209202
16.387997
-4.470165
13.408260
20.857603
62.573928
184.743163
280.094762
241.358175
110.249727
44.695503
95.351040
107.269990
-23.838458
-175.805068
-232.420080
-248.808636
-305.423647
-345.650103
-268.176929
-137.068481
-95.352157
-141.538088
-131.109007
-37.247277
44.695503
59.594190
28.306947
1.489310
-20.858721
-73.004126
-123.659663
-107.271107
-31.287802
35.756291
41.715766
40.225897
101.310515
221.989881
323.300955
354.588198
353.098329
342.669248
302.442792
214.540538
131.107889
122.168677
144.516708
126.638283
77.472615
80.452352
168.354607
272.645418
317.341480
315.851611
335.219904
339.689511
289.033974
227.949356
196.662113
184.743163
159.415395
111.739596
93.861171
132.597758
192.192507
247.317650
284.564368
233.908831
13.408260
-287.545223
-426.103014
-326.281809
-242.849161
-387.366427
-604.887261
-631.704898
-505.066056
-464.839601
-514.005269
-424.613145
-190.703756
-95.352157
-248.808636
-403.754983
-333.731153
-175.805068
-175.805068
-308.403385
-366.508265
-314.362860
-271.156667
-257.747848
-183.254412
1.489310
192.192507
251.787256
202.621588
183.253294
260.726468
365.017279
372.466623
263.706206
128.128152
52.144847
32.776553
17.877866
11.918391
41.715766
77.472615
70.023271
40.225897
37.246159
75.982746
120.678808
99.820646
16.387997
-73.004126
-141.538088
-181.764543
-198.153099
-190.703756
-181.764543
-177.294937
-172.825331
-177.294937
-162.396250
-89.392682
-5.960034
41.715766
43.205634
29.796816
35.756291
59.594190
68.533403
62.573928
37.246159
-4.470165
-31.287802
-5.960034
62.573928
135.577495
190.702638
229.439225
263.706206
290.523843
300.952924
300.952924
290.523843
256.256862
198.151982
140.047101
113.229464
116.209202
143.026839
166.864739
187.722901
202.621588
202.621588
204.111457
224.969619
262.216337
277.115024
253.277125
230.929094
229.439225
233.908831
229.439225
239.868306
244.337912
132.597758
-148.987431
-415.673933
-454.410520
-318.832466
-275.626273
-430.572620
-575.089887
-521.454612
-399.285377
-384.386690
-411.204327
-306.913516
-132.598875
-123.659663
-302.443910
-412.694196
-317.342597
-202.622705
-236.889686
-335.221022
-356.079184
-287.545223
-245.828898
-232.420080
-141.538088
35.756291
189.212769
221.989881
174.314082
177.293820
265.196074
354.588198
341.179379
244.337912
148.986314
95.351040
59.594190
8.938654
-5.960034
35.756291
75.982746
56.614453
17.877866
37.246159
110.249727
146.006576
95.351040
16.387997
-37.247277
-92.372420
-153.457037
-187.724018
-183.254412
-177.294937
-192.193624
-208.582180
-195.173362
-150.477300
-89.392682
-31.287802
1.489310
8.938654
17.877866
29.796816
40.225897
50.654978
67.043534
68.533403
34.266422
-7.449902
11.918391
84.921959
147.496445
153.455920
163.885001
211.560800
259.236599
274.135287
283.074499
311.382005
314.361742
263.706206
207.091194
183.253294
192.192507
192.192507
180.273557
162.395132
150.476183
154.945789
171.334345
184.743163
205.601325
229.439225
235.398700
232.418962
226.459488
223.479750
233.908831
248.807518
189.212769
-28.308064
-314.362860
-452.920651
-388.856296
-321.812203
-415.673933
-561.681068
-572.110149
-467.819338
-426.103014
-441.001701
-345.650103
-150.477300
-80.453470
-205.602443
-339.690628
-300.954041
-193.683493
-207.092311
-305.423647
-359.058921
-330.751416
-305.423647
-311.383122
-248.808636
-64.064914
111.739596
166.864739
147.496445
169.844476
271.155549
362.037541
350.118592
265.196074
205.601325
181.763426
137.067364
59.594190
5.958916
13.408260
46.185372
19.367735
-44.696620
-41.716883
37.246159
105.780121
104.290252
71.513140
67.043534
62.573928
-8.939771
-96.842026
-125.149532
-117.700188
-156.436775
-232.420080
-268.176929
-205.602443
-102.801501
-59.595308
-40.227014
10.428522
89.391565
126.638283
99.820646
96.840908
123.658545
126.638283
84.921959
31.286685
26.817078
80.452352
123.658545
119.188939
104.290252
137.067364
202.621588
247.317650
265.196074
289.033974
311.382005
300.952924
253.277125
221.989881
235.398700
244.337912
213.050669
151.966051
117.699071
135.577495
156.435657
153.455920
143.026839
168.354607
217.520275
241.358175
229.439225
227.949356
256.256862
269.665681
147.496445
-116.210319
-318.832466
-330.751416
-271.156667
-330.751416
-506.555925
-603.397392
-542.312775
-472.288945
-496.126844
-476.758551
-324.791941
-174.315200
-175.805068
-280.095879
-275.626273
-150.477300
-89.392682
-174.315200
-293.504698
-305.423647
-286.055354
-329.261547
-353.099447
-266.687060
-108.760976
1.489310
22.347472
59.594190
192.192507
347.138854
409.713341
356.078067
266.685943
226.459488
214.540538
160.905264
78.962484
34.266422
25.327210
-7.449902
-73.004126
-98.331895
-40.227014
34.266422
47.675241
19.367735
20.857603
65.553665
77.472615
29.796816
-13.409377
-17.878983
-40.227014
-116.210319
-195.173362
-213.051786
-174.315200
-150.477300
-166.865856
-169.845593
-105.781238
-10.429640
47.675241
81.942221
126.638283
172.824213
175.803951
138.557233
125.148414
156.435657
169.844476
126.638283
73.003009
74.492878
105.780121
128.128152
138.557233
178.783688
248.807518
286.054237
274.135287
257.746731
277.115024
312.871874
311.382005
250.297387
177.293820
154.945789
178.783688
184.743163
148.986314
125.148414
140.047101
168.354607
159.415395
151.966051
208.581063
268.175812
221.989881
32.776553
-166.865856
-232.420080
-201.132837
-219.011261
-357.569053
-503.576188
-531.883694
-500.596450
-497.616713
-497.616713
-411.204327
-278.606010
-230.930211
-283.075616
-308.403385
-214.541655
-99.821763
-95.352157
-172.825331
-214.541655
-198.153099
-198.153099
-242.849161
-254.768111
-177.294937
-75.983864
-43.206752
-55.125702
10.428522
168.354607
294.993449
311.382005
266.685943
259.236599
278.604893
262.216337
195.172244
119.188939
90.881434
67.043534
-11.919509
-101.311632
-114.720451
-49.166227
-2.980296
-37.247277
-74.493995
-35.757408
34.266422
46.185372
4.469047
-2.980296
16.387997
-11.919509
-84.923076
-129.619138
-114.720451
-95.352157
-125.149532
-166.865856
-147.497562
-84.923076
-35.757408
-22.348590
-1.490427
64.063796
122.168677
134.087627
129.618020
159.415395
214.540538
221.989881
174.314082
135.577495
131.107889
146.006576
141.536970
122.168677
126.638283
151.966051
175.803951
181.763426
190.702638
232.418962
274.135287
260.726468
220.500013
205.601325
226.459488
244.337912
219.010144
175.803951
160.905264
171.334345
166.864739
138.557233
132.597758
165.374870
183.253294
77.472615
-108.760976
-221.990999
-213.051786
-181.764543
-250.298505
-382.896821
-433.552358
-402.265114
-393.325902
-424.613145
-409.714458
-317.342597
-245.828898
-271.156667
-327.771678
-293.504698
-190.703756
-146.007694
-186.234149
-230.930211
-207.092311
-159.416512
-157.926644
-174.315200
-140.048219
-62.575045
-17.878983
-34.267539
-28.308064
62.573928
165.374870
196.662113
163.885001
148.986314
183.253294
220.500013
196.662113
137.067364
111.739596
101.310515
53.634715
-17.878983
-56.615570
-41.716883
-17.878983
-34.267539
-67.044651
-67.044651
-22.348590
17.877866
14.898129
-5.960034
-13.409377
-17.878983
-37.247277
-68.534520
-81.943339
-67.044651
-64.064914
-95.352157
-105.781238
-75.983864
-34.267539
-4.470165
11.918391
37.246159
75.982746
104.290252
105.780121
108.759858
135.577495
175.803951
183.253294
163.885001
166.864739
190.702638
198.151982
184.743163
160.905264
157.925526
168.354607
159.415395
146.006576
151.966051
171.334345
177.293820
171.334345
166.864739
183.253294
216.030406
221.989881
204.111457
180.273557
168.354607
165.374870
151.966051
126.638283
116.209202
123.658545
92.371302
-7.449902
-132.598875
-190.703756
-169.845593
-166.865856
-251.788373
-363.528528
-396.305640
-360.548790
-344.160234
-360.548790
-351.609578
-292.014829
-251.788373
-260.727586
-262.217454
-190.703756
-113.230582
-123.659663
-187.724018
-219.011261
-198.153099
-174.315200
-175.805068
-177.294937
-141.538088
-83.433207
-40.227014
-17.878983
20.857603
92.371302
165.374870
184.743163
148.986314
128.128152
147.496445
174.314082
160.905264
110.249727
65.553665
43.205634
35.756291
5.958916
-20.858721
-20.858721
-23.838458
-50.656095
-74.493995
-68.534520
-23.838458
7.448785
-4.470165
-23.838458
-26.818196
-8.939771
-0.000559
-17.878983
-43.206752
-58.105439
-70.024389
-87.902813
-95.352157
-74.493995
-32.777671
-10.429640
1.489310
26.817078
77.472615
129.618020
157.925526
166.864739
166.864739
172.824213
166.864739
154.945789
171.334345
183.253294
169.844476
151.966051
129.618020
123.658545
132.597758
141.536970
143.026839
137.067364
144.516708
159.415395
169.844476
165.374870
174.314082
201.131719
211.560800
193.682376
165.374870
156.435657
163.885001
151.966051
116.209202
89.391565
84.921959
50.654978
-49.166227
-153.457037
-181.764543
-159.416512
-175.805068
-257.747848
-333.731153
-333.731153
-290.524960
-280.095879
-303.933779
-312.872991
-277.116142
-259.237717
-274.136404
-272.646535
-216.031524
-150.477300
-146.007694
-189.213887
-198.153099
-156.436775
-126.639400
-134.088744
-143.027956
-125.149532
-87.902813
-64.064914
-46.186489
7.448785
81.942221
134.087627
137.067364
113.229464
123.658545
156.435657
168.354607
129.618020
65.553665
34.266422
44.695503
34.266422
-1.490427
-20.858721
-11.919509
1.489310
-19.368852
-38.737146
-16.389115
17.877866
19.367735
-19.368852
-44.696620
-14.899246
29.796816
20.857603
-8.939771
-17.878983
-4.470165
-4.470165
-25.328327
-26.818196
-2.980296
8.938654
-2.980296
-7.449902
11.918391
47.675241
83.432090
107.269990
125.148414
148.986314
165.374870
165.374870
166.864739
174.314082
174.314082
162.395132
134.087627
108.759858
110.249727
126.638283
131.107889
113.229464
102.800383
128.128152
147.496445
147.496445
147.496445
154.945789
175.803951
169.844476
150.476183
144.516708
151.966051
153.455920
125.148414
98.330777
95.351040
93.861171
38.736028
-71.514258
-153.457037
-165.375987
-162.396250
-224.970736
-305.423647
-333.731153
-300.954041
-275.626273
-290.524960
-293.504698
-263.707323
-226.460605
-223.480867
-239.869423
-227.950474
-181.764543
-157.926644
-172.825331
-199.642968
-189.213887
-144.517825
-125.149532
-140.048219
-135.578613
-96.842026
-53.635833
-37.247277
-26.818196
22.347472
89.391565
120.678808
107.269990
93.861171
125.148414
162.395132
163.885001
125.148414
81.942221
70.023271
61.084059
29.796816
-2.980296
-20.858721
-28.308064
-38.737146
-50.656095
-46.186489
-13.409377
20.857603
22.347472
2.979179
5.958916
34.266422
47.675241
20.857603
-16.389115
-20.858721
-11.919509
-16.389115
-29.797933
-29.797933
-10.429640
1.489310
-5.960034
1.489310
35.756291
73.003009
89.391565
89.391565
107.269990
137.067364
160.905264
165.374870
159.415395
154.945789
157.925526
156.435657
138.557233
120.678808
119.188939
113.229464
93.861171
74.492878
77.472615
110.249727
138.557233
134.087627
128.128152
154.945789
180.273557
180.273557
162.395132
150.476183
147.496445
128.128152
89.391565
67.043534
71.513140
52.144847
-14.899246
-104.291369
-147.497562
-148.987431
-166.865856
-221.990999
-277.116142
-290.524960
-265.197192
-259.237717
-277.116142
-274.136404
-244.339030
-214.541655
-205.602443
-204.112574
-183.254412
-159.416512
-153.457037
-175.805068
-180.274674
-154.946906
-120.679925
-117.700188
-128.129269
-116.210319
-83.433207
-52.145964
-38.737146
-14.899246
32.776553
77.472615
99.820646
87.901696
81.942221
111.739596
132.597758
113.229464
77.472615
58.104322
56.614453
46.185372
16.387997
-10.429640
-13.409377
-11.919509
-31.287802
-47.676358
-43.206752
-8.939771
16.387997
8.938654
-1.490427
8.938654
32.776553
44.695503
28.306947
2.979179
-11.919509
-5.960034
-5.960034
-11.919509
-7.449902
5.958916
13.408260
10.428522
17.877866
49.165109
81.942221
87.901696
83.432090
107.269990
147.496445
171.334345
169.844476
160.905264
159.415395
159.415395
146.006576
131.107889
122.168677
116.209202
101.310515
81.942221
73.003009
83.432090
95.351040
99.820646
101.310515
117.699071
134.087627
135.577495
131.107889
134.087627
131.107889
117.699071
101.310515
73.003009
55.124584
44.695503
11.918391
-44.696620
-117.700188
-154.946906
-160.906381
-178.784806
-214.541655
-247.318767
-251.788373
-233.909949
-229.440342
-230.930211
-226.460605
-204.112574
-181.764543
-184.744281
-180.274674
-156.436775
-135.578613
-131.109007
-151.967169
-153.457037
-113.230582
-87.902813
-95.352157
-108.760976
-101.311632
-74.493995
-55.125702
-38.737146
-19.368852
19.367735
56.614453
67.043534
65.553665
70.023271
90.881434
93.861171
64.063796
34.266422
34.266422
41.715766
31.286685
4.469047
-13.409377
-13.409377
-17.878983
-25.328327
-29.797933
-23.838458
-16.389115
-11.919509
-11.919509
-2.980296
17.877866
40.225897
43.205634
32.776553
28.306947
25.327210
26.817078
25.327210
22.347472
25.327210
28.306947
32.776553
40.225897
46.185372
59.594190
73.003009
78.962484
86.411827
92.371302
110.249727
126.638283
134.087627
144.516708
141.536970
131.107889
125.148414
119.188939
114.719333
108.759858
93.861171
80.452352
75.982746
73.003009
70.023271
68.533403
71.513140
77.472615
87.901696
93.861171
96.840908
101.310515
96.840908
93.861171
83.432090
58.104322
34.266422
23.837341
5.958916
-32.777671
-74.493995
-111.740713
-141.538088
-159.416512
-178.784806
-202.622705
-213.051786
-213.051786
-217.521393
-211.561918
-202.622705
-189.213887
-171.335462
-154.946906
-134.088744
-122.169794
-102.801501
-95.352157
-98.331895
-87.902813
-65.554783
-56.615570
-64.064914
-75.983864
-73.004126
-59.595308
-49.166227
-35.757408
-14.899246
2.979179
19.367735
37.246159
47.675241
61.084059
73.003009
75.982746
71.513140
53.634715
40.225897
40.225897
37.246159
20.857603
-1.490427
-17.878983
-25.328327
-26.818196
-32.777671
-35.757408
-38.737146
-38.737146
-28.308064
-16.389115
-4.470165
2.979179
14.898129
23.837341
26.817078
37.246159
46.185372
47.675241
46.185372
47.675241
50.654978
55.124584
64.063796
65.553665
56.614453
53.634715
61.084059
62.573928
74.492878
87.901696
101.310515
108.759858
99.820646
107.269990
119.188939
117.699071
105.780121
95.351040
84.921959
75.982746
68.533403
62.573928
56.614453
53.634715
46.185372
46.185372
44.695503
40.225897
46.185372
52.144847
46.185372
35.756291
32.776553
38.736028
41.715766
26.817078
10.428522
1.489310
-14.899246
-43.206752
-75.983864
-96.842026
-114.720451
-140.048219
-162.396250
-178.784806
-187.724018
-184.744281
-183.254412
-184.744281
-172.825331
-153.457037
-132.598875
-110.250844
-99.821763
-96.842026
-83.433207
-68.534520
-58.105439
-52.145964
-53.635833
-52.145964
-52.145964
-52.145964
-49.166227
-47.676358
-37.247277
-25.328327
-19.368852
-13.409377
-0.000559
16.387997
23.837341
38.736028
62.573928
70.023271
67.043534
67.043534
67.043534
68.533403
62.573928
40.225897
25.327210
14.898129
2.979179
-8.939771
-19.368852
-20.858721
-14.899246
-5.960034
5.958916
14.898129
25.327210
40.225897
59.594190
62.573928
64.063796
74.492878
78.962484
80.452352
83.432090
78.962484
75.982746
77.472615
70.023271
52.144847
37.246159
32.776553
32.776553
32.776553
31.286685
43.205634
62.573928
71.513140
75.982746
83.432090
99.820646
108.759858
99.820646
87.901696
77.472615
68.533403
58.104322
40.225897
23.837341
22.347472
17.877866
-0.000559
-8.939771
-7.449902
-2.980296
-10.429640
-23.838458
-25.328327
-16.389115
-16.389115
-20.858721
-35.757408
-50.656095
-59.595308
-74.493995
-93.862288
-116.210319
-131.109007
-143.027956
-159.416512
-171.335462
-175.805068
-168.355725
-165.375987
-169.845593
-166.865856
-134.088744
-95.352157
-71.514258
-65.554783
-52.145964
-23.838458
-2.980296
5.958916
2.979179
-1.490427
1.489310
-2.980296
-13.409377
-20.858721
-14.899246
1.489310
4.469047
-0.000559
5.958916
13.408260
13.408260
14.898129
19.367735
25.327210
26.817078
28.306947
37.246159
40.225897
43.205634
41.715766
28.306947
23.837341
14.898129
7.448785
2.979179
-2.980296
-4.470165
-8.939771
5.958916
34.266422
37.246159
47.675241
65.553665
71.513140
73.003009
77.472615
80.452352
84.921959
80.452352
75.982746
73.003009
73.003009
75.982746
73.003009
67.043534
64.063796
61.084059
55.124584
52.144847
47.675241
50.654978
56.614453
50.654978
47.675241
47.675241
53.634715
65.553665
64.063796
61.084059
56.614453
44.695503
37.246159
29.796816
17.877866
10.428522
1.489310
-10.429640
-19.368852
-19.368852
-17.878983
-28.308064
-46.186489
-52.145964
-58.105439
-62.575045
-67.044651
-73.004126
-78.963601
-86.412945
-87.902813
-90.882551
-90.882551
-92.372420
-99.821763
-101.311632
-98.331895
-95.352157
-92.372420
-92.372420
-89.392682
-90.882551
-83.433207
-70.024389
-65.554783
-61.085176
-58.105439
-43.206752
-26.818196
-22.348590
-20.858721
-20.858721
-17.878983
-19.368852
-23.838458
-32.777671
-31.287802
-25.328327
-17.878983
-17.878983
-20.858721
-16.389115
-14.899246
-11.919509
-10.429640
-14.899246
-11.919509
-7.449902
-2.980296
1.489310
10.428522
22.347472
35.756291
44.695503
46.185372
53.634715
58.104322
58.104322
59.594190
67.043534
77.472615
77.472615
75.982746
75.982746
77.472615
86.411827
96.840908
95.351040
90.881434
93.861171
89.391565
83.432090
80.452352
73.003009
78.962484
78.962484
70.023271
64.063796
67.043534
73.003009
77.472615
73.003009
59.594190
55.124584
49.165109
46.185372
46.185372
35.756291
31.286685
22.347472
14.898129
11.918391
13.408260
13.408260
8.938654
-4.470165
-11.919509
-11.919509
-17.878983
-26.818196
-40.227014
-55.125702
-64.064914
-74.493995
-86.412945
-89.392682
-90.882551
-98.331895
-110.250844
-113.230582
-110.250844
-114.720451
-120.679925
-122.169794
-122.169794
-123.659663
-123.659663
-120.679925
-105.781238
-92.372420
-86.412945
-81.943339
-75.983864
-73.004126
-62.575045
-65.554783
-73.004126
-71.514258
-64.064914
-47.676358
-44.696620
-44.696620
-40.227014
-26.818196
-22.348590
-16.389115
-17.878983
-22.348590
-13.409377
-2.980296
2.979179
4.469047
16.387997
23.837341
26.817078
41.715766
46.185372
55.124584
59.594190
56.614453
58.104322
61.084059
75.982746
84.921959
77.472615
86.411827
98.330777
102.800383
107.269990
107.269990
107.269990
116.209202
122.168677
120.678808
108.759858
107.269990
110.249727
102.800383
95.351040
89.391565
89.391565
90.881434
89.391565
86.411827
77.472615
75.982746
70.023271
62.573928
56.614453
55.124584
53.634715
46.185372
38.736028
37.246159
37.246159
23.837341
17.877866
11.918391
2.979179
