7.159859
10.744083
-3.592810
-3.592810
-0.008587
-0.008587
7.159859
3.575636
7.159859
17.912529
10.744083
7.159859
17.912529
17.912529
10.744083
21.496752
25.080975
25.080975
25.080975
32.249422
25.080975
25.080975
35.833645
28.665199
28.665199
39.417868
35.833645
35.833645
35.833645
39.417868
57.338985
53.754761
46.586315
46.586315
43.002092
32.249422
39.417868
43.002092
43.002092
39.417868
35.833645
43.002092
32.249422
35.833645
57.338985
53.754761
50.170538
43.002092
17.912529
21.496752
28.665199
21.496752
25.080975
28.665199
32.249422
21.496752
14.328306
28.665199
14.328306
-3.592810
-3.592810
-7.177034
-3.592810
3.575636
7.159859
-3.592810
-21.513927
-25.098150
-21.513927
-39.435043
-32.266596
-21.513927
-25.098150
-32.266596
-28.682373
-35.850820
-35.850820
-32.266596
-53.771936
-53.771936
-50.187712
-60.940382
-60.940382
-60.940382
-50.187712
-57.356159
-57.356159
-64.524605
-68.108829
-64.524605
-75.277275
-71.693052
-64.524605
-64.524605
-71.693052
-75.277275
-75.277275
-71.693052
-71.693052
-64.524605
-57.356159
-57.356159
-64.524605
-57.356159
-50.187712
-39.435043
-39.435043
-46.603489
-39.435043
-14.345480
-17.929703
-10.761257
-10.761257
-7.177034
-3.592810
-0.008587
14.328306
17.912529
17.912529
25.080975
28.665199
17.912529
21.496752
28.665199
43.002092
53.754761
43.002092
53.754761
53.754761
50.170538
57.338985
64.507431
60.923208
57.338985
64.507431
82.428547
78.844324
82.428547
78.844324
71.675877
64.507431
75.260101
78.844324
68.091654
71.675877
71.675877
60.923208
60.923208
53.754761
57.338985
60.923208
57.338985
57.338985
53.754761
57.338985
50.170538
46.586315
53.754761
35.833645
39.417868
39.417868
35.833645
50.170538
39.417868
21.496752
7.159859
-0.008587
3.575636
7.159859
3.575636
-3.592810
-7.177034
-25.098150
-25.098150
-39.435043
-53.771936
-60.940382
-71.693052
-75.277275
-82.445722
-86.029945
-89.614168
-114.703731
-129.040624
-107.535284
-100.366838
-107.535284
-121.872177
-107.535284
-111.119507
-129.040624
-114.703731
-103.951061
-103.951061
-100.366838
-86.029945
-78.861498
-78.861498
-82.445722
-82.445722
-89.614168
-78.861498
-71.693052
-60.940382
-57.356159
-50.187712
-39.435043
-46.603489
-43.019266
-28.682373
-17.929703
-7.177034
-0.008587
7.159859
14.328306
17.912529
28.665199
35.833645
43.002092
46.586315
57.338985
64.507431
82.428547
78.844324
89.596994
103.933887
89.596994
82.428547
100.349663
107.518110
107.518110
114.686556
143.360342
143.360342
114.686556
129.023449
146.944565
132.607672
121.855003
125.439226
146.944565
161.281458
125.439226
111.102333
125.439226
118.270780
111.102333
111.102333
103.933887
114.686556
125.439226
86.012770
71.675877
103.933887
86.012770
50.170538
57.338985
75.260101
57.338985
53.754761
60.923208
46.586315
17.912529
10.744083
14.328306
-0.008587
-3.592810
7.159859
-17.929703
-28.682373
-14.345480
-25.098150
-60.940382
-68.108829
-68.108829
-78.861498
-100.366838
-96.782615
-100.366838
-129.040624
-143.377517
-150.545963
-161.298633
-175.635526
-172.051302
-168.467079
-175.635526
-189.972419
-186.388195
-193.556642
-215.061981
-222.230428
-211.477758
-193.556642
-193.556642
-211.477758
-197.140865
-200.725088
-211.477758
-200.725088
-193.556642
-182.803972
-186.388195
-182.803972
-157.714410
-150.545963
-154.130186
-132.624847
-107.535284
-111.119507
-107.535284
-86.029945
-71.693052
-60.940382
-53.771936
-57.356159
-43.019266
-17.929703
-14.345480
-7.177034
32.249422
43.002092
46.586315
50.170538
78.844324
96.765440
75.260101
89.596994
125.439226
136.191896
136.191896
154.113012
164.865682
164.865682
168.449905
182.786798
182.786798
186.371021
204.292137
207.876360
207.876360
247.302816
250.887039
189.955244
186.371021
265.223932
240.134370
172.034128
207.876360
261.639709
225.797477
182.786798
189.955244
197.123691
193.539467
193.539467
154.113012
154.113012
193.539467
164.865682
107.518110
136.191896
164.865682
96.765440
78.844324
150.528789
136.191896
78.844324
89.596994
96.765440
50.170538
25.080975
43.002092
53.754761
39.417868
35.833645
17.912529
-0.008587
10.744083
-3.592810
-39.435043
-28.682373
-3.592810
-50.187712
-86.029945
-35.850820
-21.513927
-100.366838
-146.961740
-118.287954
-114.703731
-161.298633
-175.635526
-161.298633
-154.130186
-161.298633
-197.140865
-232.983097
-197.140865
-186.388195
-258.072660
-275.993776
-211.477758
-197.140865
-265.241107
-279.578000
-215.061981
-218.646205
-272.409553
-268.825330
-229.398874
-222.230428
-243.735767
-243.735767
-225.814651
-204.309312
-211.477758
-225.814651
-200.725088
-150.545963
-150.545963
-179.219749
-146.961740
-93.198391
-100.366838
-125.456400
-100.366838
-57.356159
-71.693052
-75.277275
-35.850820
-10.761257
-0.008587
-0.008587
10.744083
21.496752
39.417868
43.002092
46.586315
96.765440
121.855003
82.428547
89.596994
143.360342
150.528789
111.102333
125.439226
193.539467
193.539467
157.697235
175.618351
204.292137
225.797477
211.460584
143.360342
150.528789
268.808155
254.471262
132.607672
175.618351
301.066165
232.965923
96.765440
139.776119
240.134370
193.539467
121.855003
161.281458
179.202575
154.113012
161.281458
136.191896
89.596994
157.697235
193.539467
78.844324
57.338985
164.865682
139.776119
28.665199
89.596994
132.607672
43.002092
50.170538
125.439226
68.091654
28.665199
75.260101
68.091654
39.417868
17.912529
-10.761257
17.912529
57.338985
14.328306
-68.108829
-43.019266
28.665199
-21.513927
-107.535284
-71.693052
-10.761257
-64.524605
-121.872177
-96.782615
-64.524605
-100.366838
-157.714410
-157.714410
-125.456400
-125.456400
-182.803972
-200.725088
-132.624847
-93.198391
-193.556642
-258.072660
-164.882856
-143.377517
-261.656883
-240.151544
-118.287954
-154.130186
-279.578000
-236.567321
-139.793293
-193.556642
-254.488437
-215.061981
-157.714410
-182.803972
-211.477758
-179.219749
-132.624847
-136.209070
-157.714410
-168.467079
-143.377517
-89.614168
-86.029945
-136.209070
-96.782615
-3.592810
-35.850820
-114.703731
-60.940382
32.249422
-0.008587
-57.356159
14.328306
89.596994
46.586315
-7.177034
46.586315
121.855003
89.596994
28.665199
71.675877
179.202575
154.113012
43.002092
103.933887
265.223932
207.876360
25.080975
114.686556
326.155727
236.550146
46.586315
150.528789
372.750629
240.134370
3.575636
150.528789
279.560825
172.034128
146.944565
197.123691
200.707914
172.034128
186.371021
175.618351
118.270780
154.113012
189.955244
103.933887
60.923208
164.865682
179.202575
28.665199
43.002092
139.776119
75.260101
-0.008587
25.080975
107.518110
107.518110
-21.513927
-46.603489
64.507431
121.855003
-28.682373
-143.377517
50.170538
197.123691
-75.277275
-247.319990
82.428547
182.786798
-175.635526
-247.319990
86.012770
111.102333
-182.803972
-218.646205
7.159859
43.002092
-154.130186
-182.803972
-21.513927
-25.098150
-146.961740
-143.377517
-78.861498
-86.029945
-118.287954
-146.961740
-143.377517
-100.366838
-129.040624
-157.714410
-103.951061
-100.366838
-157.714410
-154.130186
-111.119507
-150.545963
-168.467079
-118.287954
-139.793293
-164.882856
-136.209070
-125.456400
-157.714410
-172.051302
-114.703731
-78.861498
-157.714410
-172.051302
-57.356159
-57.356159
-168.467079
-139.793293
-7.177034
-57.356159
-179.219749
-100.366838
32.249422
-50.187712
-129.040624
-3.592810
57.338985
-50.187712
-71.693052
25.080975
53.754761
-7.177034
-32.266596
50.170538
111.102333
21.496752
-75.277275
93.181217
265.223932
43.002092
-132.624847
189.955244
351.245290
-43.019266
-150.545963
311.818834
365.582183
-50.187712
-35.850820
293.897718
286.729272
100.349663
28.665199
146.944565
365.582183
258.055486
-71.693052
75.260101
444.435094
250.887039
-100.366838
143.360342
408.592862
129.023449
25.080975
215.044807
164.865682
157.697235
240.134370
14.328306
-32.266596
369.166406
275.976602
-232.983097
-0.008587
494.614219
114.686556
-354.846687
129.023449
444.435094
-57.356159
-250.904214
111.102333
250.887039
-3.592810
-179.219749
-50.187712
164.865682
82.428547
-211.477758
-182.803972
118.270780
111.102333
-232.983097
-250.904214
121.855003
82.428547
-351.262464
-197.140865
189.955244
-121.872177
-358.430911
-7.177034
46.586315
-225.814651
-247.319990
-39.435043
28.665199
-186.388195
-286.746446
-43.019266
17.912529
-211.477758
-200.725088
-57.356159
-107.535284
-121.872177
-118.287954
-193.556642
-111.119507
-3.592810
-146.961740
-225.814651
-57.356159
-32.266596
-175.635526
-154.130186
-75.277275
-82.445722
-100.366838
-121.872177
-125.456400
-86.029945
-89.614168
-129.040624
-96.782615
-53.771936
-78.861498
-107.535284
-89.614168
-53.771936
-75.277275
-82.445722
-53.771936
-68.108829
-53.771936
-17.929703
-68.108829
-86.029945
3.575636
10.744083
-50.187712
-14.345480
7.159859
-28.682373
68.091654
68.091654
-121.872177
-7.177034
243.718593
-7.177034
-168.467079
229.381700
215.044807
-168.467079
68.091654
301.066165
-46.603489
-21.513927
275.976602
89.596994
-3.592810
232.965923
114.686556
-21.513927
261.639709
225.797477
-125.456400
114.686556
462.356210
7.159859
-268.825330
361.997960
465.940433
-247.319990
-150.545963
508.951112
157.697235
-200.725088
250.887039
168.449905
-43.019266
247.302816
21.496752
-107.535284
397.840192
139.776119
-390.688920
211.460584
512.535335
-175.635526
-315.420232
322.571504
451.603540
-308.251785
-347.678241
526.872228
275.976602
-494.631394
-21.513927
390.671745
-35.850820
-161.298633
-43.019266
82.428547
215.044807
-136.209070
-354.846687
268.808155
405.008638
-455.204938
-390.688920
541.209121
232.965923
-648.752993
-150.545963
569.882907
-53.771936
-494.631394
96.765440
258.055486
-186.388195
-157.714410
86.012770
-32.266596
-71.693052
-10.761257
-71.693052
-43.019266
17.912529
-125.456400
-121.872177
103.933887
-32.266596
-272.409553
-32.266596
168.449905
-125.456400
-286.746446
7.159859
111.102333
-164.882856
-186.388195
25.080975
-39.435043
-129.040624
-17.929703
-68.108829
-204.309312
-43.019266
43.002092
-175.635526
-168.467079
35.833645
-3.592810
-168.467079
-143.377517
14.328306
14.328306
-168.467079
-172.051302
32.249422
10.744083
-182.803972
-157.714410
64.507431
78.844324
-236.567321
-172.051302
215.044807
-46.603489
-358.430911
164.865682
225.797477
-405.025813
-35.850820
412.177085
-275.993776
-272.409553
351.245290
43.002092
-240.151544
71.675877
86.012770
-25.098150
107.518110
14.328306
-236.567321
114.686556
512.535335
-182.803972
-566.315858
501.782666
627.230479
-498.215617
-365.599357
623.646256
358.413736
-498.215617
-28.682373
512.535335
-28.682373
-60.940382
254.471262
-75.277275
-43.019266
361.997960
111.102333
-207.893535
25.080975
365.582183
189.955244
-319.004455
-86.029945
620.062032
186.371021
-620.079207
129.023449
849.452319
-197.140865
-634.416100
569.882907
455.187764
-444.452268
111.102333
172.034128
-182.803972
469.524657
132.607672
-720.437457
322.571504
788.520524
-526.889403
-419.362706
483.861550
326.155727
-232.983097
-440.868045
451.603540
559.130237
-870.974833
-175.635526
1215.043089
-526.889403
-1021.512209
1182.785080
301.066165
-1179.218032
351.245290
612.893586
-473.126054
-175.635526
218.629030
100.349663
-136.209070
-405.025813
279.560825
555.546014
-716.853234
-455.204938
910.384114
71.675877
-853.053717
107.518110
451.603540
-182.803972
-121.872177
-78.861498
-200.725088
297.481941
139.776119
-480.294501
-121.872177
293.897718
64.507431
-207.893535
-304.667562
3.575636
351.245290
-68.108829
-469.541831
-3.592810
326.155727
-132.624847
-383.520473
75.260101
186.371021
-229.398874
-132.624847
143.360342
-82.445722
-211.477758
21.496752
136.191896
-75.277275
-240.151544
-10.761257
139.776119
-96.782615
-179.219749
-3.592810
60.923208
10.744083
-182.803972
-207.893535
215.044807
64.507431
-430.115375
78.844324
297.481941
-362.015134
-193.556642
283.145048
3.575636
-293.914892
-46.603489
254.471262
-168.467079
-268.825330
494.614219
-96.782615
-756.279690
698.914944
584.219800
-1279.576282
-32.266596
1519.702064
-770.616583
-1204.307594
1541.207404
430.098201
-1767.030642
526.872228
1318.985563
-992.838423
-419.362706
698.914944
68.091654
125.439226
-419.362706
-465.957608
1189.953527
232.965923
-1329.755407
458.771987
838.699650
-483.878724
-3.592810
125.439226
-121.872177
351.245290
75.260101
-250.904214
53.754761
254.471262
218.629030
-254.488437
-139.793293
598.556693
-82.445722
-584.236975
523.288005
537.624898
-541.226296
-372.767804
612.893586
566.298684
-620.079207
-634.416100
899.631445
781.352078
-974.917307
-659.505662
1071.674160
537.624898
-896.064396
-218.646205
716.836060
179.202575
-322.588678
-232.983097
193.539467
483.861550
-175.635526
-491.047170
440.850871
365.582183
-551.978965
35.833645
419.345531
-236.567321
-71.693052
118.270780
-50.187712
43.002092
-93.198391
35.833645
118.270780
-261.656883
60.923208
197.123691
-279.578000
64.507431
89.596994
-175.635526
297.481941
-179.219749
-462.373385
512.535335
132.607672
-508.968287
189.955244
121.855003
-222.230428
121.855003
-132.624847
-107.535284
301.066165
-200.725088
-261.656883
229.381700
-60.940382
-150.545963
146.944565
-136.209070
-232.983097
164.865682
139.776119
-261.656883
-297.499116
222.213253
283.145048
-369.183580
-387.104697
304.650388
297.481941
-544.810519
-311.836009
673.825381
35.833645
-835.132601
68.091654
706.083390
-232.983097
-677.426779
182.786798
530.456452
-129.040624
-494.631394
-50.187712
451.603540
143.360342
-458.789161
-129.040624
344.076843
-21.513927
-3.592810
28.665199
-376.352027
361.997960
516.119559
-838.716824
-243.735767
1103.932169
-225.814651
-928.322405
792.104748
408.592862
-1025.096432
405.008638
641.567372
-831.548378
322.571504
591.388247
-956.996191
354.829513
1017.910812
-1250.902496
-351.262464
1741.923905
-462.373385
-1405.024095
1161.279741
577.051354
-1179.218032
462.356210
480.277326
-835.132601
623.646256
462.356210
-1290.328952
419.345531
1512.533618
-1290.328952
-1125.454683
1870.955941
322.571504
-1681.009284
555.546014
967.731686
-1032.264879
64.507431
996.405472
-849.469494
-491.047170
1089.595276
7.159859
-874.559057
444.435094
315.403057
-666.674109
405.008638
329.739950
-666.674109
136.191896
519.703782
-197.140865
-455.204938
28.665199
577.051354
-7.177034
-752.695467
261.639709
767.015185
-548.394742
-652.337216
627.230479
523.288005
-774.200806
-301.083339
1025.079258
-146.961740
-1060.938665
516.119559
591.388247
-573.484305
-107.535284
186.371021
-60.940382
186.371021
-71.693052
-473.126054
311.818834
491.029996
-709.684788
-232.983097
849.452319
-197.140865
-774.200806
476.693103
408.592862
-577.068528
-17.929703
189.955244
-265.241107
186.371021
236.550146
-419.362706
-114.703731
354.829513
-168.467079
-197.140865
204.292137
179.202575
-182.803972
-422.946929
358.413736
498.198442
-792.121922
-383.520473
1189.953527
-35.850820
-1304.665845
501.782666
799.273194
-727.605904
-121.872177
555.546014
-379.936250
-243.735767
548.377568
46.586315
-430.115375
-17.929703
311.818834
132.607672
-258.072660
-46.603489
218.629030
-179.219749
89.596994
275.976602
-232.983097
64.507431
-10.761257
-232.983097
551.961791
175.618351
-602.158091
75.260101
279.560825
17.912529
204.292137
-207.893535
-186.388195
491.029996
107.518110
-605.742314
-28.682373
1089.595276
-21.513927
-1322.586961
401.424415
1275.974884
-336.925571
-1168.465362
222.213253
1451.601823
-204.309312
-1301.081621
426.513978
996.405472
-397.857366
-684.595225
247.302816
415.761308
93.181217
-164.882856
-516.136733
-14.345480
688.162274
215.044807
-698.932118
-566.315858
680.993827
727.588729
-892.480173
-569.900082
1103.932169
-157.714410
-1082.444004
806.441641
379.919076
-831.548378
232.965923
21.496752
-279.578000
591.388247
-250.904214
-964.164637
519.703782
1053.753044
-781.369252
-1035.849102
792.104748
573.467130
-706.100564
-301.083339
243.718593
136.191896
89.596994
-390.688920
-365.599357
577.051354
315.403057
-684.595225
-347.678241
627.230479
168.449905
-652.337216
175.618351
483.861550
-523.305180
-304.667562
573.467130
-35.850820
-530.473626
430.098201
157.697235
-573.484305
189.955244
265.223932
-275.993776
-157.714410
204.292137
361.997960
-275.993776
-519.720956
430.098201
505.366889
-530.473626
-405.025813
555.546014
336.908397
-465.957608
-322.588678
458.771987
358.413736
-383.520473
-218.646205
121.855003
329.739950
189.955244
-691.763672
-7.177034
1050.168821
-333.341348
-992.838423
559.130237
670.241158
-487.462947
-164.882856
344.076843
-68.108829
-150.545963
111.102333
-64.524605
-7.177034
397.840192
-150.545963
-422.946929
318.987281
168.449905
-322.588678
139.776119
340.492620
-293.914892
-236.567321
387.087522
125.439226
-143.377517
89.596994
-129.040624
-21.513927
523.288005
-207.893535
-698.932118
602.140916
767.015185
-566.315858
-577.068528
103.933887
494.614219
605.725140
-648.752993
-949.827744
1204.290420
924.721007
-1677.425061
-641.584546
1831.529486
347.661067
-1455.203221
-7.177034
931.889454
-53.771936
-573.484305
-57.356159
473.108880
96.765440
-265.241107
-68.108829
-43.019266
161.281458
132.607672
-39.435043
39.417868
-379.936250
-157.714410
566.298684
103.933887
-415.778482
254.471262
96.765440
-899.648619
408.592862
999.989695
-892.480173
-362.015134
949.810570
-157.714410
-688.179448
25.080975
322.571504
329.739950
-129.040624
-691.763672
315.403057
799.273194
-964.164637
-616.494984
1501.780948
136.191896
-1569.898364
365.582183
1078.842607
-734.774350
-322.588678
731.172953
-304.667562
-476.710277
329.739950
-21.513927
-93.198391
476.693103
-211.477758
-670.258332
412.177085
286.729272
-584.236975
3.575636
505.366889
57.338985
-487.462947
-261.656883
308.234611
35.833645
-254.488437
154.113012
329.739950
-290.330669
-516.136733
189.955244
286.729272
-154.130186
-46.603489
46.586315
-143.377517
-143.377517
14.328306
243.718593
103.933887
-354.846687
-254.488437
358.413736
279.560825
-516.136733
-68.108829
680.993827
-315.420232
-684.595225
548.377568
340.492620
-799.290369
250.887039
960.563240
-598.573867
-781.369252
372.750629
351.245290
-96.782615
78.844324
82.428547
-275.993776
93.181217
154.113012
-512.552510
107.518110
767.015185
-186.388195
-548.394742
68.091654
243.718593
82.428547
-64.524605
-28.682373
82.428547
3.575636
-139.793293
14.328306
275.976602
236.550146
-358.430911
-491.047170
627.230479
530.456452
-670.258332
-250.904214
706.083390
161.281458
-587.821198
-25.098150
229.381700
21.496752
462.356210
71.675877
-824.379931
82.428547
1075.258383
-559.147412
-956.996191
1258.053768
480.277326
-1200.723371
412.177085
526.872228
-888.895949
326.155727
921.136784
-759.863913
-433.699599
1125.437509
-182.803972
-1010.759539
630.814702
655.904265
-462.373385
-258.072660
283.145048
7.159859
-68.108829
193.539467
14.328306
17.912529
-161.298633
-96.782615
275.976602
-57.356159
-57.356159
347.661067
14.328306
-591.405421
-129.040624
605.725140
211.460584
-82.445722
-82.445722
-473.126054
32.249422
555.546014
-175.635526
-60.940382
516.119559
-469.541831
-638.000323
508.951112
336.908397
-118.287954
-139.793293
-114.703731
358.413736
-268.825330
-691.763672
516.119559
612.893586
-444.452268
-448.036492
111.102333
32.249422
46.586315
-71.693052
-157.714410
218.629030
-207.893535
-462.373385
229.381700
365.582183
-261.656883
-390.688920
125.439226
89.596994
-408.610036
-75.277275
609.309363
-21.513927
-724.021681
-68.108829
336.908397
-175.635526
-333.341348
336.908397
462.356210
-505.384063
-623.663430
229.381700
182.786798
-129.040624
222.213253
82.428547
-462.373385
-186.388195
293.897718
107.518110
-189.972419
-107.535284
107.518110
3.575636
-96.782615
-32.266596
93.181217
361.997960
-168.467079
-691.763672
57.338985
784.936301
150.528789
-716.853234
17.912529
476.693103
-261.656883
-444.452268
168.449905
759.846739
154.113012
-784.953476
-458.789161
698.914944
673.825381
-562.731635
-261.656883
498.198442
-86.029945
-322.588678
107.518110
469.524657
469.524657
-469.541831
-802.874592
670.241158
724.004506
-724.021681
-136.209070
999.989695
168.449905
-985.669977
-193.556642
953.394793
247.302816
-369.183580
-60.940382
35.833645
322.571504
71.675877
-394.273143
448.019317
487.445773
-745.527020
-272.409553
673.825381
405.008638
32.249422
-544.810519
-89.614168
594.972470
-455.204938
-86.029945
1114.684839
-125.456400
-1050.185995
175.618351
698.914944
240.134370
-25.098150
-688.179448
-125.456400
881.710329
-21.513927
-430.115375
268.808155
161.281458
-215.061981
-268.825330
-71.693052
505.366889
215.044807
-462.373385
-111.119507
347.661067
186.371021
-731.190127
-548.394742
885.294552
526.872228
-372.767804
-261.656883
-304.667562
-82.445722
315.403057
28.665199
-336.925571
-0.008587
372.750629
-28.682373
-340.509795
-164.882856
-53.771936
-28.682373
-17.929703
-39.435043
39.417868
283.145048
53.754761
-516.136733
-537.642072
-53.771936
433.682424
243.718593
-193.556642
-86.029945
-39.435043
-215.061981
-286.746446
-412.194259
-28.682373
745.509846
379.919076
-498.215617
-487.462947
-283.162223
-172.051302
200.707914
354.829513
53.754761
-293.914892
-308.251785
7.159859
32.249422
-114.703731
57.338985
-150.545963
-347.678241
175.618351
462.356210
21.496752
-455.204938
-358.430911
-53.771936
75.260101
129.023449
440.850871
315.403057
-792.121922
-609.326537
716.836060
372.750629
-451.620715
-57.356159
383.503299
-0.008587
-236.567321
426.513978
207.876360
-759.863913
-75.277275
727.588729
78.844324
-46.603489
229.381700
-179.219749
-189.972419
211.460584
14.328306
-17.929703
537.624898
157.697235
-580.652751
207.876360
720.420283
-240.151544
-544.810519
225.797477
519.703782
-60.940382
-96.782615
616.477809
125.439226
-853.053717
-129.040624
698.914944
35.833645
-103.951061
749.094069
172.034128
-1078.859781
-376.352027
881.710329
591.388247
-301.083339
-311.836009
272.392379
469.524657
-297.499116
-978.501530
498.198442
1541.207404
-336.925571
-1369.181863
60.923208
985.652802
197.123691
-483.878724
-25.098150
369.166406
-121.872177
-587.821198
114.686556
878.126105
114.686556
-713.269011
-229.398874
204.292137
3.575636
157.697235
462.356210
93.181217
-706.100564
-878.143280
408.592862
1387.085805
50.170538
-1039.433325
-279.578000
17.912529
-229.398874
361.997960
716.836060
-3.592810
-638.000323
-774.200806
-372.767804
598.556693
763.430962
-118.287954
-605.742314
-401.441590
-290.330669
-103.951061
473.108880
476.693103
-394.273143
-831.548378
-283.162223
286.729272
451.603540
186.371021
-412.194259
-508.968287
-347.678241
-143.377517
469.524657
720.420283
35.833645
-799.290369
-731.190127
35.833645
483.861550
483.861550
336.908397
-229.398874
-806.458815
-301.083339
623.646256
648.735818
-14.345480
-530.473626
-279.578000
311.818834
329.739950
68.091654
68.091654
17.912529
-448.036492
-358.430911
702.499167
831.531203
-240.151544
-763.448136
-240.151544
469.524657
440.850871
-82.445722
-78.861498
440.850871
-279.578000
-1035.849102
544.793345
1376.333135
-146.961740
-1053.770218
-118.287954
670.241158
136.191896
-43.019266
372.750629
-111.119507
-698.932118
86.012770
921.136784
501.782666
-322.588678
-860.222164
-297.499116
899.631445
749.094069
-297.499116
-121.872177
265.223932
-781.369252
-763.448136
1164.863964
1458.770269
-458.789161
-1118.286237
-232.983097
118.270780
526.872228
659.488488
-286.746446
-605.742314
-100.366838
333.324174
526.872228
50.170538
-648.752993
-505.384063
444.435094
663.072711
-200.725088
-354.846687
240.134370
75.260101
-512.552510
-111.119507
616.477809
107.518110
-494.631394
157.697235
387.087522
-548.394742
-494.631394
358.413736
71.675877
-322.588678
150.528789
168.449905
-390.688920
-480.294501
-204.309312
39.417868
89.596994
-200.725088
-218.646205
10.744083
-146.961740
-455.204938
-354.846687
146.944565
118.270780
-430.115375
-261.656883
232.965923
-118.287954
-516.136733
-121.872177
146.944565
-107.535284
-204.309312
75.260101
168.449905
-96.782615
-254.488437
-89.614168
132.607672
93.181217
14.328306
143.360342
150.528789
-146.961740
-225.814651
157.697235
369.166406
146.944565
-189.972419
-103.951061
215.044807
82.428547
-50.187712
129.023449
111.102333
43.002092
28.665199
-50.187712
21.496752
150.528789
43.002092
-7.177034
211.460584
96.765440
-200.725088
-28.682373
304.650388
286.729272
-25.098150
-121.872177
186.371021
283.145048
78.844324
139.776119
175.618351
-93.198391
32.249422
548.377568
537.624898
-39.435043
-469.541831
-268.825330
573.467130
989.237026
308.234611
-329.757125
-494.631394
-408.610036
487.445773
1132.605955
340.492620
-580.652751
-641.584546
7.159859
799.273194
440.850871
-591.405421
-383.520473
444.435094
390.671745
-32.266596
-261.656883
-89.614168
329.739950
-50.187712
-573.484305
179.202575
1046.584597
172.034128
-985.669977
-200.725088
573.467130
-129.040624
-197.140865
620.062032
301.066165
-673.842555
-501.799840
376.334852
745.509846
-50.187712
-1379.934533
-982.085754
1017.910812
1369.164689
-397.857366
-1376.350309
-584.236975
-60.940382
-609.326537
-250.904214
1146.942848
691.746497
-1637.998606
-2096.779180
111.102333
1254.469545
-143.377517
-1039.433325
-143.377517
222.213253
-659.505662
-817.211485
301.066165
587.804023
-691.763672
-1103.949344
351.245290
1060.921490
-193.556642
-949.827744
-146.961740
326.155727
-186.388195
-222.230428
630.814702
673.825381
-451.620715
-849.469494
57.338985
652.320042
172.034128
-118.287954
283.145048
232.965923
-469.541831
-523.305180
440.850871
777.767855
-193.556642
-566.315858
283.145048
401.424415
-272.409553
-182.803972
333.324174
172.034128
-286.746446
-43.019266
501.782666
326.155727
-268.825330
-283.162223
193.539467
415.761308
197.123691
35.833645
254.471262
286.729272
-136.209070
-71.693052
365.582183
358.413736
272.392379
286.729272
204.292137
107.518110
-10.761257
43.002092
387.087522
612.893586
301.066165
-182.803972
-143.377517
236.550146
376.334852
215.044807
211.460584
315.403057
-150.545963
-422.946929
383.503299
767.015185
-3.592810
-297.499116
186.371021
164.865682
21.496752
365.582183
218.629030
-319.004455
-319.004455
301.066165
913.968338
476.693103
-541.226296
-627.247653
68.091654
369.166406
297.481941
322.571504
358.413736
247.302816
-537.642072
-1508.966569
-867.390610
1157.695518
1964.145746
232.965923
-1856.636223
-1627.245936
-14.345480
430.098201
-258.072660
-118.287954
591.388247
-336.925571
-1795.704428
-835.132601
978.484356
189.955244
-1709.683070
-1060.938665
1003.573919
870.957659
-946.243521
-1297.497398
-236.567321
-197.140865
-752.695467
100.349663
1250.885322
372.750629
-1448.034774
-1369.181863
297.481941
863.789212
35.833645
-232.983097
286.729272
114.686556
-580.652751
-329.757125
498.198442
383.503299
-304.667562
-189.972419
430.098201
340.492620
-319.004455
-405.025813
75.260101
193.539467
-89.614168
60.923208
390.671745
-43.019266
-681.011002
-430.115375
347.661067
505.366889
-3.592810
-250.904214
-75.277275
-100.366838
-232.983097
136.191896
501.782666
146.944565
-279.578000
-96.782615
286.729272
215.044807
3.575636
82.428547
229.381700
301.066165
318.987281
279.560825
43.002092
-232.983097
57.338985
684.578051
691.746497
204.292137
-21.513927
-68.108829
75.260101
412.177085
387.087522
225.797477
354.829513
186.371021
-75.277275
218.629030
322.571504
35.833645
265.223932
491.029996
89.596994
68.091654
405.008638
136.191896
-225.814651
157.697235
716.836060
555.546014
-10.761257
-172.051302
132.607672
186.371021
-21.513927
82.428547
372.750629
523.288005
308.234611
39.417868
-319.004455
-1358.429193
-1620.077489
792.104748
3254.466110
1232.964206
-3204.304159
-3369.178428
437.266647
1652.318324
-480.294501
-806.458815
870.957659
17.912529
-2551.975531
-1745.525303
1379.917358
992.821249
-2229.395439
-1899.646902
1573.465413
1734.755459
-1519.719239
-2451.617280
-272.409553
537.624898
-526.889403
39.417868
1663.070994
551.961791
-2225.811216
-1996.420929
892.462998
1913.966620
258.055486
-709.684788
186.371021
487.445773
-430.115375
-455.204938
630.814702
806.441641
-189.972419
-333.341348
749.094069
917.552561
-480.294501
-1186.386478
-100.366838
964.147463
709.667613
-3.592810
-197.140865
-261.656883
-584.236975
-487.462947
322.571504
853.036543
315.403057
-598.573867
-749.111243
-136.209070
286.729272
93.181217
-107.535284
96.765440
189.955244
-103.951061
-240.151544
64.507431
197.123691
-14.345480
50.170538
483.861550
555.546014
-0.008587
-351.262464
-21.513927
419.345531
483.861550
372.750629
390.671745
297.481941
10.744083
-57.356159
197.123691
369.166406
372.750629
426.513978
408.592862
139.776119
-111.119507
-25.098150
333.324174
505.366889
293.897718
161.281458
193.539467
7.159859
-3.592810
354.829513
476.693103
200.707914
-10.761257
93.181217
200.707914
60.923208
-96.782615
32.249422
322.571504
405.008638
419.345531
358.413736
-695.347895
-2211.474323
-1347.676524
2111.098898
3451.598388
-315.420232
-4204.302442
-2440.864610
1566.296966
1340.490903
-1272.407836
-827.964154
992.821249
-458.789161
-2695.344460
-946.243521
1659.486771
-172.051302
-3007.171881
-1028.680656
2448.015882
1172.032411
-2591.401986
-2577.065093
286.729272
817.194310
-440.868045
136.191896
1254.469545
-301.083339
-2412.190824
-1100.365120
1767.013468
1756.260798
-523.305180
-1111.117790
426.513978
931.889454
-179.219749
-465.957608
473.108880
709.667613
-71.693052
46.586315
989.237026
559.130237
-913.985512
-967.748861
612.893586
1383.501582
361.997960
-526.889403
-225.814651
75.260101
-297.499116
-308.251785
491.029996
774.183632
-111.119507
-781.369252
-225.814651
455.187764
93.181217
-440.868045
-43.019266
544.793345
336.908397
-279.578000
-387.104697
3.575636
189.955244
225.797477
455.187764
541.209121
129.023449
-379.936250
-283.162223
401.424415
734.757176
430.098201
225.797477
268.808155
136.191896
-60.940382
157.697235
534.040675
476.693103
272.392379
265.223932
315.403057
265.223932
172.034128
146.944565
229.381700
408.592862
491.029996
315.403057
139.776119
139.776119
157.697235
215.044807
469.524657
559.130237
254.471262
-68.108829
-100.366838
50.170538
258.055486
390.671745
426.513978
430.098201
247.302816
-372.767804
-1401.439872
-1659.503945
250.887039
2795.685536
2042.998657
-2272.406118
-4369.176711
-1014.343763
2351.241855
666.656935
-2017.926268
-781.369252
899.631445
-949.827744
-2627.244218
-630.831877
1032.247704
-1068.107111
-2476.706843
265.223932
2318.983846
-455.204938
-3663.084733
-2093.194956
1275.974884
1268.806438
-494.631394
-369.183580
293.897718
-845.885271
-1684.593508
46.586315
1831.529486
810.025864
-1118.286237
-670.258332
1068.089937
939.057900
-616.494984
-770.616583
655.904265
1200.706197
318.987281
-46.603489
422.929755
118.270780
-799.290369
-308.251785
1308.232894
1430.096484
-275.993776
-1179.218032
-218.646205
605.725140
146.944565
-211.477758
315.403057
422.929755
-362.015134
-731.190127
-107.535284
469.524657
114.686556
-397.857366
-35.850820
462.356210
86.012770
-573.484305
-379.936250
308.234611
451.603540
197.123691
172.034128
193.539467
-118.287954
-286.746446
215.044807
741.925622
562.714461
143.360342
57.338985
204.292137
311.818834
326.155727
354.829513
358.413736
372.750629
494.614219
516.119559
232.965923
-3.592810
250.887039
620.062032
580.635577
333.324174
250.887039
200.707914
157.697235
361.997960
637.983149
573.467130
189.955244
-64.524605
39.417868
232.965923
308.234611
329.739950
408.592862
569.882907
544.793345
-630.831877
-2279.574565
-1419.360988
2189.951809
3756.257363
-114.703731
-4659.498793
-3096.777462
1928.303513
2365.578748
-1387.102979
-2107.531849
519.703782
430.098201
-2172.047868
-1681.009284
1003.573919
125.439226
-2867.387175
-1559.145694
2433.678989
1752.676575
-2960.576979
-3967.743708
64.507431
2336.904962
318.987281
-1218.644487
-200.725088
35.833645
-1387.102979
-1014.343763
1415.759591
1738.339682
-756.279690
-1706.098847
483.861550
1863.787495
179.202575
-1401.439872
-286.746446
1390.670028
1086.011053
-68.108829
-114.703731
179.202575
-329.757125
-455.204938
734.757176
1541.207404
408.592862
-1172.049585
-913.985512
534.040675
835.115427
-157.714410
-508.968287
229.381700
508.951112
-250.904214
-741.942797
-164.882856
354.829513
-28.682373
-283.162223
308.234611
491.029996
-494.631394
-1035.849102
17.912529
996.405472
455.187764
-412.194259
-211.477758
340.492620
96.765440
-293.914892
161.281458
767.015185
505.366889
-114.703731
-46.603489
379.919076
258.055486
-46.603489
272.392379
856.620766
738.341399
57.338985
-207.893535
154.113012
526.872228
551.961791
422.929755
336.908397
283.145048
240.134370
290.313495
383.503299
365.582183
232.965923
186.371021
268.808155
304.650388
164.865682
82.428547
326.155727
627.230479
555.546014
-412.194259
-1913.983795
-1559.145694
1587.802306
3623.641103
473.108880
-4329.750255
-3612.905608
1623.644538
3028.660046
-996.422647
-2974.913872
-139.793293
1408.591144
-1197.139148
-2548.391307
-129.040624
849.452319
-1602.156373
-2017.926268
1272.390661
2017.909094
-2014.342045
-4161.291763
-666.674109
2756.259080
1150.527071
-1770.614865
-1304.665845
437.266647
-82.445722
-1075.275558
211.460584
1616.476092
290.313495
-1408.608319
-265.241107
1584.218083
749.094069
-1175.633808
-670.258332
1426.512260
1655.902547
-46.603489
-777.785029
50.170538
516.119559
168.449905
279.560825
849.452319
580.635577
-458.789161
-688.179448
308.234611
881.710329
57.338985
-634.416100
89.596994
788.520524
28.665199
-885.311726
-362.015134
573.467130
333.324174
-351.262464
-118.287954
369.166406
-136.209070
-741.942797
-168.467079
745.509846
573.467130
-301.083339
-458.789161
139.776119
340.492620
3.575636
-3.592810
405.008638
491.029996
114.686556
-32.266596
250.887039
333.324174
114.686556
182.786798
591.388247
716.836060
333.324174
-39.435043
60.923208
458.771987
670.241158
526.872228
247.302816
204.292137
387.087522
458.771987
376.334852
394.255969
422.929755
211.460584
-14.345480
154.113012
469.524657
394.255969
100.349663
200.707914
487.445773
100.349663
-1189.970701
-1817.209767
-82.445722
2480.273891
2039.414434
-1906.815348
-4240.144674
-1315.418514
2444.431659
1265.222215
-2261.653448
-2064.521171
706.083390
530.456452
-1985.668259
-1924.736464
179.202575
-46.603489
-1670.256615
-559.147412
1548.375850
-10.761257
-3272.404401
-2602.154656
1254.469545
2290.310060
-444.452268
-1989.252483
-566.315858
476.693103
-376.352027
-605.742314
666.656935
928.305231
-498.215617
-931.906628
577.051354
1301.064447
-157.714410
-1179.218032
211.460584
1806.439923
1025.079258
-788.537699
-810.043038
476.693103
788.520524
146.944565
204.292137
738.341399
189.955244
-860.222164
-519.720956
813.610087
931.889454
-333.341348
-763.448136
236.550146
691.746497
-222.230428
-802.874592
-64.524605
580.635577
136.191896
-344.094018
-39.435043
193.539467
-308.251785
-526.889403
279.560825
863.789212
168.449905
-655.921439
-236.567321
598.556693
448.019317
-118.287954
57.338985
609.309363
487.445773
-35.850820
-68.108829
318.987281
512.535335
426.513978
444.435094
559.130237
372.750629
-7.177034
39.417868
544.793345
824.362757
569.882907
200.707914
168.449905
415.761308
580.635577
444.435094
218.629030
275.976602
455.187764
344.076843
82.428547
114.686556
483.861550
698.914944
494.614219
-86.029945
-1197.139148
-1691.761954
254.471262
3007.154707
2060.919773
-2670.254897
-4512.545640
-297.499116
3369.161254
734.757176
-3161.293480
-1727.604186
1587.802306
455.187764
-2573.480870
-1749.109526
684.578051
-207.893535
-1992.836706
-215.061981
1928.303513
-480.294501
-3878.138127
-2150.542528
2107.514675
2136.188461
-1293.913175
-2175.632091
-21.513927
731.172953
-630.831877
-763.448136
763.430962
906.799891
-566.315858
-727.605904
706.083390
949.810570
-508.968287
-878.143280
738.341399
1731.171235
498.198442
-956.996191
-551.978965
688.162274
838.699650
125.439226
10.744083
516.119559
340.492620
-483.878724
-448.036492
516.119559
720.420283
-240.151544
-594.989644
283.145048
670.241158
-333.341348
-971.333084
-53.771936
792.104748
157.697235
-655.921439
-243.735767
351.245290
-75.277275
-537.642072
28.665199
616.477809
96.765440
-594.989644
-204.309312
508.951112
304.650388
-200.725088
46.586315
526.872228
333.324174
-164.882856
-93.198391
376.334852
526.872228
358.413736
311.818834
412.177085
265.223932
14.328306
186.371021
602.140916
673.825381
369.166406
139.776119
286.729272
541.209121
444.435094
182.786798
172.034128
376.334852
379.919076
204.292137
236.550146
405.008638
383.503299
232.965923
107.518110
-605.742314
-1516.135016
-405.025813
2387.084087
2458.768552
-1784.951758
-4526.882533
-1093.196674
3215.039655
1405.006921
-2917.566300
-2218.642770
1483.859832
1035.831928
-2526.885968
-2455.201503
645.151595
749.094069
-1645.167052
-1136.207353
1329.738233
275.976602
-3078.856346
-2544.807084
1491.028279
2415.757873
-870.974833
-2430.111941
-215.061981
1168.448187
-397.857366
-1279.576282
426.513978
1476.691386
-17.929703
-1132.623129
82.428547
1121.853285
93.181217
-756.279690
437.266647
1594.970752
602.140916
-910.401289
-534.057849
845.868096
928.305231
-32.266596
-129.040624
691.746497
648.735818
-437.283822
-681.011002
394.255969
942.642124
86.012770
-555.563189
136.191896
630.814702
-218.646205
-831.548378
78.844324
913.968338
186.371021
-745.527020
-304.667562
501.782666
143.360342
-537.642072
-89.614168
673.825381
254.471262
-620.079207
-351.262464
537.624898
458.771987
-164.882856
25.080975
580.635577
279.560825
-415.778482
-129.040624
759.846739
802.857417
107.518110
-32.266596
451.603540
519.703782
118.270780
107.518110
551.961791
716.836060
397.840192
211.460584
408.592862
523.288005
283.145048
96.765440
369.166406
630.814702
358.413736
-17.929703
111.102333
462.356210
451.603540
268.808155
-86.029945
-1161.296915
-1602.156373
591.388247
3164.860529
1215.043089
-3777.779877
-4179.212879
1150.527071
3673.820229
-612.910760
-3942.654146
-820.795708
2340.489185
-340.509795
-3526.884250
-1383.518756
1523.286288
-146.961740
-2293.911458
-236.567321
1684.576333
-1136.207353
-3910.396137
-1086.028227
2910.380680
1476.691386
-2422.943494
-2186.384761
827.946980
1039.416151
-1046.601772
-906.817066
1107.516392
1043.000374
-795.706145
-813.627262
806.441641
856.620766
-530.473626
-397.857366
1204.290420
1387.085805
-261.656883
-1064.522888
75.260101
1164.863964
788.520524
-14.345480
-57.356159
222.213253
150.528789
-3.592810
143.360342
315.403057
132.607672
-96.782615
60.923208
275.976602
-10.761257
-462.373385
-275.993776
390.671745
508.951112
-136.209070
-591.405421
-236.567321
254.471262
172.034128
-89.614168
-0.008587
118.270780
-118.287954
-247.319990
146.944565
426.513978
89.596994
-186.388195
164.865682
512.535335
189.955244
-232.983097
21.496752
602.140916
663.072711
189.955244
-39.435043
236.550146
494.614219
383.503299
229.381700
401.424415
623.646256
458.771987
164.865682
318.987281
688.162274
559.130237
75.260101
68.091654
566.298684
709.667613
290.313495
93.181217
394.255969
609.309363
100.349663
-1078.859781
-1369.181863
623.646256
2838.696215
1308.232894
-3021.508774
-3896.059244
491.029996
3318.982128
71.675877
-3354.841535
-1229.397157
1878.124388
28.665199
-3086.024793
-1641.582829
1232.964206
139.776119
-2057.352724
-573.484305
1397.838474
-795.706145
-3555.558036
-1462.371667
2387.084087
1673.823664
-1910.399571
-2247.316556
354.829513
906.799891
-831.548378
-870.974833
942.642124
1043.000374
-688.179448
-888.895949
605.725140
767.015185
-505.384063
-311.836009
1379.917358
1390.670028
-559.147412
-1236.565603
272.392379
1293.896001
605.725140
-28.682373
304.650388
351.245290
-311.836009
-351.262464
487.445773
763.430962
46.586315
-372.767804
121.855003
455.187764
-125.456400
-681.011002
-179.219749
637.983149
483.861550
-362.015134
-609.326537
-121.872177
107.518110
-103.951061
-7.177034
293.897718
64.507431
-483.878724
-397.857366
268.808155
419.345531
-68.108829
-193.556642
250.887039
379.919076
-64.524605
-286.746446
118.270780
544.793345
491.029996
261.639709
179.202575
139.776119
82.428547
211.460584
569.882907
752.678292
458.771987
57.338985
118.270780
548.377568
670.241158
344.076843
197.123691
394.255969
437.266647
232.965923
293.897718
577.051354
415.761308
7.159859
175.618351
146.944565
-949.827744
-1136.207353
1286.727554
2913.964903
-232.983097
-4279.571130
-2412.190824
2795.685536
2602.137481
-2469.538396
-3301.078187
1103.932169
2175.614916
-2010.757822
-3516.131581
182.786798
1831.529486
-1186.386478
-2315.416797
673.825381
1358.412019
-2279.574565
-3473.120902
566.298684
3064.502279
-89.614168
-3078.856346
-1100.365120
1569.881190
365.582183
-1598.572150
-290.330669
1645.149878
480.277326
-1383.518756
-394.273143
1293.896001
358.413736
-1086.028227
236.550146
2143.356907
931.889454
-1559.145694
-1132.623129
1283.143331
1630.812985
-14.345480
-408.610036
591.388247
534.040675
-501.799840
-322.588678
863.789212
813.610087
-354.846687
-480.294501
537.624898
645.151595
-516.136733
-874.559057
297.481941
1053.753044
157.697235
-863.806387
-516.136733
290.313495
189.955244
-225.814651
75.260101
372.750629
-215.061981
-716.853234
-111.119507
623.646256
272.392379
-390.688920
-93.198391
573.467130
326.155727
-448.036492
-365.599357
530.456452
896.047222
369.166406
-89.614168
64.507431
318.987281
297.481941
333.324174
598.556693
670.241158
318.987281
50.170538
311.818834
709.667613
598.556693
179.202575
204.292137
577.051354
526.872228
125.439226
136.191896
437.266647
322.571504
93.181217
480.277326
290.313495
-1408.608319
-1842.299330
1143.358625
3476.687951
207.876360
-4641.577677
-3143.372364
2562.711026
2942.638689
-2258.069225
-3609.321385
709.667613
2154.109577
-1878.141562
-3551.973813
39.417868
1716.834342
-1369.181863
-2537.638638
731.172953
1702.497449
-2218.642770
-3921.148806
164.865682
3207.871208
293.897718
-3060.935230
-1336.923854
1562.712743
512.535335
-1670.256615
-483.878724
1709.665896
727.588729
-1322.586961
-508.968287
1379.917358
616.477809
-1197.139148
-222.230428
2139.772684
1602.139199
-1204.307594
-1663.088168
774.183632
2021.493317
562.714461
-670.258332
78.844324
745.509846
-68.108829
-530.473626
455.187764
1032.247704
-7.177034
-795.706145
125.439226
971.315909
-3.592810
-1161.296915
-333.341348
1161.279741
767.015185
-799.290369
-935.490852
240.134370
505.366889
-243.735767
-211.477758
519.703782
261.639709
-709.684788
-512.552510
677.409604
792.104748
-258.072660
-469.541831
444.435094
688.162274
-129.040624
-394.273143
433.682424
942.642124
415.761308
-114.703731
146.944565
483.861550
315.403057
229.381700
584.219800
781.352078
376.334852
28.665199
347.661067
767.015185
569.882907
139.776119
290.313495
673.825381
455.187764
28.665199
229.381700
652.320042
498.198442
186.371021
-14.345480
-899.648619
-1448.034774
491.029996
3025.075823
1293.896001
-3569.894929
-4107.528414
1039.416151
3487.440620
-627.247653
-3645.163617
-534.057849
2161.278023
-878.143280
-3731.184975
-974.917307
1956.977299
-286.746446
-2734.770915
-358.430911
1845.866379
-1139.791576
-4039.428173
-1046.601772
3064.502279
1473.107162
-2591.401986
-2225.811216
924.721007
931.889454
-1286.744729
-770.616583
1548.375850
1064.505714
-1340.508077
-1068.107111
1279.559108
1186.369304
-996.422647
-831.548378
1698.913226
2060.919773
-566.315858
-1849.467776
64.507431
1831.529486
1021.495035
-362.015134
-146.961740
559.130237
139.776119
-462.373385
125.439226
885.294552
351.245290
-569.900082
-265.241107
605.725140
297.481941
-774.200806
-616.494984
641.567372
835.115427
-362.015134
-978.501530
-232.983097
358.413736
-39.435043
-279.578000
204.292137
247.302816
-505.384063
-688.179448
200.707914
709.667613
28.665199
-505.384063
68.091654
612.893586
125.439226
-455.204938
-14.345480
759.846739
680.993827
82.428547
3.575636
347.661067
347.661067
154.113012
419.345531
831.531203
591.388247
64.507431
186.371021
724.004506
666.656935
146.944565
175.618351
659.488488
663.072711
218.629030
157.697235
437.266647
444.435094
383.503299
222.213253
-853.053717
-1673.840838
211.460584
3154.107860
1867.371718
-3261.651731
-4548.387872
422.929755
3627.225327
82.428547
-3401.436437
-928.322405
1917.550844
-720.437457
-3623.658278
-1000.006870
2118.267345
-136.209070
-3014.340328
-673.842555
2193.536033
-494.631394
-4100.359968
-1695.346177
2892.459563
1999.987978
-2164.879421
-2340.506360
706.083390
967.731686
-1168.465362
-684.595225
1774.181914
1318.985563
-1405.024095
-1347.676524
1329.738233
1659.486771
-727.605904
-1089.612451
1397.838474
2211.457149
-129.040624
-1605.740596
-43.019266
1498.196725
706.083390
-240.151544
494.614219
949.810570
-372.767804
-1218.644487
186.371021
1587.802306
602.140916
-1003.591093
-559.147412
759.846739
401.424415
-910.401289
-688.179448
695.330720
770.599408
-462.373385
-795.706145
35.833645
204.292137
-505.384063
-354.846687
709.667613
663.072711
-681.011002
-1075.275558
172.034128
956.979017
189.955244
-465.957608
136.191896
652.320042
17.912529
-458.789161
225.797477
913.968338
559.130237
-43.019266
164.865682
591.388247
372.750629
28.665199
340.492620
874.541882
784.936301
254.471262
136.191896
494.614219
616.477809
354.829513
326.155727
605.725140
573.467130
193.539467
96.765440
340.492620
430.098201
437.266647
293.897718
-849.469494
-1982.084036
-394.273143
2888.875340
2451.600106
-2584.233540
-5000.000000
-827.964154
3146.939413
695.330720
-2960.576979
-1347.676524
1376.333135
-810.043038
-3702.511189
-1275.992059
2089.593559
28.665199
-3268.820178
-1222.228710
2193.536033
43.002092
-4021.507057
-2422.943494
2304.646953
2297.478506
-1523.303462
-2172.047868
405.008638
634.398925
-1340.508077
-645.168769
2129.020014
1727.587012
-1426.529435
-1702.514624
1232.964206
1978.482639
-473.126054
-1143.375799
1297.480224
2236.546711
-64.524605
-1469.540114
204.292137
1451.601823
189.955244
-526.889403
953.394793
1505.365171
-523.305180
-1806.457098
-43.019266
1731.171235
634.398925
-1032.264879
-433.699599
759.846739
32.249422
-1182.802255
-430.115375
1035.831928
594.972470
-863.806387
-738.358574
448.019317
279.560825
-824.379931
-498.215617
953.394793
910.384114
-598.573867
-931.906628
308.234611
763.430962
-82.445722
-218.646205
781.352078
928.305231
-247.319990
-684.595225
383.503299
1121.853285
566.298684
53.754761
444.435094
713.251837
204.292137
-89.614168
519.703782
1035.831928
630.814702
136.191896
433.682424
849.452319
455.187764
-78.861498
218.629030
835.115427
752.678292
268.808155
182.786798
297.481941
286.729272
433.682424
50.170538
-1422.945211
-1702.514624
1164.863964
3609.304210
670.241158
-4440.861175
-3971.327932
1229.379982
2677.406169
-921.153959
-2182.800537
462.356210
426.513978
-3150.540811
-3189.967266
1182.785080
2211.457149
-1799.288651
-3132.619695
523.288005
1824.361039
-1985.668259
-3767.027207
21.496752
2849.448885
390.671745
-2139.789858
-562.731635
1014.326588
-734.774350
-1767.030642
960.563240
2989.233591
544.793345
-2211.474323
-727.605904
1888.877058
1086.011053
-935.490852
-3.592810
2082.425112
1261.637992
-1014.343763
-827.964154
935.473677
824.362757
-433.699599
100.349663
1458.770269
680.993827
-1304.665845
-1207.891817
605.725140
953.394793
-297.499116
-551.978965
383.503299
225.797477
-1025.096432
-1093.196674
279.560825
806.441641
-197.140865
-781.369252
-121.872177
189.955244
-587.821198
-835.132601
215.044807
881.710329
103.933887
-688.179448
-247.319990
361.997960
57.338985
-243.735767
333.324174
820.778534
351.245290
-258.072660
-71.693052
408.592862
458.771987
379.919076
562.714461
620.062032
286.729272
-28.682373
132.607672
609.309363
799.273194
566.298684
308.234611
326.155727
451.603540
408.592862
308.234611
351.245290
354.829513
326.155727
465.940433
516.119559
250.887039
103.933887
272.392379
-426.531152
-1867.388893
-1168.465362
2175.614916
3344.071691
-695.347895
-4688.172579
-2853.050282
1376.333135
1394.254251
-1093.196674
-562.731635
1057.337267
-1139.791576
-4150.539093
-2035.847385
2164.862247
1455.186046
-2225.811216
-1974.915590
1086.011053
544.793345
-2698.928683
-2308.248351
1329.738233
2035.830210
-602.158091
-1275.992059
670.241158
630.814702
-1534.056132
-1118.286237
1992.819531
2680.990393
-82.445722
-1451.618997
329.739950
1358.412019
7.159859
-469.541831
1243.716875
1960.561522
258.055486
-913.985512
46.586315
806.441641
-39.435043
-473.126054
673.825381
1354.827796
103.933887
-1275.992059
-870.974833
283.145048
347.661067
-261.656883
-229.398874
143.360342
-211.477758
-903.232842
-734.774350
86.012770
243.718593
-293.914892
-412.194259
53.754761
82.428547
-512.552510
-634.416100
82.428547
580.635577
258.055486
-114.703731
82.428547
279.560825
-17.929703
-136.209070
455.187764
949.810570
602.140916
10.744083
46.586315
444.435094
494.614219
390.671745
612.893586
856.620766
559.130237
50.170538
86.012770
555.546014
799.273194
612.893586
440.850871
473.108880
422.929755
268.808155
272.392379
440.850871
401.424415
182.786798
279.560825
462.356210
261.639709
14.328306
182.786798
-286.746446
-1845.883553
-1860.220446
1154.111294
3340.487468
544.793345
-3903.227690
-3752.690314
-154.130186
913.968338
-641.584546
-186.388195
1336.906679
-734.774350
-4318.997585
-3215.056829
1247.301099
1989.235308
-1179.218032
-1842.299330
569.882907
458.771987
-2430.111941
-2451.617280
931.889454
2060.919773
-268.825330
-1118.286237
734.757176
946.226347
-1297.497398
-1501.798123
1236.548429
2415.757873
483.861550
-734.774350
580.635577
1157.695518
-458.789161
-1007.175316
881.710329
2035.830210
720.420283
-487.462947
68.091654
340.492620
-738.358574
-899.648619
731.172953
1476.691386
-0.008587
-1200.723371
-498.215617
182.786798
-577.068528
-1028.680656
35.833645
784.936301
-82.445722
-974.917307
-544.810519
-35.850820
-512.552510
-734.774350
193.539467
899.631445
200.707914
-738.358574
-537.642072
114.686556
189.955244
96.765440
537.624898
924.721007
394.255969
-336.925571
-168.467079
494.614219
684.578051
523.288005
677.409604
856.620766
448.019317
-111.119507
46.586315
645.151595
759.846739
505.366889
516.119559
666.656935
426.513978
17.912529
86.012770
559.130237
734.757176
465.940433
329.739950
458.771987
326.155727
-125.456400
-150.545963
448.019317
727.588729
333.324174
161.281458
268.808155
-863.806387
-2491.043736
-1340.508077
2293.894283
3164.860529
-727.605904
-3842.295895
-2275.990341
46.586315
-544.810519
-903.232842
1405.006921
1896.045504
-1974.915590
-4523.298310
-1620.077489
1695.329003
455.187764
-1566.314141
-68.108829
1422.928037
-774.200806
-2885.308291
-928.322405
1670.239440
731.172953
-1021.512209
139.776119
1774.181914
326.155727
-1727.604186
-609.326537
1598.554976
1211.458866
-293.914892
379.919076
1788.518807
698.914944
-1347.676524
-888.895949
1103.932169
1318.985563
75.260101
82.428547
903.215668
161.281458
-1401.439872
-1136.207353
516.119559
784.936301
-279.578000
-405.025813
318.987281
-136.209070
-1483.877006
-1390.687202
125.439226
702.499167
-175.635526
-609.326537
-35.850820
-32.266596
-946.243521
-1078.859781
121.855003
903.215668
318.987281
-304.667562
7.159859
218.629030
-412.194259
-609.326537
480.277326
1354.827796
784.936301
-50.187712
46.586315
329.739950
10.744083
-43.019266
756.262515
1286.727554
713.251837
7.159859
118.270780
412.177085
182.786798
21.496752
498.198442
946.226347
731.172953
333.324174
207.876360
139.776119
-28.682373
100.349663
569.882907
795.688971
516.119559
89.596994
-3.592810
57.338985
-14.345480
82.428547
544.793345
516.119559
-1003.591093
-2340.506360
-885.311726
1996.403755
2086.009336
-1121.870460
-3010.756105
-1598.572150
-347.678241
-996.422647
-605.742314
1562.712743
1326.154010
-2232.979663
-3863.801235
-1150.544246
1225.795759
68.091654
-1093.196674
315.403057
978.484356
-1161.296915
-2408.606601
-286.746446
1580.633859
311.818834
-1000.006870
347.661067
1645.149878
268.808155
-1222.228710
-96.782615
1369.164689
526.872228
-508.968287
713.251837
2028.661764
802.857417
-1003.591093
-612.910760
688.162274
526.872228
-71.693052
637.983149
1358.412019
258.055486
-1362.013416
-1250.902496
-14.345480
351.245290
46.586315
304.650388
422.929755
-623.663430
-1577.066811
-1028.680656
68.091654
329.739950
-0.008587
-46.603489
-17.929703
-444.452268
-845.885271
-505.384063
204.292137
351.245290
82.428547
204.292137
433.682424
93.181217
-340.509795
-136.209070
340.492620
526.872228
620.062032
759.846739
680.993827
293.897718
-57.356159
-21.513927
354.829513
716.836060
867.373436
820.778534
584.219800
197.123691
-103.951061
-64.524605
250.887039
612.893586
881.710329
856.620766
426.513978
-89.614168
-211.477758
96.765440
465.940433
594.972470
487.445773
240.134370
32.249422
-43.019266
17.912529
139.776119
268.808155
326.155727
-419.362706
-1810.041321
-1810.041321
448.019317
2376.331418
928.305231
-2247.316556
-2899.645184
-1071.691334
-358.430911
-1053.770218
-35.850820
1935.471960
594.972470
-3186.383043
-3616.489831
-64.524605
1487.444055
-623.663430
-1286.744729
906.799891
1114.684839
-1806.457098
-2523.301745
544.793345
1910.382397
-476.710277
-1569.898364
838.699650
2053.751326
-150.545963
-1412.192542
415.761308
1390.670028
-387.104697
-1043.017549
1222.211536
2476.689668
523.288005
-1290.328952
-448.036492
645.151595
-43.019266
-498.215617
802.857417
1688.160556
329.739950
-1387.102979
-1268.823612
-232.983097
129.023449
118.270780
433.682424
419.345531
-458.789161
-1218.644487
-892.480173
-64.524605
243.718593
93.181217
-71.693052
-132.624847
-172.051302
-154.130186
-118.287954
-132.624847
-32.266596
143.360342
197.123691
254.471262
458.771987
505.366889
103.933887
-254.488437
-28.682373
469.524657
731.172953
713.251837
620.062032
401.424415
-10.761257
-207.893535
146.944565
684.578051
806.441641
508.951112
268.808155
143.360342
-46.603489
-136.209070
179.202575
623.646256
620.062032
215.044807
-53.771936
64.507431
229.381700
175.618351
186.371021
322.571504
236.550146
-86.029945
-89.614168
272.392379
283.145048
-100.366838
-121.872177
293.897718
129.023449
-939.075075
-1491.045453
-369.183580
1275.974884
1250.885322
-408.610036
-1573.482587
-1272.407836
-727.605904
-670.258332
-150.545963
935.473677
892.462998
-831.548378
-2053.768501
-1100.365120
372.750629
211.460584
-731.190127
-483.878724
412.177085
139.776119
-749.111243
-451.620715
473.108880
175.618351
-896.064396
-738.358574
544.793345
960.563240
150.528789
-247.319990
211.460584
215.044807
-505.384063
-591.405421
397.840192
992.821249
448.019317
-179.219749
-86.029945
93.181217
-182.803972
-336.925571
71.675877
534.040675
365.582183
-200.725088
-387.104697
-103.951061
111.102333
75.260101
53.754761
17.912529
-197.140865
-362.015134
-154.130186
279.560825
455.187764
182.786798
-225.814651
-354.846687
-204.309312
-7.177034
189.955244
397.840192
351.245290
-39.435043
-279.578000
-68.108829
225.797477
211.460584
46.586315
14.328306
111.102333
143.360342
125.439226
107.518110
86.012770
53.754761
-21.513927
-50.187712
25.080975
172.034128
229.381700
86.012770
-86.029945
-89.614168
25.080975
82.428547
57.338985
53.754761
93.181217
86.012770
35.833645
50.170538
78.844324
28.665199
-21.513927
107.518110
229.381700
154.113012
3.575636
-7.177034
100.349663
114.686556
71.675877
75.260101
75.260101
50.170538
-10.761257
50.170538
179.202575
136.191896
-46.603489
-139.793293
-68.108829
-7.177034
-14.345480
32.249422
89.596994
21.496752
-125.456400
-200.725088
-164.882856
-75.277275
-21.513927
-28.682373
-64.524605
-136.209070
-182.803972
-146.961740
-103.951061
-78.861498
-53.771936
-100.366838
-197.140865
-229.398874
-114.703731
-3.592810
-43.019266
-132.624847
-132.624847
-96.782615
-143.377517
-175.635526
-89.614168
14.328306
-46.603489
-164.882856
-136.209070
-78.861498
-121.872177
-132.624847
-21.513927
14.328306
-118.287954
-211.477758
-107.535284
39.417868
35.833645
-64.524605
-89.614168
-39.435043
-14.345480
-14.345480
35.833645
75.260101
17.912529
-21.513927
10.744083
39.417868
46.586315
89.596994
161.281458
136.191896
32.249422
3.575636
93.181217
172.034128
154.113012
111.102333
107.518110
139.776119
172.034128
150.528789
121.855003
125.439226
129.023449
118.270780
129.023449
129.023449
121.855003
129.023449
139.776119
172.034128
197.123691
107.518110
-25.098150
7.159859
161.281458
215.044807
150.528789
103.933887
129.023449
111.102333
50.170538
43.002092
89.596994
121.855003
78.844324
46.586315
71.675877
75.260101
21.496752
-10.761257
7.159859
25.080975
-25.098150
-89.614168
-53.771936
28.665199
82.428547
17.912529
-111.119507
-215.061981
-254.488437
-172.051302
-0.008587
111.102333
35.833645
-121.872177
-236.567321
-340.509795
-351.262464
-189.972419
-14.345480
10.744083
-121.872177
-258.072660
-268.825330
-225.814651
-172.051302
-96.782615
-57.356159
-182.803972
-372.767804
-362.015134
-86.029945
172.034128
175.618351
-32.266596
-293.914892
-455.204938
-354.846687
-35.850820
258.055486
272.392379
3.575636
-283.162223
-362.015134
-225.814651
3.575636
172.034128
164.865682
-21.513927
-193.556642
-207.893535
-57.356159
154.113012
229.381700
136.191896
-46.603489
-193.556642
-164.882856
46.586315
286.729272
365.582183
215.044807
-50.187712
-215.061981
-143.377517
93.181217
304.650388
340.492620
182.786798
3.575636
-78.861498
-14.345480
129.023449
240.134370
211.460584
-0.008587
-161.298633
-89.614168
157.697235
394.255969
491.029996
401.424415
-211.477758
-1232.981380
-1437.282104
-53.771936
1845.866379
2315.399623
845.868096
-1272.407836
-2444.448833
-1770.614865
405.008638
2361.994525
2369.162971
498.198442
-1376.350309
-1627.245936
-519.720956
616.477809
1028.663481
727.588729
-3.592810
-526.889403
-236.567321
584.219800
892.462998
225.797477
-508.968287
-505.384063
-43.019266
430.098201
706.083390
663.072711
211.460584
-394.273143
-505.384063
50.170538
584.219800
469.524657
57.338985
-129.040624
-240.151544
-322.588678
-172.051302
200.707914
444.435094
315.403057
-14.345480
-358.430911
-688.179448
-824.379931
-512.552510
175.618351
648.735818
451.603540
-204.309312
-788.537699
-921.153959
-620.079207
-150.545963
197.123691
179.202575
-161.298633
-508.968287
-537.642072
-193.556642
175.618351
189.955244
-114.703731
-491.047170
-684.595225
-491.047170
103.933887
666.656935
673.825381
129.023449
-462.373385
-655.921439
-426.531152
10.744083
397.840192
512.535335
258.055486
-132.624847
-222.230428
21.496752
189.955244
107.518110
-50.187712
-186.388195
-268.825330
-164.882856
200.707914
487.445773
318.987281
-146.961740
-487.462947
-508.968287
-297.499116
21.496752
290.313495
254.471262
-64.524605
-258.072660
-103.951061
78.844324
-39.435043
-297.499116
-304.667562
-14.345480
222.213253
240.134370
143.360342
78.844324
35.833645
-10.761257
-57.356159
-75.277275
-0.008587
172.034128
290.313495
326.155727
361.997960
293.897718
39.417868
-182.803972
-132.624847
68.091654
279.560825
458.771987
494.614219
311.818834
82.428547
46.586315
172.034128
182.786798
-0.008587
17.912529
336.908397
523.288005
354.829513
186.371021
297.481941
480.277326
383.503299
-86.029945
-448.036492
-168.467079
483.861550
810.025864
609.309363
129.023449
-215.061981
-118.287954
247.302816
344.076843
-161.298633
-992.838423
-1311.834291
-483.878724
928.305231
1530.454734
709.667613
-824.379931
-2043.015831
-2261.653448
-1261.655166
315.403057
1240.132652
842.283873
-322.588678
-1168.465362
-1204.307594
-738.358574
-261.656883
-78.861498
-250.904214
-483.878724
-362.015134
125.439226
516.119559
483.861550
139.776119
-240.151544
-508.968287
-519.720956
-197.140865
293.897718
670.241158
835.115427
813.610087
473.108880
-129.040624
-587.821198
-551.978965
-86.029945
444.435094
745.509846
652.320042
189.955244
-254.488437
-293.914892
-93.198391
-10.761257
-132.624847
-236.567321
-215.061981
-150.545963
-93.198391
14.328306
114.686556
-25.098150
-329.757125
-458.789161
-369.183580
-243.735767
-103.951061
121.855003
311.818834
286.729272
118.270780
-50.187712
-150.545963
-121.872177
78.844324
333.324174
419.345531
311.818834
200.707914
225.797477
322.571504
340.492620
258.055486
111.102333
-28.682373
-7.177034
182.786798
369.166406
390.671745
290.313495
175.618351
43.002092
-96.782615
-96.782615
50.170538
168.449905
211.460584
250.887039
247.302816
132.607672
3.575636
75.260101
279.560825
412.177085
383.503299
293.897718
204.292137
136.191896
179.202575
301.066165
361.997960
297.481941
197.123691
129.023449
50.170538
-0.008587
103.933887
146.944565
-351.262464
-1301.081621
-1759.862196
-896.064396
691.746497
1469.522939
627.230479
-1164.881139
-2508.964852
-2512.549075
-1283.160505
175.618351
759.846739
207.876360
-652.337216
-946.243521
-677.426779
-369.183580
-358.430911
-480.294501
-437.283822
-182.803972
139.776119
304.650388
293.897718
315.403057
569.882907
820.778534
598.556693
-71.693052
-641.584546
-505.384063
394.255969
1361.996242
1566.296966
845.868096
-103.951061
-551.978965
-351.262464
100.349663
336.908397
200.707914
-161.298633
-354.846687
-168.467079
68.091654
43.002092
-200.725088
-347.678241
-383.520473
-627.247653
-1043.017549
-1118.286237
-473.126054
487.445773
989.237026
630.814702
-322.588678
-1111.117790
-1118.286237
-308.251785
627.230479
939.057900
577.051354
146.944565
168.449905
433.682424
566.298684
465.940433
272.392379
118.270780
100.349663
265.223932
433.682424
512.535335
609.309363
720.420283
670.241158
254.471262
-315.420232
-548.394742
-211.477758
430.098201
820.778534
691.746497
189.955244
-229.398874
-240.151544
86.012770
401.424415
376.334852
179.202575
93.181217
218.629030
412.177085
551.961791
594.972470
541.209121
458.771987
293.897718
25.080975
-132.624847
-7.177034
340.492620
634.398925
680.993827
462.356210
-283.162223
-1519.719239
-2362.011699
-1770.614865
68.091654
1440.849153
1071.674160
-562.731635
-1960.578697
-2236.563886
-1609.324820
-731.190127
-207.893535
-200.725088
-444.452268
-480.294501
-311.836009
-301.083339
-440.868045
-401.441590
3.575636
286.729272
-17.929703
-559.147412
-627.247653
168.449905
1286.727554
1831.529486
1308.232894
143.360342
-673.842555
-612.910760
82.428547
706.083390
824.362757
566.298684
333.324174
301.066165
232.965923
-17.929703
-286.746446
-344.094018
-222.230428
-265.241107
-602.158091
-878.143280
-666.674109
-71.693052
318.987281
107.518110
-616.494984
-1275.992059
-1358.429193
-824.379931
-75.277275
293.897718
179.202575
-46.603489
-100.366838
46.586315
150.528789
182.786798
254.471262
351.245290
361.997960
225.797477
143.360342
265.223932
620.062032
935.473677
885.294552
451.603540
-89.614168
-293.914892
-39.435043
412.177085
663.072711
551.961791
286.729272
111.102333
118.270780
193.539467
186.371021
132.607672
50.170538
-75.277275
-189.972419
-114.703731
218.629030
587.804023
706.083390
530.456452
304.650388
200.707914
186.371021
207.876360
275.976602
422.929755
605.725140
720.420283
634.398925
390.671745
182.786798
164.865682
369.166406
455.187764
-111.119507
-1448.034774
-2623.659995
-2319.001020
-354.846687
1505.365171
1451.601823
-211.477758
-1688.177731
-1956.994474
-1630.830159
-1422.945211
-1193.554924
-627.247653
43.002092
311.818834
53.754761
-415.778482
-498.215617
57.338985
759.846739
781.352078
-179.219749
-1146.960022
-1014.343763
225.797477
1501.780948
1881.708611
1498.196725
899.631445
430.098201
43.002092
-311.836009
-405.025813
-96.782615
397.840192
648.735818
419.345531
-0.008587
-129.040624
157.697235
412.177085
132.607672
-620.079207
-1329.755407
-1444.450551
-967.748861
-372.767804
-57.356159
-35.850820
3.575636
-35.850820
-372.767804
-863.806387
-974.917307
-440.868045
175.618351
336.908397
100.349663
-17.929703
272.392379
749.094069
1046.584597
903.215668
476.693103
75.260101
-86.029945
-28.682373
103.933887
308.234611
573.467130
709.667613
523.288005
129.023449
-107.535284
-35.850820
179.202575
172.034128
-100.366838
-315.420232
-225.814651
89.596994
322.571504
329.739950
218.629030
50.170538
-71.693052
-64.524605
28.665199
89.596994
179.202575
422.929755
677.409604
673.825381
473.108880
383.503299
526.872228
677.409604
623.646256
408.592862
258.055486
254.471262
304.650388
297.481941
322.571504
390.671745
-139.793293
-1516.135016
-2691.760237
-2247.316556
-354.846687
856.620766
207.876360
-1060.938665
-1319.002738
-874.559057
-1075.275558
-1577.066811
-1304.665845
-408.610036
57.338985
-326.172902
-784.953476
-655.921439
64.507431
888.878775
1157.695518
663.072711
-197.140865
-555.563189
-154.130186
347.661067
580.635577
867.373436
1344.075126
1437.264930
795.688971
35.833645
-103.951061
301.066165
519.703782
182.786798
-354.846687
-587.821198
-347.678241
-10.761257
125.439226
75.260101
-17.929703
-129.040624
-491.047170
-1010.759539
-1247.318273
-942.659298
-383.520473
-111.119507
-301.083339
-598.573867
-573.484305
-175.635526
218.629030
311.818834
254.471262
211.460584
114.686556
-50.187712
-50.187712
311.818834
813.610087
1007.158142
749.094069
358.413736
157.697235
182.786798
283.145048
311.818834
200.707914
25.080975
-71.693052
-96.782615
-89.614168
7.159859
243.718593
397.840192
247.302816
-64.524605
-179.219749
7.159859
240.134370
311.818834
193.539467
32.249422
-14.345480
157.697235
451.603540
612.893586
630.814702
648.735818
677.409604
580.635577
361.997960
301.066165
483.861550
695.330720
767.015185
663.072711
469.524657
351.245290
372.750629
372.750629
286.729272
215.044807
-419.362706
-1956.994474
-3175.630373
-2351.259029
-89.614168
752.678292
-448.036492
-1301.081621
-670.258332
-372.767804
-1519.719239
-2100.363403
-906.817066
218.629030
-297.499116
-1301.081621
-1017.927986
35.833645
713.251837
1035.831928
1168.448187
899.631445
279.560825
-57.356159
-53.771936
-25.098150
333.324174
1096.763723
1483.859832
867.373436
64.507431
200.707914
820.778534
795.688971
111.102333
-333.341348
-336.925571
-519.720956
-913.985512
-931.906628
-365.599357
218.629030
139.776119
-401.441590
-838.716824
-913.985512
-784.953476
-666.674109
-616.494984
-684.595225
-731.190127
-594.989644
-437.283822
-315.420232
-14.345480
573.467130
931.889454
609.309363
28.665199
-39.435043
408.592862
677.409604
512.535335
394.255969
458.771987
408.592862
200.707914
164.865682
440.850871
648.735818
455.187764
-32.266596
-394.273143
-383.520473
-182.803972
-35.850820
53.754761
118.270780
139.776119
100.349663
89.596994
211.460584
430.098201
519.703782
315.403057
-60.940382
-236.567321
50.170538
548.377568
702.499167
584.219800
652.320042
853.036543
770.599408
448.019317
437.266647
795.688971
931.889454
573.467130
240.134370
401.424415
645.151595
480.277326
172.034128
240.134370
361.997960
-763.448136
-2756.276255
-3207.888383
-1254.486719
505.366889
-311.836009
-1709.683070
-1064.522888
129.023449
-724.021681
-2193.553207
-1265.239389
684.578051
358.413736
-1530.471909
-1702.514624
-32.266596
734.757176
261.639709
383.503299
1268.806438
1329.738233
365.582183
-175.635526
207.876360
784.936301
989.237026
835.115427
480.277326
172.034128
250.887039
508.951112
559.130237
383.503299
225.797477
46.586315
-379.936250
-820.795708
-881.727503
-483.878724
-93.198391
-254.488437
-702.516341
-824.379931
-569.900082
-498.215617
-666.674109
-473.126054
-32.266596
-139.793293
-788.537699
-899.648619
-182.803972
372.750629
218.629030
32.249422
408.592862
759.846739
516.119559
197.123691
455.187764
939.057900
863.789212
290.313495
-68.108829
68.091654
286.729272
240.134370
136.191896
207.876360
225.797477
-50.187712
-336.925571
-193.556642
132.607672
143.360342
-139.793293
-344.094018
-301.083339
-154.130186
14.328306
193.539467
390.671745
505.366889
344.076843
-3.592810
-75.277275
308.234611
673.825381
577.051354
304.650388
387.087522
659.488488
630.814702
487.445773
695.330720
1003.573919
885.294552
462.356210
243.718593
422.929755
584.219800
379.919076
35.833645
53.754761
71.675877
-1132.623129
-3050.182560
-3129.035471
-824.379931
659.488488
-770.616583
-2204.305877
-953.411968
491.029996
-831.548378
-2369.180146
-784.953476
1329.738233
121.855003
-2308.248351
-1663.088168
849.452319
1197.121973
-211.477758
-46.603489
1634.397208
1817.192593
136.191896
-681.011002
498.198442
1663.070994
1121.853285
-86.029945
-132.624847
673.825381
720.420283
-25.098150
-64.524605
756.262515
863.789212
-265.241107
-1107.533567
-691.763672
-53.771936
-243.735767
-720.437457
-702.516341
-455.204938
-544.810519
-799.290369
-759.863913
-344.094018
68.091654
43.002092
-362.015134
-677.426779
-448.036492
50.170538
200.707914
32.249422
100.349663
512.535335
598.556693
254.471262
265.223932
849.452319
1132.605955
555.546014
-82.445722
21.496752
397.840192
200.707914
-218.646205
-28.682373
401.424415
189.955244
-437.283822
-455.204938
197.123691
430.098201
-60.940382
-394.273143
-121.872177
118.270780
-86.029945
-189.972419
247.302816
727.588729
609.309363
125.439226
-17.929703
358.413736
752.678292
716.836060
465.940433
487.445773
688.162274
612.893586
322.571504
412.177085
878.126105
1050.168821
702.499167
387.087522
523.288005
752.678292
562.714461
157.697235
75.260101
232.965923
-344.094018
-2172.047868
-3458.784009
-2283.158788
-78.861498
-107.535284
-1931.904911
-1892.478455
114.686556
304.650388
-1724.019963
-1849.467776
666.656935
1329.738233
-1258.070943
-2663.086451
-580.652751
1258.053768
279.560825
-741.942797
645.151595
2186.367586
1247.301099
-448.036492
-28.682373
1688.160556
1892.461281
351.245290
-494.631394
232.965923
763.430962
10.744083
-573.484305
225.797477
1010.742365
293.897718
-910.401289
-870.974833
-17.929703
57.338985
-638.000323
-960.580414
-673.842555
-569.900082
-960.580414
-1215.060264
-838.716824
-146.961740
111.102333
-286.746446
-695.347895
-498.215617
75.260101
275.976602
46.586315
10.744083
351.245290
469.524657
150.528789
78.844324
670.241158
1197.121973
860.204989
168.449905
136.191896
569.882907
469.524657
-114.703731
-189.972419
272.392379
240.134370
-451.620715
-713.269011
-103.951061
437.266647
164.865682
-301.083339
-172.051302
186.371021
114.686556
-129.040624
96.765440
580.635577
580.635577
78.844324
-175.635526
200.707914
695.330720
749.094069
541.209121
573.467130
784.936301
734.757176
491.029996
508.951112
817.194310
946.226347
673.825381
390.671745
430.098201
627.230479
594.972470
354.829513
268.808155
401.424415
-60.940382
-1713.267294
-3086.024793
-2297.495681
-405.025813
-333.341348
-1946.241804
-2025.094715
-243.735767
93.181217
-1559.145694
-1584.235257
774.183632
1458.770269
-899.648619
-2319.001020
-584.236975
1028.663481
89.596994
-878.143280
351.245290
1738.339682
989.237026
-362.015134
168.449905
1795.687254
2064.503996
781.352078
-64.524605
336.908397
691.746497
82.428547
-494.631394
25.080975
673.825381
118.270780
-892.480173
-853.053717
46.586315
344.076843
-232.983097
-663.089886
-580.652751
-569.900082
-913.985512
-1164.881139
-899.648619
-344.094018
-143.377517
-448.036492
-681.011002
-397.857366
114.686556
311.818834
247.302816
315.403057
437.266647
318.987281
132.607672
275.976602
680.993827
921.136784
691.746497
268.808155
189.955244
444.435094
555.546014
261.639709
50.170538
222.213253
204.292137
-275.993776
-577.068528
-200.725088
207.876360
25.080975
-315.420232
-290.330669
-64.524605
-21.513927
-35.850820
197.123691
444.435094
401.424415
121.855003
-57.356159
107.518110
376.334852
487.445773
426.513978
401.424415
448.019317
430.098201
444.435094
609.309363
802.857417
799.273194
627.230479
501.782666
480.277326
519.703782
516.119559
361.997960
157.697235
132.607672
64.507431
-949.827744
-2512.549075
-2587.817763
-917.569735
-57.356159
-1415.776765
-2412.190824
-1050.185995
225.797477
-838.716824
-1867.388893
-275.993776
1383.501582
43.002092
-2003.589376
-1261.655166
806.441641
677.409604
-781.369252
-469.541831
1121.853285
1286.727554
46.586315
-186.388195
1150.527071
2021.493317
1236.548429
139.776119
207.876360
806.441641
587.804023
-225.814651
-304.667562
336.908397
315.403057
-587.821198
-996.422647
-272.409553
412.177085
125.439226
-473.126054
-548.394742
-376.352027
-551.978965
-874.559057
-835.132601
-487.462947
-304.667562
-519.720956
-777.785029
-695.347895
-261.656883
146.944565
240.134370
189.955244
268.808155
505.366889
612.893586
483.861550
465.940433
709.667613
824.362757
401.424415
-75.277275
93.181217
537.624898
473.108880
60.923208
43.002092
336.908397
204.292137
-215.061981
-172.051302
229.381700
240.134370
-186.388195
-415.778482
-161.298633
125.439226
78.844324
-7.177034
207.876360
508.951112
487.445773
186.371021
129.023449
451.603540
673.825381
523.288005
347.661067
437.266647
559.130237
537.624898
541.209121
677.409604
774.183632
745.509846
659.488488
623.646256
670.241158
688.162274
523.288005
258.055486
143.360342
53.754761
-702.516341
-2064.521171
-2473.122619
-1275.992059
-333.341348
-1207.891817
-2272.406118
-1408.608319
-14.345480
-505.384063
-1591.403704
-623.663430
1060.921490
405.008638
-1594.987927
-1516.135016
326.155727
659.488488
-638.000323
-799.290369
544.793345
1043.000374
93.181217
-243.735767
899.631445
1878.124388
1412.175367
430.098201
347.661067
867.373436
745.509846
-14.345480
-308.251785
93.181217
161.281458
-534.057849
-996.422647
-483.878724
207.876360
157.697235
-308.251785
-451.620715
-319.004455
-365.599357
-623.663430
-767.032359
-652.337216
-541.226296
-698.932118
-1032.264879
-1089.612451
-641.584546
-86.029945
10.744083
-146.961740
78.844324
594.972470
720.420283
462.356210
523.288005
921.136784
888.878775
297.481941
-71.693052
161.281458
405.008638
189.955244
-75.277275
53.754761
275.976602
125.439226
-125.456400
50.170538
469.524657
498.198442
46.586315
-301.083339
-157.714410
71.675877
-53.771936
-232.983097
-46.603489
272.392379
254.471262
3.575636
57.338985
501.782666
802.857417
663.072711
383.503299
394.255969
623.646256
666.656935
476.693103
458.771987
716.836060
820.778534
551.961791
376.334852
688.162274
964.147463
648.735818
236.550146
354.829513
297.481941
-949.827744
-2236.563886
-1767.030642
-430.115375
-598.573867
-2007.173599
-2125.452966
-734.774350
-258.072660
-1240.149827
-1232.981380
437.266647
1096.763723
-419.362706
-1537.640355
-483.878724
666.656935
-0.008587
-896.064396
-304.667562
630.814702
275.976602
-437.283822
129.023449
1383.501582
1652.318324
874.541882
415.761308
781.352078
1071.674160
695.330720
143.360342
64.507431
182.786798
-150.545963
-749.111243
-856.637940
-319.004455
121.855003
-53.771936
-412.194259
-369.183580
-114.703731
-129.040624
-387.104697
-451.620715
-297.499116
-379.936250
-820.795708
-1186.386478
-989.254200
-465.957608
-304.667562
-469.541831
-336.925571
211.460584
569.882907
487.445773
566.298684
1071.674160
1283.143331
763.430962
254.471262
326.155727
516.119559
275.976602
-136.209070
-204.309312
-39.435043
-14.345480
-129.040624
-50.187712
333.324174
620.062032
455.187764
121.855003
136.191896
318.987281
175.618351
-179.219749
-211.477758
-7.177034
-78.861498
-319.004455
-218.646205
164.865682
437.266647
473.108880
487.445773
562.714461
620.062032
673.825381
673.825381
569.882907
498.198442
537.624898
530.456452
361.997960
275.976602
372.750629
408.592862
258.055486
168.449905
193.539467
-347.678241
-1455.203221
-1759.862196
-813.627262
-293.914892
-1322.586961
-2258.069225
-1480.292783
-455.204938
-985.669977
-1652.335499
-544.810519
788.520524
139.776119
-1225.812934
-827.964154
505.366889
465.940433
-541.226296
-534.057849
336.908397
408.592862
-290.330669
-297.499116
630.814702
1293.896001
996.405472
487.445773
541.209121
931.889454
974.900133
584.219800
315.403057
329.739950
161.281458
-344.094018
-681.011002
-487.462947
-121.872177
-132.624847
-451.620715
-559.147412
-308.251785
-93.198391
-164.882856
-329.757125
-308.251785
-211.477758
-415.778482
-896.064396
-1032.264879
-573.484305
-211.477758
-433.699599
-627.247653
-240.151544
279.560825
333.324174
311.818834
777.767855
1258.053768
1046.584597
516.119559
433.682424
698.914944
659.488488
258.055486
-46.603489
-107.535284
-129.040624
-232.983097
-250.904214
3.575636
390.671745
487.445773
222.213253
154.113012
458.771987
591.388247
293.897718
68.091654
182.786798
154.113012
-200.725088
-376.352027
-96.782615
240.134370
318.987281
240.134370
247.302816
430.098201
716.836060
867.373436
827.946980
849.452319
939.057900
802.857417
440.850871
329.739950
494.614219
412.177085
64.507431
-43.019266
-28.682373
-698.932118
-1602.156373
-1362.013416
-311.836009
-240.151544
-1376.350309
-1774.199089
-813.627262
-365.599357
-1204.307594
-1455.203221
-204.309312
501.782666
-559.147412
-1462.371667
-591.405421
508.951112
96.765440
-681.011002
-258.072660
498.198442
258.055486
-279.578000
68.091654
903.215668
1150.527071
698.914944
354.829513
526.872228
792.104748
720.420283
433.682424
315.403057
308.234611
82.428547
-333.341348
-465.957608
-150.545963
107.518110
-71.693052
-440.868045
-530.473626
-340.509795
-218.646205
-268.825330
-362.015134
-365.599357
-390.688920
-659.505662
-989.254200
-935.490852
-487.462947
-211.477758
-412.194259
-577.068528
-283.162223
154.113012
261.639709
258.055486
566.298684
917.552561
759.846739
318.987281
286.729272
623.646256
673.825381
286.729272
-43.019266
-32.266596
7.159859
-100.366838
-150.545963
35.833645
311.818834
329.739950
68.091654
-17.929703
311.818834
559.130237
354.829513
57.338985
78.844324
161.281458
-50.187712
-232.983097
-93.198391
139.776119
172.034128
93.181217
118.270780
290.313495
544.793345
727.588729
784.936301
835.115427
896.047222
817.194310
591.388247
419.345531
394.255969
376.334852
272.392379
46.586315
-516.136733
-1268.823612
-1412.192542
-734.774350
-319.004455
-906.817066
-1483.877006
-1010.759539
-354.846687
-652.337216
-1125.454683
-448.036492
476.693103
21.496752
-1107.533567
-996.422647
89.596994
250.887039
-551.978965
-638.000323
139.776119
315.403057
-258.072660
-236.567321
598.556693
1132.605955
885.294552
534.040675
584.219800
788.520524
835.115427
652.320042
419.345531
315.403057
218.629030
-107.535284
-498.215617
-462.373385
-57.356159
71.675877
-293.914892
-559.147412
-362.015134
-86.029945
-107.535284
-258.072660
-250.904214
-240.151544
-491.047170
-824.379931
-888.895949
-630.831877
-415.778482
-462.373385
-555.563189
-455.204938
-143.377517
186.371021
397.840192
555.546014
741.925622
856.620766
713.251837
455.187764
483.861550
709.667613
620.062032
211.460584
-28.682373
3.575636
-17.929703
-125.456400
-0.008587
275.976602
315.403057
157.697235
143.360342
336.908397
480.277326
451.603540
361.997960
268.808155
129.023449
-10.761257
-35.850820
43.002092
46.586315
14.328306
28.665199
64.507431
139.776119
311.818834
569.882907
774.183632
838.699650
792.104748
716.836060
641.567372
555.546014
379.919076
200.707914
114.686556
-39.435043
-612.910760
-1440.866328
-1580.651034
-881.727503
-494.631394
-1103.949344
-1673.840838
-1139.791576
-365.599357
-580.652751
-1082.444004
-519.720956
387.087522
64.507431
-1003.591093
-1021.512209
-68.108829
161.281458
-555.563189
-770.616583
-150.545963
157.697235
-218.646205
-290.330669
390.671745
999.989695
942.642124
594.972470
534.040675
770.599408
906.799891
774.183632
483.861550
243.718593
96.765440
-114.703731
-397.857366
-451.620715
-189.972419
-28.682373
-254.488437
-516.136733
-379.936250
-71.693052
14.328306
-107.535284
-204.309312
-261.656883
-390.688920
-587.821198
-738.358574
-724.021681
-512.552510
-354.846687
-473.126054
-620.079207
-326.172902
240.134370
501.782666
437.266647
530.456452
878.126105
946.226347
602.140916
451.603540
684.578051
724.004506
315.403057
-71.693052
-43.019266
107.518110
3.575636
-136.209070
3.575636
236.550146
240.134370
136.191896
204.292137
408.592862
508.951112
397.840192
193.539467
93.181217
96.765440
103.933887
28.665199
-57.356159
-25.098150
71.675877
78.844324
57.338985
247.302816
605.725140
810.025864
770.599408
716.836060
806.441641
874.541882
724.004506
480.277326
347.661067
322.571504
82.428547
-666.674109
-1408.608319
-1275.992059
-580.652751
-555.563189
-1322.586961
-1591.403704
-845.885271
-304.667562
-702.516341
-924.738182
-114.703731
534.040675
-103.951061
-956.996191
-623.663430
236.550146
129.023449
-663.089886
-759.863913
-179.219749
-50.187712
-419.362706
-315.420232
390.671745
867.373436
741.925622
508.951112
616.477809
874.541882
967.731686
770.599408
444.435094
222.213253
129.023449
-82.445722
-448.036492
-551.978965
-250.904214
-75.277275
-397.857366
-666.674109
-362.015134
64.507431
75.260101
-154.130186
-204.309312
-161.298633
-301.083339
-537.642072
-655.921439
-602.158091
-469.541831
-491.047170
-698.932118
-716.853234
-293.914892
215.044807
329.739950
254.471262
448.019317
777.767855
784.936301
530.456452
534.040675
752.678292
648.735818
161.281458
-136.209070
3.575636
132.607672
-32.266596
-164.882856
-32.266596
114.686556
57.338985
35.833645
225.797477
422.929755
444.435094
329.739950
197.123691
146.944565
179.202575
175.618351
60.923208
-57.356159
-60.940382
-7.177034
-14.345480
10.744083
215.044807
526.872228
695.330720
680.993827
720.420283
860.204989
910.384114
738.341399
494.614219
422.929755
408.592862
32.249422
-845.885271
-1448.034774
-1103.949344
-551.978965
-835.132601
-1580.651034
-1559.145694
-749.111243
-419.362706
-810.043038
-759.863913
107.518110
512.535335
-189.972419
-767.032359
-261.656883
376.334852
39.417868
-641.584546
-577.068528
-150.545963
-200.725088
-487.462947
-279.578000
344.076843
688.162274
609.309363
512.535335
670.241158
974.900133
1114.684839
928.305231
577.051354
336.908397
222.213253
3.575636
-344.094018
-473.126054
-297.499116
-268.825330
-587.821198
-788.537699
-458.789161
10.744083
35.833645
-207.893535
-218.646205
-53.771936
-121.872177
-369.183580
-455.204938
-340.509795
-301.083339
-480.294501
-670.258332
-602.158091
-247.319990
100.349663
150.528789
143.360342
401.424415
738.341399
752.678292
577.051354
659.488488
878.126105
706.083390
229.381700
17.912529
161.281458
204.292137
-57.356159
-222.230428
-57.356159
129.023449
96.765440
32.249422
200.707914
444.435094
469.524657
336.908397
247.302816
290.313495
358.413736
293.897718
132.607672
21.496752
35.833645
46.586315
-35.850820
-46.603489
197.123691
483.861550
516.119559
440.850871
569.882907
827.946980
874.541882
620.062032
426.513978
491.029996
469.524657
-89.614168
-964.164637
-1301.081621
-863.806387
-627.247653
-1200.723371
-1781.367535
-1444.450551
-734.774350
-727.605904
-1068.107111
-702.516341
139.776119
265.223932
-365.599357
-548.394742
46.586315
394.255969
-107.535284
-630.831877
-451.620715
-107.535284
-319.004455
-609.326537
-340.509795
211.460584
448.019317
304.650388
304.650388
637.983149
982.068579
1039.416151
824.362757
598.556693
491.029996
387.087522
96.765440
-258.072660
-358.430911
-290.330669
-419.362706
-698.932118
-716.853234
-408.610036
-200.725088
-261.656883
-268.825330
-96.782615
-7.177034
-111.119507
-225.814651
-193.556642
-136.209070
-204.309312
-415.778482
-544.810519
-430.115375
-200.725088
-82.445722
-78.861498
28.665199
286.729272
494.614219
541.209121
562.714461
695.330720
788.520524
648.735818
387.087522
318.987281
401.424415
286.729272
-14.345480
-150.545963
-7.177034
96.765440
7.159859
-17.929703
179.202575
376.334852
336.908397
250.887039
336.908397
437.266647
397.840192
268.808155
179.202575
150.528789
103.933887
21.496752
-50.187712
-28.682373
129.023449
272.392379
286.729272
293.897718
458.771987
652.320042
655.904265
508.951112
455.187764
537.624898
376.334852
-232.983097
-802.874592
-781.369252
-491.047170
-695.347895
-1347.676524
-1494.629676
-1007.175316
-727.605904
-921.153959
-860.222164
-250.904214
150.528789
-78.861498
-362.015134
-111.119507
333.324174
301.066165
-129.040624
-369.183580
-240.151544
-172.051302
-369.183580
-451.620715
-179.219749
186.371021
250.887039
143.360342
297.481941
666.656935
896.047222
881.710329
774.183632
666.656935
566.298684
412.177085
157.697235
-93.198391
-229.398874
-329.757125
-512.552510
-688.179448
-691.763672
-537.642072
-448.036492
-419.362706
-358.430911
-265.241107
-182.803972
-125.456400
-139.793293
-164.882856
-136.209070
-121.872177
-243.735767
-369.183580
-283.162223
-107.535284
-86.029945
-129.040624
-7.177034
218.629030
372.750629
419.345531
462.356210
559.130237
627.230479
577.051354
462.356210
379.919076
358.413736
279.560825
89.596994
-60.940382
-53.771936
-3.592810
-25.098150
-46.603489
43.002092
154.113012
207.876360
229.381700
254.471262
286.729272
297.481941
258.055486
186.371021
136.191896
125.439226
71.675877
-7.177034
32.249422
211.460584
347.661067
336.908397
354.829513
462.356210
559.130237
551.961791
494.614219
448.019317
315.403057
-3.592810
-469.541831
-713.269011
-584.236975
-534.057849
-931.906628
-1354.844970
-1250.902496
-888.895949
-824.379931
-888.895949
-602.158091
-146.961740
-57.356159
-243.735767
-204.309312
136.191896
329.739950
125.439226
-172.051302
-243.735767
-143.377517
-154.130186
-301.083339
-283.162223
-43.019266
164.865682
179.202575
179.202575
419.345531
741.925622
856.620766
767.015185
627.230479
566.298684
523.288005
379.919076
121.855003
-107.535284
-222.230428
-336.925571
-537.642072
-666.674109
-584.236975
-455.204938
-451.620715
-483.878724
-408.610036
-247.319990
-111.119507
-93.198391
-125.456400
-86.029945
-10.761257
-35.850820
-154.130186
-189.972419
-60.940382
17.912529
-28.682373
-60.940382
46.586315
222.213253
301.066165
336.908397
401.424415
483.861550
523.288005
473.108880
390.671745
390.671745
433.682424
347.661067
172.034128
82.428547
82.428547
71.675877
28.665199
14.328306
68.091654
118.270780
143.360342
157.697235
204.292137
265.223932
275.976602
243.718593
218.629030
225.797477
232.965923
189.955244
172.034128
232.965923
315.403057
336.908397
322.571504
394.255969
469.524657
415.761308
351.245290
383.503299
326.155727
-50.187712
-487.462947
-548.394742
-379.936250
-487.462947
-903.232842
-1136.207353
-946.243521
-763.448136
-856.637940
-860.222164
-537.642072
-207.893535
-268.825330
-448.036492
-268.825330
71.675877
157.697235
-17.929703
-189.972419
-207.893535
-139.793293
-172.051302
-272.409553
-229.398874
-43.019266
64.507431
10.744083
32.249422
297.481941
594.972470
641.567372
508.951112
440.850871
491.029996
465.940433
290.313495
89.596994
-14.345480
-107.535284
-322.588678
-519.720956
-541.226296
-458.789161
-426.531152
-455.204938
-473.126054
-408.610036
-286.746446
-164.882856
-103.951061
-100.366838
-60.940382
-7.177034
-53.771936
-143.377517
-100.366838
17.912529
35.833645
-57.356159
-53.771936
93.181217
207.876360
218.629030
247.302816
347.661067
422.929755
394.255969
333.324174
344.076843
401.424415
390.671745
283.145048
186.371021
172.034128
175.618351
136.191896
86.012770
75.260101
96.765440
100.349663
82.428547
103.933887
179.202575
243.718593
236.550146
207.876360
215.044807
265.223932
279.560825
258.055486
279.560825
361.997960
426.513978
383.503299
369.166406
419.345531
440.850871
383.503299
286.729272
243.718593
154.113012
-139.793293
-498.215617
-577.068528
-437.283822
-530.473626
-899.648619
-1096.780897
-924.738182
-745.527020
-784.953476
-745.527020
-455.204938
-229.398874
-265.241107
-311.836009
-150.545963
68.091654
139.776119
35.833645
-132.624847
-186.388195
-129.040624
-78.861498
-93.198391
-103.951061
14.328306
150.528789
132.607672
136.191896
340.492620
620.062032
688.162274
541.209121
444.435094
483.861550
491.029996
333.324174
129.023449
-7.177034
-125.456400
-308.251785
-455.204938
-462.373385
-444.452268
-491.047170
-501.799840
-426.531152
-394.273143
-369.183580
-215.061981
-75.277275
-86.029945
-143.377517
-71.693052
7.159859
-64.524605
-96.782615
-14.345480
25.080975
-28.682373
-68.108829
21.496752
139.776119
211.460584
250.887039
279.560825
311.818834
351.245290
365.582183
376.334852
394.255969
387.087522
297.481941
179.202575
125.439226
114.686556
111.102333
89.596994
60.923208
35.833645
25.080975
75.260101
114.686556
93.181217
132.607672
204.292137
218.629030
154.113012
143.360342
225.797477
304.650388
311.818834
283.145048
293.897718
318.987281
326.155727
329.739950
308.234611
254.471262
200.707914
121.855003
-60.940382
-319.004455
-480.294501
-458.789161
-422.946929
-620.079207
-892.480173
-913.985512
-731.190127
-634.416100
-691.763672
-620.079207
-354.846687
-236.567321
-304.667562
-272.409553
-53.771936
100.349663
17.912529
-111.119507
-118.287954
-89.614168
-107.535284
-143.377517
-121.872177
-68.108829
3.575636
89.596994
114.686556
179.202575
383.503299
562.714461
548.377568
408.592862
372.750629
437.266647
415.761308
272.392379
107.518110
10.744083
-118.287954
-308.251785
-387.104697
-329.757125
-297.499116
-383.520473
-458.789161
-397.857366
-268.825330
-197.140865
-164.882856
-100.366838
-39.435043
-21.513927
-25.098150
-25.098150
-3.592810
39.417868
75.260101
32.249422
-53.771936
-53.771936
68.091654
175.618351
157.697235
157.697235
240.134370
297.481941
275.976602
272.392379
347.661067
437.266647
383.503299
258.055486
204.292137
215.044807
225.797477
154.113012
60.923208
32.249422
35.833645
14.328306
-7.177034
46.586315
121.855003
161.281458
150.528789
143.360342
175.618351
243.718593
290.313495
301.066165
315.403057
329.739950
301.066165
268.808155
272.392379
297.481941
286.729272
204.292137
121.855003
3.575636
-200.725088
-376.352027
-390.688920
-347.678241
-440.868045
-648.752993
-738.358574
-652.337216
-569.900082
-534.057849
-455.204938
-326.172902
-229.398874
-232.983097
-222.230428
-107.535284
25.080975
60.923208
-14.345480
-82.445722
-86.029945
-78.861498
-78.861498
-86.029945
-60.940382
-21.513927
17.912529
60.923208
107.518110
215.044807
387.087522
451.603540
383.503299
326.155727
336.908397
336.908397
229.381700
82.428547
-21.513927
-118.287954
-261.656883
-419.362706
-473.126054
-433.699599
-412.194259
-480.294501
-519.720956
-433.699599
-283.162223
-204.309312
-200.725088
-139.793293
-43.019266
-10.761257
-28.682373
-32.266596
17.912529
71.675877
57.338985
-17.929703
-57.356159
-28.682373
53.754761
93.181217
68.091654
121.855003
229.381700
265.223932
247.302816
283.145048
387.087522
412.177085
336.908397
279.560825
268.808155
265.223932
207.876360
111.102333
57.338985
53.754761
28.665199
-46.603489
-78.861498
-21.513927
43.002092
57.338985
78.844324
143.360342
189.955244
207.876360
268.808155
340.492620
369.166406
358.413736
336.908397
326.155727
301.066165
290.313495
265.223932
204.292137
107.518110
-10.761257
-154.130186
-293.914892
-336.925571
-322.588678
-405.025813
-559.147412
-627.247653
-577.068528
-530.473626
-508.968287
-440.868045
-333.341348
-254.488437
-236.567321
-215.061981
-164.882856
-75.277275
-10.761257
-53.771936
-139.793293
-150.545963
-82.445722
-64.524605
-114.703731
-86.029945
14.328306
71.675877
78.844324
129.023449
254.471262
379.919076
419.345531
394.255969
383.503299
405.008638
394.255969
304.650388
172.034128
68.091654
-7.177034
-103.951061
-215.061981
-297.499116
-322.588678
-304.667562
-308.251785
-383.520473
-394.273143
-261.656883
-146.961740
-136.209070
-132.624847
-57.356159
17.912529
3.575636
-21.513927
21.496752
86.012770
75.260101
7.159859
-39.435043
-10.761257
60.923208
100.349663
64.507431
53.754761
136.191896
240.134370
243.718593
215.044807
283.145048
376.334852
347.661067
247.302816
229.381700
275.976602
254.471262
150.528789
53.754761
14.328306
35.833645
14.328306
-60.940382
-78.861498
-28.682373
14.328306
17.912529
32.249422
86.012770
143.360342
161.281458
186.371021
229.381700
265.223932
279.560825
268.808155
236.550146
204.292137
193.539467
164.865682
75.260101
-21.513927
-125.456400
-261.656883
-344.094018
-336.925571
-369.183580
-465.957608
-519.720956
-505.384063
-483.878724
-469.541831
-401.441590
-322.588678
-293.914892
-279.578000
-232.983097
-161.298633
-114.703731
-93.198391
-71.693052
-82.445722
-111.119507
-114.703731
-86.029945
-78.861498
-82.445722
-68.108829
-21.513927
50.170538
96.765440
132.607672
222.213253
318.987281
344.076843
318.987281
329.739950
351.245290
318.987281
215.044807
136.191896
89.596994
7.159859
-107.535284
-211.477758
-247.319990
-243.735767
-258.072660
-297.499116
-322.588678
-275.993776
-200.725088
-129.040624
-114.703731
-86.029945
-3.592810
35.833645
28.665199
32.249422
53.754761
68.091654
75.260101
43.002092
10.744083
28.665199
68.091654
71.675877
21.496752
39.417868
118.270780
168.449905
175.618351
200.707914
268.808155
308.234611
293.897718
272.392379
268.808155
265.223932
247.302816
182.786798
107.518110
68.091654
32.249422
10.744083
-21.513927
-57.356159
-50.187712
-14.345480
-0.008587
17.912529
68.091654
103.933887
139.776119
175.618351
211.460584
247.302816
268.808155
261.639709
236.550146
232.965923
229.381700
200.707914
136.191896
32.249422
-100.366838
-236.567321
-272.409553
-275.993776
-358.430911
-455.204938
-462.373385
-419.362706
-419.362706
-412.194259
-319.004455
-232.983097
-189.972419
-179.219749
-154.130186
-96.782615
-43.019266
-32.266596
-68.108829
-86.029945
-96.782615
-103.951061
-111.119507
-111.119507
-89.614168
-53.771936
-7.177034
21.496752
57.338985
139.776119
250.887039
311.818834
308.234611
308.234611
344.076843
351.245290
286.729272
175.618351
125.439226
111.102333
25.080975
-129.040624
-275.993776
-261.656883
-211.477758
-290.330669
-394.273143
-358.430911
-229.398874
-207.893535
-250.904214
-186.388195
-60.940382
-0.008587
-21.513927
-25.098150
-10.761257
39.417868
78.844324
25.080975
-43.019266
-35.850820
7.159859
10.744083
-60.940382
-50.187712
57.338985
100.349663
78.844324
82.428547
157.697235
258.055486
286.729272
229.381700
197.123691
250.887039
293.897718
207.876360
78.844324
86.012770
136.191896
53.754761
-68.108829
-89.614168
-46.603489
-39.435043
-64.524605
-75.277275
-53.771936
25.080975
96.765440
93.181217
100.349663
204.292137
279.560825
225.797477
143.360342
179.202575
261.639709
225.797477
111.102333
64.507431
50.170538
-0.008587
-103.951061
-189.972419
-207.893535
-186.388195
-215.061981
-319.004455
-362.015134
-297.499116
-225.814651
-240.151544
-261.656883
-186.388195
