4.057927
2.027060
2.027060
-2.034676
-4.065543
-4.065543
-0.003808
-2.034676
-2.034676
-2.034676
-4.065543
-8.127279
-10.158146
-8.127279
-8.127279
-16.250749
-16.250749
-10.158146
-18.281617
-24.374220
-18.281617
-16.250749
-14.219882
-16.250749
-10.158146
-10.158146
-8.127279
-12.189014
-16.250749
-14.219882
-14.219882
-12.189014
-12.189014
-10.158146
-8.127279
-12.189014
-12.189014
-8.127279
-2.034676
-10.158146
-12.189014
-10.158146
-6.096411
-8.127279
-20.312485
-12.189014
-2.034676
-10.158146
-8.127279
2.027060
-2.034676
-2.034676
-0.003808
-2.034676
-2.034676
-4.065543
-2.034676
2.027060
-2.034676
-2.034676
-2.034676
-0.003808
-0.003808
2.027060
6.088795
4.057927
2.027060
-0.003808
-0.003808
-0.003808
-2.034676
-8.127279
-4.065543
-0.003808
-0.003808
2.027060
2.027060
6.088795
12.181398
8.119663
4.057927
8.119663
6.088795
8.119663
8.119663
8.119663
12.181398
14.212266
16.243133
22.335736
20.304869
16.243133
18.274001
20.304869
14.212266
8.119663
8.119663
8.119663
4.057927
4.057927
2.027060
-0.003808
8.119663
6.088795
-0.003808
2.027060
-4.065543
-2.034676
2.027060
4.057927
2.027060
2.027060
4.057927
6.088795
4.057927
4.057927
6.088795
6.088795
6.088795
8.119663
12.181398
12.181398
8.119663
2.027060
6.088795
12.181398
8.119663
6.088795
4.057927
6.088795
4.057927
6.088795
8.119663
2.027060
2.027060
8.119663
-0.003808
-6.096411
-2.034676
-0.003808
-2.034676
-4.065543
-2.034676
2.027060
-2.034676
-0.003808
-2.034676
-4.065543
4.057927
6.088795
-0.003808
-0.003808
-2.034676
-6.096411
-2.034676
2.027060
-4.065543
-2.034676
-4.065543
-2.034676
-4.065543
-6.096411
-8.127279
-10.158146
-2.034676
-6.096411
-4.065543
-4.065543
-10.158146
-4.065543
-8.127279
-2.034676
2.027060
-8.127279
-4.065543
-4.065543
-2.034676
2.027060
-8.127279
-6.096411
-2.034676
-4.065543
-6.096411
-4.065543
-2.034676
-8.127279
-8.127279
-10.158146
-14.219882
-8.127279
-10.158146
-8.127279
-8.127279
-14.219882
-14.219882
-12.189014
-8.127279
-4.065543
-4.065543
-4.065543
-4.065543
-10.158146
-12.189014
-12.189014
-12.189014
-10.158146
-2.034676
2.027060
-8.127279
-8.127279
-2.034676
-4.065543
-4.065543
-6.096411
2.027060
-2.034676
-8.127279
2.027060
-6.096411
-8.127279
-2.034676
-2.034676
-0.003808
8.119663
8.119663
2.027060
-2.034676
2.027060
8.119663
8.119663
4.057927
-2.034676
2.027060
6.088795
6.088795
8.119663
6.088795
12.181398
8.119663
4.057927
6.088795
2.027060
2.027060
2.027060
4.057927
8.119663
4.057927
6.088795
8.119663
-0.003808
4.057927
2.027060
-0.003808
10.150530
8.119663
6.088795
12.181398
8.119663
12.181398
12.181398
6.088795
8.119663
8.119663
8.119663
4.057927
2.027060
8.119663
8.119663
8.119663
8.119663
4.057927
6.088795
4.057927
6.088795
10.150530
4.057927
4.057927
8.119663
2.027060
8.119663
14.212266
10.150530
8.119663
10.150530
14.212266
14.212266
10.150530
2.027060
6.088795
12.181398
8.119663
2.027060
6.088795
8.119663
4.057927
6.088795
6.088795
2.027060
-0.003808
8.119663
4.057927
-4.065543
-0.003808
4.057927
4.057927
2.027060
-4.065543
-0.003808
-0.003808
-2.034676
4.057927
4.057927
4.057927
6.088795
4.057927
2.027060
-0.003808
2.027060
-8.127279
-2.034676
4.057927
-4.065543
6.088795
4.057927
-4.065543
-2.034676
2.027060
-2.034676
-8.127279
-4.065543
-8.127279
-12.189014
-12.189014
-12.189014
-10.158146
-14.219882
-16.250749
-16.250749
-16.250749
-16.250749
-16.250749
-18.281617
-22.343352
-18.281617
-14.219882
-16.250749
-16.250749
-12.189014
-12.189014
-16.250749
-12.189014
-8.127279
-12.189014
-12.189014
-16.250749
-16.250749
-14.219882
-14.219882
-14.219882
-10.158146
-16.250749
-16.250749
-10.158146
-6.096411
-6.096411
-8.127279
-10.158146
-6.096411
-2.034676
-6.096411
-4.065543
4.057927
2.027060
-0.003808
-2.034676
2.027060
2.027060
-2.034676
2.027060
-0.003808
6.088795
8.119663
-0.003808
-2.034676
4.057927
4.057927
2.027060
-0.003808
-2.034676
-2.034676
-2.034676
2.027060
2.027060
-2.034676
4.057927
6.088795
2.027060
6.088795
8.119663
12.181398
10.150530
10.150530
10.150530
12.181398
10.150530
10.150530
10.150530
14.212266
20.304869
20.304869
24.366604
24.366604
22.335736
18.274001
10.150530
12.181398
16.243133
12.181398
4.057927
6.088795
8.119663
4.057927
4.057927
2.027060
-0.003808
-0.003808
-0.003808
-0.003808
2.027060
2.027060
-4.065543
-0.003808
4.057927
4.057927
6.088795
10.150530
6.088795
2.027060
4.057927
8.119663
4.057927
2.027060
12.181398
14.212266
8.119663
-0.003808
2.027060
6.088795
2.027060
-0.003808
-0.003808
-4.065543
-6.096411
-4.065543
2.027060
-2.034676
-6.096411
-4.065543
-8.127279
-10.158146
2.027060
-2.034676
-2.034676
-8.127279
-8.127279
2.027060
-2.034676
-0.003808
4.057927
2.027060
-2.034676
-8.127279
2.027060
-4.065543
-12.189014
-6.096411
-10.158146
-6.096411
-0.003808
-2.034676
-6.096411
-6.096411
-4.065543
-0.003808
-0.003808
-6.096411
-6.096411
-4.065543
-2.034676
-0.003808
-0.003808
-4.065543
-6.096411
-2.034676
-2.034676
-6.096411
-6.096411
-0.003808
-2.034676
2.027060
6.088795
2.027060
-2.034676
2.027060
2.027060
-0.003808
-4.065543
-10.158146
-2.034676
-0.003808
-4.065543
-4.065543
-2.034676
-0.003808
-2.034676
-2.034676
4.057927
-8.127279
-6.096411
4.057927
2.027060
-2.034676
-8.127279
-12.189014
-8.127279
-0.003808
2.027060
-6.096411
-8.127279
-12.189014
-18.281617
-14.219882
-0.003808
-4.065543
-12.189014
-10.158146
-10.158146
-14.219882
-18.281617
-18.281617
-16.250749
-12.189014
-10.158146
-8.127279
-8.127279
-10.158146
-2.034676
-4.065543
-12.189014
-18.281617
-8.127279
6.088795
12.181398
8.119663
-4.065543
-10.158146
-14.219882
-2.034676
8.119663
4.057927
2.027060
-2.034676
-0.003808
4.057927
-2.034676
-4.065543
-0.003808
2.027060
-4.065543
-8.127279
-6.096411
-0.003808
6.088795
10.150530
10.150530
-4.065543
-6.096411
6.088795
12.181398
12.181398
8.119663
24.366604
32.490075
18.274001
4.057927
4.057927
18.274001
14.212266
16.243133
30.459207
24.366604
20.304869
12.181398
10.150530
18.274001
14.212266
16.243133
24.366604
34.520942
26.397472
22.335736
18.274001
8.119663
24.366604
30.459207
30.459207
32.490075
30.459207
36.551810
28.428339
14.212266
26.397472
46.706148
52.798751
36.551810
16.243133
2.027060
8.119663
28.428339
34.520942
34.520942
26.397472
14.212266
6.088795
2.027060
-6.096411
-0.003808
4.057927
-8.127279
-2.034676
6.088795
-4.065543
-34.528558
-48.744632
-32.497691
-24.374220
-24.374220
-18.281617
-20.312485
-26.405088
-42.652029
-52.806367
-38.590294
-28.435955
-42.652029
-52.806367
-36.559426
-10.158146
-12.189014
-36.559426
-52.806367
-46.713764
-36.559426
-30.466823
-24.374220
-10.158146
-24.374220
-42.652029
-34.528558
-22.343352
-20.312485
-24.374220
-36.559426
-26.405088
-10.158146
-12.189014
-24.374220
-40.621161
-42.652029
-18.281617
-10.158146
-26.405088
-28.435955
-6.096411
-8.127279
-32.497691
-46.713764
-36.559426
-10.158146
4.057927
-8.127279
-28.435955
-30.466823
-14.219882
-0.003808
8.119663
12.181398
4.057927
-2.034676
12.181398
26.397472
36.551810
36.551810
40.613545
38.582678
34.520942
58.891354
89.354369
93.416105
56.860487
14.212266
22.335736
67.014825
109.663046
119.817384
97.477840
56.860487
30.459207
36.551810
58.891354
69.045693
73.107428
71.076560
58.891354
48.737016
36.551810
32.490075
18.274001
8.119663
8.119663
-2.034676
-6.096411
22.335736
30.459207
-26.405088
-67.022441
-24.374220
-36.559426
-229.491854
-341.189576
-48.744632
361.490637
253.854650
-320.880899
-546.307210
-127.948471
205.113826
-40.621161
-316.819164
-52.806367
300.564607
85.292634
-345.251311
-253.862266
176.681679
184.805150
-239.646192
-294.479619
199.021223
461.003152
113.724781
-259.954869
-140.133677
138.095193
115.755649
-56.868103
2.027060
219.329900
213.237297
-10.158146
-121.855868
-10.158146
95.446972
36.551810
-44.682897
-8.127279
81.230899
79.200031
-18.281617
-97.485456
-75.145911
-28.435955
-10.158146
-22.343352
-83.269382
-162.473221
-111.701529
136.064326
280.255930
-0.003808
-408.208209
-347.282179
134.033458
314.780680
-4.065543
-203.090574
26.397472
209.175562
-6.096411
-227.460986
-46.713764
203.082959
81.230899
-138.102809
2.027060
288.379401
209.175562
-158.411486
-264.016604
6.088795
221.360768
146.218664
-0.003808
28.428339
101.539575
26.397472
-107.639794
-79.207647
79.200031
138.095193
64.983957
16.243133
64.983957
87.323502
-2.034676
-105.608926
-60.929838
129.971723
243.700312
136.064326
-34.528558
-42.652029
52.798751
50.767884
-6.096411
42.644413
136.064326
95.446972
-22.343352
-26.405088
58.891354
60.922222
-36.559426
-64.991573
32.490075
93.416105
16.243133
-79.207647
-89.361985
-56.868103
-62.960706
-79.207647
-75.145911
-60.929838
-56.868103
-81.238514
-140.133677
-182.781898
-148.257147
-77.176779
-67.022441
-99.516323
-101.547191
-95.454588
-115.763265
-134.041074
-115.763265
-75.145911
-36.559426
-40.621161
-69.053308
-56.868103
-4.065543
12.181398
-34.528558
-44.682897
10.150530
60.922222
48.737016
8.119663
-0.003808
14.212266
12.181398
24.366604
40.613545
30.459207
12.181398
2.027060
12.181398
8.119663
-10.158146
-4.065543
6.088795
-2.034676
2.027060
2.027060
-28.435955
-52.806367
-24.374220
18.274001
12.181398
-24.374220
-28.435955
2.027060
36.551810
38.582678
24.366604
12.181398
24.366604
50.767884
54.829619
52.798751
60.922222
46.706148
16.243133
40.613545
152.311267
219.329900
136.064326
8.119663
-2.034676
109.663046
201.052091
213.237297
166.527341
103.570443
60.922222
97.477840
182.774282
207.144694
150.280399
87.323502
69.045693
77.169163
99.508708
117.786517
123.879120
168.558208
241.669444
176.681679
-81.238514
-282.294413
-343.220443
-483.350312
-479.288577
166.527341
944.349657
511.774844
-978.882023
-1519.092822
-381.806929
552.392197
-60.929838
-816.412609
-186.843633
745.324625
270.101592
-897.647316
-844.844757
219.329900
379.768446
-554.430681
-662.066667
617.379962
1293.658895
245.731180
-861.091698
-454.918165
452.879681
375.706710
-144.195412
107.632178
769.695037
647.842977
-125.917603
-408.208209
22.335736
322.904151
103.570443
-109.670662
62.953090
316.811548
235.576841
-111.701529
-359.467385
-351.343914
-203.090574
-129.979338
-95.454588
32.490075
115.755649
6.088795
-172.627559
-353.374782
-739.239638
-991.067229
-276.201810
1025.584363
1167.745100
-229.491854
-1222.586142
-619.418446
227.453371
54.829619
-203.090574
410.231461
897.639700
261.978121
-603.171504
-434.609488
259.947253
264.008989
-278.232678
-209.183177
578.793477
867.176685
136.064326
-611.294975
-481.319445
26.397472
109.663046
-16.250749
227.453371
536.145256
209.175562
-477.257709
-615.356710
-105.608926
278.225062
180.743414
58.891354
194.959488
292.441136
83.261766
-243.707928
-288.387016
71.076560
446.787079
424.447534
188.866885
229.484238
387.891916
176.681679
-150.288015
6.088795
450.848814
463.034020
79.200031
-38.590294
259.947253
454.910549
199.021223
-71.084176
111.693914
105.601311
-924.048596
-1787.167353
-489.442915
1935.413077
1902.919195
-1007.314170
-2759.952965
-1088.548877
948.411392
199.021223
-1437.858115
-678.313608
1267.257615
828.590200
-1395.209894
-1525.185425
623.472565
1112.911673
-980.912890
-1793.259956
406.169725
2225.827153
991.059613
-1027.622847
-848.906492
554.423065
633.626904
-329.004370
-168.565824
1058.078246
1232.732865
-24.374220
-767.671785
-91.392853
607.225624
284.317665
-302.603090
-207.152310
286.348533
428.509270
52.798751
-416.331679
-521.936798
-292.448752
-140.133677
-190.905368
-144.195412
107.632178
121.848252
-507.720724
-1194.153995
-836.721286
448.817946
1051.985643
205.113826
-747.363109
-523.967666
152.311267
140.126061
-168.565824
119.817384
676.275125
570.670006
-62.960706
-257.924001
231.515106
485.373564
-38.590294
-465.072503
89.354369
887.485362
684.398595
-209.183177
-542.245475
-136.071941
134.033458
-58.898970
-105.608926
268.070724
463.034020
10.150530
-530.060269
-389.930400
162.465605
292.441136
-2.034676
-34.528558
304.626342
428.509270
109.663046
-160.442353
6.088795
320.873283
347.274563
217.299032
333.058489
570.670006
477.250093
154.342135
111.693914
296.502871
251.823783
48.737016
85.292634
318.842416
377.737578
-75.145911
-993.098096
-1445.981586
-436.640356
1131.189482
942.318789
-1047.931523
-2075.550562
-836.721286
454.910549
-199.028839
-1370.839482
-822.505212
597.071286
387.891916
-1094.641480
-1125.104494
479.280961
814.374126
-830.628683
-1470.351998
302.595474
1785.128870
808.281523
-777.826124
-525.998533
698.614669
714.861610
-233.553589
-186.843633
893.577965
1114.942540
71.076560
-515.844195
142.156929
676.275125
201.052091
-373.683458
-211.214045
276.194195
355.398034
-18.281617
-375.714326
-351.343914
-164.504089
-192.936236
-343.220443
-270.109207
-24.374220
26.397472
-215.275780
-456.949033
-389.930400
-115.763265
-136.071941
-404.146473
-152.318883
566.608271
588.947815
-274.170943
-686.437079
-77.176779
544.268726
414.293196
95.446972
207.144694
465.064887
302.595474
-180.751030
-272.140075
213.237297
491.466167
140.126061
-146.226280
123.879120
345.243695
34.520942
-349.313046
-274.170943
101.539575
233.545974
14.212266
-152.318883
-0.003808
123.879120
-103.578059
-318.850031
-99.516323
253.854650
304.626342
119.817384
40.613545
144.187796
182.774282
38.582678
-10.158146
310.718945
631.596036
456.941417
123.879120
180.743414
387.891916
270.101592
83.261766
239.638577
487.404432
406.169725
152.311267
101.539575
249.792915
365.552372
237.607709
-536.152872
-1844.031648
-2008.531929
292.441136
2696.988452
1476.436985
-2209.587828
-3253.453808
-566.615887
1212.424188
-418.362547
-1882.618134
-182.781898
1791.221473
400.077122
-2051.180150
-1238.833084
1354.584925
982.936142
-1736.395662
-1709.994382
1519.085206
2881.797409
465.064887
-1669.377029
-633.634519
1094.633864
621.441698
-586.924563
95.446972
1610.474251
1238.825468
-552.399813
-1011.375905
184.805150
741.262890
-83.269382
-670.190137
-117.794132
615.349095
458.972284
-365.559988
-844.844757
-593.017166
-249.800531
-341.189576
-438.671224
-162.473221
-46.713764
-341.189576
-511.782460
-304.633958
-178.720162
-333.066105
-353.374782
-50.775500
314.780680
387.891916
117.786517
-172.627559
-142.164544
109.663046
298.533739
406.169725
467.095755
363.521504
166.527341
75.138296
50.767884
30.459207
138.095193
316.811548
296.502871
95.446972
-18.281617
-22.343352
-105.608926
-227.460986
-178.720162
50.767884
207.144694
79.200031
-142.164544
-152.318883
-52.806367
-79.207647
-58.898970
176.681679
355.398034
318.842416
213.237297
52.798751
-79.207647
134.033458
507.713108
503.651373
326.965886
485.373564
621.441698
312.749813
79.200031
343.212828
566.608271
331.027622
20.304869
87.323502
383.830181
26.397472
-1316.006055
-1880.587266
-10.158146
2101.944226
903.732303
-2276.606461
-2798.539451
-274.170943
991.059613
-678.313608
-1919.173752
-408.208209
1246.948939
56.860487
-1957.760237
-1157.598377
1145.405555
830.621067
-1490.660674
-1421.611174
1230.701997
2219.734550
255.885518
-1281.481305
-318.850031
1094.633864
761.571567
-261.985737
115.755649
1305.844101
1092.602996
-333.066105
-670.190137
371.644975
824.528464
105.601311
-420.393415
-77.176779
402.107990
331.027622
-217.306648
-649.881461
-511.782460
-146.226280
-121.855868
-290.417884
-217.306648
-50.775500
-132.010206
-424.455150
-625.511049
-428.516885
-34.528558
-34.528558
-294.479619
-4.065543
595.040418
357.428901
-483.350312
-558.492416
203.082959
684.398595
505.682241
225.422503
225.422503
335.089357
172.619944
-186.843633
-138.102809
398.046255
595.040418
132.002590
-180.751030
30.459207
144.187796
-144.195412
-335.096973
-101.547191
211.206429
194.959488
-111.701529
-274.170943
-91.392853
30.459207
-168.565824
-235.584457
105.601311
396.015387
259.947253
-2.034676
-8.127279
172.619944
235.576841
129.971723
164.496473
418.354931
528.021785
304.626342
172.619944
375.706710
483.342696
320.873283
294.472004
495.527902
536.145256
379.768446
316.811548
243.700312
-26.405088
-176.689295
-64.991573
-446.794694
-1445.981586
-1401.302497
560.515668
1957.752622
115.755649
-2883.835893
-2780.261642
30.459207
1013.399157
-893.585581
-1791.229089
97.477840
1307.874969
-517.875063
-2244.112578
-806.258271
1309.905836
477.250093
-1573.926249
-820.474345
1799.344944
2018.678651
-412.269944
-1521.123689
77.169163
1356.615793
523.960050
-331.035237
523.960050
1421.603558
593.009550
-700.653152
-532.091136
525.990917
696.583801
-34.528558
-322.911767
148.249532
389.922784
-93.423720
-629.572784
-568.646754
-205.121442
-144.195412
-351.343914
-402.115606
-192.936236
-69.053308
-306.664825
-674.251873
-700.653152
-316.819164
95.446972
251.823783
199.021223
20.304869
-166.534956
-178.720162
12.181398
249.792915
471.157490
611.287359
473.188358
123.879120
20.304869
229.484238
292.441136
117.786517
77.169163
310.718945
475.219226
300.564607
-64.991573
-270.109207
-180.751030
-40.621161
-26.405088
62.953090
259.947253
186.836017
-207.152310
-422.424282
-213.244913
73.107428
134.033458
101.539575
188.866885
302.595474
247.762047
101.539575
132.002590
304.626342
316.811548
237.607709
385.861049
607.225624
586.916947
473.188358
458.972284
438.663608
383.830181
373.675843
361.490637
371.644975
475.219226
432.571005
148.249532
-156.380618
-779.856991
-1722.179588
-1437.858115
785.941979
2177.086329
123.879120
-2883.835893
-2696.996067
-38.590294
834.682803
-930.141199
-1777.013015
-42.652029
1216.485924
-355.405649
-2018.686267
-777.826124
1127.127746
251.823783
-1655.160955
-759.548315
1837.931429
2036.956460
-306.664825
-1486.598939
-146.226280
1125.096879
562.546535
-180.751030
550.361329
1376.924469
580.824344
-692.529682
-552.399813
393.984519
493.497035
-109.670662
-251.831398
152.311267
365.552372
44.675281
-513.813327
-792.042197
-637.696255
-361.498252
-178.720162
-28.435955
-18.281617
-304.633958
-603.171504
-641.757990
-530.060269
-331.035237
-38.590294
81.230899
-79.207647
-115.763265
154.342135
296.502871
4.057927
-286.356149
-34.528558
538.176123
708.769007
304.626342
38.582678
272.132459
391.953652
14.212266
-180.751030
276.194195
649.873845
290.410268
-255.893134
-229.491854
164.496473
188.866885
-209.183177
-333.066105
69.045693
304.626342
-60.929838
-412.269944
-164.504089
180.743414
26.397472
-227.460986
-52.806367
312.749813
361.490637
83.261766
-73.115044
176.681679
519.898314
471.157490
221.360768
284.317665
521.929182
540.206991
463.034020
515.836579
521.929182
444.756211
566.608271
751.417228
595.040418
237.607709
144.187796
294.472004
266.039856
48.737016
-134.041074
-633.634519
-1590.173190
-1640.944881
294.472004
2079.604681
578.793477
-2782.292509
-3300.163764
-465.072503
1149.467291
-507.720724
-1872.463795
-363.529120
1216.485924
-125.917603
-2089.766636
-1119.011891
1143.374688
739.232022
-1421.611174
-1056.054994
1671.400281
2325.339669
-69.053308
-1584.080587
-190.905368
1376.924469
844.837141
-146.226280
416.324064
1401.294881
806.250655
-611.294975
-698.622285
426.478402
806.250655
64.983957
-355.405649
56.860487
345.243695
-30.466823
-593.017166
-794.073065
-540.214607
-115.763265
20.304869
-251.831398
-517.875063
-465.072503
-343.220443
-438.671224
-621.449313
-532.091136
-140.133677
211.206429
227.453371
-18.281617
-186.843633
-162.473221
-91.392853
24.366604
304.626342
674.244257
710.799875
261.978121
-140.133677
-0.003808
339.151092
294.472004
77.169163
227.453371
542.237859
385.861049
-158.411486
-410.239076
-168.565824
107.632178
73.107428
-44.682897
83.261766
209.175562
-87.331117
-532.091136
-450.856430
71.076560
292.441136
87.323502
16.243133
205.113826
257.916386
95.446972
46.706148
251.823783
461.003152
391.953652
229.484238
375.706710
712.830743
722.985081
383.830181
268.070724
487.404432
578.793477
391.953652
333.058489
568.639138
629.565168
219.329900
-192.936236
-286.356149
-767.671785
-1734.364794
-1437.858115
859.053215
2242.074095
-22.343352
-3265.639014
-2954.916261
18.274001
867.176685
-1096.672347
-1799.352559
190.897753
1263.195880
-660.035799
-2286.760799
-773.764388
1179.930306
215.268165
-1571.895381
-469.134239
2069.450343
1941.505680
-586.924563
-1553.617572
83.261766
1372.862734
710.799875
-0.003808
755.478964
1456.128308
540.206991
-714.869226
-495.535518
532.083520
696.583801
77.169163
-142.164544
190.897753
312.749813
-109.670662
-682.375343
-850.937360
-495.535518
-28.435955
93.416105
-146.226280
-422.424282
-491.473783
-458.979900
-554.430681
-641.757990
-337.127840
205.113826
207.144694
-298.541355
-320.880899
241.669444
298.533739
-310.726561
-385.868664
432.571005
980.905274
586.916947
4.057927
28.428339
331.027622
245.731180
-56.868103
117.786517
676.275125
696.583801
-0.003808
-420.393415
-56.868103
294.472004
2.027060
-312.757428
-18.281617
398.046255
213.237297
-339.158708
-489.442915
-146.226280
115.755649
26.397472
-20.312485
209.175562
343.212828
95.446972
-129.979338
136.064326
588.947815
603.163889
188.866885
-8.127279
341.181960
796.096317
822.497597
487.404432
292.441136
434.601873
617.379962
513.805711
300.564607
391.953652
684.398595
576.762609
34.520942
-270.109207
-375.714326
-1165.721848
-1967.914576
-755.486579
1799.344944
1841.993165
-1539.401498
-3842.405431
-1941.513296
844.837141
306.657210
-1809.506898
-1342.407335
924.040980
828.590200
-1638.914014
-2183.186548
109.663046
1137.282085
-725.023564
-1640.944881
609.256492
2518.272097
986.997877
-1486.598939
-1220.555275
826.559332
1380.986205
310.718945
75.138296
1076.356055
1220.547659
-69.053308
-842.813889
-87.331117
751.417228
481.311829
-115.763265
-48.744632
304.626342
166.527341
-469.134239
-922.017728
-676.282740
-48.744632
136.064326
-251.831398
-542.245475
-410.239076
-278.232678
-521.936798
-765.640918
-525.998533
-24.374220
117.786517
-115.763265
-103.578059
170.589076
71.076560
-351.343914
-312.757428
341.181960
846.868009
729.077684
294.472004
38.582678
103.570443
223.391635
174.650811
201.052091
487.404432
595.040418
217.299032
-164.504089
-111.701529
56.860487
6.088795
-52.806367
69.045693
213.237297
154.342135
-132.010206
-359.467385
-249.800531
50.767884
162.465605
119.817384
239.638577
353.367166
192.928620
6.088795
136.064326
422.416667
487.404432
333.058489
239.638577
359.459769
621.441698
783.911111
649.873845
322.904151
125.909987
282.286798
613.318227
775.787640
655.966448
365.552372
36.551810
-144.195412
-292.448752
-974.820287
-1762.796941
-926.079463
1443.943102
2045.079931
-828.597815
-3556.053090
-2390.335050
479.280961
566.608271
-1490.660674
-1510.969351
718.923346
1159.621629
-1246.956554
-2475.631492
-442.732959
1285.535424
-132.010206
-1661.253558
36.551810
2412.666979
1496.745661
-1271.326966
-1638.914014
485.373564
1559.702559
572.700874
-20.312485
911.855774
1372.862734
166.527341
-903.739919
-292.448752
773.756773
688.460331
4.057927
-58.898970
310.718945
247.762047
-363.529120
-924.048596
-838.752154
-156.380618
353.367166
64.983957
-607.233240
-781.887859
-452.887297
-389.930400
-731.116167
-698.622285
-16.250749
385.861049
-111.701529
-593.017166
-213.244913
276.194195
-30.466823
-469.134239
-18.281617
848.898876
968.720069
270.101592
-245.738795
4.057927
440.694476
339.151092
58.891354
347.274563
777.818508
430.540137
-347.282179
-438.671224
123.879120
371.644975
73.107428
-148.257147
26.397472
227.453371
-12.189014
-461.010768
-448.825562
64.983957
331.027622
42.644413
-119.825000
192.928620
361.490637
48.737016
-150.288015
251.823783
741.262890
568.639138
-0.003808
-10.158146
631.596036
980.905274
601.133021
199.021223
322.904151
580.824344
481.311829
320.873283
538.176123
767.664170
406.169725
-249.800531
-582.862828
-976.851155
-1549.555837
-881.400375
1332.245381
2071.481211
-741.270506
-3675.874282
-2593.421817
515.836579
785.941979
-1417.549438
-1667.346161
556.453932
1147.436423
-1186.030524
-2479.693227
-511.782460
1244.918071
-117.794132
-1653.130087
2.027060
2343.617478
1393.171411
-1340.376467
-1616.574470
530.052653
1555.640824
590.978683
109.663046
1009.337422
1285.535424
26.397472
-887.492978
-134.041074
928.102715
769.695037
36.551810
-36.559426
322.904151
235.576841
-371.652591
-881.400375
-777.826124
-97.485456
454.910549
194.959488
-584.893696
-889.523845
-505.689857
-316.819164
-666.128402
-694.560549
34.520942
485.373564
-85.300250
-655.974064
-231.522722
367.583240
52.798751
-479.288577
-22.343352
970.750936
1086.510393
221.360768
-341.189576
48.737016
532.083520
322.904151
69.045693
532.083520
958.565730
379.768446
-528.029401
-467.103371
290.410268
513.805711
56.860487
-192.936236
119.817384
351.336298
-40.621161
-580.831960
-428.516885
215.268165
400.077122
8.119663
-115.763265
266.039856
387.891916
-73.115044
-282.294413
314.780680
875.300156
461.003152
-199.028839
152.311267
1049.954775
1021.522628
186.836017
-4.065543
625.503433
822.497597
310.718945
184.805150
751.417228
883.423627
91.385237
-593.017166
-674.251873
-1080.425406
-1598.296661
-375.714326
1980.092166
1655.153339
-1994.315855
-4073.924345
-1718.117853
1068.232584
178.712547
-1927.297222
-1108.857553
1127.127746
558.484800
-2093.828371
-2292.853402
245.731180
1094.633864
-879.369507
-1504.876748
936.226186
2394.389170
310.718945
-1959.791105
-1078.394538
1098.695599
1358.646660
298.533739
318.842416
1194.146379
885.454494
-515.844195
-861.091698
294.472004
1094.633864
590.978683
-38.590294
105.601311
365.552372
48.737016
-623.480181
-970.758552
-542.245475
324.935019
633.626904
-67.022441
-897.647316
-907.801654
-463.041636
-438.671224
-706.745755
-454.918165
235.576841
373.675843
-272.140075
-727.054432
-410.239076
10.150530
-32.497691
-42.652029
434.601873
901.701436
645.812110
-113.732397
-412.269944
77.169163
601.133021
528.021785
328.996754
566.608271
706.738140
154.342135
-471.165106
-300.572222
355.398034
590.978683
268.070724
-2.034676
71.076560
125.909987
-160.442353
-434.609488
-146.226280
412.262328
446.787079
32.490075
-64.991573
213.237297
215.268165
-83.269382
-10.158146
456.941417
546.299594
170.589076
192.928620
771.725905
928.102715
331.027622
-38.590294
379.768446
818.435861
639.719507
404.138858
588.947815
657.997316
231.515106
-136.071941
-398.053870
-1255.080025
-1874.494663
-282.294413
2424.852185
2014.616916
-2012.593664
-4303.412391
-1756.704338
1315.998439
359.459769
-1998.377591
-1121.042759
1354.584925
657.997316
-2345.655961
-2526.403184
383.830181
1340.368851
-946.388140
-1750.611735
930.133583
2634.031554
373.675843
-2191.310019
-1214.462672
1255.072409
1490.653058
203.082959
276.194195
1389.109675
1033.707834
-639.727122
-1049.962391
320.873283
1259.134145
676.275125
-40.621161
154.342135
434.601873
-73.115044
-812.350874
-810.320006
-99.516323
438.663608
164.496473
-489.442915
-690.498814
-465.072503
-467.103371
-761.579182
-727.054432
-186.843633
207.144694
-14.219882
-428.516885
-422.424282
-192.936236
-247.769663
-324.942634
109.663046
718.923346
737.201155
221.360768
-156.380618
-83.269382
201.052091
365.552372
353.367166
373.675843
530.052653
475.219226
50.767884
-264.016604
-109.670662
217.299032
308.688077
215.268165
123.879120
54.829619
-62.960706
-255.893134
-312.757428
-34.528558
304.626342
298.533739
95.446972
79.200031
105.601311
-32.497691
-8.127279
322.904151
452.879681
209.175562
127.940855
442.725343
698.614669
617.379962
432.571005
353.367166
326.965886
278.225062
375.706710
706.738140
848.898876
426.478402
-140.133677
-367.590855
-850.937360
-1777.013015
-1285.543040
1352.554057
2770.099688
-28.435955
-3805.849813
-3314.379838
259.947253
1257.103277
-1074.332803
-1915.112016
294.472004
1370.831866
-919.986860
-2761.983833
-1009.345038
1210.393321
201.052091
-1703.901779
-467.103371
2223.796286
1793.252341
-1208.370069
-2106.013577
101.539575
1724.202840
919.979245
36.551810
765.633302
1340.368851
229.484238
-984.974626
-430.547753
930.133583
1129.158614
324.935019
-30.466823
272.132459
251.823783
-398.053870
-852.968227
-456.949033
322.904151
515.836579
-69.053308
-674.251873
-714.869226
-499.597254
-521.936798
-635.665387
-428.516885
60.922222
268.070724
-144.195412
-627.541916
-532.091136
-119.825000
-4.065543
-6.096411
337.120225
708.769007
530.052653
-8.127279
-239.646192
73.107428
538.176123
645.812110
412.262328
335.089357
483.342696
359.459769
-87.331117
-207.152310
188.866885
509.743976
383.830181
109.663046
18.274001
-2.034676
-166.534956
-310.726561
-83.269382
369.614107
454.910549
107.632178
-101.547191
-36.559426
12.181398
142.156929
454.910549
471.157490
62.953090
-48.744632
454.910549
881.392759
745.324625
341.181960
107.632178
196.990356
426.478402
580.824344
655.966448
680.336860
412.262328
-168.565824
-781.887859
-1439.888983
-1620.636205
-119.825000
2211.611080
1874.487047
-1781.074750
-4049.553933
-1880.587266
1025.584363
369.614107
-1760.766074
-1157.598377
1031.676966
625.503433
-2041.025812
-2532.495787
-54.837235
1137.282085
-666.128402
-1573.926249
678.305992
2396.420037
467.095755
-2138.507460
-1474.413733
1027.615231
1614.535986
381.799313
107.632178
1056.047378
966.689201
-450.856430
-999.190699
138.095193
1186.022909
867.176685
138.095193
91.385237
298.533739
-142.164544
-883.431242
-692.529682
432.571005
838.744538
-213.244913
-1104.795818
-574.739357
113.724781
-363.529120
-1054.024126
-684.406211
148.249532
278.225062
-243.707928
-609.264107
-424.455150
-117.794132
-184.812765
-249.800531
261.978121
812.343258
503.651373
-180.751030
-186.843633
290.410268
454.910549
347.274563
383.830181
501.620505
440.694476
221.360768
18.274001
18.274001
237.607709
385.861049
300.564607
205.113826
215.268165
109.663046
-168.565824
-266.047472
28.428339
400.077122
422.416667
138.095193
-56.868103
-46.713764
58.891354
253.854650
424.447534
282.286798
-32.497691
30.459207
546.299594
871.238421
613.318227
160.434738
67.014825
345.243695
560.515668
568.639138
599.102153
595.040418
235.576841
-259.954869
-706.745755
-1431.765512
-1580.018852
318.842416
2650.278495
1468.313514
-2660.440450
-4067.831742
-972.789420
1470.344382
-97.485456
-1953.698502
-483.350312
1498.776529
54.829619
-2692.934332
-2097.890106
846.868009
1206.331585
-1188.061392
-1488.629807
1299.751498
2382.203964
-264.016604
-2353.779432
-785.949594
1521.116073
1305.844101
60.922222
361.490637
1265.226748
607.225624
-846.875624
-836.721286
544.268726
1279.442821
686.429463
8.119663
-44.682897
-95.454588
-385.868664
-274.170943
217.299032
166.527341
-461.010768
-593.017166
-89.361985
-20.312485
-613.325843
-887.492978
-530.060269
-227.460986
-211.214045
-115.763265
-18.281617
-233.553589
-548.338078
-528.029401
-103.578059
389.922784
530.052653
268.070724
91.385237
221.360768
221.360768
-4.065543
123.879120
588.947815
633.626904
225.422503
113.724781
335.089357
266.039856
-58.898970
-48.744632
290.410268
436.632740
255.885518
16.243133
-87.331117
-60.929838
-44.682897
-38.590294
148.249532
444.756211
402.107990
-64.991573
-276.201810
136.064326
469.126623
166.527341
-150.288015
274.163327
936.226186
842.806273
154.342135
-77.176779
400.077122
645.812110
306.657210
241.669444
759.540699
907.794039
211.206429
-605.202372
-1346.469070
-1941.513296
-972.789420
1827.777091
2912.260424
-351.343914
-4057.677403
-3072.706586
568.639138
1076.356055
-1372.870350
-1618.605337
924.040980
1413.480087
-1547.524969
-3123.478277
-641.757990
1632.813795
44.675281
-1992.284988
-243.707928
2538.580774
1472.375250
-1803.414295
-2093.828371
544.268726
1748.573252
558.484800
12.181398
1058.078246
1289.597160
-217.306648
-1216.493539
-268.078340
1092.602996
1108.849937
343.212828
85.292634
136.064326
-264.016604
-664.097534
-229.491854
454.910549
209.175562
-607.233240
-682.375343
-75.145911
-10.158146
-631.603652
-875.307772
-408.208209
-0.003808
-73.115044
-229.491854
-168.565824
-140.133677
-355.405649
-458.979900
-58.898970
519.898314
615.349095
253.854650
60.922222
152.311267
123.879120
73.107428
345.243695
643.781242
493.497035
170.589076
178.712547
288.379401
121.848252
-30.466823
158.403870
406.169725
328.996754
52.798751
-50.775500
58.891354
109.663046
22.335736
20.304869
241.669444
375.706710
150.280399
-58.898970
154.342135
442.725343
257.916386
-119.825000
18.274001
645.812110
1062.139981
816.404994
176.681679
-203.090574
56.860487
607.225624
848.898876
676.275125
408.200593
215.268165
-209.183177
-1309.913452
-2231.927372
-970.758552
2138.499844
2967.093851
-678.313608
-4254.671567
-2820.878995
844.837141
909.824906
-1687.654838
-1580.018852
1143.374688
1340.368851
-1793.259956
-3117.385674
-467.103371
1626.721192
-105.608926
-2010.562797
-184.812765
2449.222597
1313.967572
-1815.599501
-2034.933209
499.589638
1667.338545
550.361329
-14.219882
932.164451
1200.238982
-176.689295
-1171.814451
-314.788296
1009.337422
1060.109113
292.441136
-40.621161
-44.682897
-194.967104
-174.658427
99.508708
-8.127279
-495.535518
-487.412048
8.119663
18.274001
-534.122004
-712.838358
-326.973502
-215.275780
-530.060269
-473.195974
85.292634
233.545974
-329.004370
-688.467946
-245.738795
357.428901
345.243695
12.181398
101.539575
477.250093
418.354931
-81.238514
-170.596692
412.262328
741.262890
333.058489
12.181398
326.965886
532.083520
79.200031
-290.417884
64.983957
558.484800
416.324064
-73.115044
-134.041074
266.039856
393.984519
24.366604
-140.133677
245.731180
509.743976
237.607709
30.459207
235.576841
296.502871
42.644413
93.416105
586.916947
889.516230
635.657771
209.175562
56.860487
186.836017
430.540137
664.089919
743.293758
530.052653
111.693914
-603.171504
-1789.198221
-2201.464357
-75.145911
3007.711205
2471.562141
-2045.087547
-4571.486923
-1825.753839
1409.418352
365.552372
-1927.297222
-759.548315
1699.832428
607.225624
-2662.471317
-2672.625655
532.083520
1515.023470
-942.326405
-1803.414295
972.781804
2662.463701
215.268165
-2424.859800
-1279.450437
1285.535424
1421.603558
111.693914
272.132459
1350.523190
883.423627
-792.042197
-1157.598377
229.484238
1283.504557
919.979245
190.897753
-81.238514
-249.800531
-404.146473
-97.485456
306.657210
-26.405088
-645.819725
-501.628121
99.508708
36.551810
-615.356710
-769.702653
-359.467385
-261.985737
-503.658989
-353.374782
113.724781
134.033458
-367.590855
-639.727122
-233.553589
381.799313
465.064887
95.446972
10.150530
361.490637
412.262328
-4.065543
-24.374220
528.021785
684.398595
190.897753
-24.374220
377.737578
580.824344
166.527341
-209.183177
-12.189014
402.107990
418.354931
56.860487
-60.929838
243.700312
387.891916
38.582678
-270.109207
10.150530
528.021785
619.410830
223.391635
-170.596692
-129.979338
229.484238
525.990917
627.534301
615.349095
489.435299
211.206429
10.150530
180.743414
564.577403
716.892478
521.929182
62.953090
-1051.993259
-2394.396785
-1722.179588
1596.258177
3533.705930
430.540137
-4084.078683
-3740.862047
320.873283
1531.270412
-1070.271068
-1888.710737
722.985081
1705.925031
-1320.067790
-3436.231898
-936.233802
2006.493446
560.515668
-2256.297784
-1007.314170
2374.080493
2049.141666
-1421.611174
-2343.625094
261.978121
1850.116635
641.750374
-239.646192
850.929744
1519.085206
134.033458
-1289.604775
-649.881461
952.473127
1336.307116
542.237859
-6.096411
-24.374220
-213.244913
-566.615887
-357.436517
310.718945
483.342696
-132.010206
-725.023564
-637.696255
-255.893134
-205.121442
-450.856430
-534.122004
-302.603090
-46.713764
-89.361985
-349.313046
-418.362547
-217.306648
-97.485456
-62.960706
186.836017
452.879681
320.873283
8.119663
-14.219882
162.465605
284.317665
414.293196
493.497035
339.151092
172.619944
201.052091
217.299032
107.632178
119.817384
276.194195
288.379401
160.434738
123.879120
146.218664
132.002590
121.848252
134.033458
144.187796
194.959488
292.441136
347.274563
300.564607
111.693914
-125.917603
-10.158146
546.299594
903.732303
672.213389
328.996754
259.947253
201.052091
132.002590
400.077122
781.880243
712.830743
274.163327
-619.418446
-2043.056679
-2219.742166
538.176123
3493.088577
1854.178371
-3036.150968
-4441.511392
-800.165668
1793.252341
-148.257147
-2087.735768
-162.473221
1943.536548
-138.102809
-3275.793352
-2065.396224
1535.332147
1476.436985
-1705.932647
-1917.142884
1525.177809
2652.309363
-511.782460
-2668.563920
-666.128402
1695.770693
1031.676966
-349.313046
369.614107
1502.838264
558.484800
-1183.999657
-1100.734083
507.713108
1332.245381
698.614669
-20.312485
-26.405088
-89.361985
-643.788858
-706.745755
221.360768
806.250655
-24.374220
-1060.116729
-820.474345
-48.744632
-91.392853
-623.480181
-617.387578
-158.411486
-4.065543
-294.479619
-493.504651
-245.738795
32.490075
-184.812765
-404.146473
132.002590
798.127185
511.774844
-215.275780
-150.288015
383.830181
381.799313
142.156929
351.336298
609.256492
367.583240
-6.096411
8.119663
253.854650
373.675843
298.533739
129.971723
85.292634
205.113826
251.823783
123.879120
107.632178
261.978121
237.607709
71.076560
170.589076
454.910549
420.385799
6.088795
-209.183177
180.743414
818.435861
995.121348
601.133021
201.052091
146.218664
253.854650
357.428901
560.515668
763.602434
645.812110
-87.331117
-1588.142322
-2583.267478
-877.338639
2705.111922
3330.619163
-980.912890
-4735.987204
-2833.064201
1155.559894
1045.893040
-1669.377029
-1285.543040
1523.146941
1186.022909
-2406.581991
-3312.348970
115.755649
2227.858021
-160.442353
-2349.717697
-160.442353
2660.432834
1183.992041
-2083.674033
-1864.340325
966.689201
1716.079369
158.403870
-144.195412
1232.732865
1324.121910
-458.979900
-1407.395100
-243.707928
1190.084644
1208.362453
404.138858
32.490075
38.582678
-353.374782
-936.233802
-627.541916
568.639138
993.090480
-107.639794
-1183.999657
-895.616448
-144.195412
-199.028839
-619.418446
-430.547753
119.817384
150.280399
-434.609488
-783.918727
-335.096973
194.959488
-6.096411
-322.911767
176.681679
830.621067
513.805711
-243.707928
-276.201810
241.669444
481.311829
412.262328
393.984519
404.138858
337.120225
184.805150
-22.343352
-30.466823
286.348533
544.268726
361.490637
58.891354
52.798751
158.403870
56.860487
-89.361985
62.953090
398.046255
538.176123
345.243695
105.601311
62.953090
67.014825
18.274001
223.391635
810.312391
1141.343820
649.873845
-101.547191
-142.164544
379.768446
572.700874
308.688077
286.348533
322.904151
-816.412609
-2471.569757
-1661.253558
1931.351342
3434.193414
-318.850031
-4496.344819
-3190.496910
968.720069
1307.874969
-1598.296661
-1679.531367
1273.350218
1462.220911
-2138.507460
-3507.312266
-170.596692
2359.864419
205.113826
-2315.192946
-548.338078
2339.555743
1293.658895
-1785.136486
-1758.735206
919.979245
1777.005399
223.391635
-355.405649
919.979245
1362.708396
-103.578059
-1198.215730
-324.942634
1084.479525
1214.455056
400.077122
-58.898970
-14.219882
-233.553589
-737.208770
-578.801093
422.416667
926.071848
-4.065543
-1153.536642
-1037.777185
-231.522722
-87.331117
-491.473783
-420.393415
85.292634
138.095193
-418.362547
-802.196536
-446.794694
168.558208
196.990356
-129.979338
52.798751
544.268726
467.095755
-44.682897
-119.825000
247.762047
458.972284
418.354931
339.151092
298.533739
294.472004
282.286798
148.249532
20.304869
164.496473
416.324064
408.200593
215.268165
107.632178
101.539575
79.200031
56.860487
132.002590
347.274563
528.021785
375.706710
-22.343352
-164.504089
107.632178
493.497035
761.571567
871.238421
668.151654
156.373002
-132.010206
160.434738
601.133021
647.842977
485.373564
154.342135
-1127.135362
-2621.853964
-1569.864513
2156.777653
3647.434519
-207.152310
-4471.974407
-3231.114263
814.374126
1149.467291
-1521.123689
-1362.716011
1563.764294
1504.869132
-2264.421255
-3619.009988
-176.689295
2400.481773
199.021223
-2294.884270
-371.652591
2571.074656
1322.091042
-1974.007179
-1892.772472
962.627466
1797.314076
156.373002
-294.479619
1167.745100
1535.332147
-203.090574
-1437.858115
-495.535518
1019.491760
1244.918071
538.176123
117.786517
58.891354
-357.436517
-1021.530244
-871.246036
300.564607
1060.109113
237.607709
-1100.734083
-1244.925687
-436.640356
-127.948471
-523.967666
-582.862828
-24.374220
219.329900
-357.436517
-905.770787
-528.029401
199.021223
146.218664
-363.529120
-105.608926
716.892478
725.015949
-117.794132
-416.331679
164.496473
550.361329
369.614107
298.533739
507.713108
475.219226
85.292634
-170.596692
-16.250749
351.336298
564.577403
385.861049
58.891354
42.644413
196.990356
119.817384
-22.343352
178.712547
493.497035
465.064887
164.496473
-46.713764
20.304869
371.644975
790.003714
840.775406
467.095755
121.848252
69.045693
237.607709
525.990917
700.645537
558.484800
32.490075
-1259.141760
-2682.779994
-1709.994382
2106.005961
3980.496816
184.805150
-4571.486923
-3653.534738
662.059051
1277.411954
-1519.092822
-1470.351998
1732.326311
1935.413077
-2120.229651
-4021.121785
-544.276342
2613.722877
580.824344
-2347.686829
-574.739357
2800.562703
1705.925031
-2067.427091
-2286.760799
873.269288
2006.493446
211.206429
-400.084738
1257.103277
1783.098002
-180.751030
-1687.654838
-660.035799
1092.602996
1318.029307
463.034020
46.706148
219.329900
93.416105
-684.406211
-1279.450437
-635.665387
828.590200
1277.411954
-54.837235
-1474.413733
-1259.141760
-239.646192
-168.565824
-731.116167
-359.467385
710.799875
580.824344
-875.307772
-1443.950718
-255.893134
716.892478
129.971723
-467.103371
367.583240
1285.535424
586.916947
-763.610050
-771.733521
461.003152
1088.541261
475.219226
14.212266
519.898314
834.682803
-12.189014
-854.999095
-259.954869
952.473127
1037.769569
121.848252
-255.893134
209.175562
381.799313
-144.195412
-341.189576
418.354931
1084.479525
556.453932
-385.868664
-286.356149
564.577403
800.158052
385.861049
345.243695
651.904713
562.546535
164.496473
132.002590
491.466167
586.916947
-371.652591
-2227.865637
-2652.316979
245.731180
3651.496254
2469.531273
-2550.773596
-4717.709395
-1634.852278
1244.918071
-24.374220
-1649.068352
298.533739
2361.895287
-58.898970
-3899.269725
-2975.224938
1352.554057
2246.135830
-922.017728
-1850.124251
1226.640262
2599.506804
-422.424282
-2829.002466
-879.369507
1890.733989
1458.159176
-241.677060
219.329900
1663.276810
999.183083
-1116.981024
-1549.555837
136.064326
1443.943102
1080.417790
251.823783
50.767884
75.138296
-322.911767
-944.357272
-1080.425406
-316.819164
812.343258
997.152216
-205.121442
-1403.333365
-1236.802216
-458.979900
-471.165106
-751.424844
-50.775500
891.547097
414.293196
-997.159832
-1307.882584
-241.677060
475.219226
134.033458
-28.435955
708.769007
1192.115512
365.552372
-777.826124
-605.202372
588.947815
1076.356055
499.589638
219.329900
684.398595
700.645537
-245.738795
-824.536080
-60.929838
978.874407
948.411392
182.774282
-97.485456
194.959488
154.342135
-335.096973
-312.757428
566.608271
1177.899438
617.379962
-209.183177
-56.868103
580.824344
523.960050
119.817384
361.490637
944.349657
919.979245
345.243695
26.397472
215.268165
-14.219882
-1531.278028
-2792.446848
-905.770787
3113.316323
3698.206211
-1015.437641
-4922.827029
-3023.965762
729.077684
554.423065
-1525.185425
-351.343914
2426.883052
1251.010674
-3099.107865
-4047.523065
-123.886735
2441.099126
237.607709
-1825.753839
345.243695
2725.420599
690.491198
-2607.637890
-1911.050281
1226.640262
1913.073533
264.008989
-16.250749
1417.541823
1466.282647
-564.585019
-1777.013015
-570.677622
1163.683364
1401.294881
645.812110
203.082959
105.601311
-243.707928
-836.721286
-1147.444039
-655.974064
481.311829
1133.220349
416.324064
-907.801654
-1350.530805
-875.307772
-621.449313
-682.375343
-150.288015
792.034582
749.386361
-469.134239
-1267.265231
-710.807491
156.373002
253.854650
111.693914
560.515668
1070.263452
651.904713
-371.652591
-722.992697
-12.189014
739.232022
692.522066
385.861049
554.423065
680.336860
12.181398
-777.826124
-519.905930
467.095755
919.979245
566.608271
164.496473
103.570443
32.490075
-266.047472
-322.911767
257.916386
930.133583
863.114950
249.792915
22.335736
255.885518
229.484238
32.490075
365.552372
1033.707834
1060.109113
335.089357
-134.041074
30.459207
-465.072503
-2266.452122
-2816.817260
343.212828
4108.441479
2707.142790
-2847.280275
-5000.000000
-1561.741043
1114.942540
-566.615887
-1770.920412
1009.337422
3011.772940
-184.812765
-4212.023346
-2922.422378
1291.628027
1791.221473
-1076.363671
-1269.296099
1884.641386
2601.537671
-800.165668
-2906.175437
-727.054432
1752.634987
1161.652497
-99.516323
718.923346
1870.425312
759.540699
-1340.376467
-1580.018852
28.428339
1246.948939
1116.973408
558.484800
292.441136
16.243133
-503.658989
-968.727684
-993.098096
-355.405649
664.089919
1035.738701
103.570443
-1106.826685
-1226.647878
-635.665387
-528.029401
-629.572784
62.953090
944.349657
576.762609
-712.838358
-1198.215730
-469.134239
223.391635
196.990356
203.082959
741.262890
1023.553495
326.965886
-623.480181
-615.356710
288.379401
879.361891
641.750374
383.830181
601.133021
544.268726
-249.800531
-796.103933
-168.565824
800.158052
875.300156
335.089357
168.558208
308.688077
48.737016
-400.084738
-142.164544
771.725905
1116.973408
450.848814
-119.825000
184.805150
574.731741
302.595474
60.922222
566.608271
1106.819070
785.941979
109.663046
10.150530
-81.238514
-1393.179026
-2804.632054
-1316.006055
2682.772378
3899.262110
-300.572222
-4573.517790
-3352.966323
308.688077
436.632740
-1545.494101
-400.084738
2520.302965
1488.622191
-2904.144569
-4043.461330
-375.714326
2130.376373
174.650811
-1677.500499
428.509270
2717.297128
771.725905
-2475.631492
-1913.081149
1092.602996
1738.418914
148.249532
28.428339
1563.764294
1563.764294
-507.720724
-1736.395662
-649.881461
907.794039
1173.837703
657.997316
389.922784
241.669444
-286.356149
-917.955993
-1086.518009
-613.325843
205.113826
729.077684
379.768446
-595.048034
-1192.123127
-1033.715450
-773.764388
-690.498814
-245.738795
525.990917
617.379962
-251.831398
-938.264669
-653.943196
-113.732397
-0.003808
123.879120
678.305992
1051.985643
597.071286
-221.368383
-479.288577
-48.744632
450.848814
576.762609
578.793477
743.293758
668.151654
-8.127279
-666.128402
-444.763827
369.614107
745.324625
487.404432
270.101592
320.873283
184.805150
-249.800531
-347.282179
264.008989
922.010112
808.281523
190.897753
-2.034676
357.428901
554.423065
385.861049
410.231461
755.478964
836.713670
428.509270
111.693914
166.527341
-290.417884
-1827.784707
-2573.113140
-207.152310
3312.341354
2871.643071
-1862.309457
-4640.536423
-2158.816136
769.695037
-196.997971
-1634.852278
473.188358
2666.525437
229.484238
-3773.355930
-3168.157366
861.084082
1925.258739
-682.375343
-1409.425968
1376.924469
2581.228995
-308.695693
-2678.718258
-905.770787
1728.264575
1338.337984
-180.751030
430.540137
1823.715356
1031.676966
-1072.301935
-1490.660674
-2.034676
1131.189482
944.349657
440.694476
331.027622
166.527341
-412.269944
-1023.561111
-1123.073627
-485.381180
487.404432
838.744538
87.323502
-938.264669
-1147.444039
-869.215169
-859.060830
-664.097534
280.255930
989.028745
343.212828
-810.320006
-954.511611
-268.078340
73.107428
24.366604
373.675843
993.090480
980.905274
194.959488
-438.671224
-257.924001
296.502871
519.898314
491.466167
668.151654
834.682803
410.231461
-369.621723
-588.955431
-8.127279
586.916947
617.379962
424.447534
391.953652
314.780680
-58.898970
-377.745194
-129.979338
536.145256
893.577965
603.163889
184.805150
190.897753
412.262328
420.385799
347.274563
519.898314
763.602434
702.676404
377.737578
170.589076
-48.744632
-1060.116729
-2504.063639
-1996.346723
1399.264014
3803.811329
1106.819070
-3718.522503
-4218.115949
-674.251873
741.262890
-1163.690980
-1200.246598
1768.881929
2235.981492
-1724.210456
-4252.640699
-1472.382865
1919.166136
861.084082
-1638.914014
-404.146473
2530.457303
1736.388046
-1795.290824
-2384.242447
493.497035
1892.764856
373.675843
-308.695693
1283.504557
1941.505680
26.397472
-1687.654838
-958.573346
660.028183
1033.707834
550.361329
414.293196
432.571005
-87.331117
-861.091698
-1200.246598
-871.246036
-48.744632
700.645537
603.163889
-351.343914
-1104.795818
-1047.931523
-887.492978
-962.635081
-428.516885
731.108552
978.874407
-168.565824
-1068.240200
-645.819725
-0.003808
-67.022441
-42.652029
729.077684
1297.720630
763.602434
-219.337516
-483.350312
44.675281
493.497035
454.910549
446.787079
790.003714
859.053215
125.909987
-645.819725
-452.887297
341.181960
692.522066
536.145256
497.558770
550.361329
199.021223
-373.683458
-404.146473
284.317665
911.855774
824.528464
331.027622
176.681679
458.972284
550.361329
264.008989
211.206429
700.645537
1062.139981
712.830743
174.650811
2.027060
-635.665387
-2240.050843
-2607.637890
387.891916
3868.799095
2522.333833
-2747.767759
-4914.703558
-1714.056117
956.534863
-550.368945
-1716.086985
944.349657
2812.747909
-371.652591
-4163.282522
-2652.316979
1441.912235
1614.535986
-1289.604775
-1226.647878
2026.802122
2644.185892
-751.424844
-2701.057803
-446.794694
1850.116635
924.040980
-387.899532
822.497597
2197.395006
854.991479
-1415.518571
-1464.259395
192.928620
1015.430025
641.750374
404.138858
509.743976
142.156929
-706.745755
-1220.555275
-1056.054994
-436.640356
264.008989
552.392197
117.786517
-694.560549
-1177.907054
-1204.308333
-1033.715450
-499.597254
420.385799
871.238421
221.360768
-664.097534
-672.221005
-221.368383
-123.886735
-20.312485
595.040418
1137.282085
897.639700
190.897753
-217.306648
-138.102809
142.156929
355.398034
517.867447
743.293758
820.466729
357.428901
-406.177341
-631.603652
-109.670662
414.293196
485.373564
479.280961
584.886080
387.891916
-213.244913
-554.430681
-158.411486
523.960050
765.633302
574.731741
436.632740
477.250093
442.725343
276.194195
245.731180
456.941417
688.460331
718.923346
586.916947
347.274563
-483.350312
-2126.322254
-2824.940730
-428.516885
3235.168383
3062.544631
-1628.759675
-4699.431586
-2370.026373
735.170287
-199.028839
-1943.544164
105.601311
2747.760143
611.287359
-3551.991355
-3143.786954
913.886642
1909.011798
-1013.406773
-1835.908177
1376.924469
3115.347191
268.070724
-2550.773596
-1102.764950
1604.381648
1251.010674
-408.208209
365.552372
2219.734550
1515.023470
-987.005493
-1655.160955
-107.639794
964.658333
599.102153
227.453371
483.342696
424.447534
-357.436517
-1088.548877
-1159.629245
-653.943196
40.613545
434.601873
196.990356
-454.918165
-962.635081
-1125.104494
-1037.777185
-556.461548
243.700312
633.626904
186.836017
-398.053870
-381.806929
-109.670662
-138.102809
-127.948471
353.367166
891.547097
899.670568
491.466167
113.724781
-54.837235
12.181398
241.669444
454.910549
597.071286
684.398595
538.176123
24.366604
-452.887297
-375.714326
119.817384
489.435299
562.546535
515.836579
389.922784
91.385237
-237.615325
-261.985737
115.755649
611.287359
800.158052
603.163889
357.428901
333.058489
410.231461
418.354931
452.879681
572.700874
629.565168
605.194756
434.601873
-454.918165
-2152.723533
-2696.996067
-154.349750
3283.909207
2747.760143
-1919.173752
-4591.795599
-2020.717135
956.534863
-168.565824
-1969.945443
36.551810
2595.445068
499.589638
-3458.571442
-2898.051966
1047.923907
1817.622753
-1135.258833
-1815.599501
1413.480087
3011.772940
129.971723
-2518.279713
-940.295537
1679.523751
1196.177247
-475.226842
322.904151
2152.715917
1399.264014
-1106.826685
-1679.531367
10.150530
1094.633864
548.330462
40.613545
369.614107
420.385799
-373.683458
-1137.289700
-1123.073627
-548.338078
42.644413
255.885518
-69.053308
-621.449313
-844.844757
-771.733521
-869.215169
-899.678184
-249.800531
623.472565
574.731741
-302.603090
-680.344476
-205.121442
105.601311
-127.948471
-6.096411
773.756773
1196.177247
633.626904
-152.318883
-231.522722
221.360768
436.632740
288.379401
331.027622
698.614669
729.077684
48.737016
-586.924563
-367.590855
290.410268
475.219226
274.163327
349.305431
568.639138
300.564607
-276.201810
-371.652591
160.434738
653.935580
686.429463
509.743976
483.342696
568.639138
495.527902
278.225062
266.039856
584.886080
824.528464
623.472565
115.755649
-798.134800
-2099.920974
-2217.711298
391.953652
3377.329120
2130.376373
-2696.996067
-4644.598159
-1362.716011
1439.881367
-239.646192
-2018.686267
243.700312
2477.654744
-42.652029
-3547.929619
-2193.340886
1577.980368
1472.375250
-1604.389264
-1533.308895
1943.536548
2865.550468
-416.331679
-2564.989669
-511.782460
1821.684488
968.720069
-479.288577
595.040418
2099.913358
905.763171
-1393.179026
-1378.962953
450.848814
1141.343820
341.181960
-18.281617
412.262328
306.657210
-530.060269
-1007.314170
-759.548315
-391.961267
-168.565824
40.613545
48.737016
-351.343914
-806.258271
-964.665949
-934.202934
-676.282740
-22.343352
647.842977
542.237859
-241.677060
-651.912328
-312.757428
75.138296
117.786517
276.194195
743.293758
948.411392
538.176123
-40.621161
-186.843633
158.403870
485.373564
444.756211
335.089357
513.805711
621.441698
121.848252
-546.307210
-410.239076
367.583240
645.812110
264.008989
142.156929
483.342696
442.725343
-178.720162
-426.486018
156.373002
792.034582
757.509831
359.459769
308.688077
574.731741
607.225624
322.904151
215.268165
513.805711
729.077684
371.644975
-597.078901
-1803.414295
-2124.291386
-302.603090
2538.580774
2593.414201
-1322.098658
-4413.079245
-2475.631492
1076.356055
712.830743
-1813.568633
-1009.345038
1892.764856
1100.726467
-2672.625655
-3040.212703
568.639138
1909.011798
-840.783021
-2065.396224
901.701436
3032.081617
649.873845
-2349.717697
-1466.290262
1216.485924
1433.788764
-81.238514
103.570443
1659.215075
1425.665293
-733.147035
-1638.914014
-184.812765
1167.745100
757.509831
-30.466823
172.619944
432.571005
-221.368383
-938.264669
-826.566948
-424.455150
-264.016604
-79.207647
107.632178
-129.979338
-601.140637
-867.184301
-1066.209332
-1049.962391
-215.275780
881.392759
761.571567
-371.652591
-735.177903
-75.145911
150.280399
-237.615325
46.706148
968.720069
1121.035143
381.799313
-91.392853
-2.034676
99.508708
136.064326
355.398034
621.441698
672.213389
509.743976
144.187796
-326.973502
-404.146473
119.817384
599.102153
509.743976
239.638577
282.286798
335.089357
62.953090
-160.442353
81.230899
554.423065
745.324625
546.299594
298.533739
333.058489
562.546535
617.379962
408.200593
288.379401
440.694476
404.138858
-448.825562
-1860.278589
-2195.371754
-67.022441
2831.025718
2467.500406
-1744.519132
-4575.548658
-2168.970474
1525.177809
867.176685
-2045.087547
-1299.759114
1925.258739
1405.356617
-2522.341448
-3151.910425
509.743976
2018.678651
-806.258271
-2217.711298
800.158052
3145.810206
792.034582
-2396.427653
-1655.160955
1119.004276
1598.289045
170.589076
81.230899
1366.770131
1305.844101
-467.103371
-1378.962953
-270.109207
997.152216
816.404994
103.570443
121.848252
369.614107
-67.022441
-741.270506
-814.381742
-489.442915
-239.646192
-4.065543
215.268165
-24.374220
-696.591417
-1015.437641
-781.887859
-570.677622
-312.757428
203.082959
458.972284
142.156929
-361.498252
-432.578621
-148.257147
-75.145911
50.767884
576.762609
907.794039
684.398595
205.113826
-209.183177
-272.140075
77.169163
503.651373
635.657771
483.342696
371.644975
292.441136
-71.084176
-438.671224
-162.473221
461.003152
627.534301
335.089357
172.619944
292.441136
233.545974
-97.485456
-115.763265
369.614107
749.386361
595.040418
233.545974
227.453371
562.546535
666.120786
280.255930
-85.300250
71.076560
333.058489
-333.066105
-1781.074750
-1876.525531
578.793477
2934.599969
1419.572690
-2843.218539
-4226.239419
-857.029963
2063.357740
412.262328
-2288.791667
-1108.857553
1744.511517
954.503995
-2325.347285
-2502.032772
550.361329
1515.023470
-785.949594
-1598.296661
926.071848
2479.685612
302.595474
-2144.600062
-1275.388702
1086.510393
1486.591323
355.398034
150.280399
840.775406
672.213389
-357.436517
-668.159270
69.045693
637.688639
503.651373
316.811548
365.552372
146.218664
-371.652591
-546.307210
-333.066105
-320.880899
-440.702091
-44.682897
593.009550
286.348533
-991.067229
-1606.420131
-676.282740
532.083520
536.145256
-326.973502
-680.344476
-138.102809
326.965886
14.212266
-473.195974
-314.788296
296.502871
621.441698
479.280961
310.718945
239.638577
-6.096411
-245.738795
-24.374220
532.083520
796.096317
550.361329
190.897753
14.212266
-20.312485
60.922222
266.039856
408.200593
322.904151
237.607709
333.058489
391.953652
192.928620
-2.034676
186.836017
515.836579
501.620505
199.021223
117.786517
456.941417
745.324625
542.237859
58.891354
-178.720162
-67.022441
-164.504089
-857.029963
-1391.148159
-420.393415
1620.628589
1998.369975
-655.974064
-3403.738015
-2564.989669
678.305992
1752.634987
-391.961267
-1868.402060
-375.714326
1232.732865
152.311267
-1777.013015
-1547.524969
117.786517
574.731741
-142.164544
-58.898970
779.849376
601.133021
-627.541916
-1102.764950
-239.646192
676.275125
765.633302
544.268726
483.342696
268.070724
-172.627559
-304.633958
-14.219882
201.052091
180.743414
282.286798
548.330462
491.466167
-85.300250
-603.171504
-509.751592
-111.701529
10.150530
-99.516323
24.366604
257.916386
-42.652029
-796.103933
-1060.116729
-410.239076
328.996754
264.008989
-272.140075
-424.455150
-101.547191
93.416105
-87.331117
-259.954869
-160.442353
83.261766
359.459769
568.639138
469.126623
-18.281617
-385.868664
-152.318883
351.336298
469.126623
235.576841
172.619944
326.965886
253.854650
-73.115044
-182.781898
46.706148
261.978121
243.700312
150.280399
152.311267
134.033458
-4.065543
-105.608926
26.397472
288.379401
365.552372
174.650811
-10.158146
44.675281
227.453371
274.163327
132.002590
4.057927
44.675281
140.126061
146.218664
50.767884
-127.948471
-310.726561
-268.078340
115.755649
511.774844
365.552372
-322.911767
-820.474345
-556.461548
132.002590
456.941417
174.650811
-247.769663
-369.621723
-207.152310
-10.158146
18.274001
-144.195412
-320.880899
-312.757428
-101.547191
138.095193
156.373002
-58.898970
-243.707928
-259.954869
-156.380618
-30.466823
40.613545
30.459207
-52.806367
-138.102809
-119.825000
-32.497691
10.150530
-32.497691
-123.886735
-152.318883
-36.559426
93.416105
73.107428
-56.868103
-129.979338
-77.176779
-14.219882
-52.806367
-95.454588
-36.559426
56.860487
64.983957
-12.189014
-48.744632
-14.219882
-6.096411
-30.466823
28.428339
138.095193
136.064326
12.181398
-75.145911
-8.127279
134.033458
154.342135
62.953090
10.150530
34.520942
79.200031
64.983957
22.335736
71.076560
127.940855
87.323502
16.243133
16.243133
87.323502
127.940855
87.323502
30.459207
34.520942
105.601311
168.558208
152.311267
89.354369
48.737016
50.767884
73.107428
115.755649
180.743414
168.558208
58.891354
10.150530
101.539575
215.268165
164.496473
22.335736
-2.034676
89.354369
105.601311
-10.158146
-71.084176
22.335736
107.632178
28.428339
-103.578059
-85.300250
20.304869
2.027060
-127.948471
-156.380618
-77.176779
-54.837235
-109.670662
-117.794132
-50.775500
-42.652029
-140.133677
-184.812765
-123.886735
-73.115044
-81.238514
-107.639794
-117.794132
-125.917603
-160.442353
-201.059707
-186.843633
-113.732397
-81.238514
-99.516323
-123.886735
-138.102809
-146.226280
-136.071941
-93.423720
-58.898970
-87.331117
-140.133677
-115.763265
-28.435955
-26.405088
-138.102809
-211.214045
-146.226280
-22.343352
34.520942
-22.343352
-81.238514
-71.084176
-20.312485
2.027060
-22.343352
-38.590294
18.274001
103.570443
89.354369
8.119663
-22.343352
26.397472
77.169163
79.200031
83.261766
125.909987
146.218664
105.601311
97.477840
140.126061
144.187796
103.570443
79.200031
123.879120
180.743414
166.527341
140.126061
144.187796
152.311267
138.095193
136.064326
146.218664
148.249532
136.064326
138.095193
150.280399
127.940855
91.385237
111.693914
168.558208
150.280399
69.045693
36.551810
58.891354
89.354369
73.107428
28.428339
14.212266
10.150530
-10.158146
-0.003808
26.397472
2.027060
-48.744632
-42.652029
6.088795
-6.096411
-54.837235
-60.929838
-24.374220
-22.343352
-85.300250
-117.794132
-75.145911
-28.435955
-40.621161
-71.084176
-34.528558
-16.250749
-95.454588
-170.596692
-127.948471
-69.053308
-101.547191
-166.534956
-166.534956
-113.732397
-85.300250
-107.639794
-129.979338
-146.226280
-150.288015
-119.825000
-85.300250
-67.022441
-87.331117
-115.763265
-99.516323
-58.898970
-67.022441
-97.485456
-113.732397
-89.361985
-50.775500
-56.868103
-77.176779
-64.991573
-40.621161
-18.281617
-2.034676
2.027060
12.181398
40.613545
50.767884
18.274001
-20.312485
16.243133
101.539575
105.601311
38.582678
28.428339
95.446972
146.218664
101.539575
36.551810
52.798751
113.724781
119.817384
83.261766
73.107428
95.446972
91.385237
77.169163
99.508708
111.693914
77.169163
42.644413
56.860487
75.138296
62.953090
50.767884
91.385237
79.200031
-6.096411
-8.127279
101.539575
148.249532
44.675281
-32.497691
14.212266
69.045693
46.706148
-6.096411
4.057927
34.520942
8.119663
-22.343352
-6.096411
30.459207
24.366604
8.119663
6.088795
4.057927
-14.219882
-40.621161
-38.590294
-22.343352
-40.621161
-62.960706
-42.652029
-10.158146
-26.405088
-71.084176
-91.392853
-64.991573
-20.312485
-4.065543
-36.559426
-81.238514
-83.269382
-60.929838
-54.837235
-62.960706
-60.929838
-42.652029
-42.652029
-81.238514
-103.578059
-64.991573
-20.312485
-38.590294
-75.145911
-60.929838
-18.281617
-14.219882
-71.084176
-105.608926
-52.806367
-0.003808
-30.466823
-77.176779
-60.929838
-0.003808
2.027060
-40.621161
-44.682897
-4.065543
12.181398
-0.003808
2.027060
-4.065543
-14.219882
2.027060
44.675281
44.675281
8.119663
12.181398
67.014825
83.261766
28.428339
18.274001
85.292634
121.848252
54.829619
-2.034676
67.014825
150.280399
103.570443
10.150530
28.428339
99.508708
81.230899
14.212266
16.243133
75.138296
73.107428
20.304869
4.057927
30.459207
50.767884
44.675281
38.582678
36.551810
20.304869
30.459207
60.922222
73.107428
50.767884
10.150530
36.551810
79.200031
50.767884
-8.127279
4.057927
87.323502
119.817384
46.706148
-18.281617
20.304869
62.953090
32.490075
12.181398
24.366604
40.613545
26.397472
-0.003808
4.057927
10.150530
2.027060
10.150530
18.274001
2.027060
-24.374220
-24.374220
-14.219882
-16.250749
-54.837235
-85.300250
-62.960706
-18.281617
-30.466823
-64.991573
-79.207647
-77.176779
-73.115044
-83.269382
-85.300250
-71.084176
-75.145911
-91.392853
-115.763265
-123.886735
-101.547191
-87.331117
-87.331117
-81.238514
-81.238514
-85.300250
-83.269382
-75.145911
-83.269382
-95.454588
-83.269382
-48.744632
-42.652029
-54.837235
-46.713764
-32.497691
-28.435955
-38.590294
-52.806367
-30.466823
10.150530
28.428339
-10.158146
-48.744632
-8.127279
71.076560
62.953090
-30.466823
-50.775500
58.891354
123.879120
44.675281
-34.528558
-0.003808
69.045693
60.922222
6.088795
22.335736
77.169163
64.983957
16.243133
8.119663
50.767884
83.261766
67.014825
38.582678
38.582678
58.891354
44.675281
30.459207
48.737016
62.953090
60.922222
56.860487
62.953090
46.706148
20.304869
38.582678
71.076560
62.953090
42.644413
48.737016
77.169163
67.014825
36.551810
42.644413
62.953090
75.138296
69.045693
40.613545
38.582678
56.860487
58.891354
32.490075
-0.003808
20.304869
44.675281
16.243133
-14.219882
-28.435955
-42.652029
-40.621161
-26.405088
-30.466823
-38.590294
-24.374220
-6.096411
-22.343352
-52.806367
-42.652029
-18.281617
-30.466823
-54.837235
-67.022441
-46.713764
-36.559426
-44.682897
-54.837235
-60.929838
-50.775500
-48.744632
-34.528558
-28.435955
-42.652029
-58.898970
-64.991573
-30.466823
-26.405088
-48.744632
-42.652029
-24.374220
-16.250749
-42.652029
-73.115044
-56.868103
-24.374220
-14.219882
-32.497691
-54.837235
-50.775500
-14.219882
6.088795
-8.127279
-30.466823
-12.189014
32.490075
24.366604
-28.435955
-48.744632
-2.034676
40.613545
18.274001
-8.127279
10.150530
46.706148
32.490075
-4.065543
-6.096411
42.644413
71.076560
42.644413
26.397472
46.706148
62.953090
26.397472
-4.065543
32.490075
75.138296
75.138296
40.613545
12.181398
32.490075
52.798751
50.767884
34.520942
24.366604
40.613545
64.983957
60.922222
26.397472
4.057927
2.027060
12.181398
12.181398
-0.003808
20.304869
48.737016
32.490075
-26.405088
-38.590294
-2.034676
22.335736
2.027060
-24.374220
-8.127279
-2.034676
-40.621161
-58.898970
-28.435955
6.088795
-12.189014
-44.682897
-32.497691
6.088795
-2.034676
-56.868103
-79.207647
-36.559426
18.274001
12.181398
-30.466823
-42.652029
-22.343352
-26.405088
-58.898970
-64.991573
-22.343352
4.057927
-16.250749
-54.837235
-54.837235
-8.127279
8.119663
-48.744632
-93.423720
-50.775500
4.057927
2.027060
-38.590294
-60.929838
-46.713764
-30.466823
-20.312485
-8.127279
2.027060
8.119663
-14.219882
-58.898970
-50.775500
12.181398
46.706148
