-63.204733
-68.066176
-60.774012
-55.912569
-55.912569
-63.204733
-68.066176
-63.204733
-65.635455
-51.051126
-31.605354
-29.174633
-14.590304
7.286189
29.162682
58.331339
77.777111
89.930718
114.237933
116.668654
126.391540
143.406590
145.837312
140.975869
126.391540
111.807211
99.653604
89.930718
94.792161
99.653604
82.638554
51.039175
31.593403
19.439796
9.716910
21.870518
24.301239
9.716910
-4.867418
-17.021026
-29.174633
-24.313190
-4.867418
4.855467
12.147632
7.286189
-0.005976
2.424746
9.716910
19.439796
38.885568
55.900618
60.762061
70.484947
63.192782
65.623504
70.484947
80.207832
102.084325
109.376490
116.668654
114.237933
94.792161
94.792161
94.792161
89.930718
111.807211
128.822261
119.099376
109.376490
97.222883
92.361440
97.222883
109.376490
133.683704
150.698754
143.406590
121.530097
94.792161
68.054225
55.900618
53.469896
38.885568
2.424746
-53.481847
-131.264934
-204.186577
-243.078121
-252.801006
-252.801006
-243.078121
-252.801006
-279.538942
-323.291928
-342.737700
-323.291928
-272.246778
-213.909463
-170.156477
-148.279984
-148.279984
-150.710705
-131.264934
-87.511948
-34.036076
2.424746
9.716910
-7.298140
-36.466797
-55.912569
-51.051126
-17.021026
12.147632
24.301239
26.731960
9.716910
-7.298140
-9.728861
-0.005976
26.731960
46.177732
38.885568
17.009075
-9.728861
-34.036076
-46.189683
-38.897519
-31.605354
-26.743911
-24.313190
-46.189683
-60.774012
-63.204733
-46.189683
-14.590304
9.716910
34.024125
43.747011
51.039175
63.192782
82.638554
106.945768
138.545147
148.268033
138.545147
136.114426
131.252983
128.822261
131.252983
133.683704
126.391540
121.530097
106.945768
87.499997
80.207832
77.777111
80.207832
82.638554
72.915668
65.623504
53.469896
38.885568
41.316289
51.039175
60.762061
63.192782
53.469896
38.885568
29.162682
36.454846
38.885568
43.747011
53.469896
48.608453
36.454846
31.593403
19.439796
21.870518
34.024125
48.608453
51.039175
43.747011
36.454846
31.593403
24.301239
34.024125
48.608453
53.469896
48.608453
41.316289
43.747011
46.177732
51.039175
58.331339
63.192782
70.484947
77.777111
80.207832
99.653604
109.376490
111.807211
109.376490
94.792161
77.777111
55.900618
36.454846
17.009075
-14.590304
-53.481847
-94.804112
-153.141427
-213.909463
-255.231728
-279.538942
-296.553993
-306.276878
-306.276878
-306.276878
-323.291928
-325.722650
-313.569043
-277.108221
-235.785956
-194.463692
-155.572148
-145.849263
-136.126377
-126.403491
-114.249884
-85.081226
-60.774012
-38.897519
-34.036076
-58.343290
-70.496898
-63.204733
-48.620405
-19.451747
-0.005976
9.716910
14.578353
14.578353
14.578353
31.593403
51.039175
63.192782
65.623504
48.608453
36.454846
17.009075
2.424746
7.286189
7.286189
12.147632
7.286189
-7.298140
-21.882469
-34.036076
-17.021026
4.855467
19.439796
31.593403
29.162682
24.301239
24.301239
31.593403
38.885568
60.762061
77.777111
75.346389
70.484947
53.469896
58.331339
77.777111
87.499997
97.222883
106.945768
97.222883
92.361440
82.638554
82.638554
94.792161
111.807211
111.807211
106.945768
102.084325
92.361440
89.930718
87.499997
92.361440
87.499997
82.638554
72.915668
48.608453
41.316289
36.454846
26.731960
21.870518
14.578353
9.716910
4.855467
-0.005976
2.424746
4.855467
2.424746
14.578353
19.439796
29.162682
46.177732
55.900618
70.484947
82.638554
87.499997
99.653604
106.945768
109.376490
119.099376
119.099376
119.099376
109.376490
106.945768
102.084325
92.361440
87.499997
94.792161
104.515047
104.515047
94.792161
85.069275
80.207832
65.623504
48.608453
31.593403
14.578353
-17.021026
-58.343290
-109.388441
-160.433591
-201.755856
-238.216678
-267.385335
-281.969664
-296.553993
-301.415435
-313.569043
-328.153371
-323.291928
-294.123271
-257.662449
-221.201628
-199.325134
-175.017920
-165.295034
-150.710705
-133.695655
-114.249884
-87.511948
-68.066176
-60.774012
-60.774012
-77.789062
-75.358341
-55.912569
-43.758962
-31.605354
-7.298140
4.855467
9.716910
19.439796
34.024125
48.608453
68.054225
80.207832
72.915668
63.192782
43.747011
21.870518
9.716910
-0.005976
-7.298140
-14.590304
-26.743911
-46.189683
-60.774012
-65.635455
-60.774012
-48.620405
-34.036076
-31.605354
-36.466797
-38.897519
-41.328240
-24.313190
2.424746
21.870518
31.593403
34.024125
24.301239
17.009075
19.439796
51.039175
77.777111
92.361440
102.084325
99.653604
99.653604
106.945768
121.530097
140.975869
155.560197
157.990919
150.698754
131.252983
109.376490
104.515047
104.515047
104.515047
99.653604
85.069275
68.054225
48.608453
41.316289
36.454846
41.316289
48.608453
38.885568
24.301239
14.578353
12.147632
17.009075
29.162682
43.747011
58.331339
58.331339
72.915668
85.069275
94.792161
104.515047
121.530097
145.837312
150.698754
150.698754
150.698754
138.545147
131.252983
126.391540
128.822261
123.960818
111.807211
109.376490
99.653604
92.361440
85.069275
97.222883
109.376490
119.099376
121.530097
104.515047
92.361440
75.346389
48.608453
26.731960
-0.005976
-36.466797
-89.942669
-155.572148
-211.478742
-264.954614
-294.123271
-301.415435
-308.707600
-306.276878
-313.569043
-335.445536
-340.306979
-306.276878
-255.231728
-213.909463
-172.587199
-140.987820
-121.542048
-119.111327
-109.388441
-85.081226
-55.912569
-31.605354
-26.743911
-34.036076
-38.897519
-46.189683
-34.036076
-19.451747
7.286189
29.162682
41.316289
43.747011
53.469896
60.762061
68.054225
63.192782
60.762061
53.469896
34.024125
9.716910
-7.298140
-34.036076
-63.204733
-82.650505
-92.373391
-94.804112
-111.819162
-116.680605
-102.096276
-99.665555
-99.665555
-87.511948
-75.358341
-72.927619
-70.496898
-72.927619
-77.789062
-82.650505
-80.219783
-60.774012
-58.343290
-65.635455
-63.204733
-53.481847
-41.328240
-34.036076
-2.436697
34.024125
51.039175
70.484947
80.207832
89.930718
94.792161
111.807211
126.391540
143.406590
143.406590
128.822261
111.807211
92.361440
80.207832
75.346389
68.054225
65.623504
48.608453
26.731960
14.578353
2.424746
2.424746
12.147632
21.870518
31.593403
12.147632
7.286189
12.147632
14.578353
26.731960
53.469896
82.638554
87.499997
104.515047
123.960818
133.683704
160.421640
179.867412
187.159576
192.021019
199.313183
204.174626
206.605348
204.174626
201.743905
209.036069
204.174626
184.728855
172.575247
162.852362
157.990919
157.990919
160.421640
165.283083
153.129476
143.406590
126.391540
92.361440
68.054225
36.454846
-0.005976
-38.897519
-99.665555
-167.725756
-228.493792
-274.677499
-308.707600
-333.014814
-350.029864
-354.891307
-359.752750
-359.752750
-352.460586
-320.861207
-267.385335
-226.063070
-182.310084
-140.987820
-119.111327
-106.957719
-99.665555
-77.789062
-63.204733
-46.189683
-29.174633
-38.897519
-48.620405
-46.189683
-36.466797
-21.882469
2.424746
34.024125
53.469896
65.623504
65.623504
70.484947
92.361440
94.792161
99.653604
102.084325
85.069275
68.054225
36.454846
4.855467
-19.451747
-26.743911
-34.036076
-48.620405
-48.620405
-53.481847
-70.496898
-68.066176
-72.927619
-63.204733
-51.051126
-48.620405
-48.620405
-58.343290
-82.650505
-89.942669
-82.650505
-77.789062
-63.204733
-60.774012
-55.912569
-41.328240
-26.743911
-19.451747
-0.005976
36.454846
70.484947
94.792161
114.237933
123.960818
123.960818
128.822261
136.114426
157.990919
165.283083
157.990919
145.837312
126.391540
102.084325
80.207832
72.915668
65.623504
55.900618
41.316289
24.301239
-2.436697
-21.882469
-26.743911
-24.313190
-19.451747
-12.159583
-14.590304
-21.882469
-12.159583
-9.728861
7.286189
48.608453
77.777111
104.515047
121.530097
133.683704
150.698754
153.129476
172.575247
182.298133
179.867412
179.867412
160.421640
138.545147
114.237933
106.945768
114.237933
102.084325
94.792161
92.361440
89.930718
102.084325
114.237933
119.099376
119.099376
121.530097
119.099376
99.653604
70.484947
46.177732
9.716910
-31.605354
-85.081226
-138.557098
-204.186577
-272.246778
-320.861207
-367.044915
-401.075015
-420.520787
-410.797901
-408.367179
-408.367179
-379.198522
-337.876257
-281.969664
-235.785956
-187.171527
-140.987820
-116.680605
-94.804112
-77.789062
-58.343290
-36.466797
-21.882469
-2.436697
-2.436697
-4.867418
-0.005976
21.870518
55.900618
82.638554
109.376490
140.975869
162.852362
167.713805
165.283083
170.144526
167.713805
155.560197
128.822261
97.222883
60.762061
17.009075
-17.021026
-46.189683
-65.635455
-75.358341
-77.789062
-80.219783
-92.373391
-80.219783
-68.066176
-65.635455
-51.051126
-48.620405
-51.051126
-53.481847
-70.496898
-77.789062
-80.219783
-82.650505
-80.219783
-82.650505
-72.927619
-41.328240
-24.313190
-2.436697
34.024125
72.915668
104.515047
128.822261
145.837312
165.283083
167.713805
167.713805
170.144526
170.144526
150.698754
143.406590
131.252983
106.945768
99.653604
92.361440
94.792161
94.792161
92.361440
87.499997
77.777111
63.192782
53.469896
36.454846
24.301239
14.578353
-0.005976
-12.159583
-17.021026
-19.451747
-19.451747
-9.728861
7.286189
21.870518
41.316289
63.192782
82.638554
106.945768
131.252983
143.406590
150.698754
148.268033
145.837312
138.545147
128.822261
119.099376
97.222883
82.638554
68.054225
51.039175
53.469896
63.192782
72.915668
77.777111
89.930718
104.515047
109.376490
104.515047
89.930718
77.777111
38.885568
-4.867418
-60.774012
-153.141427
-245.508842
-330.584093
-398.644293
-454.550887
-505.596037
-537.195416
-537.195416
-529.903252
-520.180366
-481.288823
-425.382229
-350.029864
-269.816057
-201.755856
-133.695655
-80.219783
-41.328240
-9.728861
9.716910
29.162682
36.454846
36.454846
31.593403
26.731960
26.731960
41.316289
63.192782
89.930718
119.099376
148.268033
175.005969
187.159576
192.021019
194.451741
182.298133
160.421640
138.545147
99.653604
48.608453
7.286189
-34.036076
-68.066176
-92.373391
-99.665555
-99.665555
-89.942669
-75.358341
-55.912569
-46.189683
-24.313190
-7.298140
12.147632
26.731960
21.870518
12.147632
4.855467
-17.021026
-26.743911
-29.174633
-34.036076
-21.882469
-4.867418
21.870518
38.885568
43.747011
75.346389
111.807211
138.545147
148.268033
157.990919
167.713805
148.268033
128.822261
126.391540
109.376490
87.499997
75.346389
55.900618
41.316289
31.593403
38.885568
48.608453
48.608453
51.039175
58.331339
65.623504
65.623504
58.331339
72.915668
80.207832
80.207832
75.346389
77.777111
72.915668
70.484947
77.777111
99.653604
114.237933
121.530097
138.545147
155.560197
165.283083
162.852362
167.713805
170.144526
160.421640
155.560197
143.406590
123.960818
109.376490
92.361440
80.207832
68.054225
55.900618
63.192782
72.915668
94.792161
114.237933
133.683704
143.406590
153.129476
160.421640
143.406590
104.515047
43.747011
-17.021026
-94.804112
-204.186577
-311.138321
-415.659344
-500.734594
-568.794795
-629.562831
-661.162210
-656.300767
-610.117060
-563.933352
-508.026759
-413.228622
-315.999764
-206.617299
-119.111327
-41.328240
38.885568
80.207832
94.792161
89.930718
85.069275
82.638554
63.192782
48.608453
29.162682
12.147632
21.870518
38.885568
70.484947
104.515047
136.114426
160.421640
162.852362
150.698754
133.683704
102.084325
55.900618
-9.728861
-82.650505
-160.433591
-226.063070
-272.246778
-311.138321
-337.876257
-335.445536
-303.846157
-255.231728
-201.755856
-140.987820
-85.081226
-14.590304
36.454846
72.915668
106.945768
123.960818
128.822261
116.668654
97.222883
89.930718
75.346389
65.623504
70.484947
68.054225
70.484947
77.777111
94.792161
94.792161
92.361440
89.930718
77.777111
60.762061
36.454846
4.855467
-31.605354
-55.912569
-63.204733
-70.496898
-63.204733
-48.620405
-24.313190
14.578353
41.316289
75.346389
119.099376
150.698754
172.575247
192.021019
194.451741
206.605348
209.036069
196.882462
194.451741
196.882462
201.743905
204.174626
194.451741
199.313183
209.036069
206.605348
199.313183
194.451741
189.590298
182.298133
167.713805
157.990919
145.837312
133.683704
128.822261
114.237933
102.084325
106.945768
114.237933
121.530097
128.822261
153.129476
184.728855
204.174626
235.774005
264.942663
281.957713
291.680599
264.942663
216.328234
148.268033
55.900618
-55.912569
-177.448641
-337.876257
-500.734594
-634.424274
-743.806739
-828.881990
-872.634976
-877.496419
-831.312712
-734.083854
-612.547781
-486.150266
-333.014814
-167.725756
-17.021026
102.084325
196.882462
269.804106
294.111320
281.957713
252.789055
204.174626
162.852362
136.114426
102.084325
65.623504
53.469896
60.762061
80.207832
111.807211
131.252983
148.268033
155.560197
133.683704
72.915668
2.424746
-85.081226
-179.879363
-274.677499
-376.767800
-449.689444
-493.442430
-508.026759
-491.011709
-447.258722
-364.614193
-247.939564
-121.542048
-2.436697
111.807211
204.174626
277.096270
313.557092
320.849256
301.403484
252.789055
172.575247
94.792161
34.024125
-26.743911
-94.804112
-150.710705
-153.141427
-128.834212
-121.542048
-106.957719
-85.081226
-51.051126
-24.313190
-29.174633
-38.897519
-21.882469
-14.590304
-29.174633
-38.897519
-29.174633
7.286189
41.316289
68.054225
99.653604
138.545147
194.451741
238.204727
247.927612
252.789055
255.219777
250.358334
218.758955
172.575247
138.545147
119.099376
109.376490
82.638554
55.900618
55.900618
72.915668
85.069275
87.499997
94.792161
94.792161
99.653604
104.515047
104.515047
109.376490
119.099376
138.545147
162.852362
189.590298
226.051119
267.373384
313.557092
350.017913
367.032964
386.478735
405.924507
427.801000
435.093164
422.939557
413.216671
405.924507
371.894406
289.249877
177.436690
63.192782
-55.912569
-201.755856
-398.644293
-634.424274
-850.758483
-989.309606
-1062.231250
-1122.999286
-1166.752272
-1120.568564
-967.433113
-765.683233
-568.794795
-352.460586
-77.789062
194.451741
379.186571
503.153365
595.520780
653.858095
648.996652
551.767794
410.785950
281.957713
175.005969
82.638554
-7.298140
-89.942669
-131.264934
-106.957719
-63.204733
-46.189683
-41.328240
-19.451747
7.286189
-31.605354
-138.557098
-235.785956
-311.138321
-388.921408
-478.858101
-559.071909
-573.656238
-537.195416
-464.273773
-362.183472
-223.632349
-41.328240
148.268033
318.418535
439.954607
542.044908
629.550880
648.996652
593.090058
488.569036
364.602242
228.481841
38.885568
-162.864313
-306.276878
-371.906358
-442.397280
-539.626138
-546.918302
-439.966558
-342.737700
-277.108221
-211.478742
-119.111327
-12.159583
53.469896
60.762061
77.777111
123.960818
157.990919
153.129476
136.114426
157.990919
216.328234
281.957713
281.957713
257.650498
257.650498
279.526991
260.081220
175.005969
92.361440
41.316289
2.424746
-48.620405
-133.695655
-162.864313
-114.249884
-65.635455
-55.912569
-48.620405
12.147632
94.792161
155.560197
170.144526
153.129476
167.713805
209.036069
206.605348
172.575247
170.144526
213.897512
277.096270
301.403484
277.096270
284.388434
354.879356
413.216671
374.325128
291.680599
257.650498
294.111320
308.695649
255.219777
184.728855
192.021019
238.204727
192.021019
36.454846
-116.680605
-189.602249
-279.538942
-529.903252
-884.788584
-1142.445057
-1198.351651
-1159.460108
-1205.643815
-1244.535358
-1084.107743
-729.222411
-369.475636
-123.972770
136.114426
500.722643
826.439318
935.821783
862.900140
780.255610
726.779738
602.812944
333.002863
7.286189
-211.478742
-279.538942
-318.430486
-376.767800
-401.075015
-301.415435
-109.388441
12.147632
21.870518
9.716910
53.469896
80.207832
-41.328240
-279.538942
-430.243672
-456.981608
-466.704494
-517.749645
-537.195416
-393.782851
-140.987820
94.792161
262.511941
437.523886
651.427373
811.854989
838.592925
751.086953
656.288816
573.644287
432.662443
187.159576
-75.358341
-235.785956
-311.138321
-422.951508
-573.656238
-614.978503
-510.457480
-408.367179
-388.921408
-386.490686
-277.108221
-68.066176
65.623504
65.623504
87.499997
199.313183
301.403484
325.710699
291.680599
296.542041
371.894406
403.493785
328.141420
233.343284
216.328234
226.051119
155.560197
14.578353
-94.804112
-111.819162
-87.511948
-114.249884
-177.448641
-140.987820
-7.298140
72.915668
58.331339
77.777111
172.575247
284.388434
286.819156
189.590298
131.252983
167.713805
194.451741
145.837312
72.915668
70.484947
131.252983
179.867412
184.728855
192.021019
267.373384
374.325128
384.048014
267.373384
196.882462
226.051119
243.066170
145.837312
-17.021026
-68.066176
-4.867418
55.900618
48.608453
82.638554
216.328234
330.572142
311.126370
172.575247
43.747011
-29.174633
-160.433591
-505.596037
-1025.770428
-1438.993074
-1516.776161
-1387.947924
-1353.917824
-1361.209988
-1140.014336
-636.854996
-123.972770
199.313183
461.831100
838.592925
1157.017435
1135.140942
853.177254
600.382223
471.553986
284.388434
-77.789062
-471.565937
-666.023653
-612.547781
-486.150266
-413.228622
-340.306979
-138.557098
136.114426
262.511941
196.882462
77.777111
41.316289
-12.159583
-250.370285
-593.102010
-777.836840
-729.222411
-600.394174
-510.457480
-386.490686
-114.249884
255.219777
556.629237
714.626131
777.824889
833.731482
858.038697
729.210460
461.831100
192.021019
29.162682
-63.204733
-223.632349
-405.936458
-442.397280
-340.306979
-274.677499
-335.445536
-315.999764
-143.418541
-19.451747
-70.496898
-209.048020
-272.246778
-165.295034
-24.313190
12.147632
7.286189
104.515047
284.388434
398.632342
452.108214
435.093164
415.647393
430.231721
335.433585
92.361440
-92.373391
-116.680605
-126.403491
-245.508842
-367.044915
-315.999764
-114.249884
55.900618
99.653604
150.698754
315.987813
425.370278
352.448635
226.051119
199.313183
209.036069
155.560197
31.593403
-72.927619
-43.758962
87.499997
182.298133
204.174626
233.343284
318.418535
403.493785
418.078114
362.171521
315.987813
328.141420
291.680599
136.114426
9.716910
24.301239
89.930718
89.930718
53.469896
82.638554
194.451741
325.710699
413.216671
456.969657
517.737694
551.767794
456.969657
211.466791
-99.665555
-337.876257
-520.180366
-894.511469
-1504.622554
-1925.137365
-1764.709749
-1298.011230
-1069.523414
-1057.369807
-797.282611
-145.849263
469.123264
697.611081
755.948396
947.975390
1108.403006
911.514569
473.984707
162.852362
34.024125
-77.789062
-311.138321
-583.379124
-661.162210
-471.565937
-179.879363
-24.313190
-21.882469
4.855467
138.545147
216.328234
12.147632
-328.153371
-469.135216
-447.258722
-563.933352
-811.866940
-831.312712
-520.180366
-148.279984
89.930718
240.635448
464.261822
746.225510
877.484468
792.409217
617.397273
476.415429
330.572142
121.530097
-155.572148
-381.629243
-415.659344
-296.553993
-211.478742
-262.523892
-294.123271
-189.602249
-85.081226
-109.388441
-211.478742
-255.231728
-262.523892
-330.584093
-420.520787
-333.014814
-53.481847
226.051119
396.201621
486.138315
571.213565
680.596031
729.210460
610.105109
345.156471
89.930718
-94.804112
-245.508842
-376.767800
-466.704494
-415.659344
-238.216678
-75.358341
14.578353
157.990919
374.325128
500.722643
466.692543
369.463685
284.388434
204.174626
114.237933
14.578353
-63.204733
-60.774012
-19.451747
43.747011
145.837312
252.789055
359.740799
461.831100
500.722643
442.385329
376.755849
354.879356
315.987813
211.466791
80.207832
41.316289
89.930718
114.237933
82.638554
106.945768
218.758955
333.002863
401.063064
447.246771
476.415429
464.261822
493.430479
561.490680
447.246771
60.762061
-362.183472
-525.041809
-593.102010
-1054.939085
-1874.092214
-2267.869089
-1784.155520
-1086.538464
-901.803634
-916.387963
-495.873152
301.403484
845.885089
879.915190
872.623025
1110.833728
1161.878878
731.641181
145.837312
-131.264934
-126.403491
-196.894413
-466.704494
-690.330868
-612.547781
-257.662449
75.346389
138.545147
58.331339
46.177732
80.207832
-12.159583
-320.861207
-627.132110
-678.177260
-585.809845
-624.701388
-692.761589
-488.580987
-21.882469
413.216671
636.843045
709.764688
787.547775
858.038697
751.086953
444.816050
155.560197
-31.605354
-194.463692
-420.520787
-617.409224
-590.671288
-347.599143
-111.819162
-24.313190
-2.436697
43.747011
12.147632
-189.602249
-425.382229
-534.764695
-580.948402
-646.577881
-707.345918
-644.147160
-354.891307
70.484947
464.261822
721.918295
833.731482
845.885089
789.978496
651.427373
371.894406
24.301239
-277.108221
-529.903252
-714.638082
-736.514575
-580.948402
-315.999764
-36.466797
192.021019
350.017913
476.415429
546.906351
503.153365
381.617292
243.066170
104.515047
-17.021026
-77.789062
-65.635455
31.593403
172.575247
252.789055
267.373384
306.264927
371.894406
391.340178
320.849256
238.204727
172.575247
126.391540
99.653604
92.361440
162.852362
272.234827
325.710699
313.557092
289.249877
289.249877
301.403484
306.264927
252.789055
194.451741
272.234827
461.831100
610.105109
680.596031
644.135209
418.078114
126.391540
-65.635455
-277.108221
-833.743433
-1752.556142
-2459.896084
-2292.176304
-1499.761111
-996.601770
-969.863834
-692.761589
157.990919
996.589819
1280.984229
1227.508357
1290.707115
1351.475151
952.836833
221.189677
-267.385335
-359.752750
-422.951508
-646.577881
-789.990447
-651.439324
-289.261828
102.084325
335.433585
333.002863
196.882462
55.900618
-92.373391
-364.614193
-736.514575
-947.987341
-853.189205
-675.746539
-595.532731
-391.352129
128.822261
704.903245
984.436212
989.297655
947.975390
904.222404
702.472524
320.849256
-68.066176
-340.306979
-532.333973
-634.424274
-593.102010
-447.258722
-230.924513
38.885568
243.066170
252.789055
148.268033
111.807211
43.747011
-333.014814
-872.634976
-1059.800528
-700.053753
-352.460586
-420.520787
-410.797901
194.451741
938.252505
1149.725271
904.222404
712.195410
714.626131
568.782844
70.484947
-464.273773
-631.993553
-585.809845
-661.162210
-687.900146
-464.273773
-48.620405
347.587192
512.876251
449.677493
388.909457
442.385329
408.355228
157.990919
-106.957719
-170.156477
-75.358341
21.870518
46.177732
121.530097
359.740799
534.752744
444.816050
269.804106
223.620398
243.066170
218.758955
109.376490
-24.313190
-34.036076
116.668654
260.081220
301.403484
342.725749
430.231721
466.692543
369.463685
206.605348
123.960818
175.005969
235.774005
216.328234
272.234827
525.029858
789.978496
782.686332
473.984707
85.069275
-155.572148
-333.014814
-901.803634
-2041.811994
-3023.823460
-2882.841616
-1781.724799
-892.080748
-780.267561
-697.623032
123.960818
1242.092686
1701.499040
1470.580502
1268.830622
1217.785471
782.686332
-36.466797
-612.547781
-634.424274
-495.873152
-593.102010
-743.806739
-593.102010
-148.279984
325.710699
549.337072
427.801000
48.608453
-325.722650
-522.611087
-690.330868
-945.556620
-1081.677021
-877.496419
-476.427380
-133.695655
153.129476
561.490680
1020.897034
1239.661964
1091.387956
758.379117
444.816050
162.852362
-131.264934
-376.767800
-537.195416
-578.517681
-459.412330
-243.078121
-31.605354
177.436690
357.310078
386.478735
216.328234
-55.912569
-269.816057
-430.243672
-646.577881
-853.189205
-772.975397
-459.412330
-240.647399
-12.159583
486.138315
1003.881984
1096.249399
838.592925
561.490680
398.632342
201.743905
-201.755856
-590.671288
-663.592932
-537.195416
-486.150266
-359.752750
4.855467
325.710699
442.385329
456.969657
418.078114
342.725749
243.066170
106.945768
-63.204733
-148.279984
-106.957719
-4.867418
160.421640
325.710699
432.662443
510.445529
539.614187
439.954607
257.650498
111.807211
12.147632
-63.204733
-31.605354
48.608453
121.530097
267.373384
439.954607
563.921401
656.288816
670.873145
559.059958
367.032964
150.698754
-34.036076
-85.081226
63.192782
291.680599
490.999758
644.135209
785.117053
982.005491
999.020541
559.059958
-155.572148
-690.330868
-1135.152893
-2061.257766
-3317.940756
-3650.949595
-2408.850933
-775.406118
-235.785956
-422.951508
106.945768
1446.273288
2202.227659
1720.944812
967.421162
719.487574
493.430479
-252.801006
-1023.339706
-1047.646921
-597.963452
-405.936458
-478.858101
-362.183472
34.024125
415.647393
517.737694
262.511941
-264.954614
-816.728383
-1069.523414
-1028.201149
-982.017442
-1001.463213
-760.821790
-133.695655
471.553986
729.210460
872.623025
1130.279499
1237.231243
901.791683
281.957713
-204.186577
-379.198522
-420.520787
-491.011709
-532.333973
-435.105115
-160.433591
170.144526
364.602242
357.310078
238.204727
75.346389
-189.602249
-556.641188
-792.421169
-704.915196
-425.382229
-216.340185
-133.695655
-12.159583
252.789055
590.659337
867.761582
921.237454
658.719538
260.081220
-26.743911
-172.587199
-284.400385
-422.951508
-486.150266
-364.614193
-165.295034
-7.298140
187.159576
464.261822
597.951501
442.385329
228.481841
150.698754
143.406590
97.222883
-4.867418
-51.051126
14.578353
128.822261
221.189677
308.695649
415.647393
447.246771
388.909457
296.542041
150.698754
2.424746
-53.481847
-36.466797
7.286189
94.792161
240.635448
379.186571
493.430479
583.367173
597.951501
508.014808
347.587192
201.743905
145.837312
89.930718
-51.051126
-38.897519
308.695649
670.873145
748.656231
768.102003
1035.481363
1263.969179
884.776633
-34.036076
-758.391068
-1050.077642
-1728.248927
-3157.513140
-4015.557812
-2989.793360
-955.279506
119.099376
-68.066176
-4.867418
1166.740321
2306.748681
2085.553029
1030.619920
469.123264
384.048014
-92.373391
-867.773533
-1137.583615
-738.945297
-298.984714
-226.063070
-267.385335
-77.789062
233.343284
364.602242
155.560197
-413.228622
-1062.231250
-1283.426902
-977.155999
-670.885096
-697.623032
-600.394174
68.054225
836.162204
1042.773527
850.746532
826.439318
969.851883
753.517674
60.762061
-537.195416
-634.424274
-476.427380
-405.936458
-437.535837
-328.153371
-34.036076
267.373384
367.032964
247.927612
99.653604
-29.174633
-240.647399
-566.364074
-765.683233
-576.086959
-165.295034
55.900618
19.439796
65.623504
328.141420
554.198515
583.367173
505.584086
398.632342
182.298133
-116.680605
-294.123271
-301.415435
-284.400385
-335.445536
-347.599143
-230.924513
-36.466797
140.975869
286.819156
328.141420
204.174626
58.331339
77.777111
175.005969
140.975869
7.286189
-24.313190
82.638554
182.298133
182.298133
182.298133
230.912562
243.066170
218.758955
235.774005
294.111320
284.388434
179.867412
94.792161
136.114426
279.526991
393.770900
352.448635
269.804106
291.680599
420.508835
490.999758
347.587192
153.129476
155.560197
247.927612
199.313183
192.021019
525.029858
916.376011
884.776633
683.026752
809.424268
991.728376
595.520780
-337.876257
-1059.800528
-1426.839467
-2282.453418
-3616.919494
-3689.841138
-1745.263977
262.511941
488.569036
-111.819162
381.617292
1823.035113
2438.007640
1582.393689
542.044908
291.680599
155.560197
-476.427380
-984.448163
-789.990447
-391.352129
-308.707600
-362.183472
-281.969664
-85.081226
87.499997
94.792161
-243.078121
-860.481369
-1251.827523
-977.155999
-350.029864
-116.680605
-303.846157
-119.111327
622.258716
1125.418056
972.282605
653.858095
617.397273
595.520780
177.436690
-425.382229
-666.023653
-478.858101
-262.523892
-303.846157
-413.228622
-279.538942
58.331339
284.388434
218.758955
12.147632
-138.557098
-179.879363
-226.063070
-306.276878
-240.647399
41.316289
301.403484
303.834206
209.036069
206.605348
240.635448
257.650498
298.972763
257.650498
68.054225
-119.111327
-143.418541
-36.466797
7.286189
-121.542048
-252.801006
-160.433591
29.162682
99.653604
114.237933
175.005969
187.159576
94.792161
72.915668
148.268033
196.882462
167.713805
65.623504
-31.605354
-46.189683
-19.451747
-9.728861
19.439796
55.900618
60.762061
119.099376
274.665548
359.740799
262.511941
102.084325
55.900618
133.683704
243.066170
240.635448
114.237933
114.237933
347.587192
512.876251
371.894406
126.391540
121.530097
328.141420
456.969657
374.325128
303.834206
527.460579
899.360961
1013.604869
775.394167
408.355228
4.855467
-415.659344
-797.282611
-1531.360490
-2902.287388
-3877.006690
-3040.838511
-858.050648
619.827994
469.123264
41.316289
855.607975
2216.811988
2297.025796
1064.650020
157.990919
109.376490
-155.572148
-928.541570
-1244.535358
-760.821790
-262.523892
-308.707600
-561.502631
-452.120165
-19.451747
184.728855
-111.819162
-668.454375
-1064.661971
-986.878885
-435.105115
48.608453
43.747011
-36.466797
384.048014
984.436212
1074.372906
700.041802
449.677493
454.538936
238.204727
-313.569043
-668.454375
-505.596037
-199.325134
-182.310084
-364.614193
-362.183472
-53.481847
216.328234
157.990919
-85.081226
-206.617299
-143.418541
-55.912569
-70.496898
-72.927619
155.560197
500.722643
527.460579
204.174626
-7.298140
72.915668
136.114426
-26.743911
-228.493792
-189.602249
55.900618
201.743905
138.545147
63.192782
51.039175
36.454846
-14.590304
-87.511948
-123.972770
-24.313190
133.683704
192.021019
165.283083
201.743905
333.002863
425.370278
313.557092
65.623504
-48.620405
26.731960
26.731960
-99.665555
-109.388441
-4.867418
102.084325
209.036069
330.572142
430.231721
461.831100
364.602242
157.990919
14.578353
21.870518
160.421640
320.849256
335.433585
284.388434
408.355228
617.397273
576.075008
267.373384
-9.728861
-46.189683
204.174626
542.044908
707.333967
748.656231
853.177254
957.698276
836.162204
325.710699
-422.951508
-909.095798
-1368.502152
-2775.889872
-4443.364788
-3940.205447
-1013.616821
1327.167937
1059.788577
-106.957719
520.168415
2530.375055
3045.688002
1251.815572
-376.767800
-281.969664
-26.743911
-787.559726
-1412.255138
-977.155999
-238.216678
-82.650505
-413.228622
-600.394174
-328.153371
17.009075
-119.111327
-770.544675
-1346.625659
-1183.767322
-235.785956
593.090058
490.999758
65.623504
384.048014
1103.541563
1091.387956
342.725749
-145.849263
-70.496898
-109.388441
-585.809845
-896.942191
-578.517681
-85.081226
-26.743911
-340.306979
-488.580987
-252.801006
55.900618
43.747011
-213.909463
-303.846157
-70.496898
228.481841
362.171521
369.463685
405.924507
505.584086
432.662443
63.192782
-255.231728
-216.340185
-99.665555
-235.785956
-350.029864
-80.219783
337.864306
505.584086
352.448635
48.608453
-94.804112
-29.174633
-65.635455
-250.370285
-291.692550
-92.373391
148.268033
342.725749
444.816050
413.216671
405.924507
456.969657
279.526991
-46.189683
-148.279984
-89.942669
-128.834212
-162.864313
-29.174633
177.436690
364.602242
459.400379
398.632342
335.433585
354.879356
277.096270
41.316289
-104.526998
-19.451747
240.635448
534.752744
610.105109
517.737694
595.520780
731.641181
542.044908
104.515047
-121.542048
48.608453
398.632342
622.258716
685.457474
855.607975
1105.972285
1018.466312
415.647393
-354.891307
-824.020547
-1280.996180
-2544.971335
-4287.798615
-4350.997373
-1662.619448
1310.152887
1745.252026
505.584086
510.445529
2211.950545
3087.010267
1594.547296
-430.243672
-787.559726
-320.861207
-717.068804
-1395.240088
-1064.661971
-170.156477
133.683704
-252.801006
-629.562831
-546.918302
-257.662449
-369.475636
-947.987341
-1397.670810
-1071.954135
-2.436697
960.128998
1045.204248
610.105109
614.966552
1020.897034
923.668176
150.698754
-486.150266
-522.611087
-415.659344
-614.978503
-797.282611
-449.689444
179.867412
352.448635
-75.358341
-512.888202
-515.318923
-260.093171
-211.478742
-408.367179
-393.782851
36.454846
469.123264
576.075008
573.644287
668.442423
631.981602
255.219777
-328.153371
-683.038703
-517.749645
-206.617299
-311.138321
-559.071909
-247.939564
493.430479
855.607975
561.490680
31.593403
-245.508842
-211.478742
-269.816057
-525.041809
-505.596037
-72.927619
281.957713
391.340178
537.183465
707.333967
653.858095
367.032964
-51.051126
-396.213572
-388.921408
-158.002870
-85.081226
-102.096276
123.960818
471.553986
624.689437
571.213565
381.617292
192.021019
102.084325
17.009075
-155.572148
-252.801006
-29.174633
456.969657
862.900140
913.945290
712.195410
607.674387
610.105109
430.231721
31.593403
-340.306979
-401.075015
-9.728861
680.596031
1280.984229
1558.086474
1400.089580
913.945290
350.017913
-291.692550
-1076.815578
-1993.197565
-3298.494984
-4674.283326
-4227.030579
-1045.216199
2158.474673
2476.899183
1042.773527
882.345911
2275.149303
2734.555657
1023.327755
-913.957241
-1137.583615
-617.409224
-789.990447
-986.878885
-376.767800
306.264927
184.728855
-505.596037
-1045.216199
-1016.047542
-712.207361
-770.544675
-1198.351651
-1251.827523
-410.797901
904.222404
1691.776154
1470.580502
816.716432
503.153365
476.415429
160.421640
-454.550887
-819.159104
-661.162210
-405.936458
-391.352129
-301.415435
138.545147
515.306972
267.373384
-498.303873
-1042.785478
-935.833734
-498.303873
-204.186577
-17.021026
294.111320
687.888195
960.128998
964.990440
785.117053
529.891301
111.807211
-476.427380
-926.110848
-911.526520
-415.659344
89.930718
116.668654
-70.496898
247.927612
848.315811
785.117053
29.162682
-585.809845
-661.162210
-461.843051
-320.861207
-230.924513
60.762061
525.029858
729.210460
566.352123
381.617292
267.373384
58.331339
-274.677499
-605.255617
-607.686338
-131.264934
337.864306
418.078114
388.909457
481.276872
488.569036
272.234827
-29.174633
-272.246778
-281.969664
-51.051126
138.545147
196.882462
354.879356
702.472524
1030.619920
1033.050641
687.888195
388.909457
350.017913
170.144526
-335.445536
-595.532731
-179.879363
529.891301
964.990440
1122.987335
1290.707115
1443.842566
1098.680120
111.807211
-841.035598
-1212.935980
-1538.652654
-2819.642859
-4671.852604
-4676.714047
-1349.056381
2581.420205
3167.224075
984.436212
75.346389
1572.670803
2438.007640
794.839939
-1285.857623
-1290.719066
-106.957719
19.439796
-695.192310
-580.948402
311.126370
403.493785
-792.421169
-1961.598186
-1764.709749
-721.930246
-408.367179
-935.833734
-967.433113
111.807211
1492.456995
2049.092208
1409.812466
328.141420
-199.325134
-179.879363
-333.014814
-644.147160
-522.611087
-26.743911
179.867412
-97.234834
-260.093171
97.222883
384.048014
-158.002870
-1171.613715
-1575.113476
-996.601770
-87.511948
478.846150
668.442423
794.839939
986.866934
1047.634970
804.562825
367.032964
-7.298140
-318.430486
-690.330868
-901.803634
-554.210466
206.605348
700.041802
490.999758
14.578353
21.870518
388.909457
298.972763
-347.599143
-755.960347
-520.180366
-31.605354
298.972763
442.385329
551.767794
639.273766
471.553986
24.301239
-289.261828
-255.231728
-150.710705
-235.785956
-335.445536
-97.234834
444.816050
785.117053
631.981602
279.526991
85.069275
7.286189
-92.373391
-194.463692
-175.017920
7.286189
250.358334
398.632342
432.662443
478.846150
551.767794
595.520780
619.827994
561.490680
379.186571
325.710699
442.385329
308.695649
-99.665555
-201.755856
286.819156
875.053747
1181.324650
1358.767316
1373.351644
962.559719
97.222883
-760.821790
-1093.830628
-1256.688966
-2452.603919
-4594.069518
-4978.123507
-1596.989969
2756.432150
3565.862393
1161.878878
-167.725756
1096.249399
2049.092208
724.349017
-1020.908985
-940.695177
245.496891
359.740799
-556.641188
-653.870046
245.496891
226.051119
-1397.670810
-2763.736265
-2275.161254
-845.897040
-194.463692
-456.981608
-471.565937
422.939557
1594.547296
1949.432628
1154.586714
-24.313190
-666.023653
-690.330868
-607.686338
-495.873152
-29.174633
549.337072
520.168415
-153.141427
-588.240567
-376.767800
-221.201628
-736.514575
-1453.577403
-1524.068325
-753.529625
255.219777
877.484468
1103.541563
1191.047535
1037.912084
478.846150
-109.388441
-298.984714
-206.617299
-196.894413
-325.722650
-345.168422
65.623504
712.195410
828.870039
192.021019
-505.596037
-595.532731
-216.340185
21.870518
-109.388441
-194.463692
72.915668
345.156471
311.126370
221.189677
286.819156
267.373384
-14.590304
-333.014814
-359.752750
-7.298140
347.587192
277.096270
-17.021026
-9.728861
230.912562
269.804106
80.207832
-58.343290
-43.758962
53.469896
138.545147
179.867412
284.388434
447.246771
459.400379
311.126370
257.650498
381.617292
461.831100
481.276872
668.442423
870.192304
743.794788
510.445529
525.029858
408.355228
-80.219783
-235.785956
308.695649
855.607975
1054.927134
1254.246293
1295.568558
760.809839
-189.602249
-1052.508364
-1429.270189
-1742.833256
-3186.681798
-5000.000000
-3855.130197
792.409217
4151.666263
2911.998323
97.222883
-286.831107
1025.758477
1020.897034
-532.333973
-1208.074537
109.376490
1302.860722
534.752744
-554.210466
-53.481847
532.322022
-816.728383
-2824.504301
-3079.730054
-1599.420690
-172.587199
131.252983
-75.358341
408.355228
1453.565452
1757.405633
974.713326
24.301239
-576.086959
-862.912091
-726.791689
-245.508842
323.279977
889.638076
1018.466312
201.743905
-819.159104
-943.125898
-614.978503
-777.836840
-1198.351651
-1198.351651
-675.746539
109.376490
770.532724
1042.773527
1020.897034
748.656231
143.406590
-342.737700
-221.201628
116.668654
128.822261
36.454846
128.822261
274.665548
391.340178
337.864306
-114.249884
-680.607982
-872.634976
-646.577881
-145.849263
405.924507
619.827994
473.984707
330.572142
165.283083
-99.665555
-192.032970
-94.804112
-75.358341
-92.373391
24.301239
192.021019
391.340178
505.584086
257.650498
-165.295034
-272.246778
-128.834212
-58.343290
14.578353
145.837312
182.298133
194.451741
262.511941
233.343284
157.990919
206.605348
213.897512
138.545147
301.403484
583.367173
571.213565
454.538936
607.674387
763.240560
597.951501
296.542041
-9.728861
-277.108221
-80.219783
692.749638
1263.969179
1232.369800
1081.665070
938.252505
413.216671
-379.198522
-1074.384857
-1353.917824
-1336.902774
-2309.191354
-4426.349738
-4316.967272
4.855467
4161.389148
3485.648585
97.222883
-1205.643815
80.207832
982.005491
24.301239
-989.309606
89.930718
1759.836355
1159.448157
-566.364074
-527.472530
279.526991
-751.098904
-2688.383900
-2989.793360
-1492.468946
160.421640
595.520780
9.716910
-60.774012
848.315811
1273.692065
571.213565
-126.403491
-345.168422
-439.966558
-184.740806
454.538936
855.607975
921.237454
734.071903
-150.710705
-1341.764216
-1584.836362
-892.080748
-425.382229
-498.303873
-583.379124
-354.891307
226.051119
816.716432
862.900140
447.246771
160.421640
46.177732
-150.710705
-257.662449
-12.159583
488.569036
853.177254
549.337072
-342.737700
-680.607982
97.222883
700.041802
121.530097
-695.192310
-736.514575
-352.460586
19.439796
422.939557
612.535830
464.261822
223.620398
-75.358341
-296.553993
-21.882469
347.587192
114.237933
-206.617299
17.009075
323.279977
342.725749
291.680599
55.900618
-359.752750
-350.029864
85.069275
291.680599
286.819156
337.864306
218.758955
4.855467
80.207832
226.051119
153.129476
145.837312
226.051119
245.496891
486.138315
836.162204
777.824889
525.029858
600.382223
697.611081
408.355228
-38.897519
-315.999764
-158.002870
588.228616
1251.815572
1144.863828
799.701382
855.607975
726.779738
-68.066176
-986.878885
-1453.577403
-1560.529147
-2129.317967
-3670.395366
-4263.491400
-1263.981130
3189.100568
3808.934538
473.984707
-1750.125420
-770.544675
656.288816
469.123264
-330.584093
43.747011
1436.550402
1672.330383
111.807211
-943.125898
-534.764695
-845.897040
-2430.727426
-2817.212137
-1266.411851
281.957713
668.442423
294.111320
-123.972770
-0.005976
418.078114
296.542041
-206.617299
-337.876257
-209.048020
46.177732
787.547775
1448.704009
1105.972285
243.066170
-335.445536
-882.357862
-1375.794317
-1135.152893
-447.258722
-165.295034
-267.385335
-342.737700
-233.355235
114.237933
379.186571
184.728855
-60.774012
155.560197
388.909457
325.710699
449.677493
770.532724
685.457474
235.774005
-213.909463
-593.102010
-493.442430
247.927612
658.719538
119.099376
-546.918302
-583.379124
-133.695655
393.770900
488.569036
-9.728861
-347.599143
-31.605354
264.942663
218.758955
323.279977
444.816050
213.897512
19.439796
145.837312
267.373384
250.358334
114.237933
-194.463692
-364.614193
-48.620405
269.804106
172.575247
24.301239
19.439796
-9.728861
85.069275
354.879356
420.508835
240.635448
153.129476
206.605348
328.141420
612.535830
824.008596
668.442423
408.355228
435.093164
593.090058
442.385329
4.855467
-63.204733
668.442423
1380.643809
1033.050641
301.403484
469.123264
1006.312705
546.906351
-702.484475
-1315.026280
-986.878885
-1212.935980
-3104.037268
-4669.421883
-2532.817727
2216.811988
4027.699469
1118.125892
-1806.032014
-1244.535358
439.954607
359.740799
-422.951508
157.990919
1577.532246
1747.682748
381.617292
-478.858101
-29.174633
-301.415435
-2170.640231
-3035.977068
-1378.225038
437.523886
333.002863
-510.457480
-449.689444
89.930718
58.331339
-420.520787
-456.981608
68.054225
235.774005
-131.264934
165.283083
1346.613708
1720.944812
537.183465
-700.053753
-884.788584
-585.809845
-435.105115
-328.153371
-162.864313
-68.066176
-243.078121
-644.147160
-700.053753
-153.141427
201.743905
-143.418541
-388.921408
70.484947
580.936451
646.565930
612.535830
559.059958
238.204727
-72.927619
-48.620405
160.421640
308.695649
209.036069
-196.894413
-393.782851
46.177732
442.385329
53.469896
-510.457480
-442.397280
-121.542048
-7.298140
92.361440
204.174626
153.129476
51.039175
36.454846
31.593403
109.376490
245.496891
157.990919
7.286189
184.728855
454.538936
374.325128
55.900618
-170.156477
-206.617299
-60.774012
133.683704
167.713805
94.792161
99.653604
157.990919
177.436690
284.388434
505.584086
600.382223
525.029858
505.584086
588.228616
661.150259
597.951501
226.051119
-257.662449
-82.650505
962.559719
1844.911606
1562.947917
566.352123
75.346389
318.418535
340.295028
-335.445536
-955.279506
-1159.460108
-2090.426423
-3937.774726
-3930.482562
-204.186577
3631.491872
2795.323693
-1174.044436
-2598.447207
-371.906358
1246.954129
204.174626
-768.113954
473.984707
1971.309121
1373.351644
-89.942669
-170.156477
245.496891
-955.279506
-2622.754421
-1998.059008
386.478735
1327.167937
-116.680605
-1502.191832
-1033.062592
85.069275
92.361440
-600.394174
-670.885096
-243.078121
-85.081226
140.975869
1028.189198
1720.944812
1064.650020
-311.138321
-875.065698
-405.936458
114.237933
209.036069
165.283083
53.469896
-216.340185
-442.397280
-405.936458
-189.602249
-155.572148
-456.981608
-617.409224
-155.572148
413.216671
328.141420
-68.066176
92.361440
568.782844
508.014808
41.316289
43.747011
576.075008
772.963446
221.189677
-388.921408
-226.063070
456.969657
576.075008
-140.987820
-700.053753
-459.412330
2.424746
46.177732
-87.511948
-21.882469
72.915668
-26.743911
-138.557098
-26.743911
209.036069
221.189677
-34.036076
-121.542048
209.036069
573.644287
520.168415
165.283083
-77.789062
-99.665555
-26.743911
46.177732
63.192782
29.162682
-29.174633
-26.743911
114.237933
391.340178
588.228616
525.029858
345.156471
255.219777
267.373384
301.403484
269.804106
240.635448
410.785950
755.948396
972.282605
872.623025
729.210460
748.656231
651.427373
184.728855
-308.707600
-359.752750
-410.797901
-1502.191832
-3332.525085
-3612.058052
-833.743433
2469.607019
2231.396316
-1033.062592
-2588.724321
-780.267561
758.379117
-160.433591
-921.249405
408.355228
1679.622547
962.559719
-111.819162
284.388434
814.285711
-415.659344
-2090.426423
-1626.158626
490.999758
1293.137836
-24.313190
-1205.643815
-794.851890
4.855467
-138.557098
-702.484475
-746.237461
-483.719544
-493.442430
-398.644293
430.231721
1285.845672
892.068797
-405.936458
-870.204255
-143.418541
452.108214
313.557092
157.990919
286.819156
177.436690
-170.156477
-184.740806
102.084325
87.499997
-352.460586
-675.746539
-442.397280
133.683704
415.647393
175.005969
-160.433591
-175.017920
46.177732
238.204727
313.557092
330.572142
401.063064
425.370278
267.373384
157.990919
342.725749
452.108214
80.207832
-301.415435
-119.111327
245.496891
252.789055
60.762061
-36.466797
-87.511948
-150.710705
-162.864313
-89.942669
-9.728861
-4.867418
-60.774012
-9.728861
211.466791
357.310078
257.650498
99.653604
55.900618
114.237933
182.298133
179.867412
111.807211
102.084325
187.159576
240.635448
294.111320
456.969657
571.213565
422.939557
111.807211
-12.159583
160.421640
384.048014
384.048014
201.743905
143.406590
427.801000
794.839939
816.716432
561.490680
442.385329
386.478735
87.499997
-252.801006
-398.644293
-777.836840
-1589.697804
-1898.399429
-702.484475
1054.927134
1229.939079
-381.629243
-1514.345439
-826.451269
55.900618
-376.767800
-957.710227
-298.984714
631.981602
364.602242
-408.367179
-201.755856
420.508835
4.855467
-1023.339706
-894.511469
357.310078
656.288816
-238.216678
-600.394174
-109.388441
165.283083
-189.602249
-422.951508
-264.954614
-318.430486
-641.716439
-568.794795
43.747011
469.123264
162.852362
-384.059965
-439.966558
-121.542048
55.900618
21.870518
-36.466797
-97.234834
-187.171527
-165.295034
26.731960
162.852362
70.484947
-94.804112
-133.695655
-43.758962
38.885568
60.762061
46.177732
29.162682
17.009075
68.054225
175.005969
211.466791
155.560197
138.545147
206.605348
255.219777
213.897512
184.728855
211.466791
150.698754
-7.298140
-65.635455
58.331339
167.713805
123.960818
68.054225
133.683704
209.036069
177.436690
104.515047
46.177732
-2.436697
-36.466797
-46.189683
4.855467
102.084325
184.728855
194.451741
131.252983
99.653604
128.822261
136.114426
89.930718
21.870518
4.855467
72.915668
170.144526
233.343284
247.927612
247.927612
247.927612
240.635448
255.219777
294.111320
315.987813
313.557092
289.249877
213.897512
155.560197
201.743905
303.834206
398.632342
420.508835
313.557092
155.560197
77.777111
34.024125
-155.572148
-420.520787
-367.044915
29.162682
323.279977
218.758955
-121.542048
-452.120165
-680.607982
-644.147160
-221.201628
167.713805
26.731960
-415.659344
-607.686338
-437.535837
-245.508842
-194.463692
-170.156477
-148.279984
-298.984714
-495.873152
-367.044915
-43.758962
26.731960
-133.695655
-209.048020
-221.201628
-323.291928
-376.767800
-228.493792
-38.897519
-43.758962
-192.032970
-267.385335
-206.617299
-148.279984
-148.279984
-106.957719
-53.481847
-58.343290
-77.789062
-21.882469
46.177732
9.716910
-58.343290
-36.466797
-9.728861
-87.511948
-143.418541
-19.451747
165.283083
223.620398
177.436690
140.975869
53.469896
-68.066176
-70.496898
63.192782
167.713805
153.129476
102.084325
123.960818
189.590298
201.743905
177.436690
143.406590
70.484947
-17.021026
-14.590304
77.777111
126.391540
116.668654
145.837312
199.313183
165.283083
70.484947
26.731960
82.638554
140.975869
80.207832
14.578353
46.177732
70.484947
43.747011
41.316289
99.653604
131.252983
87.499997
53.469896
92.361440
172.575247
206.605348
196.882462
192.021019
177.436690
104.515047
70.484947
216.328234
401.063064
386.478735
284.388434
294.111320
337.864306
313.557092
284.388434
296.542041
211.466791
12.147632
-218.770906
-427.812951
-362.183472
75.346389
522.599136
495.861200
-12.159583
-585.809845
-821.589826
-561.502631
-41.328240
226.051119
12.147632
-415.659344
-690.330868
-614.978503
-340.306979
-114.249884
-48.620405
-145.849263
-359.752750
-510.457480
-384.059965
-143.418541
-94.804112
-172.587199
-179.879363
-175.017920
-294.123271
-340.306979
-133.695655
87.499997
65.623504
-77.789062
-153.141427
-158.002870
-165.295034
-162.864313
-121.542048
-94.804112
-123.972770
-148.279984
-85.081226
-26.743911
-75.358341
-70.496898
43.747011
72.915668
-38.897519
-87.511948
-0.005976
92.361440
111.807211
104.515047
136.114426
136.114426
68.054225
26.731960
116.668654
250.358334
260.081220
167.713805
138.545147
177.436690
167.713805
123.960818
116.668654
106.945768
58.331339
43.747011
119.099376
196.882462
209.036069
196.882462
187.159576
150.698754
94.792161
48.608453
53.469896
99.653604
87.499997
24.301239
31.593403
68.054225
46.177732
26.731960
87.499997
140.975869
94.792161
48.608453
92.361440
138.545147
106.945768
63.192782
111.807211
211.466791
228.481841
133.683704
43.747011
72.915668
196.882462
323.279977
413.216671
384.048014
245.496891
165.283083
238.204727
352.448635
398.632342
362.171521
194.451741
-99.665555
-403.505736
-461.843051
-99.665555
427.801000
585.797894
179.867412
-413.228622
-751.098904
-717.068804
-364.614193
92.361440
165.283083
-252.801006
-617.409224
-556.641188
-313.569043
-230.924513
-230.924513
-192.032970
-255.231728
-486.150266
-593.102010
-381.629243
-158.002870
-175.017920
-294.123271
-284.400385
-243.078121
-318.430486
-315.999764
-123.972770
26.731960
-48.620405
-201.755856
-260.093171
-264.954614
-267.385335
-196.894413
-68.066176
-12.159583
-31.605354
-46.189683
-55.912569
-102.096276
-150.710705
-106.957719
12.147632
36.454846
-68.066176
-102.096276
-0.005976
68.054225
53.469896
94.792161
167.713805
114.237933
2.424746
7.286189
111.807211
192.021019
226.051119
211.466791
138.545147
70.484947
72.915668
150.698754
230.912562
209.036069
136.114426
138.545147
204.174626
216.328234
153.129476
119.099376
133.683704
97.222883
70.484947
136.114426
216.328234
233.343284
187.159576
133.683704
97.222883
75.346389
72.915668
75.346389
109.376490
162.852362
165.283083
143.406590
153.129476
165.283083
148.268033
138.545147
165.283083
204.174626
201.743905
160.421640
167.713805
262.511941
376.755849
381.617292
272.234827
148.268033
133.683704
238.204727
401.063064
466.692543
281.957713
-9.728861
-240.647399
-379.198522
-328.153371
75.346389
568.782844
542.044908
-63.204733
-656.300767
-770.544675
-432.674394
17.009075
201.743905
-26.743911
-422.951508
-605.255617
-473.996658
-269.816057
-182.310084
-192.032970
-238.216678
-352.460586
-515.318923
-481.288823
-235.785956
-97.234834
-182.310084
-262.523892
-233.355235
-238.216678
-274.677499
-211.478742
-97.234834
-53.481847
-104.526998
-201.755856
-257.662449
-230.924513
-133.695655
-36.466797
14.578353
29.162682
-21.882469
-77.789062
-80.219783
-85.081226
-89.942669
-70.496898
-68.066176
-109.388441
-111.819162
-4.867418
87.499997
75.346389
46.177732
48.608453
21.870518
-12.159583
-26.743911
-2.436697
58.331339
119.099376
121.530097
94.792161
87.499997
80.207832
99.653604
170.144526
201.743905
145.837312
97.222883
138.545147
172.575247
150.698754
94.792161
53.469896
36.454846
51.039175
114.237933
155.560197
162.852362
157.990919
126.391540
92.361440
77.777111
68.054225
63.192782
89.930718
133.683704
123.960818
111.807211
155.560197
194.451741
162.852362
121.530097
131.252983
140.975869
89.930718
34.024125
92.361440
238.204727
325.710699
274.665548
209.036069
252.789055
298.972763
281.957713
301.403484
333.002863
272.234827
170.144526
75.346389
-150.710705
-478.858101
-454.550887
128.822261
661.150259
498.291922
-150.710705
-619.839945
-653.870046
-403.505736
-14.590304
250.358334
53.469896
-432.674394
-619.839945
-345.168422
-111.819162
-170.156477
-204.186577
-148.279984
-250.370285
-466.704494
-422.951508
-170.156477
-128.834212
-284.400385
-311.138321
-216.340185
-277.108221
-364.614193
-206.617299
34.024125
24.301239
-160.433591
-223.632349
-182.310084
-209.048020
-213.909463
-75.358341
51.039175
7.286189
-94.804112
-89.942669
-19.451747
-26.743911
-36.466797
24.301239
51.039175
-36.466797
-94.804112
4.855467
126.391540
68.054225
-29.174633
38.885568
133.683704
72.915668
-19.451747
48.608453
204.174626
243.066170
184.728855
148.268033
106.945768
14.578353
-17.021026
106.945768
228.481841
157.990919
58.331339
123.960818
218.758955
194.451741
126.391540
138.545147
131.252983
41.316289
4.855467
97.222883
184.728855
138.545147
36.454846
29.162682
75.346389
70.484947
80.207832
150.698754
177.436690
106.945768
53.469896
102.084325
153.129476
148.268033
128.822261
162.852362
201.743905
179.867412
138.545147
140.975869
201.743905
243.066170
223.620398
223.620398
243.066170
235.774005
226.051119
296.542041
398.632342
376.755849
233.343284
65.623504
-199.325134
-512.888202
-461.843051
128.822261
651.427373
456.969657
-211.478742
-697.623032
-719.499525
-422.951508
-26.743911
167.713805
-99.665555
-546.918302
-641.716439
-354.891307
-172.587199
-228.493792
-255.231728
-211.478742
-328.153371
-515.318923
-432.674394
-192.032970
-167.725756
-277.108221
-218.770906
-121.542048
-255.231728
-410.797901
-306.276878
-89.942669
-53.481847
-145.849263
-199.325134
-221.201628
-238.216678
-189.602249
-31.605354
51.039175
-24.313190
-77.789062
-51.051126
-65.635455
-148.279984
-145.849263
-26.743911
43.747011
-14.590304
-43.758962
41.316289
119.099376
109.376490
89.930718
109.376490
77.777111
-7.298140
-7.298140
106.945768
204.174626
201.743905
155.560197
165.283083
177.436690
128.822261
150.698754
238.204727
255.219777
189.590298
143.406590
157.990919
138.545147
68.054225
80.207832
138.545147
160.421640
153.129476
187.159576
238.204727
218.758955
140.975869
77.777111
53.469896
29.162682
-0.005976
38.885568
136.114426
196.882462
170.144526
123.960818
138.545147
162.852362
150.698754
153.129476
199.313183
209.036069
140.975869
116.668654
216.328234
301.403484
267.373384
226.051119
243.066170
272.234827
286.819156
311.126370
340.295028
330.572142
281.957713
196.882462
-63.204733
-452.120165
-559.071909
-89.942669
551.767794
614.966552
77.777111
-478.858101
-690.330868
-534.764695
-104.526998
228.481841
31.593403
-503.165316
-717.068804
-456.981608
-209.048020
-204.186577
-172.587199
-85.081226
-187.171527
-435.105115
-437.535837
-221.201628
-199.325134
-345.168422
-315.999764
-150.710705
-189.602249
-333.014814
-235.785956
-21.882469
-14.590304
-158.002870
-221.201628
-262.523892
-362.183472
-345.168422
-136.126377
2.424746
-63.204733
-160.433591
-148.279984
-114.249884
-160.433591
-155.572148
-24.313190
12.147632
-109.388441
-192.032970
-116.680605
-12.159583
-7.298140
2.424746
70.484947
63.192782
-34.036076
-34.036076
94.792161
196.882462
170.144526
119.099376
136.114426
140.975869
68.054225
7.286189
77.777111
199.313183
218.758955
172.575247
157.990919
157.990919
140.975869
140.975869
162.852362
150.698754
80.207832
36.454846
102.084325
182.298133
172.575247
94.792161
60.762061
72.915668
43.747011
43.747011
145.837312
238.204727
182.298133
82.638554
94.792161
153.129476
133.683704
72.915668
111.807211
187.159576
170.144526
138.545147
206.605348
315.987813
340.295028
303.834206
311.126370
340.295028
267.373384
196.882462
252.789055
333.002863
325.710699
252.789055
136.114426
-194.463692
-498.303873
-223.632349
495.861200
841.023646
374.325128
-350.029864
-712.207361
-651.439324
-330.584093
87.499997
233.343284
-131.264934
-561.502631
-529.903252
-184.740806
-99.665555
-213.909463
-218.770906
-235.785956
-435.105115
-549.349023
-320.861207
-111.819162
-194.463692
-279.538942
-145.849263
-72.927619
-257.662449
-347.599143
-148.279984
7.286189
-89.942669
-196.894413
-175.017920
-201.755856
-279.538942
-194.463692
29.162682
102.084325
-17.021026
-114.249884
-133.695655
-138.557098
-136.126377
-46.189683
38.885568
-19.451747
-145.849263
-153.141427
-24.313190
85.069275
92.361440
63.192782
68.054225
38.885568
-36.466797
-41.328240
77.777111
165.283083
116.668654
65.623504
89.930718
111.807211
63.192782
70.484947
209.036069
306.264927
235.774005
111.807211
80.207832
85.069275
63.192782
60.762061
111.807211
119.099376
51.039175
75.346389
209.036069
260.081220
138.545147
19.439796
29.162682
58.331339
41.316289
68.054225
167.713805
211.466791
138.545147
63.192782
99.653604
177.436690
153.129476
128.822261
209.036069
245.496891
140.975869
46.177732
99.653604
194.451741
206.605348
218.758955
262.511941
230.912562
143.406590
199.313183
376.755849
444.816050
325.710699
99.653604
-267.385335
-656.300767
-585.809845
111.807211
729.210460
525.029858
-201.755856
-666.023653
-631.993553
-342.737700
9.716910
196.882462
-65.635455
-529.903252
-658.731489
-388.921408
-182.310084
-199.325134
-199.325134
-182.310084
-289.261828
-403.505736
-301.415435
-170.156477
-257.662449
-337.876257
-182.310084
-48.620405
-204.186577
-376.767800
-260.093171
-53.481847
-58.343290
-162.864313
-175.017920
-199.325134
-281.969664
-206.617299
53.469896
184.728855
31.593403
-165.295034
-206.617299
-170.156477
-136.126377
-51.051126
46.177732
51.039175
-46.189683
-77.789062
43.747011
162.852362
128.822261
46.177732
60.762061
75.346389
21.870518
-2.436697
99.653604
230.912562
226.051119
189.590298
213.897512
196.882462
82.638554
21.870518
145.837312
296.542041
267.373384
123.960818
75.346389
106.945768
123.960818
170.144526
230.912562
182.298133
58.331339
43.747011
182.298133
260.081220
153.129476
24.301239
14.578353
36.454846
14.578353
53.469896
182.298133
238.204727
177.436690
133.683704
179.867412
206.605348
140.975869
109.376490
172.575247
209.036069
150.698754
102.084325
145.837312
216.328234
267.373384
320.849256
350.017913
279.526991
167.713805
155.560197
257.650498
347.587192
333.002863
206.605348
-104.526998
-527.472530
-583.379124
2.424746
685.457474
673.303866
29.162682
-546.918302
-685.469425
-510.457480
-184.740806
114.237933
48.608453
-342.737700
-559.071909
-396.213572
-196.894413
-189.602249
-206.617299
-189.602249
-303.846157
-437.535837
-337.876257
-194.463692
-306.276878
-442.397280
-264.954614
-26.743911
-153.141427
-405.936458
-345.168422
-104.526998
-60.774012
-148.279984
-172.587199
-250.370285
-427.812951
-425.382229
-136.126377
97.222883
24.301239
-145.849263
-187.171527
-162.864313
-158.002870
-77.789062
31.593403
-14.590304
-172.587199
-204.186577
-77.789062
34.024125
51.039175
24.301239
9.716910
19.439796
58.331339
87.499997
109.376490
157.990919
179.867412
162.852362
157.990919
150.698754
89.930718
21.870518
85.069275
235.774005
291.680599
209.036069
104.515047
82.638554
119.099376
145.837312
160.421640
131.252983
51.039175
14.578353
94.792161
199.313183
172.575247
60.762061
24.301239
55.900618
70.484947
89.930718
160.421640
230.912562
196.882462
94.792161
102.084325
148.268033
126.391540
94.792161
140.975869
257.650498
269.804106
189.590298
192.021019
284.388434
325.710699
281.957713
257.650498
262.511941
221.189677
211.466791
323.279977
403.493785
352.448635
260.081220
60.762061
-379.198522
-675.746539
-274.677499
493.430479
678.165309
97.222883
-464.273773
-583.379124
-495.873152
-289.261828
55.900618
157.990919
-213.909463
-561.502631
-444.828001
-221.201628
-230.924513
-221.201628
-97.234834
-179.879363
-435.105115
-388.921408
-104.526998
-162.864313
-442.397280
-318.430486
48.608453
-4.867418
-354.891307
-350.029864
-48.620405
-14.590304
-182.310084
-150.710705
-87.511948
-291.692550
-437.535837
-160.433591
170.144526
111.807211
-114.249884
-148.279984
-85.081226
-133.695655
-138.557098
-2.436697
24.301239
-131.264934
-211.478742
-77.789062
106.945768
136.114426
51.039175
24.301239
58.331339
53.469896
24.301239
55.900618
131.252983
143.406590
140.975869
184.728855
192.021019
89.930718
-0.005976
94.792161
264.942663
281.957713
192.021019
162.852362
150.698754
65.623504
2.424746
75.346389
179.867412
138.545147
38.885568
94.792161
218.758955
218.758955
114.237933
68.054225
85.069275
48.608453
-2.436697
68.054225
189.590298
179.867412
75.346389
80.207832
167.713805
148.268033
77.777111
131.252983
228.481841
179.867412
41.316289
53.469896
187.159576
223.620398
172.575247
201.743905
281.957713
267.373384
206.605348
209.036069
230.912562
221.189677
196.882462
-26.743911
-510.457480
-690.330868
-94.804112
651.427373
597.951501
-80.219783
-539.626138
-585.809845
-503.165316
-274.677499
77.777111
92.361440
-277.108221
-493.442430
-359.752750
-286.831107
-337.876257
-216.340185
-99.665555
-279.538942
-459.412330
-269.816057
-55.912569
-228.493792
-410.797901
-184.740806
58.331339
-150.710705
-413.228622
-274.677499
-46.189683
-85.081226
-150.710705
-29.174633
-43.758962
-306.276878
-362.183472
-68.066176
167.713805
82.638554
-97.234834
-150.710705
-140.987820
-128.834212
-55.912569
38.885568
36.454846
-70.496898
-111.819162
7.286189
145.837312
128.822261
14.578353
-7.298140
58.331339
63.192782
21.870518
63.192782
150.698754
175.005969
177.436690
233.343284
213.897512
65.623504
-26.743911
89.930718
240.635448
235.774005
170.144526
175.005969
177.436690
99.653604
63.192782
167.713805
245.496891
140.975869
21.870518
82.638554
199.313183
170.144526
77.777111
119.099376
194.451741
143.406590
87.499997
167.713805
262.511941
209.036069
92.361440
97.222883
172.575247
153.129476
94.792161
162.852362
269.804106
230.912562
133.683704
172.575247
267.373384
226.051119
126.391540
160.421640
255.219777
262.511941
245.496891
274.665548
289.249877
274.665548
184.728855
-194.463692
-653.870046
-505.596037
274.665548
704.903245
274.665548
-342.737700
-525.041809
-442.397280
-333.014814
-111.819162
34.024125
-145.849263
-405.936458
-408.367179
-340.306979
-437.535837
-398.644293
-143.418541
-106.957719
-379.198522
-439.966558
-187.171527
-179.879363
-452.120165
-425.382229
-102.096276
-92.373391
-408.367179
-444.828001
-114.249884
2.424746
-165.295034
-172.587199
-63.204733
-184.740806
-401.075015
-311.138321
-51.051126
12.147632
-80.219783
-106.957719
-58.343290
-77.789062
-121.542048
-97.234834
-38.897519
-43.758962
-94.804112
-58.343290
72.915668
123.960818
24.301239
-12.159583
97.222883
128.822261
7.286189
-14.590304
136.114426
194.451741
121.530097
150.698754
238.204727
143.406590
-38.897519
2.424746
204.174626
267.373384
194.451741
182.298133
223.620398
160.421640
48.608453
55.900618
162.852362
172.575247
65.623504
82.638554
226.051119
252.789055
106.945768
55.900618
155.560197
160.421640
29.162682
31.593403
201.743905
264.942663
175.005969
126.391540
199.313183
240.635448
187.159576
165.283083
206.605348
184.728855
116.668654
162.852362
286.819156
294.111320
192.021019
150.698754
211.466791
226.051119
201.743905
216.328234
228.481841
204.174626
133.683704
-155.572148
-559.071909
-503.165316
177.436690
697.611081
386.478735
-255.231728
-510.457480
-464.273773
-371.906358
-162.864313
24.301239
-92.373391
-289.261828
-221.201628
-155.572148
-386.490686
-498.303873
-189.602249
12.147632
-233.355235
-422.951508
-228.493792
-138.557098
-333.014814
-308.707600
21.870518
-0.005976
-437.535837
-520.180366
-87.511948
160.421640
-58.343290
-230.924513
-150.710705
-172.587199
-323.291928
-223.632349
41.316289
38.885568
-138.557098
-138.557098
-19.451747
-29.174633
-145.849263
-170.156477
-106.957719
-53.481847
-31.605354
-0.005976
36.454846
31.593403
-19.451747
-0.005976
123.960818
170.144526
12.147632
-128.834212
17.009075
228.481841
226.051119
150.698754
157.990919
102.084325
-38.897519
-14.590304
209.036069
286.819156
119.099376
24.301239
150.698754
260.081220
187.159576
70.484947
60.762061
65.623504
29.162682
72.915668
211.466791
209.036069
21.870518
-53.481847
116.668654
213.897512
92.361440
-0.005976
89.930718
172.575247
109.376490
77.777111
133.683704
136.114426
87.499997
111.807211
192.021019
189.590298
114.237933
128.822261
211.466791
228.481841
182.298133
160.421640
172.575247
172.575247
179.867412
221.189677
262.511941
272.234827
187.159576
-162.864313
-583.379124
-471.565937
218.758955
651.427373
281.957713
-318.430486
-483.719544
-352.460586
-252.801006
-106.957719
2.424746
-162.864313
-323.291928
-155.572148
-29.174633
-364.614193
-639.285717
-330.584093
43.747011
-75.358341
-303.846157
-209.048020
-162.864313
-347.599143
-286.831107
65.623504
21.870518
-498.303873
-619.839945
-94.804112
284.388434
80.207832
-192.032970
-192.032970
-211.478742
-308.707600
-179.879363
92.361440
70.484947
-182.310084
-170.156477
89.930718
160.421640
-72.927619
-255.231728
-194.463692
-53.481847
21.870518
102.084325
162.852362
60.762061
-106.957719
-63.204733
182.298133
243.066170
21.870518
-119.111327
29.162682
216.328234
221.189677
165.283083
167.713805
116.668654
-9.728861
36.454846
274.665548
342.725749
121.530097
9.716910
167.713805
269.804106
143.406590
55.900618
128.822261
138.545147
60.762061
114.237933
267.373384
245.496891
58.331339
2.424746
126.391540
189.590298
70.484947
21.870518
138.545147
216.328234
153.129476
92.361440
153.129476
192.021019
119.099376
102.084325
184.728855
150.698754
19.439796
51.039175
213.897512
250.358334
170.144526
170.144526
240.635448
223.620398
172.575247
184.728855
211.466791
216.328234
94.792161
-296.553993
-651.439324
-381.629243
381.617292
673.303866
165.283083
-408.367179
-517.749645
-430.243672
-337.876257
-148.279984
-80.219783
-289.261828
-357.322029
-97.234834
-65.635455
-495.873152
-685.469425
-296.553993
14.578353
-155.572148
-318.430486
-235.785956
-333.014814
-503.165316
-216.340185
213.897512
-41.328240
-683.038703
-663.592932
-17.021026
289.249877
46.177732
-179.879363
-247.939564
-359.752750
-347.599143
-41.328240
162.852362
-43.758962
-325.722650
-187.171527
206.605348
294.111320
-26.743911
-318.430486
-264.954614
-51.051126
63.192782
131.252983
182.298133
34.024125
-155.572148
-0.005976
298.972763
194.451741
-172.587199
-175.017920
148.268033
264.942663
167.713805
182.298133
192.021019
26.731960
-41.328240
179.867412
337.864306
150.698754
-46.189683
94.792161
337.864306
318.418535
123.960818
38.885568
82.638554
126.391540
150.698754
204.174626
213.897512
102.084325
38.885568
145.837312
257.650498
192.021019
48.608453
75.346389
240.635448
289.249877
182.298133
111.807211
136.114426
148.268033
126.391540
175.005969
226.051119
140.975869
48.608453
138.545147
279.526991
250.358334
145.837312
150.698754
189.590298
167.713805
160.421640
230.912562
264.942663
194.451741
-31.605354
-410.797901
-512.888202
2.424746
612.535830
495.861200
-153.141427
-483.719544
-369.475636
-277.108221
-252.801006
-119.111327
-116.680605
-260.093171
-150.710705
87.499997
-162.864313
-675.746539
-597.963452
-48.620405
104.515047
-182.310084
-291.692550
-257.662449
-403.505736
-374.337079
85.069275
250.358334
-325.722650
-802.144054
-403.505736
243.066170
269.804106
-29.174633
-158.002870
-247.939564
-405.936458
-306.276878
29.162682
46.177732
-257.662449
-247.939564
145.837312
308.695649
19.439796
-260.093171
-260.093171
-143.418541
-51.051126
41.316289
65.623504
-29.174633
-87.511948
31.593403
209.036069
189.590298
-51.051126
-199.325134
-48.620405
184.728855
221.189677
116.668654
46.177732
31.593403
36.454846
87.499997
187.159576
182.298133
60.762061
46.177732
206.605348
279.526991
123.960818
-24.313190
9.716910
97.222883
102.084325
85.069275
119.099376
143.406590
94.792161
63.192782
111.807211
126.391540
58.331339
12.147632
75.346389
162.852362
136.114426
72.915668
104.515047
150.698754
126.391540
106.945768
155.560197
184.728855
133.683704
99.653604
140.975869
167.713805
150.698754
148.268033
167.713805
184.728855
184.728855
179.867412
184.728855
213.897512
111.807211
-296.553993
-602.824895
-223.632349
481.276872
563.921401
-7.298140
-391.352129
-330.584093
-267.385335
-250.370285
-94.804112
-92.373391
-340.306979
-286.831107
131.252983
99.653604
-517.749645
-704.915196
-187.171527
121.530097
-111.819162
-213.909463
-109.388441
-294.123271
-469.135216
-72.927619
352.448635
-21.882469
-639.285717
-491.011709
85.069275
216.328234
-24.313190
-92.373391
-68.066176
-223.632349
-301.415435
-85.081226
70.484947
-102.096276
-269.816057
-48.620405
320.849256
272.234827
-179.879363
-427.812951
-213.909463
34.024125
31.593403
63.192782
162.852362
24.301239
-143.418541
126.391540
413.216671
80.207832
-386.490686
-177.448641
315.987813
306.264927
51.039175
109.376490
233.343284
77.777111
7.286189
250.358334
323.279977
17.009075
-106.957719
226.051119
469.123264
226.051119
-82.650505
-7.298140
199.313183
189.590298
111.807211
165.283083
189.590298
58.331339
38.885568
228.481841
279.526991
58.331339
-94.804112
72.915668
267.373384
201.743905
65.623504
114.237933
233.343284
194.451741
102.084325
133.683704
172.575247
89.930718
46.177732
172.575247
277.096270
167.713805
24.301239
99.653604
262.511941
233.343284
85.069275
77.777111
153.129476
-38.897519
-459.412330
-520.180366
-0.005976
456.969657
264.942663
-192.032970
-345.168422
-345.168422
-405.936458
-315.999764
-121.542048
-240.647399
-442.397280
-158.002870
216.328234
-114.249884
-726.791689
-639.285717
-119.111327
-51.051126
-281.969664
-209.048020
-121.542048
-364.614193
-408.367179
21.870518
182.298133
-333.014814
-685.469425
-306.276878
138.545147
58.331339
-167.725756
-138.557098
-94.804112
-199.325134
-179.879363
-24.313190
-94.804112
-328.153371
-255.231728
153.129476
362.171521
97.222883
-245.508842
-306.276878
-150.710705
-31.605354
9.716910
63.192782
51.039175
-7.298140
58.331339
230.912562
204.174626
-121.542048
-277.108221
-0.005976
318.418535
284.388434
92.361440
77.777111
148.268033
150.698754
148.268033
175.005969
104.515047
-4.867418
87.499997
333.002863
391.340178
184.728855
-4.867418
43.747011
206.605348
211.466791
109.376490
80.207832
136.114426
172.575247
209.036069
257.650498
201.743905
29.162682
-24.313190
143.406590
277.096270
177.436690
51.039175
114.237933
218.758955
192.021019
116.668654
123.960818
140.975869
114.237933
128.822261
179.867412
177.436690
111.807211
70.484947
121.530097
189.590298
194.451741
145.837312
138.545147
157.990919
-43.758962
-403.505736
-410.797901
68.054225
442.385329
245.496891
-167.725756
-315.999764
-289.261828
-269.816057
-170.156477
-97.234834
-233.355235
-306.276878
-51.051126
150.698754
-145.849263
-546.918302
-476.427380
-162.864313
-77.789062
-133.695655
-99.665555
-145.849263
-301.415435
-209.048020
94.792161
87.499997
-328.153371
-544.487581
-240.647399
119.099376
123.960818
-29.174633
-106.957719
-160.433591
-182.310084
-104.526998
-46.189683
-148.279984
-269.816057
-184.740806
80.207832
274.665548
155.560197
-170.156477
-306.276878
-138.557098
34.024125
-4.867418
-80.219783
-53.481847
7.286189
128.822261
279.526991
187.159576
-175.017920
-320.861207
-19.451747
260.081220
182.298133
24.301239
43.747011
133.683704
165.283083
170.144526
123.960818
-4.867418
-89.942669
36.454846
281.957713
320.849256
77.777111
-94.804112
14.578353
196.882462
179.867412
46.177732
4.855467
41.316289
92.361440
175.005969
194.451741
41.316289
-109.388441
-38.897519
165.283083
211.466791
87.499997
7.286189
68.054225
165.283083
177.436690
92.361440
24.301239
58.331339
121.530097
165.283083
167.713805
114.237933
31.593403
19.439796
143.406590
243.066170
182.298133
70.484947
65.623504
89.930718
-51.051126
-301.415435
-333.014814
-2.436697
311.126370
230.912562
-63.204733
-233.355235
-264.954614
-262.523892
-160.433591
-58.343290
-194.463692
-325.722650
-106.957719
126.391540
-89.942669
-420.520787
-354.891307
-119.111327
-121.542048
-175.017920
-80.219783
-92.373391
-245.508842
-172.587199
92.361440
51.039175
-313.569043
-430.243672
-136.126377
109.376490
75.346389
-17.021026
-36.466797
-80.219783
-116.680605
-75.358341
-97.234834
-201.755856
-194.463692
29.162682
204.174626
128.822261
-46.189683
-145.849263
-136.126377
-36.466797
46.177732
2.424746
-75.358341
-7.298140
138.545147
167.713805
109.376490
55.900618
-19.451747
-63.204733
58.331339
194.451741
119.099376
7.286189
114.237933
277.096270
211.466791
53.469896
24.301239
68.054225
109.376490
175.005969
243.066170
189.590298
53.469896
34.024125
145.837312
209.036069
140.975869
43.747011
46.177732
133.683704
179.867412
138.545147
94.792161
72.915668
60.762061
82.638554
138.545147
157.990919
77.777111
31.593403
111.807211
196.882462
131.252983
26.731960
48.608453
143.406590
175.005969
128.822261
94.792161
94.792161
85.069275
70.484947
80.207832
87.499997
53.469896
29.162682
53.469896
58.331339
-97.234834
-335.445536
-311.138321
-2.436697
204.174626
75.346389
-170.156477
-272.246778
-284.400385
-262.523892
-187.171527
-145.849263
-240.647399
-286.831107
-116.680605
14.578353
-160.433591
-384.059965
-335.445536
-143.418541
-123.972770
-209.048020
-194.463692
-167.725756
-204.186577
-138.557098
26.731960
-0.005976
-264.954614
-386.490686
-182.310084
12.147632
-24.313190
-85.081226
-38.897519
-29.174633
-128.834212
-175.017920
-97.234834
-21.882469
-53.481847
-94.804112
-14.590304
60.762061
-26.743911
-119.111327
-58.343290
26.731960
-4.867418
-9.728861
77.777111
36.454846
-85.081226
-7.298140
175.005969
150.698754
-31.605354
-38.897519
106.945768
128.822261
85.069275
116.668654
150.698754
97.222883
41.316289
97.222883
170.144526
128.822261
41.316289
87.499997
223.620398
221.189677
102.084325
68.054225
143.406590
160.421640
123.960818
148.268033
165.283083
87.499997
48.608453
136.114426
194.451741
126.391540
48.608453
68.054225
128.822261
131.252983
97.222883
87.499997
97.222883
80.207832
46.177732
80.207832
136.114426
143.406590
109.376490
89.930718
102.084325
75.346389
43.747011
63.192782
106.945768
89.930718
68.054225
102.084325
109.376490
-2.436697
-170.156477
-194.463692
-51.051126
85.069275
70.484947
-51.051126
-155.572148
-204.186577
-194.463692
-104.526998
-53.481847
-145.849263
-216.340185
-106.957719
7.286189
-97.234834
-281.969664
-291.692550
-165.295034
-114.249884
-126.403491
-121.542048
-119.111327
-148.279984
-131.264934
-55.912569
-55.912569
-192.032970
-277.108221
-175.017920
-31.605354
-9.728861
-53.481847
-51.051126
-31.605354
-94.804112
-153.141427
-97.234834
-36.466797
-82.650505
-123.972770
-38.897519
38.885568
-4.867418
-70.496898
-48.620405
-14.590304
-26.743911
-0.005976
53.469896
14.578353
-80.219783
-48.620405
99.653604
148.268033
43.747011
-24.313190
38.885568
97.222883
70.484947
72.915668
106.945768
80.207832
14.578353
38.885568
123.960818
119.099376
38.885568
36.454846
126.391540
155.560197
89.930718
51.039175
82.638554
104.515047
102.084325
114.237933
119.099376
51.039175
-4.867418
55.900618
148.268033
133.683704
46.177732
17.009075
92.361440
131.252983
85.069275
34.024125
29.162682
36.454846
43.747011
87.499997
123.960818
77.777111
9.716910
43.747011
121.530097
102.084325
17.009075
-4.867418
36.454846
58.331339
65.623504
85.069275
68.054225
7.286189
-38.897519
-58.343290
-68.066176
-85.081226
-75.358341
-29.174633
4.855467
-31.605354
-126.403491
-170.156477
-126.403491
-106.957719
-131.264934
-121.542048
-82.650505
-82.650505
-133.695655
-140.987820
-109.388441
-138.557098
-187.171527
-140.987820
-58.343290
-75.358341
-136.126377
-111.819162
-43.758962
-75.358341
-150.710705
-136.126377
-85.081226
-89.942669
-70.496898
29.162682
24.301239
-106.957719
-128.834212
-12.159583
24.301239
-102.096276
-150.710705
-48.620405
31.593403
48.608453
60.762061
19.439796
-82.650505
-80.219783
60.762061
102.084325
-34.036076
-94.804112
21.870518
138.545147
136.114426
70.484947
12.147632
17.009075
75.346389
116.668654
89.930718
43.747011
26.731960
70.484947
153.129476
182.298133
119.099376
38.885568
31.593403
104.515047
153.129476
126.391540
65.623504
55.900618
111.807211
165.283083
170.144526
106.945768
48.608453
53.469896
111.807211
153.129476
102.084325
34.024125
48.608453
114.237933
136.114426
106.945768
72.915668
51.039175
36.454846
53.469896
92.361440
102.084325
70.484947
60.762061
72.915668
63.192782
31.593403
9.716910
24.301239
48.608453
48.608453
24.301239
-12.159583
-14.590304
-12.159583
-29.174633
-31.605354
-58.343290
-126.403491
-145.849263
-94.804112
-68.066176
-94.804112
-126.403491
-119.111327
-109.388441
-143.418541
-184.740806
-187.171527
-158.002870
-126.403491
-106.957719
-121.542048
-160.433591
-187.171527
-179.879363
-148.279984
-140.987820
-165.295034
-155.572148
-106.957719
-97.234834
-109.388441
-106.957719
-89.942669
-80.219783
-87.511948
-97.234834
-119.111327
-126.403491
-46.189683
43.747011
19.439796
-72.927619
-99.665555
-68.066176
-48.620405
-34.036076
-9.728861
-7.298140
4.855467
36.454846
36.454846
-36.466797
-87.511948
-29.174633
55.900618
70.484947
48.608453
29.162682
38.885568
63.192782
82.638554
82.638554
34.024125
