-194.501136
-45.759505
57.215471
-91.526161
-125.851153
80.098799
80.098799
-125.851153
-45.759505
194.515438
-68.642833
-389.009424
34.332143
308.932078
68.657135
-274.592784
-160.176144
240.282094
34.332143
-228.826128
-125.851153
34.332143
0.007151
-102.967825
171.632110
-102.967825
-308.917776
125.865455
114.423791
-125.851153
22.890479
91.540463
-434.776079
-286.034448
400.465390
194.515438
-228.826128
-217.384464
-91.526161
-34.317841
194.515438
194.515438
-228.826128
-274.592784
22.890479
22.890479
102.982127
183.073774
-194.501136
-354.684432
-22.876177
286.048750
183.073774
-80.084497
-34.317841
114.423791
-34.317841
-251.709456
68.657135
297.490414
-57.201169
-251.709456
-45.759505
68.657135
45.773807
57.215471
34.332143
0.007151
114.423791
217.398766
11.448815
-205.942800
-91.526161
148.748783
205.957102
102.982127
137.307119
-91.526161
-297.476112
125.865455
286.048750
-80.084497
-286.034448
-11.434513
366.140398
57.215471
-286.034448
114.423791
434.790382
22.890479
-308.917776
-34.317841
263.165422
251.723758
-102.967825
-423.334416
-80.084497
434.790382
274.607086
-11.434513
91.540463
-45.759505
-194.501136
80.098799
308.932078
11.448815
-251.709456
57.215471
240.282094
102.982127
45.773807
114.423791
34.332143
-354.684432
-251.709456
537.765357
400.465390
-320.359440
-171.617808
228.840430
102.982127
-22.876177
194.515438
-80.084497
-377.567760
57.215471
228.840430
148.748783
183.073774
-68.642833
-263.151120
102.982127
469.115373
34.332143
-446.217743
-263.151120
125.865455
297.490414
194.515438
-34.317841
-102.967825
-194.501136
-125.851153
194.515438
263.165422
-80.084497
-343.242768
-263.151120
68.657135
457.673709
366.140398
-297.476112
-446.217743
183.073774
320.373742
-34.317841
57.215471
114.423791
-343.242768
-446.217743
171.632110
503.440365
183.073774
-217.384464
-366.126096
-137.292816
217.398766
80.098799
-205.942800
-251.709456
-102.967825
57.215471
114.423791
68.657135
-34.317841
-263.151120
-549.192719
-217.384464
205.957102
22.890479
-228.826128
-22.876177
160.190446
-160.176144
-308.917776
-217.384464
-45.759505
102.982127
137.307119
-102.967825
-434.776079
-171.617808
125.865455
34.332143
-22.876177
-34.317841
-91.526161
-91.526161
0.007151
-11.434513
34.332143
0.007151
-114.409489
-80.084497
80.098799
171.632110
34.332143
-205.942800
-194.501136
102.982127
148.748783
-137.292816
-45.759505
228.840430
125.865455
-205.942800
-297.476112
57.215471
366.140398
263.165422
-343.242768
-503.426063
57.215471
400.465390
57.215471
-377.567760
-91.526161
263.165422
102.982127
-297.476112
-205.942800
217.398766
274.607086
80.098799
-125.851153
0.007151
228.840430
45.773807
-34.317841
-11.434513
91.540463
102.982127
-45.759505
-102.967825
102.982127
297.490414
183.073774
171.632110
217.398766
-114.409489
-217.384464
240.282094
251.723758
-45.759505
91.540463
286.048750
114.423791
-205.942800
-217.384464
-34.317841
125.865455
22.890479
-137.292816
80.098799
320.373742
217.398766
-205.942800
-263.151120
-11.434513
194.515438
137.307119
-148.734480
-125.851153
68.657135
205.957102
160.190446
0.007151
-11.434513
160.190446
160.190446
-160.176144
-171.617808
125.865455
228.840430
171.632110
-45.759505
-308.917776
-217.384464
228.840430
308.932078
-22.876177
-171.617808
-114.409489
-183.059472
-125.851153
297.490414
331.815406
-114.409489
-91.526161
148.748783
-57.201169
-228.826128
-68.642833
45.773807
-68.642833
-57.201169
125.865455
183.073774
102.982127
-68.642833
-148.734480
-160.176144
-102.967825
80.098799
11.448815
-160.176144
-45.759505
34.332143
45.773807
-68.642833
-91.526161
22.890479
-80.084497
-171.617808
-91.526161
34.332143
80.098799
114.423791
171.632110
-11.434513
-171.617808
-114.409489
34.332143
45.773807
-183.059472
-22.876177
68.657135
-194.501136
-240.267792
-45.759505
68.657135
68.657135
80.098799
57.215471
-34.317841
91.540463
80.098799
-286.034448
-354.684432
-183.059472
-137.292816
-11.434513
228.840430
274.607086
34.332143
-240.267792
-240.267792
-217.384464
-194.501136
80.098799
217.398766
22.890479
-34.317841
57.215471
34.332143
-240.267792
-366.126096
-68.642833
160.190446
22.890479
-183.059472
-34.317841
320.373742
343.257070
-171.617808
-480.542735
-22.876177
366.140398
205.957102
-91.526161
-171.617808
-125.851153
-22.876177
102.982127
102.982127
148.748783
160.190446
45.773807
-68.642833
-80.084497
-125.851153
-68.642833
148.748783
-11.434513
-102.967825
194.515438
297.490414
22.890479
-102.967825
34.332143
-45.759505
-183.059472
-11.434513
194.515438
251.723758
251.723758
57.215471
-171.617808
-68.642833
160.190446
137.307119
22.890479
11.448815
-11.434513
-11.434513
80.098799
125.865455
91.540463
-22.876177
-91.526161
68.657135
228.840430
114.423791
-171.617808
-91.526161
148.748783
240.282094
194.515438
-45.759505
-217.384464
-148.734480
114.423791
263.165422
205.957102
34.332143
-240.267792
-274.592784
160.190446
423.348718
91.540463
-263.151120
-171.617808
240.282094
354.698734
-80.084497
-366.126096
-217.384464
91.540463
320.373742
434.790382
137.307119
-354.684432
-274.592784
148.748783
240.282094
22.890479
-102.967825
-57.201169
-34.317841
-11.434513
-34.317841
-57.201169
11.448815
80.098799
80.098799
114.423791
34.332143
-22.876177
22.890479
-68.642833
-102.967825
-22.876177
45.773807
240.282094
228.840430
-114.409489
-331.801104
-148.734480
102.982127
194.515438
34.332143
-102.967825
-80.084497
-22.876177
91.540463
91.540463
-45.759505
-240.267792
-240.267792
22.890479
137.307119
-125.851153
-354.684432
-125.851153
228.840430
251.723758
-137.292816
-457.659407
-331.801104
11.448815
91.540463
-80.084497
-137.292816
-91.526161
-205.942800
-194.501136
-22.876177
22.890479
-22.876177
-68.642833
-137.292816
-102.967825
57.215471
57.215471
-91.526161
-217.384464
-102.967825
22.890479
11.448815
45.773807
80.098799
0.007151
0.007151
-22.876177
-102.967825
-102.967825
-45.759505
0.007151
45.773807
22.890479
-45.759505
34.332143
57.215471
-11.434513
-91.526161
-102.967825
22.890479
114.423791
-34.317841
-171.617808
-125.851153
0.007151
137.307119
137.307119
45.773807
-114.409489
-114.409489
114.423791
217.398766
11.448815
-137.292816
-34.317841
160.190446
137.307119
-34.317841
-217.384464
-160.176144
114.423791
194.515438
125.865455
22.890479
-57.201169
0.007151
194.515438
251.723758
114.423791
68.657135
45.773807
-91.526161
-91.526161
148.748783
263.165422
205.957102
45.773807
0.007151
148.748783
194.515438
80.098799
-22.876177
-137.292816
-114.409489
-34.317841
125.865455
194.515438
80.098799
22.890479
-80.084497
0.007151
80.098799
22.890479
80.098799
11.448815
-68.642833
0.007151
125.865455
137.307119
11.448815
-22.876177
34.332143
57.215471
34.332143
-34.317841
11.448815
205.957102
91.540463
-228.826128
-194.501136
34.332143
91.540463
11.448815
-22.876177
-68.642833
-91.526161
-11.434513
45.773807
34.332143
34.332143
22.890479
-80.084497
-148.734480
0.007151
91.540463
11.448815
-22.876177
57.215471
0.007151
-68.642833
-57.201169
-102.967825
-137.292816
-11.434513
160.190446
34.332143
-148.734480
-194.501136
-102.967825
11.448815
91.540463
45.773807
-57.201169
-11.434513
-45.759505
-125.851153
0.007151
68.657135
-80.084497
-114.409489
114.423791
160.190446
-125.851153
-251.709456
-91.526161
45.773807
102.982127
102.982127
-11.434513
-194.501136
-137.292816
45.773807
91.540463
45.773807
-80.084497
-194.501136
-68.642833
114.423791
57.215471
-125.851153
-91.526161
-11.434513
-45.759505
-34.317841
0.007151
-22.876177
-102.967825
-183.059472
-183.059472
-68.642833
-34.317841
-68.642833
-91.526161
-80.084497
-57.201169
34.332143
80.098799
0.007151
-68.642833
-80.084497
-57.201169
-57.201169
-34.317841
0.007151
-34.317841
-45.759505
-34.317841
-11.434513
114.423791
194.515438
91.540463
-68.642833
-102.967825
11.448815
148.748783
125.865455
102.982127
171.632110
160.190446
102.982127
34.332143
34.332143
11.448815
-57.201169
80.098799
148.748783
80.098799
22.890479
-57.201169
-102.967825
-34.317841
80.098799
57.215471
34.332143
22.890479
-34.317841
-80.084497
22.890479
91.540463
11.448815
-45.759505
0.007151
34.332143
22.890479
22.890479
-22.876177
22.890479
22.890479
-68.642833
-57.201169
0.007151
11.448815
11.448815
45.773807
57.215471
11.448815
11.448815
34.332143
57.215471
125.865455
137.307119
137.307119
102.982127
80.098799
171.632110
160.190446
34.332143
-22.876177
-11.434513
22.890479
22.890479
80.098799
22.890479
80.098799
171.632110
80.098799
91.540463
137.307119
137.307119
57.215471
34.332143
102.982127
68.657135
-22.876177
11.448815
57.215471
0.007151
-91.526161
-102.967825
-102.967825
-114.409489
-171.617808
-194.501136
-137.292816
-91.526161
-34.317841
11.448815
57.215471
22.890479
-45.759505
-34.317841
45.773807
91.540463
137.307119
114.423791
80.098799
114.423791
91.540463
80.098799
91.540463
91.540463
91.540463
45.773807
11.448815
45.773807
45.773807
11.448815
-22.876177
-91.526161
-114.409489
-91.526161
-160.176144
-217.384464
-286.034448
-263.151120
-183.059472
-240.267792
-217.384464
-183.059472
-217.384464
-194.501136
-217.384464
-217.384464
-217.384464
-137.292816
-68.642833
-183.059472
-217.384464
-114.409489
-68.642833
-45.759505
-68.642833
-160.176144
-171.617808
-171.617808
-148.734480
-205.942800
-263.151120
-160.176144
-148.734480
-102.967825
-11.434513
80.098799
137.307119
217.398766
251.723758
217.398766
286.048750
366.140398
366.140398
320.373742
297.490414
320.373742
308.932078
240.282094
183.073774
137.307119
102.982127
80.098799
45.773807
22.890479
11.448815
-22.876177
-11.434513
22.890479
11.448815
-34.317841
-80.084497
-45.759505
0.007151
34.332143
57.215471
11.448815
-45.759505
-22.876177
0.007151
-68.642833
-137.292816
-228.826128
-194.501136
-102.967825
-160.176144
-171.617808
-160.176144
-137.292816
-160.176144
-91.526161
-11.434513
11.448815
102.982127
137.307119
102.982127
80.098799
148.748783
194.515438
171.632110
183.073774
137.307119
45.773807
45.773807
45.773807
-11.434513
-114.409489
-91.526161
-34.317841
-160.176144
-171.617808
-91.526161
-160.176144
-148.734480
-114.409489
-125.851153
-102.967825
-80.084497
-80.084497
-45.759505
11.448815
22.890479
34.332143
34.332143
45.773807
45.773807
11.448815
34.332143
34.332143
-34.317841
-45.759505
22.890479
11.448815
-91.526161
-80.084497
-22.876177
11.448815
-34.317841
-45.759505
0.007151
22.890479
91.540463
183.073774
217.398766
263.165422
331.815406
343.257070
331.815406
308.932078
354.698734
446.232046
411.907054
366.140398
377.582062
377.582062
366.140398
320.373742
354.698734
320.373742
228.840430
240.282094
240.282094
251.723758
354.698734
263.165422
160.190446
171.632110
205.957102
251.723758
240.282094
228.840430
286.048750
331.815406
377.582062
366.140398
331.815406
331.815406
297.490414
228.840430
125.865455
0.007151
-137.292816
-263.151120
-389.009424
-549.192719
-823.792654
-1121.275917
-1224.250893
-1235.692557
-1361.550860
-1578.942476
-1590.384140
-1453.084172
-1430.200844
-1407.317516
-1178.484237
-903.884302
-675.051023
-560.634383
-491.984399
-263.151120
11.448815
148.748783
171.632110
194.515438
205.957102
171.632110
125.865455
148.748783
171.632110
205.957102
240.282094
148.748783
11.448815
57.215471
217.398766
240.282094
274.607086
240.282094
183.073774
228.840430
183.073774
102.982127
45.773807
11.448815
-91.526161
-240.267792
-423.334416
-469.101071
-411.892752
-400.451088
-411.892752
-446.217743
-377.567760
-183.059472
-114.409489
-45.759505
148.748783
331.815406
377.582062
411.907054
560.648685
755.156972
869.573612
823.806956
732.273645
755.156972
823.806956
800.923628
663.623661
629.298669
743.715309
823.806956
709.390317
583.532013
606.415341
675.065325
675.065325
514.882029
423.348718
514.882029
560.648685
480.557037
389.023726
423.348718
583.532013
583.532013
480.557037
514.882029
652.181997
789.481964
995.431916
1098.406891
1109.848555
1235.706859
1315.798507
1247.148523
1086.965227
983.990252
1052.640235
915.340268
34.332143
-1212.809229
-1739.125771
-1338.667532
-1304.342541
-2414.183945
-3398.167045
-3352.400390
-3032.033799
-3146.450438
-3443.933701
-2997.708807
-2185.350666
-1796.334091
-1990.842378
-1967.959050
-995.417614
-22.876177
217.398766
11.448815
57.215471
308.932078
434.790382
446.232046
286.048750
400.465390
778.040300
789.481964
331.815406
125.865455
606.415341
1189.940203
1395.890154
1132.731883
938.223596
1201.381867
1578.956778
1521.748458
1189.940203
1041.198572
1086.965227
926.781932
263.165422
-343.242768
-503.426063
-389.009424
-560.634383
-1247.134221
-1670.475787
-1498.850828
-1212.809229
-1315.784204
-1418.759180
-1144.159245
-640.726031
-469.101071
-617.842703
-297.476112
377.582062
800.923628
732.273645
526.323693
640.740333
926.781932
1098.406891
881.015276
572.090349
606.415341
686.506989
457.673709
80.098799
137.307119
389.023726
331.815406
-34.317841
-274.592784
-114.409489
114.423791
-34.317841
-343.242768
-297.476112
-11.434513
0.007151
-263.151120
-411.892752
-102.967825
205.957102
251.723758
45.773807
-68.642833
240.282094
594.973677
572.090349
469.115373
583.532013
858.131948
983.990252
789.481964
652.181997
995.431916
1498.865130
1601.840106
1281.473515
1155.615211
1590.398442
1922.206697
1727.698409
1395.890154
1407.331818
1727.698409
1327.240171
-366.126096
-1693.359115
-1178.484237
-434.776079
-1544.617484
-3409.608709
-4084.666883
-3707.091972
-3546.908677
-4038.900227
-4187.641859
-3421.050373
-2574.367240
-2665.900552
-2963.383815
-2070.934026
-560.634383
354.698734
446.232046
320.373742
491.998701
1052.640235
1590.398442
1441.656810
1144.173547
1418.773482
1636.165097
1086.965227
400.465390
480.557037
1075.523563
1510.306794
1201.381867
560.648685
491.998701
1121.290219
1567.515114
1338.681834
1075.523563
1098.406891
1086.965227
720.831981
171.632110
-171.617808
-160.176144
-228.826128
-1006.859278
-1830.659083
-1956.517386
-1659.034123
-1681.917451
-1979.400714
-2002.284042
-1670.475787
-1235.692557
-1075.509261
-915.325966
-320.359440
411.907054
755.156972
686.506989
778.040300
1121.290219
1590.398442
1681.931753
1315.798507
1052.640235
1121.290219
1189.940203
881.015276
617.857005
675.065325
743.715309
514.882029
148.748783
80.098799
274.607086
377.582062
114.423791
-114.409489
11.448815
148.748783
34.332143
-148.734480
-22.876177
183.073774
251.723758
148.748783
22.890479
137.307119
389.023726
640.740333
778.040300
766.598636
835.248620
972.548588
1109.848555
1235.706859
1464.540138
1796.348393
2025.181672
1945.090024
1807.790057
1819.231721
1864.998377
1819.231721
1590.398442
1281.473515
800.923628
-286.034448
-1578.942476
-2036.609034
-1739.125771
-2082.375690
-3386.725381
-4450.800130
-4588.100097
-4393.591810
-4324.941826
-4199.083523
-3798.625284
-3260.867078
-2894.733831
-2700.225544
-2299.767305
-1281.459213
-263.151120
240.282094
286.048750
194.515438
411.907054
812.365292
1075.523563
972.548588
972.548588
1098.406891
938.223596
583.532013
537.765357
938.223596
1373.006826
1521.748458
1304.356843
1075.523563
1098.406891
1361.565162
1624.723434
1556.073450
1315.798507
983.990252
686.506989
320.373742
-160.176144
-411.892752
-514.867727
-846.675982
-1567.500812
-2036.609034
-2116.700682
-2048.050698
-1899.309067
-1739.125771
-1659.034123
-1578.942476
-1281.459213
-823.792654
-320.359440
240.282094
686.506989
926.781932
1052.640235
1212.823531
1384.448490
1647.606761
1750.581737
1498.865130
1224.265195
1201.381867
1178.498539
949.665260
800.923628
846.690284
732.273645
434.790382
217.398766
148.748783
251.723758
343.257070
205.957102
57.215471
22.890479
-57.201169
-34.317841
125.865455
263.165422
274.607086
194.515438
160.190446
183.073774
286.048750
457.673709
732.273645
869.573612
812.365292
755.156972
949.665260
1315.798507
1556.073450
1750.581737
2036.623336
2185.364968
2162.481640
2231.131623
2299.781607
2105.273320
1922.206697
1876.440041
1475.981802
228.840430
-1361.550860
-1876.425739
-1441.642508
-1739.125771
-3295.192070
-4599.541761
-4725.400065
-4565.216769
-4610.983425
-4393.591810
-3890.158596
-3398.167045
-3009.150471
-2620.133896
-2048.050698
-1281.459213
-308.917776
549.207021
755.156972
514.882029
503.440365
1041.198572
1441.656810
1167.056875
972.548588
1189.940203
1212.823531
675.065325
434.790382
903.898604
1384.448490
1578.956778
1418.773482
1247.148523
1224.265195
1475.981802
1956.531688
2105.273320
1659.048425
1006.873580
846.690284
846.690284
263.165422
-617.842703
-915.325966
-881.000974
-1475.967500
-2368.417289
-2757.433864
-2677.342216
-2562.925576
-2505.717256
-2437.067273
-2437.067273
-2219.675657
-1670.475787
-1041.184269
-560.634383
-160.176144
274.607086
697.948653
938.223596
983.990252
1315.798507
1784.906729
1819.231721
1327.240171
972.548588
1064.081899
1201.381867
1109.848555
812.365292
572.090349
537.765357
389.023726
183.073774
137.307119
251.723758
274.607086
228.840430
183.073774
68.657135
-45.759505
68.657135
377.582062
434.790382
228.840430
125.865455
240.282094
411.907054
354.698734
286.048750
537.765357
800.923628
652.181997
469.115373
743.715309
1201.381867
1441.656810
1567.515114
1864.998377
2128.156648
2254.014951
2356.989927
2334.106599
2105.273320
2025.181672
2082.389992
1750.581737
434.790382
-1315.784204
-1899.309067
-1327.225868
-1590.384140
-3329.517062
-4645.308417
-4691.075073
-4622.425089
-4725.400065
-4496.566786
-3890.158596
-3478.258693
-3203.658758
-2665.900552
-2025.167370
-1315.784204
-469.101071
457.673709
869.573612
526.323693
263.165422
778.040300
1475.981802
1270.031851
755.156972
846.690284
1018.315244
606.415341
274.607086
720.831981
1212.823531
1292.915179
1189.940203
1144.173547
1098.406891
1235.706859
1727.698409
2013.740008
1807.790057
1212.823531
892.456940
1064.081899
892.456940
148.748783
-400.451088
-354.684432
-778.025998
-1842.100747
-2391.300617
-2162.467338
-2013.725706
-2276.883977
-2391.300617
-2299.767305
-2139.584010
-1750.567435
-1178.484237
-583.517711
-148.734480
194.515438
572.090349
1018.315244
1350.123498
1487.423466
1773.465065
2025.181672
1842.115049
1373.006826
1212.823531
1338.681834
1315.798507
1064.081899
823.806956
617.857005
446.232046
240.282094
148.748783
274.607086
320.373742
114.423791
-45.759505
22.890479
125.865455
11.448815
34.332143
320.373742
331.815406
45.773807
-34.317841
171.632110
389.023726
343.257070
297.490414
526.323693
800.923628
789.481964
697.948653
1029.756908
1475.981802
1533.190122
1636.165097
2082.389992
2334.106599
2139.598312
2070.948328
2368.431591
2437.081575
1945.090024
1578.956778
1475.981802
755.156972
-800.909326
-1956.517386
-1830.659083
-1716.242443
-3054.917127
-4496.566786
-4736.841729
-4702.516737
-4931.350016
-4851.258369
-4256.291843
-3924.483588
-3935.925252
-3398.167045
-2414.183945
-1762.009099
-1384.434188
-537.751055
480.557037
549.207021
91.540463
354.698734
1338.681834
1567.515114
881.015276
720.831981
1178.498539
1098.406891
526.323693
629.298669
1281.473515
1350.123498
983.990252
926.781932
1189.940203
1281.473515
1258.590187
1487.423466
1796.348393
1487.423466
778.040300
675.065325
926.781932
583.532013
-251.709456
-606.401039
-709.376015
-1407.317516
-2242.558985
-2311.208969
-1990.842378
-2162.467338
-2677.342216
-2768.875528
-2322.650633
-1784.892427
-1556.059148
-1292.900877
-583.517711
22.890479
205.957102
549.207021
1350.123498
1784.906729
1670.490089
1784.906729
2128.156648
2013.740008
1544.631786
1498.865130
1773.465065
1601.840106
961.106924
572.090349
778.040300
858.131948
377.582062
125.865455
366.140398
411.907054
-22.876177
-137.292816
297.490414
377.582062
0.007151
-80.084497
217.398766
320.373742
171.632110
205.957102
480.557037
572.090349
366.140398
389.023726
903.898604
1178.498539
892.456940
915.340268
1475.981802
1704.815081
1521.748458
1773.465065
2391.314919
2494.289895
2139.598312
2139.598312
2425.639911
2345.548263
1956.531688
1704.815081
1521.748458
572.090349
-1041.184269
-1853.542411
-1533.175820
-1773.450763
-3203.658758
-4302.058498
-4405.033474
-4565.216769
-4919.908352
-4588.100097
-3913.041924
-3798.625284
-3798.625284
-3089.242118
-2070.934026
-1510.292492
-1189.925901
-228.826128
903.898604
903.898604
228.840430
549.207021
1773.465065
1922.206697
1086.965227
938.223596
1373.006826
1144.173547
537.765357
640.740333
1132.731883
1098.406891
663.623661
514.882029
800.923628
915.340268
812.365292
1052.640235
1453.098474
1006.873580
80.098799
114.423791
686.506989
320.373742
-732.259342
-1052.625933
-915.325966
-1453.084172
-2505.717256
-2860.408839
-2322.650633
-2059.492362
-2540.042248
-2883.292167
-2585.808904
-2254.000649
-2002.284042
-1201.367565
-286.034448
-148.734480
-263.151120
366.140398
1292.915179
1590.398442
1544.631786
1842.115049
2242.573287
2059.506664
1453.098474
1315.798507
1819.231721
1887.881705
1121.290219
652.181997
789.481964
675.065325
240.282094
240.282094
526.323693
286.048750
-240.267792
-263.151120
22.890479
0.007151
-91.526161
102.982127
343.257070
137.307119
-171.617808
22.890479
583.532013
800.923628
572.090349
549.207021
755.156972
881.015276
938.223596
1064.081899
1281.473515
1430.215146
1475.981802
1510.306794
1773.465065
2162.481640
2254.014951
2162.481640
2288.339943
2425.639911
2082.389992
1693.373417
1762.023401
1613.281770
446.232046
-1052.625933
-1430.200844
-1212.809229
-1945.075722
-3363.842054
-4107.550211
-4187.641859
-4542.333442
-4874.141696
-4530.891778
-3958.808580
-3981.691907
-3913.041924
-3009.150471
-2048.050698
-1739.125771
-1372.992524
-251.709456
766.598636
640.740333
171.632110
789.481964
1864.998377
1807.790057
1155.615211
1258.590187
1704.815081
1373.006826
812.365292
1006.873580
1384.448490
1258.590187
949.665260
1018.315244
1212.823531
1075.523563
1029.756908
1350.123498
1659.048425
1224.265195
503.440365
526.323693
835.248620
491.998701
-263.151120
-640.726031
-755.142670
-1235.692557
-1876.425739
-2208.233993
-2208.233993
-2162.467338
-2345.533961
-2608.692232
-2505.717256
-2116.700682
-1807.775755
-1407.317516
-755.142670
-331.801104
-286.034448
91.540463
903.898604
1338.681834
1258.590187
1281.473515
1681.931753
1864.998377
1533.190122
1224.265195
1304.356843
1453.098474
1178.498539
720.831981
526.323693
514.882029
354.698734
240.282094
297.490414
217.398766
-80.084497
-194.501136
22.890479
240.282094
160.190446
57.215471
183.073774
366.140398
320.373742
286.048750
526.323693
846.690284
823.806956
629.298669
640.740333
778.040300
881.015276
972.548588
1041.198572
1086.965227
1144.173547
1212.823531
1418.773482
1647.606761
1773.465065
1864.998377
1899.323369
1864.998377
1750.581737
1441.656810
1212.823531
1189.940203
835.248620
-423.334416
-1693.359115
-1864.984075
-1659.034123
-2425.625609
-3707.091972
-4187.641859
-4290.616834
-4668.191745
-4668.191745
-4176.200195
-3775.741956
-3798.625284
-3592.675333
-2700.225544
-1853.542411
-1544.617484
-1098.392589
11.448815
823.806956
549.207021
263.165422
995.431916
1876.440041
1659.048425
1167.056875
1281.473515
1407.331818
1018.315244
755.156972
1018.315244
1247.148523
1064.081899
709.390317
766.598636
1052.640235
972.548588
949.665260
1350.123498
1544.631786
926.781932
354.698734
686.506989
1029.756908
572.090349
-148.734480
-389.009424
-503.426063
-1006.859278
-1716.242443
-2059.492362
-1910.750730
-1853.542411
-2208.233993
-2540.042248
-2299.767305
-1945.075722
-1727.684107
-1189.925901
-434.776079
-160.176144
-251.709456
228.840430
1258.590187
1670.490089
1521.748458
1739.140073
2231.131623
2185.364968
1693.373417
1556.073450
1830.673385
1853.556713
1304.356843
800.923628
709.390317
629.298669
308.932078
183.073774
320.373742
171.632110
-251.709456
-286.034448
125.865455
297.490414
114.423791
102.982127
469.115373
617.857005
320.373742
251.723758
800.923628
1224.265195
938.223596
526.323693
720.831981
1109.848555
972.548588
869.573612
1235.706859
1384.448490
1086.965227
1086.965227
1647.606761
1956.531688
1716.256745
1636.165097
1956.531688
2025.181672
1624.723434
1281.473515
1384.448490
1315.798507
251.723758
-1178.484237
-1498.850828
-1189.925901
-1922.192394
-3260.867078
-3729.975300
-3947.366916
-4679.633409
-5000.000000
-4359.266818
-3844.391940
-4199.083523
-4199.083523
-3157.892102
-2254.000649
-2116.700682
-1819.217419
-686.492687
377.582062
331.815406
-68.642833
446.232046
1441.656810
1418.773482
800.923628
846.690284
1144.173547
846.690284
389.023726
583.532013
903.898604
686.506989
263.165422
389.023726
846.690284
800.923628
469.115373
709.390317
1304.356843
1086.965227
308.932078
423.348718
1052.640235
755.156972
-34.317841
-308.917776
-308.917776
-755.142670
-1338.667532
-1567.500812
-1681.917451
-1910.750730
-2185.350666
-2311.208969
-2128.142346
-1979.400714
-1979.400714
-1681.917451
-915.325966
-446.217743
-469.101071
-171.617808
686.506989
1281.473515
1292.915179
1418.773482
1899.323369
2151.039976
1956.531688
1704.815081
1807.790057
1853.556713
1498.865130
1041.198572
892.456940
800.923628
423.348718
274.607086
457.673709
377.582062
11.448815
-102.967825
160.190446
480.557037
526.323693
400.465390
514.882029
835.248620
903.898604
778.040300
903.898604
1270.031851
1292.915179
1029.756908
938.223596
1075.523563
1144.173547
1098.406891
1086.965227
1167.056875
1109.848555
972.548588
1098.406891
1475.981802
1613.281770
1430.215146
1430.215146
1624.723434
1590.398442
1361.565162
1224.265195
1224.265195
1132.731883
377.582062
-938.209294
-1613.267467
-1338.667532
-1521.734156
-2700.225544
-3649.883653
-3913.041924
-4290.616834
-4656.750081
-4313.500162
-3741.416964
-3855.833604
-4038.900227
-3340.958726
-2379.858953
-1830.659083
-1533.175820
-778.025998
286.048750
594.973677
228.840430
446.232046
1407.331818
1784.906729
1258.590187
1041.198572
1247.148523
1132.731883
743.715309
652.181997
915.340268
961.106924
594.973677
423.348718
709.390317
903.898604
709.390317
755.156972
1258.590187
1373.006826
629.298669
286.048750
720.831981
846.690284
286.048750
-274.592784
-491.984399
-789.467662
-1270.017549
-1704.800779
-1842.100747
-1899.309067
-2070.934026
-2379.858953
-2482.833929
-2231.117321
-1933.634058
-1693.359115
-1270.017549
-572.076047
-274.592784
-297.476112
251.723758
1189.940203
1567.515114
1430.215146
1681.931753
2162.481640
2070.948328
1693.373417
1693.373417
1876.440041
1727.698409
1167.056875
789.481964
686.506989
549.207021
389.023726
320.373742
251.723758
0.007151
-286.034448
-217.384464
137.307119
263.165422
57.215471
0.007151
251.723758
457.673709
377.582062
308.932078
709.390317
1029.756908
789.481964
514.882029
663.623661
972.548588
949.665260
881.015276
949.665260
903.898604
903.898604
1029.756908
1178.498539
1338.681834
1475.981802
1533.190122
1510.306794
1521.748458
1521.748458
1373.006826
1224.265195
1258.590187
892.456940
-286.034448
-1395.875852
-1372.992524
-1178.484237
-2105.259018
-3352.400390
-3764.300292
-3993.133571
-4553.775106
-4565.216769
-3890.158596
-3627.000325
-4027.458563
-3844.391940
-2780.317192
-1990.842378
-1716.242443
-1189.925901
-137.292816
572.090349
514.882029
411.907054
1006.873580
1796.348393
1830.673385
1292.915179
1178.498539
1292.915179
1052.640235
732.273645
915.340268
1144.173547
846.690284
411.907054
457.673709
812.365292
869.573612
709.390317
938.223596
1315.798507
1029.756908
503.440365
606.415341
1029.756908
846.690284
217.398766
-228.826128
-526.309391
-869.559310
-1235.692557
-1521.734156
-1681.917451
-1819.217419
-2105.259018
-2437.067273
-2231.117321
-1704.800779
-1521.734156
-1338.667532
-732.259342
-240.267792
-183.059472
160.190446
1121.290219
1750.581737
1670.490089
1636.165097
1967.973352
2196.806632
1956.531688
1784.906729
1876.440041
1784.906729
1350.123498
972.548588
869.573612
755.156972
480.557037
286.048750
171.632110
80.098799
-91.526161
-251.709456
-45.759505
160.190446
137.307119
11.448815
171.632110
549.207021
572.090349
423.348718
652.181997
1064.081899
1018.315244
697.948653
800.923628
1109.848555
1109.848555
949.665260
915.340268
938.223596
869.573612
846.690284
1006.873580
1189.940203
1235.706859
1178.498539
1167.056875
1304.356843
1373.006826
1167.056875
903.898604
869.573612
835.248620
0.007151
-1372.992524
-1876.425739
-1521.734156
-1922.192394
-3260.867078
-4016.016899
-4107.550211
-4553.775106
-4919.908352
-4393.591810
-3832.950276
-4164.758531
-4347.825154
-3432.492037
-2356.975625
-1933.634058
-1659.034123
-755.142670
274.607086
514.882029
240.282094
572.090349
1590.398442
1967.973352
1498.865130
1178.498539
1315.798507
1270.031851
915.340268
949.665260
1167.056875
949.665260
446.232046
297.490414
720.831981
972.548588
709.390317
652.181997
1086.965227
1178.498539
560.648685
377.582062
812.365292
869.573612
308.932078
-183.059472
-446.217743
-778.025998
-1132.717581
-1418.759180
-1670.475787
-1830.659083
-1990.842378
-2311.208969
-2379.858953
-1899.309067
-1510.292492
-1464.525836
-1167.042573
-549.192719
-194.501136
45.773807
709.390317
1578.956778
1830.673385
1670.490089
1876.440041
2322.664935
2356.989927
2116.714984
2105.273320
2151.039976
1773.465065
1235.706859
1075.523563
995.431916
663.623661
400.465390
343.257070
171.632110
-148.734480
-263.151120
-114.409489
68.657135
125.865455
11.448815
57.215471
377.582062
617.857005
549.207021
617.857005
995.431916
1086.965227
835.248620
823.806956
1086.965227
1224.265195
1064.081899
961.106924
1041.198572
1006.873580
892.456940
1064.081899
1453.098474
1510.306794
1315.798507
1338.681834
1475.981802
1533.190122
1384.448490
1247.148523
1224.265195
1121.290219
354.698734
-1041.184269
-1624.709131
-1224.250893
-1453.084172
-2791.758855
-3684.208644
-3752.858628
-4267.733506
-4748.283393
-4199.083523
-3501.142021
-3832.950276
-4267.733506
-3409.608709
-2173.909002
-1796.334091
-1750.567435
-892.442638
286.048750
434.790382
91.540463
423.348718
1384.448490
1693.373417
1167.056875
1006.873580
1144.173547
961.106924
640.740333
709.390317
961.106924
835.248620
400.465390
240.282094
629.298669
903.898604
652.181997
652.181997
1178.498539
1201.381867
491.998701
308.932078
892.456940
915.340268
240.282094
-125.851153
-331.801104
-846.675982
-1212.809229
-1372.992524
-1556.059148
-1819.217419
-2025.167370
-2196.792330
-2299.767305
-2002.284042
-1704.800779
-1441.642508
-1018.300942
-652.167695
-446.217743
-205.942800
434.790382
1155.615211
1430.215146
1430.215146
1498.865130
1727.698409
1819.231721
1739.140073
1796.348393
1807.790057
1395.890154
938.223596
858.131948
778.040300
434.790382
286.048750
320.373742
102.982127
-251.709456
-274.592784
-148.734480
-80.084497
-22.876177
0.007151
11.448815
205.957102
469.115373
503.440365
514.882029
823.806956
1052.640235
881.015276
766.598636
983.990252
1212.823531
1109.848555
972.548588
1006.873580
1029.756908
938.223596
972.548588
1315.798507
1590.398442
1556.073450
1453.098474
1590.398442
1807.790057
1681.931753
1487.423466
1533.190122
1556.073450
789.481964
-732.259342
-1453.084172
-1064.067597
-1201.367565
-2631.575560
-3729.975300
-3821.508612
-4244.850179
-4885.583360
-4485.125122
-3627.000325
-3844.391940
-4416.475138
-3615.558661
-2265.442313
-1750.567435
-1704.800779
-892.442638
331.815406
686.506989
320.373742
480.557037
1521.748458
1864.998377
1270.031851
1029.756908
1212.823531
1178.498539
743.715309
709.390317
1052.640235
1006.873580
617.857005
377.582062
755.156972
1178.498539
961.106924
755.156972
1212.823531
1567.515114
995.431916
526.323693
881.015276
1178.498539
640.740333
11.448815
-205.942800
-469.101071
-823.792654
-1189.925901
-1453.084172
-1510.292492
-1659.034123
-2048.050698
-2196.792330
-1727.684107
-1395.875852
-1407.317516
-1086.950925
-434.776079
-205.942800
-251.709456
389.023726
1258.590187
1453.098474
1224.265195
1361.565162
1784.906729
1887.881705
1693.373417
1613.281770
1704.815081
1544.631786
1086.965227
823.806956
789.481964
697.948653
389.023726
240.282094
148.748783
-68.642833
-274.592784
-331.801104
-102.967825
91.540463
-102.967825
-320.359440
-80.084497
297.490414
148.748783
34.332143
423.348718
755.156972
526.323693
286.048750
594.973677
881.015276
709.390317
514.882029
652.181997
835.248620
640.740333
537.765357
1018.315244
1498.865130
1418.773482
1098.406891
1235.706859
1567.515114
1407.331818
1155.615211
1224.265195
1315.798507
343.257070
-1304.342541
-1624.709131
-1006.859278
-1475.967500
-3089.242118
-3832.950276
-3718.533636
-4324.941826
-4851.258369
-4153.316867
-3306.633734
-3729.975300
-4267.733506
-3295.192070
-1945.075722
-1567.500812
-1590.384140
-640.726031
583.532013
629.298669
80.098799
469.115373
1601.840106
1693.373417
1041.198572
938.223596
1167.056875
961.106924
491.998701
709.390317
1109.848555
995.431916
446.232046
297.490414
903.898604
1212.823531
915.340268
800.923628
1453.098474
1578.956778
778.040300
594.973677
1201.381867
1350.123498
560.648685
-22.876177
-91.526161
-377.567760
-869.559310
-1258.575885
-1304.342541
-1384.434188
-1773.450763
-2128.142346
-2002.284042
-1498.850828
-1315.784204
-1247.134221
-709.376015
-183.059472
-171.617808
-68.642833
720.831981
1475.981802
1475.981802
1258.590187
1395.890154
1693.373417
1681.931753
1418.773482
1407.331818
1556.073450
1315.798507
846.690284
743.715309
858.131948
743.715309
526.323693
480.557037
434.790382
194.515438
11.448815
183.073774
457.673709
320.373742
-22.876177
-57.201169
251.723758
389.023726
228.840430
286.048750
549.207021
549.207021
354.698734
434.790382
789.481964
835.248620
629.298669
800.923628
1052.640235
983.990252
858.131948
1109.848555
1590.398442
1739.140073
1624.723434
1556.073450
1624.723434
1601.840106
1430.215146
1350.123498
1361.565162
938.223596
-491.984399
-1716.242443
-1544.617484
-1235.692557
-2265.442313
-3672.766981
-3901.600260
-4038.900227
-4782.608385
-4679.633409
-3615.558661
-3329.517062
-4130.433539
-3890.158596
-2482.833929
-1670.475787
-1727.684107
-1304.342541
-22.876177
503.440365
68.657135
-91.526161
766.598636
1407.331818
995.431916
675.065325
835.248620
846.690284
411.907054
297.490414
823.806956
1086.965227
800.923628
400.465390
743.715309
1315.798507
1258.590187
983.990252
1258.590187
1784.906729
1292.915179
526.323693
743.715309
1155.615211
663.623661
-80.084497
-263.151120
-606.401039
-1201.367565
-1510.292492
-1567.500812
-1601.825804
-1796.334091
-2025.167370
-2208.233993
-1967.959050
-1475.967500
-1178.484237
-915.325966
-480.542735
-263.151120
-251.709456
125.865455
800.923628
1212.823531
1064.081899
869.573612
1052.640235
1292.915179
1224.265195
1052.640235
1167.056875
1247.148523
926.781932
652.181997
755.156972
858.131948
732.273645
789.481964
800.923628
514.882029
251.723758
274.607086
480.557037
549.207021
366.140398
102.982127
114.423791
377.582062
400.465390
320.373742
469.115373
675.065325
594.973677
549.207021
812.365292
1006.873580
995.431916
1052.640235
1212.823531
1212.823531
1189.940203
1189.940203
1361.565162
1762.023401
1887.881705
1681.931753
1521.748458
1590.398442
1590.398442
1373.006826
1292.915179
1258.590187
480.557037
-1006.859278
-1762.009099
-1338.667532
-1315.784204
-2631.575560
-3729.975300
-3707.091972
-3913.041924
-4508.008450
-4153.316867
-3146.450438
-3146.450438
-3867.275268
-3226.542086
-1830.659083
-1372.992524
-1475.967500
-778.025998
389.023726
514.882029
45.773807
194.515438
1029.756908
1350.123498
915.340268
720.831981
858.131948
915.340268
594.973677
560.648685
1029.756908
1281.473515
995.431916
663.623661
1064.081899
1510.306794
1418.773482
1201.381867
1441.656810
1659.048425
1018.315244
469.115373
732.273645
938.223596
366.140398
-400.451088
-572.076047
-766.584334
-1178.484237
-1624.709131
-1647.592459
-1498.850828
-1681.917451
-2013.725706
-2082.375690
-1601.825804
-1178.484237
-1075.509261
-869.559310
-411.892752
-183.059472
-297.476112
68.657135
697.948653
915.340268
617.857005
446.232046
778.040300
1018.315244
755.156972
606.415341
915.340268
983.990252
606.415341
389.023726
675.065325
881.015276
583.532013
480.557037
606.415341
400.465390
68.657135
137.307119
411.907054
320.373742
-22.876177
-114.409489
68.657135
137.307119
68.657135
160.190446
343.257070
423.348718
377.582062
526.323693
846.690284
961.106924
915.340268
1041.198572
1235.706859
1338.681834
1407.331818
1441.656810
1647.606761
1910.765033
1876.440041
1567.515114
1487.423466
1624.723434
1418.773482
1075.523563
1052.640235
640.740333
-926.767630
-1990.842378
-1418.759180
-1247.134221
-2574.367240
-3718.533636
-3558.350341
-3729.975300
-4462.241794
-4107.550211
-2997.708807
-2871.850503
-3604.116997
-3192.217094
-1864.984075
-1281.459213
-1418.759180
-869.559310
308.932078
457.673709
-137.292816
0.007151
983.990252
1361.565162
789.481964
629.298669
881.015276
995.431916
697.948653
686.506989
1212.823531
1544.631786
1315.798507
892.456940
1292.915179
1796.348393
1636.165097
1407.331818
1716.256745
1830.673385
995.431916
434.790382
686.506989
846.690284
217.398766
-606.401039
-858.117646
-1006.859278
-1247.134221
-1659.034123
-1762.009099
-1453.084172
-1384.434188
-1796.334091
-1910.750730
-1189.925901
-732.259342
-835.234318
-537.751055
22.890479
0.007151
-286.034448
228.840430
892.456940
800.923628
366.140398
423.348718
720.831981
663.623661
526.323693
617.857005
881.015276
926.781932
675.065325
549.207021
755.156972
1018.315244
983.990252
858.131948
869.573612
789.481964
537.765357
423.348718
617.857005
594.973677
183.073774
-57.201169
125.865455
228.840430
-80.084497
-57.201169
366.140398
389.023726
34.332143
183.073774
858.131948
1041.198572
823.806956
938.223596
1235.706859
1281.473515
1281.473515
1578.956778
1853.556713
1899.323369
1762.023401
1475.981802
1430.215146
1533.190122
1247.148523
835.248620
926.781932
652.181997
-1086.950925
-2391.300617
-1681.917451
-1064.067597
-2437.067273
-3855.833604
-3535.467013
-3478.258693
-4370.708482
-4187.641859
-2871.850503
-2528.600584
-3455.375365
-3237.983750
-1899.309067
-1304.342541
-1521.734156
-1109.834253
137.307119
320.373742
-537.751055
-697.934351
366.140398
1064.081899
526.323693
102.982127
354.698734
778.040300
572.090349
446.232046
1018.315244
1670.490089
1567.515114
983.990252
1350.123498
1990.856680
1796.348393
1395.890154
1716.256745
1899.323369
858.131948
57.215471
240.282094
457.673709
-91.526161
-915.325966
-1247.134221
-1407.317516
-1487.409164
-1807.775755
-1967.959050
-1510.292492
-1132.717581
-1544.617484
-1887.867403
-1155.600909
-503.426063
-663.609359
-640.726031
-57.201169
57.215471
-526.309391
-286.034448
594.973677
800.923628
274.607086
148.748783
583.532013
629.298669
469.115373
732.273645
1189.940203
1201.381867
972.548588
961.106924
1098.406891
1361.565162
1475.981802
1315.798507
1075.523563
1006.873580
869.573612
491.998701
469.115373
709.390317
400.465390
-205.942800
-114.409489
194.515438
-102.967825
-194.501136
366.140398
652.181997
217.398766
137.307119
789.481964
1270.031851
1258.590187
1235.706859
1361.565162
1498.865130
1590.398442
1613.281770
1750.581737
1990.856680
1956.531688
1567.515114
1281.473515
1441.656810
1315.798507
881.015276
903.898604
1098.406891
-45.759505
-2048.050698
-2219.675657
-926.767630
-1086.950925
-2917.617159
-3581.233669
-3043.475463
-3569.792005
-4153.316867
-3203.658758
-2013.725706
-2585.808904
-3260.867078
-2334.092297
-1350.109196
-1327.225868
-1395.875852
-389.009424
400.465390
-114.409489
-858.117646
-480.542735
743.715309
881.015276
228.840430
114.423791
686.506989
881.015276
537.765357
846.690284
1624.723434
2025.181672
1567.515114
1281.473515
1659.048425
1899.323369
1659.048425
1338.681834
1613.281770
1189.940203
34.332143
-469.101071
-183.059472
-125.851153
-915.325966
-1556.059148
-1647.592459
-1590.384140
-1887.867403
-2242.558985
-1876.425739
-1247.134221
-1304.342541
-1933.634058
-1773.450763
-1018.300942
-732.259342
-789.467662
-560.634383
-205.942800
-434.776079
-663.609359
-331.801104
263.165422
400.465390
-11.434513
-11.434513
377.582062
514.882029
286.048750
617.857005
1361.565162
1327.240171
858.131948
846.690284
1373.006826
1533.190122
1292.915179
1201.381867
1098.406891
835.248620
480.557037
286.048750
366.140398
366.140398
-57.201169
-377.567760
-205.942800
-91.526161
-183.059472
-34.317841
491.998701
732.273645
537.765357
526.323693
983.990252
1636.165097
1647.606761
1224.265195
1304.356843
1693.373417
1590.398442
1292.915179
1556.073450
1842.115049
1567.515114
1224.265195
1247.148523
1270.031851
1052.640235
1029.756908
1052.640235
972.548588
57.215471
-1578.942476
-1990.842378
-926.767630
-789.467662
-2608.692232
-3672.766981
-3043.475463
-3157.892102
-3935.925252
-3329.517062
-1945.075722
-2208.233993
-3100.683782
-2425.625609
-1189.925901
-995.417614
-1201.367565
-331.801104
514.882029
-57.201169
-949.650958
-469.101071
720.831981
778.040300
114.423791
45.773807
526.323693
823.806956
755.156972
858.131948
1487.423466
2254.014951
2070.948328
1373.006826
1533.190122
2288.339943
2093.831656
1350.123498
1510.306794
1395.890154
125.865455
-549.192719
-11.434513
-45.759505
-1064.067597
-1498.850828
-1304.342541
-1395.875852
-1704.800779
-1762.009099
-1475.967500
-1006.859278
-800.909326
-1338.667532
-1693.359115
-961.092622
-308.917776
-640.726031
-881.000974
-377.567760
-320.359440
-858.117646
-755.142670
148.748783
434.790382
-80.084497
22.890479
709.390317
743.715309
446.232046
1064.081899
1853.556713
1510.306794
903.898604
1132.731883
1475.981802
1361.565162
1235.706859
1029.756908
709.390317
537.765357
366.140398
11.448815
-68.642833
274.607086
34.332143
-537.751055
-240.267792
217.398766
-57.201169
-80.084497
755.156972
1064.081899
503.440365
491.998701
1258.590187
1544.631786
1121.290219
1064.081899
1407.331818
1407.331818
1132.731883
1132.731883
1407.331818
1601.840106
1578.956778
1338.681834
1178.498539
1212.823531
1189.940203
961.106924
903.898604
926.781932
-308.917776
-2311.208969
-2482.833929
-1201.367565
-1670.475787
-3752.858628
-4141.875203
-3295.192070
-3798.625284
-4450.800130
-3169.333766
-1830.659083
-2391.300617
-2768.875528
-1727.684107
-892.442638
-1144.159245
-1041.184269
-45.759505
263.165422
-617.842703
-1372.992524
-789.467662
297.490414
205.957102
-480.542735
-251.709456
617.857005
789.481964
526.323693
1052.640235
2208.248296
2551.498214
1990.856680
1670.490089
1910.765033
2025.181672
1601.840106
1338.681834
1178.498539
434.790382
-491.984399
-697.934351
-446.217743
-640.726031
-1041.184269
-1052.625933
-938.209294
-903.884302
-1064.067597
-1075.509261
-572.076047
-11.434513
-343.242768
-1121.275917
-1075.509261
-560.634383
-663.609359
-1041.184269
-846.675982
-572.076047
-789.467662
-949.650958
-617.842703
-80.084497
446.232046
629.298669
663.623661
983.990252
1201.381867
1189.940203
1475.981802
1945.090024
1704.815081
1029.756908
1064.081899
1384.448490
1109.848555
732.273645
858.131948
972.548588
617.857005
228.840430
240.282094
549.207021
686.506989
434.790382
205.957102
274.607086
377.582062
217.398766
274.607086
606.415341
812.365292
720.831981
526.323693
663.623661
1075.523563
1235.706859
1064.081899
1086.965227
1281.473515
1212.823531
1144.173547
1624.723434
1967.973352
1739.140073
1578.956778
1624.723434
1487.423466
1281.473515
1167.056875
1018.315244
881.015276
-11.434513
-2036.609034
-2951.942151
-1807.775755
-1327.225868
-3146.450438
-4256.291843
-3386.725381
-3226.542086
-3913.041924
-3100.683782
-1567.500812
-1716.242443
-2402.742281
-1773.450763
-1121.275917
-1464.525836
-1647.592459
-743.701006
-274.592784
-1155.600909
-2162.467338
-1739.125771
-434.776079
-183.059472
-617.842703
-331.801104
652.181997
1064.081899
823.806956
1075.523563
2013.740008
2688.798182
2151.039976
1350.123498
1235.706859
1315.798507
915.340268
503.440365
572.090349
57.215471
-983.975950
-1075.509261
-446.217743
-491.984399
-812.350990
-503.426063
-320.359440
-549.192719
-732.259342
-743.701006
-606.401039
-286.034448
-434.776079
-1510.292492
-1922.192394
-1235.692557
-1109.834253
-1590.384140
-1292.900877
-572.076047
-697.934351
-789.467662
-102.967825
560.648685
720.831981
903.898604
1178.498539
1075.523563
972.548588
1018.315244
1121.290219
1121.290219
995.431916
800.923628
652.181997
812.365292
949.665260
949.665260
1029.756908
1281.473515
1258.590187
755.156972
514.882029
823.806956
983.990252
434.790382
11.448815
171.632110
57.215471
-297.476112
-102.967825
480.557037
583.532013
640.740333
903.898604
995.431916
1247.148523
1773.465065
1979.415016
1590.398442
1475.981802
1693.373417
1556.073450
1475.981802
1647.606761
1613.281770
1258.590187
1155.615211
1224.265195
961.106924
755.156972
892.456940
983.990252
171.632110
-1659.034123
-2871.850503
-2196.792330
-1189.925901
-2173.909002
-3821.508612
-3752.858628
-3032.033799
-3215.100422
-3283.750406
-2070.934026
-1247.134221
-1762.009099
-1979.400714
-1361.550860
-1155.600909
-1590.384140
-1189.925901
-194.501136
-572.076047
-1887.867403
-1864.984075
-389.009424
320.373742
-45.759505
102.982127
972.548588
1453.098474
1258.590187
1315.798507
1922.206697
2631.589862
2437.081575
1270.031851
732.273645
1132.731883
1098.406891
377.582062
251.723758
377.582062
-331.801104
-903.884302
-389.009424
125.865455
-205.942800
-263.151120
-22.876177
-297.476112
-766.584334
-983.975950
-846.675982
-675.051023
-892.442638
-1704.800779
-2299.767305
-1819.217419
-1258.575885
-1418.759180
-1292.900877
-423.334416
-102.967825
-491.984399
-194.501136
800.923628
1235.706859
835.248620
812.365292
1086.965227
869.573612
469.115373
652.181997
1121.290219
1041.198572
812.365292
881.015276
1029.756908
1178.498539
1430.215146
1567.515114
1441.656810
1338.681834
938.223596
343.257070
320.373742
560.648685
91.540463
-572.076047
-423.334416
-331.801104
-778.025998
-560.634383
320.373742
606.415341
320.373742
549.207021
995.431916
1075.523563
1109.848555
1361.565162
1235.706859
869.573612
812.365292
858.131948
869.573612
1018.315244
1281.473515
1373.006826
1315.798507
1373.006826
1350.123498
1178.498539
1235.706859
1498.865130
961.106924
-1132.717581
-3089.242118
-2871.850503
-1659.034123
-2105.259018
-3672.766981
-3958.808580
-3295.192070
-3112.125446
-2986.267143
-2059.492362
-1098.392589
-1052.625933
-1464.525836
-1521.734156
-1521.734156
-1853.542411
-1750.567435
-972.534286
-938.209294
-2082.375690
-2402.742281
-903.884302
366.140398
308.932078
629.298669
1876.440041
2345.548263
1670.490089
1510.306794
2276.898279
2826.098149
2265.456615
1041.198572
354.698734
480.557037
549.207021
183.073774
240.282094
766.598636
640.740333
148.748783
286.048750
766.598636
812.365292
617.857005
457.673709
-22.876177
-892.442638
-1636.150795
-1659.034123
-1292.900877
-1395.875852
-2036.609034
-2151.025674
-1578.942476
-1212.809229
-1006.859278
-183.059472
697.948653
537.765357
0.007151
91.540463
560.648685
743.715309
411.907054
68.657135
137.307119
308.932078
137.307119
228.840430
1201.381867
1956.531688
1636.165097
1315.798507
1762.023401
1956.531688
1533.190122
1464.540138
1590.398442
1041.198572
125.865455
-171.617808
11.448815
80.098799
34.332143
57.215471
160.190446
194.515438
183.073774
389.023726
858.131948
983.990252
709.390317
400.465390
366.140398
549.207021
594.973677
594.973677
720.831981
892.456940
858.131948
881.015276
1395.890154
1887.881705
1887.881705
1830.673385
1979.415016
1681.931753
1052.640235
823.806956
778.040300
549.207021
57.215471
-1487.409164
-3729.975300
-4004.575235
-2059.492362
-1487.409164
-3249.425414
-3855.833604
-2677.342216
-2482.833929
-3054.917127
-2334.092297
-1315.784204
-1693.359115
-2471.392265
-2585.808904
-2803.200519
-3032.033799
-2311.208969
-1235.692557
-1189.925901
-1727.684107
-1430.200844
-217.384464
778.040300
1075.523563
1407.331818
2025.181672
2139.598312
1235.706859
526.323693
1075.523563
1990.856680
1727.698409
503.440365
205.957102
881.015276
1109.848555
926.781932
1338.681834
1876.440041
1407.331818
594.973677
228.840430
68.657135
-125.851153
-263.151120
-583.517711
-1292.900877
-1716.242443
-1945.075722
-2013.725706
-1315.784204
-457.659407
-629.284367
-1247.134221
-1006.859278
-778.025998
-1064.067597
-697.934351
251.723758
34.332143
-1018.300942
-1006.859278
-148.734480
274.607086
411.907054
881.015276
1167.056875
1018.315244
846.690284
1041.198572
1647.606761
2105.273320
1842.115049
1224.265195
972.548588
1041.198572
938.223596
812.365292
1121.290219
1418.773482
892.456940
228.840430
400.465390
869.573612
800.923628
411.907054
400.465390
183.073774
-434.776079
-537.751055
-34.317841
228.840430
148.748783
217.398766
331.815406
354.698734
697.948653
1212.823531
1590.398442
1636.165097
1338.681834
961.106924
1029.756908
1384.448490
1498.865130
1544.631786
1830.673385
1842.115049
1384.448490
995.431916
1098.406891
1304.356843
926.781932
-789.467662
-3089.242118
-3627.000325
-2162.467338
-1510.292492
-2723.108872
-3306.633734
-2482.833929
-2025.167370
-2265.442313
-2139.584010
-1567.500812
-1338.667532
-1556.059148
-2265.442313
-3215.100422
-3180.775430
-2093.817354
-1361.550860
-1590.384140
-1624.709131
-720.817679
274.607086
537.765357
629.298669
1430.215146
2208.248296
1876.440041
858.131948
400.465390
594.973677
938.223596
1052.640235
823.806956
686.506989
823.806956
1075.523563
1281.473515
1510.306794
1681.931753
1395.890154
823.806956
22.890479
-709.376015
-858.117646
-686.492687
-858.117646
-1315.784204
-1327.225868
-1144.159245
-1178.484237
-858.117646
-183.059472
0.007151
-343.242768
-697.934351
-1395.875852
-2070.934026
-1533.175820
-434.776079
-389.009424
-892.442638
-686.492687
-171.617808
171.632110
823.806956
1430.215146
1327.240171
983.990252
869.573612
526.323693
297.490414
720.831981
1098.406891
812.365292
446.232046
560.648685
778.040300
938.223596
1132.731883
1304.356843
1167.056875
846.690284
491.998701
114.423791
-205.942800
-137.292816
160.190446
137.307119
-91.526161
-125.851153
45.773807
308.932078
629.298669
835.248620
789.481964
675.065325
560.648685
400.465390
377.582062
594.973677
892.456940
983.990252
1155.615211
1395.890154
1395.890154
1556.073450
2013.740008
2208.248296
1990.856680
1681.931753
1247.148523
308.932078
-1201.367565
-2826.083847
-3604.116997
-2826.083847
-1475.967500
-1361.550860
-2116.700682
-2334.092297
-1887.867403
-1247.134221
-686.492687
-732.259342
-1659.034123
-2608.692232
-2974.825479
-3169.333766
-3237.983750
-2608.692232
-1475.967500
-778.025998
-640.726031
-320.359440
480.557037
1121.290219
1384.448490
1533.190122
1361.565162
675.065325
68.657135
125.865455
411.907054
594.973677
1018.315244
1556.073450
1739.140073
1670.490089
1784.906729
1922.206697
1807.790057
1441.656810
789.481964
-68.642833
-812.350990
-1144.159245
-983.975950
-663.609359
-560.634383
-629.284367
-469.101071
-240.267792
-217.384464
-137.292816
-114.409489
-526.309391
-1121.275917
-1464.525836
-1704.800779
-1990.842378
-1819.217419
-1189.925901
-480.542735
57.215471
514.882029
789.481964
926.781932
1109.848555
1224.265195
1109.848555
640.740333
34.332143
-320.359440
-57.201169
572.090349
1098.406891
1453.098474
1475.981802
1373.006826
1510.306794
1693.373417
1533.190122
1144.173547
835.248620
434.790382
-57.201169
-446.217743
-457.659407
-137.292816
228.840430
446.232046
526.323693
560.648685
446.232046
343.257070
331.815406
194.515438
-68.642833
-205.942800
-228.826128
-251.709456
-251.709456
34.332143
434.790382
697.948653
869.573612
1064.081899
1201.381867
1155.615211
1041.198572
835.248620
583.532013
434.790382
491.998701
743.715309
915.340268
45.773807
-1945.075722
-3627.000325
-3558.350341
-1956.517386
-400.451088
-80.084497
-1189.925901
-2643.017224
-2837.525511
-1727.684107
-663.609359
-583.517711
-1258.575885
-2185.350666
-2803.200519
-2757.433864
-2059.492362
-1167.042573
-469.101071
-22.876177
343.257070
606.415341
446.232046
102.982127
80.098799
469.115373
926.781932
983.990252
572.090349
-80.084497
-366.126096
366.140398
1533.190122
2265.456615
2116.714984
1453.098474
720.831981
171.632110
183.073774
491.998701
514.882029
91.540463
-434.776079
-732.259342
-755.142670
-491.984399
11.448815
423.348718
469.115373
263.165422
22.890479
-308.917776
-823.792654
-1235.692557
-1189.925901
-846.675982
-526.309391
-228.826128
-205.942800
-354.684432
-205.942800
286.048750
778.040300
972.548588
938.223596
572.090349
-57.201169
-434.776079
-331.801104
91.540463
491.998701
789.481964
1006.873580
1121.290219
1224.265195
1075.523563
800.923628
686.506989
709.390317
572.090349
389.023726
331.815406
251.723758
68.657135
57.215471
343.257070
732.273645
892.456940
766.598636
583.532013
366.140398
183.073774
80.098799
11.448815
-91.526161
-22.876177
183.073774
377.582062
560.648685
743.715309
835.248620
812.365292
732.273645
617.857005
274.607086
-102.967825
-171.617808
-205.942800
-480.542735
-514.867727
-251.709456
-114.409489
-34.317841
148.748783
68.657135
-400.451088
-938.209294
-1464.525836
-1967.959050
-2048.050698
-1796.334091
-1544.617484
-1144.159245
-606.401039
-148.734480
68.657135
-57.201169
-366.126096
-675.051023
-858.117646
-1018.300942
-1258.575885
-1372.992524
-1109.834253
-675.051023
-217.384464
194.515438
491.998701
526.323693
331.815406
183.073774
57.215471
-125.851153
-320.359440
-434.776079
-274.592784
-11.434513
228.840430
480.557037
629.298669
640.740333
549.207021
469.115373
320.373742
68.657135
-102.967825
-102.967825
-68.642833
-80.084497
57.215471
274.607086
411.907054
400.465390
377.582062
331.815406
194.515438
-57.201169
-274.592784
-331.801104
-308.917776
-171.617808
91.540463
308.932078
423.348718
423.348718
389.023726
308.932078
183.073774
34.332143
-125.851153
-251.709456
-354.684432
-320.359440
-205.942800
57.215471
411.907054
560.648685
491.998701
423.348718
331.815406
68.657135
-263.151120
-423.334416
-377.567760
-274.592784
-137.292816
91.540463
286.048750
366.140398
377.582062
297.490414
183.073774
45.773807
-114.409489
-263.151120
-354.684432
-320.359440
-286.034448
-160.176144
102.982127
320.373742
377.582062
354.698734
308.932078
251.723758
137.307119
-34.317841
-205.942800
-286.034448
-205.942800
45.773807
297.490414
354.698734
354.698734
297.490414
205.957102
125.865455
45.773807
-57.201169
-91.526161
-102.967825
-160.176144
-102.967825
68.657135
160.190446
205.957102
274.607086
297.490414
263.165422
148.748783
11.448815
-57.201169
-91.526161
-102.967825
-102.967825
-68.642833
11.448815
34.332143
45.773807
11.448815
-57.201169
-148.734480
-240.267792
-228.826128
-137.292816
-11.434513
137.307119
228.840430
274.607086
320.373742
251.723758
137.307119
11.448815
-91.526161
-160.176144
-80.084497
125.865455
286.048750
286.048750
366.140398
446.232046
297.490414
125.865455
114.423791
125.865455
-45.759505
-194.501136
-194.501136
-102.967825
68.657135
217.398766
286.048750
297.490414
274.607086
160.190446
11.448815
-102.967825
-171.617808
-194.501136
-137.292816
-114.409489
-205.942800
-240.267792
-125.851153
-102.967825
-171.617808
-263.151120
-354.684432
-491.984399
-572.076047
-549.192719
-549.192719
-560.634383
-526.309391
-446.217743
-354.684432
-263.151120
-217.384464
-217.384464
-240.267792
-320.359440
-434.776079
-526.309391
-526.309391
-411.892752
-217.384464
-22.876177
34.332143
-57.201169
-205.942800
-320.359440
-263.151120
-160.176144
-171.617808
-137.292816
-80.084497
-34.317841
22.890479
57.215471
34.332143
-34.317841
11.448815
91.540463
57.215471
68.657135
80.098799
57.215471
45.773807
114.423791
240.282094
274.607086
217.398766
114.423791
34.332143
34.332143
102.982127
102.982127
34.332143
80.098799
217.398766
308.932078
377.582062
457.673709
423.348718
205.957102
80.098799
91.540463
125.865455
137.307119
114.423791
80.098799
125.865455
148.748783
205.957102
251.723758
354.698734
366.140398
228.840430
240.282094
297.490414
297.490414
320.373742
320.373742
308.932078
320.373742
308.932078
297.490414
297.490414
320.373742
343.257070
286.048750
114.423791
-45.759505
-91.526161
-80.084497
-102.967825
-160.176144
-114.409489
-34.317841
-45.759505
22.890479
102.982127
148.748783
102.982127
91.540463
45.773807
-102.967825
-217.384464
-228.826128
-228.826128
-183.059472
-125.851153
-11.434513
57.215471
22.890479
11.448815
91.540463
91.540463
-91.526161
-274.592784
-308.917776
-354.684432
-411.892752
-331.801104
-194.501136
-45.759505
22.890479
34.332143
-91.526161
-194.501136
-160.176144
-125.851153
-251.709456
-343.242768
-240.267792
-68.642833
80.098799
137.307119
45.773807
-91.526161
-171.617808
-251.709456
-228.826128
-125.851153
-160.176144
-194.501136
-45.759505
91.540463
125.865455
137.307119
137.307119
22.890479
-68.642833
-80.084497
-125.851153
-171.617808
-183.059472
-80.084497
68.657135
171.632110
240.282094
205.957102
160.190446
114.423791
114.423791
22.890479
-114.409489
-114.409489
-45.759505
11.448815
57.215471
137.307119
194.515438
183.073774
160.190446
160.190446
148.748783
114.423791
22.890479
11.448815
91.540463
91.540463
-57.201169
-194.501136
-114.409489
0.007151
68.657135
171.632110
91.540463
-102.967825
-125.851153
-68.642833
-22.876177
-45.759505
-91.526161
-68.642833
-45.759505
-114.409489
-114.409489
-11.434513
57.215471
102.982127
91.540463
57.215471
11.448815
-102.967825
-194.501136
-171.617808
-91.526161
-11.434513
57.215471
160.190446
160.190446
137.307119
102.982127
34.332143
-57.201169
-148.734480
-68.642833
34.332143
-22.876177
-45.759505
-22.876177
22.890479
80.098799
125.865455
80.098799
-68.642833
-102.967825
11.448815
11.448815
-34.317841
-34.317841
-57.201169
-57.201169
-11.434513
-34.317841
-80.084497
-80.084497
0.007151
80.098799
91.540463
114.423791
45.773807
22.890479
102.982127
91.540463
0.007151
-80.084497
-68.642833
-68.642833
-80.084497
-68.642833
-34.317841
0.007151
34.332143
57.215471
45.773807
0.007151
-91.526161
-102.967825
-68.642833
-102.967825
-102.967825
11.448815
171.632110
274.607086
286.048750
205.957102
91.540463
183.073774
286.048750
-80.084497
-1201.367565
-2219.675657
-2151.025674
-709.376015
1910.765033
4050.356193
4221.981153
2459.964903
-411.892752
-2986.267143
-4061.783555
-3501.142021
-1567.500812
995.431916
3260.881380
4370.722784
3718.547938
1613.281770
-1178.484237
-3478.258693
-4061.783555
-2814.642183
-480.542735
1922.206697
3375.298020
3569.806307
2620.148198
812.365292
-1201.367565
-2791.758855
-3329.517062
-2482.833929
-686.492687
1338.681834
2677.356518
2848.981477
2070.948328
594.973677
-995.417614
-2013.725706
-2254.000649
-1636.150795
-446.217743
823.806956
1659.048425
1750.581737
1258.590187
377.582062
-652.167695
-1372.992524
-1556.059148
-1235.692557
-606.401039
183.073774
732.273645
755.156972
297.490414
-263.151120
-617.842703
-617.842703
-434.776079
-343.242768
-366.126096
-411.892752
-457.659407
-400.451088
-251.709456
-205.942800
-125.851153
11.448815
91.540463
160.190446
80.098799
-205.942800
-423.334416
-526.309391
-537.751055
-354.684432
-22.876177
228.840430
308.932078
251.723758
114.423791
-11.434513
-102.967825
-194.501136
-320.359440
-240.267792
-11.434513
102.982127
68.657135
148.748783
377.582062
389.023726
114.423791
-183.059472
-320.359440
-354.684432
-297.476112
-102.967825
68.657135
297.490414
469.115373
354.698734
11.448815
-228.826128
-274.592784
-137.292816
57.215471
91.540463
-57.201169
-80.084497
194.515438
377.582062
286.048750
34.332143
-148.734480
-11.434513
240.282094
286.048750
102.982127
-68.642833
-80.084497
34.332143
148.748783
160.190446
194.515438
274.607086
400.465390
503.440365
377.582062
-57.201169
-457.659407
-274.592784
480.557037
1006.873580
812.365292
148.748783
-423.334416
-469.101071
80.098799
526.323693
308.932078
-217.384464
-423.334416
-125.851153
343.257070
491.998701
-11.434513
-606.401039
-469.101071
137.307119
503.440365
469.115373
-45.759505
-652.167695
-560.634383
114.423791
514.882029
320.373742
-102.967825
-343.242768
-251.709456
34.332143
68.657135
-45.759505
160.190446
389.023726
331.815406
-125.851153
-583.517711
-640.726031
-286.034448
274.607086
537.765357
423.348718
22.890479
-617.842703
-903.884302
-514.867727
57.215471
411.907054
709.390317
766.598636
148.748783
-572.076047
-766.584334
-594.959375
-171.617808
526.323693
846.690284
286.048750
-457.659407
-640.726031
-228.826128
343.257070
377.582062
-194.501136
-640.726031
-274.592784
377.582062
537.765357
137.307119
-514.867727
-652.167695
91.540463
835.248620
663.623661
-228.826128
-869.559310
-892.442638
-354.684432
366.140398
675.065325
423.348718
-11.434513
-297.476112
-263.151120
45.773807
366.140398
411.907054
320.373742
68.657135
-480.542735
-983.975950
-995.417614
-491.984399
594.973677
1819.231721
1819.231721
228.840430
-1567.500812
-2219.675657
-1464.525836
0.007151
1132.731883
1418.773482
1086.965227
526.323693
-217.384464
-1018.300942
-1361.550860
-892.442638
125.865455
1029.756908
1144.173547
526.323693
-228.826128
-709.376015
-629.284367
-80.084497
514.882029
606.415341
91.540463
-583.517711
-926.767630
-617.842703
125.865455
652.181997
629.298669
297.490414
-11.434513
-343.242768
-629.284367
-789.467662
-640.726031
-68.642833
675.065325
1064.081899
766.598636
137.307119
-537.751055
-823.792654
-446.217743
57.215471
251.723758
217.398766
125.865455
57.215471
80.098799
148.748783
68.657135
-11.434513
68.657135
171.632110
80.098799
-194.501136
-491.984399
-526.309391
-114.409489
537.765357
858.131948
572.090349
-57.201169
-572.076047
-549.192719
-91.526161
274.607086
297.490414
102.982127
-34.317841
80.098799
240.282094
308.932078
183.073774
-68.642833
-217.384464
-217.384464
-57.201169
80.098799
125.865455
183.073774
274.607086
331.815406
240.282094
34.332143
-183.059472
-366.126096
-240.267792
45.773807
228.840430
286.048750
286.048750
251.723758
102.982127
11.448815
-34.317841
-45.759505
22.890479
114.423791
183.073774
148.748783
57.215471
-11.434513
22.890479
251.723758
331.815406
114.423791
-137.292816
-205.942800
-160.176144
45.773807
240.282094
308.932078
286.048750
251.723758
160.190446
11.448815
-68.642833
-34.317841
22.890479
11.448815
-22.876177
-34.317841
-22.876177
22.890479
171.632110
217.398766
160.190446
22.890479
-148.734480
-160.176144
-80.084497
-22.876177
68.657135
125.865455
22.890479
-114.409489
-160.176144
-160.176144
-194.501136
-228.826128
-286.034448
-320.359440
-286.034448
-205.942800
-102.967825
-11.434513
-22.876177
-91.526161
-205.942800
-274.592784
-274.592784
-320.359440
-320.359440
-308.917776
-320.359440
-274.592784
-205.942800
-68.642833
45.773807
-45.759505
-205.942800
-274.592784
-263.151120
-205.942800
-91.526161
11.448815
45.773807
-22.876177
-102.967825
-125.851153
-80.084497
-34.317841
-80.084497
-34.317841
91.540463
125.865455
45.773807
-34.317841
11.448815
0.007151
68.657135
183.073774
205.957102
137.307119
-45.759505
-183.059472
-125.851153
-34.317841
68.657135
91.540463
68.657135
68.657135
91.540463
45.773807
-45.759505
-102.967825
-45.759505
45.773807
45.773807
-34.317841
-68.642833
11.448815
137.307119
240.282094
286.048750
160.190446
22.890479
-68.642833
-171.617808
-148.734480
-11.434513
102.982127
205.957102
263.165422
263.165422
217.398766
228.840430
205.957102
160.190446
125.865455
148.748783
160.190446
217.398766
263.165422
183.073774
57.215471
0.007151
68.657135
102.982127
91.540463
68.657135
-57.201169
-160.176144
-148.734480
-34.317841
160.190446
228.840430
160.190446
22.890479
-102.967825
-160.176144
-125.851153
-11.434513
114.423791
160.190446
194.515438
205.957102
80.098799
-45.759505
-137.292816
-183.059472
-148.734480
-57.201169
0.007151
11.448815
80.098799
91.540463
45.773807
45.773807
57.215471
-22.876177
-194.501136
-274.592784
-217.384464
-68.642833
114.423791
114.423791
22.890479
-22.876177
34.332143
22.890479
-102.967825
-194.501136
-240.267792
-125.851153
80.098799
171.632110
194.515438
114.423791
11.448815
-34.317841
-68.642833
-137.292816
-137.292816
-91.526161
-45.759505
-57.201169
-80.084497
-45.759505
-22.876177
68.657135
102.982127
34.332143
-34.317841
-125.851153
-194.501136
-240.267792
-183.059472
-22.876177
57.215471
114.423791
22.890479
-80.084497
-114.409489
-137.292816
-148.734480
-137.292816
-11.434513
102.982127
102.982127
91.540463
91.540463
91.540463
0.007151
-80.084497
-114.409489
-183.059472
-183.059472
-137.292816
-102.967825
0.007151
114.423791
171.632110
137.307119
-45.759505
-148.734480
-137.292816
-160.176144
-148.734480
-80.084497
22.890479
45.773807
22.890479
-34.317841
-57.201169
-125.851153
-160.176144
-125.851153
-68.642833
22.890479
80.098799
80.098799
45.773807
0.007151
45.773807
34.332143
-45.759505
-91.526161
-114.409489
-80.084497
-45.759505
0.007151
68.657135
80.098799
34.332143
-11.434513
34.332143
80.098799
0.007151
-34.317841
11.448815
34.332143
57.215471
68.657135
34.332143
-11.434513
45.773807
137.307119
205.957102
228.840430
137.307119
11.448815
-68.642833
-57.201169
-11.434513
-57.201169
-22.876177
91.540463
205.957102
228.840430
194.515438
91.540463
-57.201169
-80.084497
-68.642833
-45.759505
80.098799
205.957102
183.073774
80.098799
11.448815
-22.876177
11.448815
34.332143
68.657135
68.657135
57.215471
22.890479
0.007151
11.448815
91.540463
183.073774
194.515438
91.540463
-68.642833
-148.734480
-91.526161
11.448815
11.448815
45.773807
114.423791
114.423791
68.657135
-22.876177
-68.642833
-80.084497
-125.851153
-91.526161
22.890479
137.307119
148.748783
102.982127
80.098799
91.540463
102.982127
57.215471
-11.434513
11.448815
22.890479
11.448815
-11.434513
-11.434513
34.332143
80.098799
125.865455
91.540463
57.215471
22.890479
0.007151
34.332143
0.007151
-34.317841
-22.876177
11.448815
45.773807
22.890479
11.448815
80.098799
114.423791
57.215471
11.448815
0.007151
-11.434513
-22.876177
0.007151
-22.876177
-45.759505
-34.317841
-80.084497
-137.292816
-160.176144
-217.384464
-217.384464
-160.176144
-137.292816
-125.851153
-102.967825
-137.292816
-194.501136
-251.709456
-274.592784
-274.592784
-217.384464
-125.851153
-34.317841
-68.642833
-125.851153
-137.292816
-137.292816
-91.526161
-57.201169
-34.317841
-57.201169
-125.851153
-137.292816
-68.642833
-57.201169
-57.201169
11.448815
45.773807
-11.434513
-68.642833
-57.201169
-57.201169
-22.876177
57.215471
57.215471
-34.317841
-45.759505
11.448815
22.890479
57.215471
57.215471
11.448815
0.007151
-11.434513
11.448815
-11.434513
-57.201169
-45.759505
0.007151
22.890479
68.657135
102.982127
68.657135
45.773807
11.448815
11.448815
0.007151
22.890479
11.448815
0.007151
57.215471
68.657135
45.773807
22.890479
0.007151
22.890479
68.657135
34.332143
11.448815
45.773807
102.982127
160.190446
205.957102
160.190446
160.190446
171.632110
148.748783
114.423791
114.423791
91.540463
102.982127
171.632110
194.515438
125.865455
45.773807
11.448815
45.773807
11.448815
-22.876177
0.007151
57.215471
91.540463
68.657135
45.773807
-11.434513
-45.759505
0.007151
45.773807
68.657135
80.098799
45.773807
22.890479
22.890479
0.007151
-11.434513
68.657135
91.540463
45.773807
0.007151
22.890479
45.773807
-11.434513
0.007151
22.890479
22.890479
0.007151
0.007151
-11.434513
-114.409489
-137.292816
-68.642833
-45.759505
11.448815
91.540463
34.332143
0.007151
11.448815
-22.876177
-68.642833
-68.642833
-57.201169
-34.317841
-11.434513
-11.434513
0.007151
-22.876177
-22.876177
0.007151
34.332143
11.448815
-57.201169
-68.642833
-45.759505
-22.876177
-34.317841
-80.084497
-68.642833
-11.434513
34.332143
22.890479
-22.876177
-11.434513
-34.317841
-114.409489
-125.851153
-102.967825
-57.201169
-45.759505
-45.759505
-34.317841
-22.876177
-57.201169
-68.642833
-34.317841
-11.434513
34.332143
57.215471
0.007151
-34.317841
-91.526161
-148.734480
-91.526161
-68.642833
-11.434513
22.890479
-34.317841
-91.526161
-114.409489
-80.084497
-34.317841
-11.434513
0.007151
11.448815
11.448815
34.332143
-22.876177
-183.059472
-160.176144
-114.409489
-68.642833
34.332143
22.890479
45.773807
68.657135
11.448815
-22.876177
22.890479
34.332143
-45.759505
-34.317841
-22.876177
-57.201169
-45.759505
34.332143
102.982127
68.657135
57.215471
45.773807
34.332143
-45.759505
-80.084497
11.448815
80.098799
160.190446
125.865455
45.773807
0.007151
-45.759505
-45.759505
-22.876177
11.448815
68.657135
102.982127
80.098799
0.007151
0.007151
0.007151
-11.434513
22.890479
