-15.780009
9.472530
18.942232
-9.466875
-3.153740
9.472530
-9.466875
-12.623442
-3.153740
3.159395
-12.623442
-18.936577
-12.623442
0.002828
9.472530
-12.623442
-18.936577
15.785665
12.629098
-41.032549
-12.623442
44.194772
-3.153740
-66.285089
-3.153740
53.664474
-25.249712
-72.598223
25.255367
50.507907
-47.345684
-47.345684
37.881637
9.472530
-59.971954
6.315963
44.194772
-41.032549
-50.502251
37.881637
12.629098
-69.441656
-6.310307
47.351339
-28.406279
-47.345684
37.881637
22.098800
-59.971954
-22.093144
41.038205
-15.780009
-34.719414
25.255367
6.315963
-41.032549
-6.310307
37.881637
-15.780009
-59.971954
12.629098
15.785665
-66.285089
-25.249712
47.351339
-15.780009
-63.128521
15.785665
44.194772
-50.502251
-47.345684
37.881637
-3.153740
-59.971954
0.002828
44.194772
-34.719414
-53.658819
28.411935
12.629098
-53.658819
-3.153740
47.351339
-18.936577
-34.719414
28.411935
15.785665
-28.406279
3.159395
22.098800
-28.406279
-9.466875
56.821042
0.002828
-44.189116
44.194772
50.507907
-59.971954
-25.249712
94.699851
0.002828
-104.163898
34.725070
88.386716
-47.345684
-37.875982
82.073581
31.568502
-66.285089
6.315963
78.917014
-9.466875
-50.502251
50.507907
41.038205
-50.502251
12.629098
63.134177
6.315963
-6.310307
28.411935
28.411935
-3.153740
18.942232
37.881637
-28.406279
-12.623442
69.447311
18.942232
-41.032549
37.881637
44.194772
-44.189116
3.159395
63.134177
3.159395
-34.719414
18.942232
44.194772
-9.466875
-6.310307
41.038205
-6.310307
-41.032549
37.881637
50.507907
-28.406279
-12.623442
34.725070
0.002828
-15.780009
25.255367
25.255367
3.159395
0.002828
6.315963
3.159395
15.785665
15.785665
-18.936577
-3.153740
31.568502
12.629098
-22.093144
-3.153740
44.194772
-6.310307
-41.032549
31.568502
56.821042
-47.345684
-37.875982
72.603879
15.785665
-72.598223
-9.466875
78.917014
0.002828
-72.598223
37.881637
72.603879
-59.971954
-50.502251
78.917014
15.785665
-78.911358
12.629098
72.603879
-22.093144
-41.032549
34.725070
25.255367
-41.032549
-22.093144
28.411935
-18.936577
-44.189116
9.472530
0.002828
-50.502251
-18.936577
-3.153740
-41.032549
-18.936577
-12.623442
-47.345684
-22.093144
-3.153740
-41.032549
-50.502251
-6.310307
-6.310307
-59.971954
-44.189116
18.942232
-9.466875
-72.598223
-12.623442
25.255367
-37.875982
-41.032549
3.159395
0.002828
-25.249712
-41.032549
6.315963
6.315963
-41.032549
-9.466875
22.098800
-28.406279
-25.249712
31.568502
-3.153740
-41.032549
9.472530
22.098800
-28.406279
-6.310307
44.194772
3.159395
-37.875982
6.315963
31.568502
-12.623442
-25.249712
18.942232
-9.466875
-37.875982
15.785665
9.472530
-28.406279
-9.466875
6.315963
-3.153740
-3.153740
12.629098
9.472530
-15.780009
-25.249712
18.942232
31.568502
-31.562847
-9.466875
53.664474
3.159395
-15.780009
47.351339
22.098800
-41.032549
25.255367
78.917014
6.315963
-28.406279
37.881637
66.290744
3.159395
22.098800
66.290744
15.785665
-9.466875
41.038205
37.881637
-12.623442
9.472530
37.881637
-9.466875
-12.623442
31.568502
3.159395
-34.719414
9.472530
44.194772
-22.093144
-31.562847
50.507907
25.255367
-41.032549
15.785665
47.351339
-25.249712
-31.562847
53.664474
37.881637
-41.032549
12.629098
69.447311
-9.466875
-31.562847
34.725070
25.255367
-15.780009
3.159395
41.038205
9.472530
-25.249712
22.098800
28.411935
-28.406279
6.315963
47.351339
-28.406279
-47.345684
56.821042
31.568502
-69.441656
-22.093144
69.447311
6.315963
-82.067926
18.942232
63.134177
-47.345684
-47.345684
44.194772
-9.466875
-47.345684
34.725070
6.315963
-72.598223
-6.310307
41.038205
-37.875982
-50.502251
28.411935
25.255367
-53.658819
-25.249712
50.507907
-15.780009
-69.441656
12.629098
41.038205
-47.345684
-50.502251
53.664474
18.942232
-97.850763
-15.780009
101.012986
-47.345684
-142.042707
47.351339
97.856418
-91.537628
-72.598223
88.386716
22.098800
-94.694195
-9.466875
78.917014
-31.562847
-88.381061
28.411935
41.038205
-56.815386
-44.189116
50.507907
6.315963
-85.224493
3.159395
75.760446
-53.658819
-82.067926
50.507907
44.194772
-91.537628
-44.189116
101.012986
-3.153740
-129.416437
22.098800
85.230149
-75.754791
-66.285089
101.012986
25.255367
-110.477033
15.785665
88.386716
-50.502251
-75.754791
72.603879
63.134177
-85.224493
-22.093144
91.543284
-31.562847
-91.537628
66.290744
75.760446
-94.694195
-44.189116
110.482688
15.785665
-82.067926
41.038205
66.290744
-59.971954
-22.093144
78.917014
-15.780009
-41.032549
75.760446
12.629098
-66.285089
50.507907
66.290744
-63.128521
-31.562847
82.073581
41.038205
-78.911358
3.159395
107.326121
-37.875982
-69.441656
82.073581
53.664474
-78.911358
-6.310307
94.699851
-9.466875
-66.285089
47.351339
63.134177
-53.658819
-18.936577
88.386716
6.315963
-47.345684
50.507907
37.881637
-37.875982
25.255367
66.290744
-3.153740
-41.032549
9.472530
56.821042
15.785665
-50.502251
-9.466875
75.760446
18.942232
-59.971954
12.629098
82.073581
-12.623442
-56.815386
56.821042
41.038205
-66.285089
37.881637
88.386716
-78.911358
-37.875982
135.735228
-3.153740
-135.729572
85.230149
138.891795
-113.633600
-88.381061
148.361498
41.038205
-145.199275
12.629098
116.795823
-37.875982
-59.971954
63.134177
28.411935
-59.971954
12.629098
69.447311
-25.249712
-31.562847
31.568502
0.002828
-18.936577
15.785665
-22.093144
-12.623442
47.351339
6.315963
-28.406279
18.942232
44.194772
-31.562847
-47.345684
34.725070
3.159395
-28.406279
3.159395
-44.189116
-22.093144
47.351339
-41.032549
-91.537628
41.038205
50.507907
-113.633600
-63.128521
97.856418
-34.719414
-104.163898
28.411935
-12.623442
-101.007330
12.629098
41.038205
-110.477033
-75.754791
82.073581
6.315963
-135.729572
-12.623442
91.543284
-82.067926
-119.946735
85.230149
34.725070
-135.729572
9.472530
94.699851
-126.259870
-97.850763
138.891795
6.315963
-170.451814
44.194772
157.831200
-101.007330
-151.512409
138.891795
94.699851
-170.451814
-18.936577
170.457470
-41.032549
-145.199275
119.952391
75.760446
-145.199275
3.159395
101.012986
-82.067926
-82.067926
104.169553
22.098800
-132.573005
31.568502
123.108958
-66.285089
-94.694195
85.230149
66.290744
-59.971954
-28.406279
47.351339
44.194772
3.159395
-3.153740
-12.623442
-22.093144
78.917014
47.351339
-145.199275
3.159395
246.215088
-56.815386
-233.583163
192.553442
255.684791
-173.608382
-138.886140
227.275684
157.831200
-129.416437
-56.815386
132.578660
69.447311
-47.345684
-34.719414
31.568502
59.977609
25.255367
-47.345684
-41.032549
88.386716
91.543284
-116.790168
-82.067926
145.204930
63.134177
-129.416437
-18.936577
116.795823
-3.153740
-69.441656
12.629098
47.351339
44.194772
-25.249712
-59.971954
75.760446
101.012986
-66.285089
-44.189116
82.073581
31.568502
-63.128521
3.159395
69.447311
-31.562847
-44.189116
34.725070
0.002828
18.942232
47.351339
-97.850763
-59.971954
170.457470
31.568502
-205.174056
22.098800
192.553442
-91.537628
-145.199275
119.952391
66.290744
-138.886140
-25.249712
110.482688
-59.971954
-97.850763
94.699851
37.881637
-110.477033
-31.562847
69.447311
22.098800
-101.007330
-88.381061
119.952391
82.073581
-195.704354
-94.694195
198.866577
44.194772
-205.174056
-44.189116
126.265525
47.351339
-78.911358
-66.285089
53.664474
-9.466875
-37.875982
66.290744
-59.971954
-94.694195
138.891795
18.942232
-179.921516
85.230149
107.326121
-164.138679
-44.189116
148.361498
-28.406279
-101.007330
97.856418
-22.093144
-176.764949
132.578660
179.927172
-293.557944
-167.295247
363.008084
12.629098
-363.002428
78.917014
258.841358
-116.790168
-205.174056
104.169553
176.770604
-157.825544
-164.138679
192.553442
9.472530
-205.174056
164.144335
63.134177
-277.775107
148.361498
249.371656
-369.315563
-132.573005
467.174809
-56.815386
-467.169154
170.457470
416.669730
-224.113461
-366.158995
290.407032
287.250465
-340.906456
-173.608382
385.104056
41.038205
-375.628698
138.891795
258.841358
-255.679135
-6.310307
290.407032
-227.270028
-157.825544
397.730325
-37.875982
-359.845861
179.927172
198.866577
-116.790168
-25.249712
28.411935
0.002828
72.603879
15.785665
-101.007330
47.351339
176.770604
-101.007330
-183.078084
186.240307
154.674632
-208.330623
-63.128521
183.083739
37.881637
-91.537628
0.002828
91.543284
-50.502251
-34.719414
157.831200
-56.815386
-151.512409
198.866577
88.386716
-224.113461
72.603879
208.336279
-142.042707
-88.381061
157.831200
37.881637
-41.032549
-69.441656
0.002828
227.275684
-53.658819
-236.739730
186.240307
135.735228
-167.295247
-18.936577
101.012986
3.159395
3.159395
75.760446
-88.381061
-59.971954
239.901953
-63.128521
-321.967051
290.407032
249.371656
-426.133777
15.785665
356.694949
-236.739730
-66.285089
287.250465
-220.956893
-170.451814
372.477786
22.098800
-359.845861
101.012986
299.876735
-145.199275
-261.992270
167.300902
249.371656
-176.764949
-205.174056
189.396874
138.891795
-227.270028
-56.815386
265.154493
-88.381061
-224.113461
268.311060
72.603879
-350.376158
126.265525
321.972707
-303.027647
-280.931675
400.886893
176.770604
-523.987368
-75.754791
482.957646
-119.946735
-416.664075
160.987767
217.805981
-214.643758
-170.451814
91.543284
123.108958
-82.067926
-268.305405
44.194772
217.805981
-179.921516
-154.668977
113.639256
-59.971954
-37.875982
82.073581
-101.007330
-85.224493
28.411935
15.785665
9.472530
-47.345684
-12.623442
-37.875982
-75.754791
72.603879
-18.936577
-37.875982
119.952391
-170.451814
-107.320465
359.851516
-34.719414
-375.628698
224.119116
261.997925
-265.148837
-113.633600
217.805981
85.230149
-236.739730
-15.780009
274.624195
-179.921516
-104.163898
299.876735
-236.739730
-202.017489
445.078837
-97.850763
-438.760047
328.285842
249.371656
-378.785265
-129.416437
344.068679
129.422093
-356.689293
-119.946735
400.886893
104.169553
-419.820642
-6.310307
448.235404
-135.729572
-337.749889
246.215088
217.805981
-205.174056
-154.668977
220.962549
116.795823
-154.668977
110.482688
69.447311
-107.320465
151.518065
97.856418
-145.199275
-25.249712
198.866577
44.194772
-198.860921
44.194772
233.588818
-110.477033
-211.487191
220.962549
154.674632
-280.931675
3.159395
258.841358
-132.573005
-183.078084
246.215088
91.543284
-284.088242
101.012986
239.901953
-217.800326
-113.633600
309.346437
107.326121
-334.593321
-12.623442
359.851516
-41.032549
-290.401377
85.230149
258.841358
-113.633600
-205.174056
157.831200
195.710009
-104.163898
-195.704354
97.856418
164.144335
-123.103302
-37.875982
104.169553
-53.658819
-25.249712
72.603879
-37.875982
-25.249712
47.351339
-34.719414
-37.875982
12.629098
59.977609
15.785665
-170.451814
34.725070
239.901953
-179.921516
-208.330623
274.624195
37.881637
-287.244809
91.543284
113.639256
-138.886140
-6.310307
-18.936577
-3.153740
59.977609
-72.598223
-37.875982
-44.189116
25.255367
104.169553
-63.128521
-88.381061
-31.562847
25.255367
82.073581
-28.406279
-135.729572
25.255367
69.447311
-72.598223
28.411935
18.942232
-97.850763
47.351339
113.639256
-132.573005
-214.643758
246.215088
265.154493
-445.073182
-183.078084
558.715265
-75.754791
-514.517665
296.720167
265.154493
-321.967051
-145.199275
195.710009
148.361498
-249.366000
-3.153740
173.614037
-280.931675
78.917014
239.901953
-214.643758
-173.608382
198.866577
173.614037
-375.628698
18.942232
315.659572
-318.810484
34.725070
255.684791
-246.209433
-94.694195
293.563600
-18.936577
-290.401377
252.528223
72.603879
-344.063023
176.770604
217.805981
-192.547786
-119.946735
230.432251
-15.780009
-236.739730
271.467628
47.351339
-258.835702
123.108958
126.265525
-88.381061
12.629098
63.134177
-160.982112
116.795823
186.240307
-331.436754
34.725070
363.008084
-217.800326
-192.547786
284.093898
44.194772
-173.608382
78.917014
72.603879
-47.345684
6.315963
34.725070
25.255367
66.290744
15.785665
-167.295247
41.038205
192.553442
-66.285089
-25.249712
0.002828
-59.971954
195.710009
69.447311
-328.280186
91.543284
476.644511
-325.123619
-441.916614
546.088995
321.972707
-454.542884
-255.679135
347.225246
337.755544
-391.411535
-268.305405
505.053618
183.083739
-565.022744
-116.790168
681.821395
12.629098
-732.320819
290.407032
688.134530
-555.553042
-505.047963
691.291098
325.129274
-675.502605
-34.719414
561.871832
-325.123619
-167.295247
514.523321
-347.219591
-214.643758
593.437507
-318.810484
-350.376158
590.280939
-28.406279
-356.689293
82.073581
41.038205
284.093898
-186.234651
-464.012586
716.543637
-56.815386
-767.043061
814.397228
75.760446
-978.533079
587.124372
634.472884
-650.250065
-268.305405
249.371656
154.674632
277.780763
-441.916614
-261.992270
596.594074
-375.628698
-132.573005
549.245563
-353.532726
-129.416437
224.119116
-211.487191
-107.320465
236.745386
-88.381061
-214.643758
205.179711
-246.209433
37.881637
328.285842
-454.542884
-135.729572
129.422093
246.215088
-113.633600
-656.563200
609.220344
435.609135
-839.644112
-179.921516
577.654670
160.987767
-703.911712
-145.199275
940.659925
-53.658819
-1076.386670
265.154493
1107.958000
-823.861275
-928.028000
1388.892502
214.649414
-1458.331330
672.351693
858.589172
-1221.588772
135.735228
1212.124725
-1142.674586
-656.563200
1815.029107
-340.906456
-1751.892102
1452.023851
899.624549
-1868.685098
-25.249712
1417.301609
-205.174056
-1041.664428
220.962549
886.998279
-479.795423
-325.123619
486.114214
-451.386316
9.472530
713.387070
-577.649014
-445.073182
934.346791
-75.754791
-883.836056
703.917367
325.129274
-940.654270
460.861674
539.775860
-845.957247
227.275684
858.589172
-830.174409
-618.684391
1218.437860
183.083739
-1212.119070
520.836456
965.912465
-890.149191
-473.482289
994.321572
249.371656
-773.356195
-101.007330
631.316316
104.169553
-609.214689
-41.032549
871.215442
-170.451814
-959.593675
593.437507
571.341535
-808.078437
85.230149
637.629451
-457.699451
-306.184214
517.679888
138.891795
-375.628698
-37.875982
217.805981
82.073581
-104.163898
-192.547786
220.962549
258.841358
-252.522568
-116.790168
69.447311
53.664474
132.578660
-119.946735
12.629098
113.639256
-331.436754
148.361498
482.957646
-438.760047
-495.578261
593.437507
410.356595
-719.694549
-183.078084
827.023498
-255.679135
-814.391572
877.528577
438.765702
-1407.826251
258.841358
1306.821749
-934.341135
-624.997526
1325.761153
-243.052865
-1417.295954
899.624549
981.695302
-1186.866530
-271.461972
1032.200381
-331.436754
-839.644112
593.437507
666.038558
-741.790521
-457.699451
666.038558
227.275684
-571.335879
-41.032549
669.195125
-404.037805
-726.007684
773.361851
397.730325
-694.442009
-101.007330
517.679888
-88.381061
-612.371256
369.321218
637.629451
-587.118716
-621.840958
637.629451
700.760800
-912.245163
-546.083340
1212.124725
-34.719414
-1155.300856
609.220344
757.579014
-965.906809
-271.461972
981.695302
-271.461972
-801.765302
707.073935
473.487944
-1095.326075
-94.694195
1240.533832
-299.871079
-1167.927126
615.533479
953.286195
-988.002782
-609.214689
1158.463079
-9.466875
-934.341135
486.114214
419.826298
-546.083340
-85.224493
309.346437
37.881637
-157.825544
-132.573005
243.058521
157.831200
-448.229749
138.891795
473.487944
-710.224847
-151.512409
978.538735
-410.350940
-618.684391
874.372009
-22.093144
-975.376512
505.053618
625.003181
-523.987368
-104.163898
227.275684
-50.502251
-208.330623
-15.780009
558.715265
-138.886140
-574.492447
419.826298
135.735228
-492.421693
340.912111
546.088995
-546.083340
-482.951991
536.619293
321.972707
-258.835702
-157.825544
107.326121
47.351339
-186.234651
132.578660
287.250465
-116.790168
-119.946735
-63.128521
-31.562847
243.058521
72.603879
-148.355842
41.038205
-50.502251
-72.598223
205.179711
22.098800
-78.911358
135.735228
-88.381061
-195.704354
170.457470
255.684791
-183.078084
-123.103302
350.381814
-243.052865
-353.532726
625.003181
-22.093144
-511.361098
363.008084
119.952391
-195.704354
230.432251
-72.598223
-482.951991
353.538381
625.003181
-732.320819
-236.739730
997.478139
-271.461972
-729.164251
539.775860
296.720167
-659.719768
72.603879
798.614391
-296.714512
-710.224847
435.609135
476.644511
-454.542884
-265.148837
419.826298
116.795823
-397.724670
195.710009
410.356595
-492.421693
-239.896298
451.391972
-69.441656
-157.825544
274.624195
-91.537628
-236.739730
249.371656
-78.911358
-69.441656
340.912111
-498.734828
-205.174056
817.553795
-186.234651
-697.598577
489.270781
413.513163
-593.431851
-233.583163
328.285842
-25.249712
-217.800326
189.396874
340.912111
-397.724670
-517.674233
400.886893
189.396874
-467.169154
145.204930
363.008084
-520.830800
-243.052865
703.917367
-47.345684
-719.694549
205.179711
372.477786
-498.734828
-107.320465
748.109311
28.411935
-811.235005
-151.512409
536.619293
-75.754791
-344.063023
435.609135
179.927172
-482.951991
-113.633600
91.543284
173.614037
126.265525
-303.027647
-18.936577
315.659572
-126.259870
-202.017489
309.346437
116.795823
-517.674233
-104.163898
413.513163
72.603879
-94.694195
129.422093
-15.780009
-470.325721
-3.153740
527.149591
-154.668977
-170.451814
154.674632
-94.694195
82.073581
-25.249712
31.568502
236.745386
-438.760047
-268.305405
703.917367
183.083739
-615.527823
198.866577
505.053618
-574.492447
-429.290344
729.169907
258.841358
-640.780363
142.048363
441.922270
-391.411535
-37.875982
422.982865
-277.775107
-110.477033
539.775860
-142.042707
-359.845861
416.669730
179.927172
-397.724670
0.002828
410.356595
-15.780009
-353.532726
37.881637
280.937330
-22.093144
-243.052865
167.300902
290.407032
-274.618540
-211.487191
189.396874
138.891795
-18.936577
-208.330623
-34.719414
394.573758
75.760446
-460.856019
-75.754791
422.982865
167.300902
-271.461972
-325.123619
198.866577
561.871832
-157.825544
-666.032902
224.119116
628.159749
-284.088242
-476.638856
280.937330
385.104056
-173.608382
-340.906456
85.230149
315.659572
-9.466875
-312.497349
-119.946735
312.503004
63.134177
-258.835702
164.144335
-9.466875
-274.618540
255.684791
78.917014
-372.472130
88.386716
280.937330
-261.992270
-138.886140
527.149591
91.543284
-804.921870
-195.704354
751.265879
-31.562847
-574.492447
391.417191
451.391972
-448.229749
-306.184214
214.649414
-107.320465
-249.366000
340.912111
315.659572
-318.810484
-75.754791
243.058521
-372.472130
-258.835702
419.826298
-9.466875
-299.871079
211.492846
293.563600
-101.007330
-356.689293
-113.633600
192.553442
3.159395
-69.441656
195.710009
107.326121
-176.764949
-69.441656
126.265525
-18.936577
-186.234651
-25.249712
170.457470
63.134177
-78.911358
-22.093144
104.169553
-3.153740
-255.679135
15.785665
101.012986
-227.270028
198.866577
325.129274
-287.244809
-198.860921
160.987767
25.255367
-148.355842
41.038205
129.422093
-189.391219
22.098800
306.189870
-132.573005
-243.052865
78.917014
116.795823
-53.658819
-56.815386
82.073581
-31.562847
-72.598223
202.023144
107.326121
-211.487191
-104.163898
34.725070
34.725070
214.649414
107.326121
-220.956893
-59.971954
97.856418
-88.381061
-18.936577
236.745386
110.482688
-287.244809
-116.790168
261.997925
91.543284
-15.780009
-18.936577
-192.547786
-56.815386
230.432251
119.952391
-107.320465
6.315963
56.821042
-126.259870
0.002828
94.699851
-22.093144
44.194772
3.159395
-85.224493
66.290744
110.482688
-78.911358
-132.573005
53.664474
101.012986
-12.623442
-53.658819
44.194772
88.386716
-3.153740
22.098800
-15.780009
-129.416437
-28.406279
132.578660
50.507907
-28.406279
110.482688
37.881637
-135.729572
-59.971954
-18.936577
3.159395
113.639256
56.821042
-66.285089
-15.780009
0.002828
-18.936577
53.664474
18.942232
-66.285089
-88.381061
50.507907
202.023144
28.411935
-44.189116
47.351339
-173.608382
-164.138679
208.336279
142.048363
-18.936577
50.507907
-41.032549
-59.971954
41.038205
28.411935
-12.623442
-6.310307
6.315963
-9.466875
34.725070
91.543284
44.194772
6.315963
-66.285089
-205.174056
0.002828
299.876735
56.821042
-56.815386
142.048363
-113.633600
-261.992270
129.422093
227.275684
-135.729572
-119.946735
176.770604
28.411935
-72.598223
85.230149
-69.441656
-220.956893
-9.466875
129.422093
-9.466875
-50.502251
82.073581
-31.562847
-220.956893
-63.128521
123.108958
-69.441656
-202.017489
12.629098
88.386716
-66.285089
-37.875982
44.194772
-135.729572
-176.764949
9.472530
-72.598223
-69.441656
148.361498
37.881637
-142.042707
-82.067926
-53.658819
-116.790168
-59.971954
15.785665
-41.032549
-18.936577
12.629098
-132.573005
-75.754791
164.144335
-22.093144
-236.739730
-47.345684
69.447311
-41.032549
0.002828
123.108958
18.942232
-85.224493
-113.633600
-119.946735
-22.093144
59.977609
44.194772
-53.658819
-85.224493
-12.623442
-37.875982
-101.007330
-53.658819
34.725070
9.472530
-138.886140
-110.477033
107.326121
110.482688
-9.466875
-41.032549
-88.381061
-34.719414
44.194772
3.159395
75.760446
205.179711
91.543284
-123.103302
18.942232
227.275684
66.290744
0.002828
208.336279
277.780763
145.204930
59.977609
78.917014
129.422093
167.300902
97.856418
9.472530
53.664474
148.361498
113.639256
47.351339
132.578660
69.447311
-142.042707
-66.285089
211.492846
284.093898
154.674632
129.422093
107.326121
-15.780009
-6.310307
148.361498
183.083739
56.821042
104.169553
198.866577
50.507907
18.942232
145.204930
119.952391
6.315963
34.725070
186.240307
138.891795
37.881637
82.073581
3.159395
-94.694195
15.785665
104.169553
69.447311
-53.658819
-138.886140
-85.224493
-176.764949
-404.037805
-419.820642
-224.113461
-123.103302
-274.618540
-413.507507
-350.376158
-381.941833
-552.396475
-527.143935
-337.749889
-287.244809
-290.401377
-233.583163
-239.896298
-217.800326
-192.547786
-217.800326
-202.017489
-135.729572
-88.381061
-63.128521
44.194772
164.144335
97.856418
-50.502251
-28.406279
41.038205
6.315963
34.725070
116.795823
97.856418
50.507907
75.760446
72.603879
31.568502
25.255367
-12.623442
-66.285089
-15.780009
75.760446
85.230149
18.942232
3.159395
25.255367
-53.658819
-59.971954
82.073581
142.048363
160.987767
214.649414
170.457470
119.952391
148.361498
205.179711
268.311060
363.008084
454.548539
432.452567
397.730325
356.694949
246.215088
249.371656
381.947488
378.790921
268.311060
331.442409
413.513163
277.780763
154.674632
299.876735
413.513163
202.023144
211.492846
505.053618
438.765702
205.179711
280.937330
400.886893
325.129274
366.164651
476.644511
296.720167
-56.815386
-1044.820995
-2866.160409
-3011.362512
189.396874
2768.312474
931.190223
-1770.831507
-1344.694902
-744.947088
-2335.857079
-2660.983526
0.002828
1840.281646
388.260623
-1335.225200
-419.820642
1063.766056
233.588818
-1534.088949
-1120.578614
726.013339
814.397228
-328.280186
464.018242
2203.286902
1442.554149
-852.270382
-1177.396828
164.144335
451.391972
-47.345684
482.957646
1268.942939
842.806335
-258.835702
-842.800679
-549.239907
-9.466875
-88.381061
-479.795423
-239.896298
261.997925
-66.285089
-634.467228
-381.941833
-306.184214
-1253.154447
-1344.694902
157.831200
700.760800
-293.557944
-492.421693
195.710009
-101.007330
-726.007684
-142.042707
669.195125
684.977963
451.391972
366.164651
388.260623
451.391972
189.396874
-290.401377
22.098800
820.710363
656.568856
-22.093144
239.901953
593.437507
-151.512409
-751.260223
-160.982112
385.104056
85.230149
-41.032549
344.068679
366.164651
-56.815386
-340.906456
-277.775107
97.856418
441.922270
486.114214
558.715265
669.195125
277.780763
-265.148837
116.795823
890.154846
694.447665
220.962549
675.508260
1155.306511
726.013339
385.104056
722.856772
842.806335
489.270781
508.210186
950.129628
1101.644865
823.866930
419.826298
59.977609
-997.472484
-3424.872847
-4472.853237
-909.088595
3446.974474
2263.261684
-2032.826605
-2714.645172
-1215.275637
-2563.129935
-4062.499470
-1246.841312
2335.862735
1376.266232
-1616.159702
-1354.164605
918.563953
621.846614
-1717.169861
-1783.457777
577.654670
1467.806688
284.093898
359.851516
2140.155553
2121.216149
-407.194372
-1742.422400
-359.845861
946.973060
773.361851
688.134530
1231.064130
1066.922623
-239.896298
-1366.790875
-1186.866530
-186.234651
195.710009
-290.401377
-445.073182
28.411935
-59.971954
-814.391572
-909.088595
-366.158995
-558.709609
-1499.366707
-1470.957600
116.795823
1130.053972
249.371656
-498.734828
-44.189116
-198.860921
-1013.255321
-239.896298
1638.261330
1685.609842
321.972707
59.977609
451.391972
119.952391
-189.391219
243.058521
703.917367
628.159749
249.371656
-9.466875
44.194772
123.108958
-258.835702
-669.189470
-296.714512
359.851516
340.912111
101.012986
340.912111
312.503004
-321.967051
-568.179312
-12.623442
643.942586
855.432604
770.205284
713.387070
602.907209
287.250465
91.543284
388.260623
921.720521
953.286195
583.967804
688.134530
1041.670084
814.397228
385.104056
530.306158
899.624549
868.058874
735.483042
1003.791274
1142.680242
609.220344
-154.668977
-1429.922223
-3822.600344
-4766.414009
-1047.977563
3797.353460
3046.090409
-1856.058828
-3809.974074
-2342.170214
-2465.276344
-3544.822409
-1291.033256
2506.317377
2354.802139
-1268.937284
-2402.144995
126.265525
1082.705460
-1243.684744
-2042.296307
669.195125
2398.994084
931.190223
116.795823
1625.635060
1947.604939
-331.436754
-1827.649721
-479.795423
1382.579367
1682.453274
1066.922623
666.038558
498.740484
-290.401377
-1543.558651
-1657.195079
-148.355842
902.781116
170.457470
-716.537982
-505.047963
-460.856019
-1136.361451
-1231.058475
-536.613637
-198.860921
-448.229749
-552.396475
-432.446912
-388.254968
-350.376158
-78.911358
277.780763
179.927172
-258.835702
-53.658819
928.033656
1158.463079
325.129274
31.568502
375.634353
205.179711
-50.502251
542.932428
1092.175163
517.679888
-404.037805
-530.300502
-113.633600
88.386716
-22.093144
-129.416437
-75.754791
-116.790168
-309.340782
-265.148837
157.831200
372.477786
-3.153740
-284.088242
63.134177
454.548539
470.331377
454.548539
536.619293
498.740484
391.417191
479.801079
688.134530
792.301256
763.892149
539.775860
356.694949
501.897051
811.240660
915.407386
852.276037
880.685144
785.988121
542.932428
606.063777
1003.791274
1070.079191
470.331377
-236.739730
-1205.805935
-3450.125386
-4810.605953
-1354.164605
3948.868697
3462.757311
-2114.897358
-4554.923991
-2446.336940
-1944.442716
-3377.524335
-1313.129228
2945.080251
2698.867990
-1603.533433
-3011.362512
-224.113461
1070.079191
-934.341135
-1537.245516
1016.417544
2578.918428
1035.356949
-296.714512
823.866930
1606.695656
-31.562847
-1458.331330
-195.704354
1881.317023
2042.301963
795.457823
110.482688
145.204930
-391.411535
-1433.078791
-1291.033256
321.972707
1281.569209
400.886893
-798.608735
-940.654270
-811.235005
-1186.866530
-1174.240261
-356.689293
255.684791
69.447311
-397.724670
-602.901554
-624.997526
-707.068279
-662.876335
22.098800
946.973060
981.695302
217.805981
22.098800
388.260623
113.639256
-331.436754
296.720167
1139.523674
849.119470
287.250465
400.886893
334.598977
-363.002428
-684.972307
-145.199275
479.801079
549.245563
202.023144
-195.704354
-350.376158
-353.532726
-445.073182
-217.800326
394.573758
662.881991
268.311060
-88.381061
31.568502
160.987767
142.048363
277.780763
552.402130
795.457823
899.624549
713.387070
451.391972
451.391972
549.245563
561.871832
681.821395
918.563953
953.286195
804.927525
662.881991
631.316316
779.674986
950.129628
896.467981
820.710363
823.866930
558.715265
-50.502251
-1433.078791
-3794.191237
-4498.105777
-391.411535
4599.121590
3027.151004
-3071.337293
-5000.000000
-2449.493507
-2121.210493
-3200.756558
-344.063023
3604.802846
2026.519125
-2878.786679
-3611.110326
-344.063023
741.796177
-1126.891749
-1019.568456
1742.428056
2522.100214
135.735228
-1212.119070
261.997925
1227.907563
-15.780009
-804.921870
719.700204
2234.852577
1559.347144
-104.163898
-618.684391
-72.598223
-183.078084
-931.184568
-549.239907
1063.766056
1496.215795
-56.815386
-1458.331330
-1366.790875
-909.088595
-899.618893
-467.169154
385.104056
520.836456
-347.219591
-1107.952344
-1051.134130
-615.527823
-404.037805
-448.229749
-249.366000
460.861674
1107.958000
697.604232
-337.749889
-681.815740
-236.739730
85.230149
467.174809
1250.003535
1401.518772
400.886893
-514.517665
-381.941833
0.002828
214.649414
565.028400
735.483042
385.104056
-157.825544
-451.386316
-454.542884
-217.800326
116.795823
363.008084
400.886893
312.503004
104.169553
-145.199275
-167.295247
113.639256
479.801079
650.255721
653.412288
580.811237
533.462725
451.391972
397.730325
501.897051
694.447665
804.927525
804.927525
710.230502
479.801079
391.417191
602.907209
751.265879
599.750642
618.690046
902.781116
858.589172
590.280939
618.690046
587.124372
160.987767
-123.103302
-1029.038158
-3304.923284
-3740.529591
612.376911
4649.626669
1783.463432
-3876.261991
-4315.024865
-1543.558651
-1796.084047
-2503.155154
776.518418
3667.934195
763.892149
-3768.938698
-3339.645526
-44.189116
527.149591
-814.391572
63.134177
2023.362558
1319.448018
-1177.396828
-1556.184921
312.503004
1291.038911
662.881991
230.432251
811.240660
1171.089349
533.462725
-410.350940
-404.037805
508.210186
716.543637
-138.886140
-296.714512
827.023498
902.781116
-691.285442
-1502.523275
-606.058121
66.290744
-258.835702
-211.487191
236.745386
-119.946735
-1126.891749
-1328.912065
-561.866177
22.098800
-101.007330
-391.411535
-539.770205
-565.022744
-148.355842
410.356595
303.033302
-271.461972
-268.305405
145.204930
211.492846
293.563600
634.472884
587.124372
97.856418
0.002828
309.346437
385.104056
246.215088
214.649414
157.831200
78.917014
126.265525
88.386716
6.315963
63.134177
183.083739
53.664474
-132.573005
44.194772
205.179711
28.411935
-41.032549
189.396874
261.997925
53.664474
44.194772
334.598977
457.705107
334.598977
356.694949
432.452567
265.154493
142.048363
385.104056
691.291098
625.003181
347.225246
394.573758
767.048716
861.745739
625.003181
489.270781
498.740484
470.331377
546.088995
886.998279
896.467981
303.033302
-514.517665
-1647.725377
-2885.099814
-1852.902261
2039.145395
3772.100921
202.023144
-3731.059888
-3102.902967
-1265.780716
-1830.806288
-1401.513116
1852.907916
2714.650828
-1130.048316
-3869.948856
-2118.053926
28.411935
-426.133777
-486.108558
1309.978316
1672.983572
-530.300502
-1994.947795
-994.315916
410.356595
874.372009
943.816493
997.478139
760.735581
265.154493
-309.340782
-640.780363
-31.562847
1070.079191
1136.367107
274.624195
170.457470
640.786018
126.265525
-893.305758
-606.058121
558.715265
719.700204
15.785665
-224.113461
-91.537628
-492.421693
-953.280540
-533.457070
179.927172
167.300902
-211.487191
-407.194372
-823.861275
-1085.856372
-274.618540
726.013339
258.841358
-713.381414
-407.194372
233.588818
-85.224493
-205.174056
625.003181
811.240660
-47.345684
-306.184214
224.119116
350.381814
170.457470
344.068679
486.114214
296.720167
123.108958
44.194772
28.411935
252.528223
479.801079
337.755544
157.831200
284.093898
258.841358
-28.406279
-15.780009
261.997925
280.937330
75.760446
154.674632
369.321218
249.371656
-9.466875
6.315963
233.588818
249.371656
154.674632
309.346437
479.801079
309.346437
75.760446
198.866577
454.548539
448.235404
328.285842
375.634353
366.164651
154.674632
44.194772
224.119116
416.669730
375.634353
236.745386
186.240307
179.927172
-167.295247
-1073.230102
-1796.084047
-899.618893
1164.776214
1644.574465
-296.714512
-1950.755851
-1597.220298
-1070.073535
-1388.886847
-669.189470
1256.316670
1218.437860
-1234.215042
-2477.902614
-1322.598930
-410.350940
-624.997526
-31.562847
1139.523674
596.594074
-1171.083693
-1603.533433
-637.623795
69.447311
435.609135
940.659925
874.372009
-63.128521
-760.729926
-650.250065
-154.668977
520.836456
1130.053972
975.382167
72.603879
-432.446912
-227.270028
-66.285089
28.411935
514.523321
858.589172
306.189870
-410.350940
-372.472130
-56.815386
-50.502251
66.290744
441.922270
385.104056
-271.461972
-659.719768
-318.810484
-22.093144
-195.704354
-148.355842
328.285842
312.503004
-328.280186
-587.118716
-312.497349
-119.946735
25.255367
321.972707
375.634353
101.012986
-78.911358
-85.224493
-25.249712
296.720167
719.700204
628.159749
243.058521
179.927172
284.093898
192.553442
164.144335
438.765702
571.341535
303.033302
50.507907
12.629098
-56.815386
-50.502251
173.614037
328.285842
208.336279
41.038205
-82.067926
-176.764949
-113.633600
101.012986
252.528223
179.927172
15.785665
-82.067926
-116.790168
-41.032549
154.674632
321.972707
296.720167
154.674632
18.942232
-85.224493
-34.719414
154.674632
252.528223
167.300902
47.351339
12.629098
9.472530
-44.189116
9.472530
195.710009
236.745386
3.159395
-154.668977
22.098800
119.952391
-44.189116
-101.007330
-3.153740
-164.138679
-542.926772
-426.133777
230.432251
501.897051
-28.406279
-624.997526
-583.962149
-312.497349
-321.967051
-233.583163
233.588818
340.912111
-306.184214
-811.235005
-542.926772
-142.042707
-88.381061
-22.093144
173.614037
75.760446
-350.376158
-596.588419
-372.472130
15.785665
214.649414
195.710009
37.881637
-160.982112
-309.340782
-290.401377
-78.911358
208.336279
378.790921
243.058521
-110.477033
-309.340782
-208.330623
-15.780009
97.856418
183.083739
202.023144
15.785665
-227.270028
-189.391219
41.038205
129.422093
101.012986
151.518065
101.012986
-138.886140
-236.739730
-78.911358
97.856418
129.422093
72.603879
-6.310307
-44.189116
-53.658819
-88.381061
-59.971954
107.326121
208.336279
75.760446
-97.850763
-116.790168
-37.875982
12.629098
66.290744
151.518065
142.048363
25.255367
-3.153740
37.881637
18.942232
28.411935
104.169553
132.578660
59.977609
-9.466875
15.785665
47.351339
3.159395
-3.153740
69.447311
110.482688
88.386716
50.507907
18.942232
22.098800
63.134177
47.351339
31.568502
69.447311
94.699851
41.038205
-31.562847
6.315963
78.917014
104.169553
88.386716
56.821042
18.942232
-47.345684
-91.537628
-41.032549
59.977609
75.760446
15.785665
-50.502251
-6.310307
97.856418
41.038205
-37.875982
15.785665
75.760446
12.629098
-59.971954
-6.310307
72.603879
50.507907
0.002828
31.568502
72.603879
47.351339
-3.153740
-6.310307
6.315963
0.002828
-28.406279
-34.719414
6.315963
37.881637
44.194772
-3.153740
-28.406279
-6.310307
22.098800
0.002828
-47.345684
-56.815386
-18.936577
-9.466875
-41.032549
-34.719414
-28.406279
-63.128521
-53.658819
18.942232
28.411935
-9.466875
-25.249712
-22.093144
-28.406279
-31.562847
34.725070
66.290744
-6.310307
-59.971954
-15.780009
3.159395
-22.093144
0.002828
31.568502
34.725070
-18.936577
-66.285089
-44.189116
15.785665
69.447311
22.098800
-50.502251
-22.093144
3.159395
-50.502251
-44.189116
47.351339
78.917014
-9.466875
-56.815386
44.194772
94.699851
-3.153740
-72.598223
-12.623442
44.194772
0.002828
-47.345684
-9.466875
18.942232
-44.189116
-97.850763
-53.658819
31.568502
0.002828
-63.128521
-50.502251
-37.875982
-69.441656
-113.633600
-94.694195
-18.936577
25.255367
0.002828
-75.754791
-85.224493
-66.285089
-75.754791
-66.285089
-15.780009
31.568502
9.472530
-41.032549
-63.128521
-44.189116
0.002828
22.098800
18.942232
3.159395
-3.153740
-9.466875
9.472530
44.194772
66.290744
25.255367
0.002828
44.194772
82.073581
72.603879
63.134177
50.507907
12.629098
6.315963
31.568502
25.255367
0.002828
-15.780009
0.002828
-12.623442
-44.189116
-28.406279
3.159395
-3.153740
-47.345684
-47.345684
-3.153740
-6.310307
-37.875982
-37.875982
-25.249712
-28.406279
-25.249712
-12.623442
25.255367
56.821042
22.098800
-15.780009
3.159395
47.351339
41.038205
9.472530
22.098800
75.760446
85.230149
44.194772
56.821042
132.578660
148.361498
69.447311
63.134177
148.361498
160.987767
85.230149
59.977609
97.856418
75.760446
-15.780009
-82.067926
-22.093144
31.568502
-44.189116
-82.067926
-15.780009
-3.153740
-101.007330
-123.103302
-12.623442
25.255367
-63.128521
-88.381061
-34.719414
3.159395
-9.466875
-34.719414
-22.093144
0.002828
6.315963
6.315963
15.785665
28.411935
6.315963
-15.780009
-37.875982
-9.466875
22.098800
0.002828
-12.623442
-25.249712
-34.719414
-18.936577
25.255367
18.942232
-28.406279
-34.719414
-22.093144
-37.875982
-44.189116
-15.780009
-22.093144
-50.502251
-44.189116
-28.406279
-31.562847
-41.032549
-15.780009
18.942232
12.629098
-15.780009
-22.093144
-18.936577
-28.406279
-9.466875
34.725070
28.411935
12.629098
12.629098
9.472530
-9.466875
-15.780009
22.098800
44.194772
15.785665
9.472530
47.351339
53.664474
3.159395
-15.780009
18.942232
50.507907
22.098800
-15.780009
9.472530
53.664474
25.255367
-25.249712
-15.780009
9.472530
22.098800
12.629098
15.785665
34.725070
22.098800
-6.310307
-15.780009
0.002828
-3.153740
12.629098
37.881637
31.568502
-34.719414
-85.224493
-41.032549
18.942232
18.942232
0.002828
-3.153740
-6.310307
-37.875982
-34.719414
15.785665
18.942232
-9.466875
-31.562847
-72.598223
-72.598223
-15.780009
-6.310307
-18.936577
9.472530
22.098800
-15.780009
-63.128521
-56.815386
0.002828
9.472530
-15.780009
-34.719414
-44.189116
-31.562847
-9.466875
18.942232
22.098800
-15.780009
-37.875982
-34.719414
-28.406279
-3.153740
25.255367
37.881637
12.629098
-12.623442
-6.310307
0.002828
-3.153740
12.629098
18.942232
25.255367
31.568502
15.785665
-9.466875
3.159395
22.098800
3.159395
-15.780009
0.002828
28.411935
12.629098
-15.780009
-6.310307
18.942232
25.255367
31.568502
59.977609
25.255367
-22.093144
-12.623442
9.472530
28.411935
31.568502
34.725070
31.568502
15.785665
12.629098
22.098800
18.942232
12.629098
22.098800
56.821042
50.507907
22.098800
12.629098
18.942232
22.098800
6.315963
12.629098
41.038205
34.725070
18.942232
-3.153740
-18.936577
0.002828
12.629098
-6.310307
-3.153740
9.472530
9.472530
-9.466875
-22.093144
9.472530
31.568502
9.472530
0.002828
28.411935
53.664474
28.411935
-15.780009
-15.780009
0.002828
3.159395
0.002828
34.725070
47.351339
3.159395
-12.623442
18.942232
41.038205
28.411935
12.629098
6.315963
3.159395
15.785665
25.255367
22.098800
53.664474
69.447311
41.038205
15.785665
28.411935
37.881637
34.725070
9.472530
0.002828
34.725070
41.038205
12.629098
-6.310307
-6.310307
-28.406279
-37.875982
-41.032549
-56.815386
-66.285089
-41.032549
-50.502251
-101.007330
-101.007330
-78.911358
-85.224493
-75.754791
-50.502251
-50.502251
-69.441656
-75.754791
-69.441656
-82.067926
-88.381061
-34.719414
-15.780009
-56.815386
-69.441656
-37.875982
-22.093144
-28.406279
-22.093144
-28.406279
-37.875982
-53.658819
-69.441656
-31.562847
9.472530
12.629098
-18.936577
-25.249712
18.942232
22.098800
-6.310307
3.159395
41.038205
34.725070
-3.153740
-9.466875
15.785665
22.098800
3.159395
9.472530
12.629098
-12.623442
-22.093144
-22.093144
-18.936577
-15.780009
-6.310307
-6.310307
-9.466875
9.472530
18.942232
-3.153740
-3.153740
3.159395
18.942232
12.629098
6.315963
37.881637
37.881637
0.002828
3.159395
22.098800
22.098800
15.785665
41.038205
75.760446
69.447311
34.725070
28.411935
53.664474
63.134177
59.977609
75.760446
104.169553
78.917014
34.725070
31.568502
44.194772
31.568502
18.942232
6.315963
-3.153740
9.472530
-9.466875
-25.249712
-3.153740
12.629098
-9.466875
-41.032549
-37.875982
-6.310307
18.942232
12.629098
6.315963
25.255367
15.785665
-18.936577
-22.093144
31.568502
59.977609
44.194772
28.411935
12.629098
6.315963
18.942232
25.255367
18.942232
12.629098
-12.623442
-25.249712
3.159395
25.255367
18.942232
-9.466875
-15.780009
3.159395
0.002828
-9.466875
-6.310307
-3.153740
-6.310307
-18.936577
-28.406279
-18.936577
-12.623442
-25.249712
-31.562847
-6.310307
3.159395
-12.623442
-15.780009
-25.249712
-12.623442
-9.466875
-34.719414
-28.406279
3.159395
3.159395
-12.623442
-18.936577
0.002828
-3.153740
-25.249712
-18.936577
-12.623442
-6.310307
-3.153740
12.629098
12.629098
-12.623442
-22.093144
-22.093144
-18.936577
-28.406279
-22.093144
-6.310307
-22.093144
-6.310307
3.159395
-34.719414
-44.189116
-22.093144
3.159395
9.472530
-18.936577
-15.780009
3.159395
-12.623442
-15.780009
-3.153740
25.255367
15.785665
-31.562847
-37.875982
-9.466875
-6.310307
-25.249712
-34.719414
-12.623442
6.315963
0.002828
-12.623442
-15.780009
-15.780009
-18.936577
-31.562847
-25.249712
-18.936577
-12.623442
-6.310307
0.002828
-9.466875
-28.406279
-22.093144
-15.780009
-9.466875
-3.153740
-3.153740
0.002828
3.159395
0.002828
-15.780009
-3.153740
22.098800
18.942232
15.785665
31.568502
41.038205
18.942232
-12.623442
9.472530
25.255367
22.098800
18.942232
3.159395
0.002828
6.315963
15.785665
22.098800
34.725070
47.351339
18.942232
-3.153740
12.629098
6.315963
0.002828
9.472530
15.785665
22.098800
6.315963
6.315963
31.568502
37.881637
9.472530
-3.153740
28.411935
37.881637
12.629098
-3.153740
-9.466875
3.159395
6.315963
12.629098
3.159395
0.002828
3.159395
3.159395
0.002828
-3.153740
6.315963
18.942232
12.629098
-6.310307
3.159395
28.411935
25.255367
3.159395
-6.310307
9.472530
15.785665
-9.466875
-9.466875
9.472530
9.472530
12.629098
12.629098
6.315963
-3.153740
-12.623442
-12.623442
-6.310307
-3.153740
18.942232
12.629098
12.629098
25.255367
15.785665
-3.153740
12.629098
22.098800
9.472530
18.942232
22.098800
6.315963
-3.153740
0.002828
9.472530
15.785665
25.255367
22.098800
6.315963
-9.466875
-9.466875
9.472530
12.629098
22.098800
28.411935
18.942232
0.002828
-9.466875
-12.623442
-3.153740
18.942232
9.472530
25.255367
41.038205
15.785665
-9.466875
-25.249712
-22.093144
-18.936577
0.002828
-3.153740
-28.406279
-50.502251
-47.345684
-41.032549
-53.658819
-50.502251
-34.719414
-44.189116
-63.128521
-53.658819
-47.345684
-47.345684
-50.502251
-41.032549
-25.249712
-28.406279
-31.562847
-25.249712
-31.562847
-37.875982
-41.032549
-28.406279
-31.562847
-37.875982
-12.623442
3.159395
-18.936577
-47.345684
-37.875982
-18.936577
-3.153740
6.315963
18.942232
9.472530
-9.466875
3.159395
6.315963
12.629098
12.629098
22.098800
25.255367
18.942232
-3.153740
-15.780009
3.159395
15.785665
3.159395
3.159395
-12.623442
-31.562847
-25.249712
0.002828
9.472530
-3.153740
0.002828
0.002828
-3.153740
-9.466875
-9.466875
6.315963
9.472530
-6.310307
-15.780009
12.629098
28.411935
6.315963
-3.153740
12.629098
31.568502
15.785665
12.629098
28.411935
37.881637
28.411935
12.629098
34.725070
59.977609
56.821042
44.194772
56.821042
63.134177
63.134177
41.038205
25.255367
28.411935
15.785665
0.002828
15.785665
18.942232
15.785665
3.159395
3.159395
9.472530
-3.153740
-15.780009
-6.310307
6.315963
-9.466875
-6.310307
6.315963
3.159395
6.315963
6.315963
9.472530
9.472530
0.002828
9.472530
22.098800
31.568502
34.725070
6.315963
0.002828
12.629098
12.629098
12.629098
3.159395
0.002828
0.002828
-12.623442
-6.310307
15.785665
18.942232
0.002828
-15.780009
-12.623442
-3.153740
-15.780009
-9.466875
0.002828
-9.466875
-15.780009
-6.310307
-6.310307
-18.936577
-25.249712
-25.249712
-22.093144
-12.623442
-9.466875
-9.466875
-15.780009
-31.562847
-22.093144
-9.466875
-12.623442
-6.310307
6.315963
-6.310307
-31.562847
-22.093144
-18.936577
-22.093144
-12.623442
-3.153740
0.002828
0.002828
-9.466875
-15.780009
-18.936577
-15.780009
-6.310307
-3.153740
-3.153740
-9.466875
-9.466875
-9.466875
-18.936577
-18.936577
-6.310307
-6.310307
-3.153740
0.002828
0.002828
6.315963
18.942232
15.785665
-9.466875
3.159395
9.472530
-9.466875
-18.936577
-3.153740
15.785665
6.315963
0.002828
0.002828
-12.623442
-15.780009
-9.466875
-12.623442
-22.093144
-15.780009
-9.466875
-15.780009
-9.466875
-3.153740
3.159395
0.002828
-9.466875
-6.310307
-3.153740
-9.466875
-9.466875
3.159395
12.629098
12.629098
0.002828
-15.780009
-22.093144
0.002828
9.472530
3.159395
15.785665
31.568502
31.568502
18.942232
3.159395
-6.310307
-6.310307
-3.153740
3.159395
9.472530
12.629098
9.472530
3.159395
0.002828
9.472530
12.629098
9.472530
6.315963
3.159395
0.002828
-3.153740
6.315963
22.098800
15.785665
9.472530
6.315963
0.002828
-6.310307
3.159395
3.159395
0.002828
3.159395
-3.153740
6.315963
25.255367
25.255367
9.472530
9.472530
6.315963
0.002828
-9.466875
6.315963
25.255367
18.942232
15.785665
15.785665
28.411935
15.785665
3.159395
-3.153740
-3.153740
0.002828
9.472530
22.098800
12.629098
22.098800
28.411935
12.629098
-3.153740
-3.153740
-6.310307
-6.310307
-6.310307
12.629098
22.098800
15.785665
9.472530
6.315963
9.472530
6.315963
-6.310307
-6.310307
9.472530
25.255367
15.785665
9.472530
25.255367
28.411935
18.942232
15.785665
3.159395
3.159395
3.159395
-12.623442
0.002828
25.255367
6.315963
-3.153740
6.315963
-6.310307
-12.623442
0.002828
3.159395
6.315963
0.002828
12.629098
3.159395
-15.780009
6.315963
12.629098
6.315963
-3.153740
-3.153740
-3.153740
-18.936577
-25.249712
-18.936577
-9.466875
-12.623442
-18.936577
-25.249712
-18.936577
-18.936577
-34.719414
-41.032549
-28.406279
-22.093144
-25.249712
-31.562847
-31.562847
-28.406279
-34.719414
-37.875982
-28.406279
-25.249712
-28.406279
-22.093144
-25.249712
-37.875982
-44.189116
-50.502251
-31.562847
-25.249712
-25.249712
-18.936577
-28.406279
-25.249712
-28.406279
-34.719414
-6.310307
6.315963
9.472530
12.629098
12.629098
18.942232
6.315963
-3.153740
-9.466875
3.159395
12.629098
9.472530
12.629098
15.785665
15.785665
0.002828
-18.936577
-12.623442
6.315963
9.472530
6.315963
6.315963
-3.153740
-9.466875
-15.780009
-9.466875
3.159395
18.942232
15.785665
9.472530
-3.153740
0.002828
-3.153740
-18.936577
-9.466875
6.315963
18.942232
25.255367
15.785665
6.315963
3.159395
12.629098
9.472530
25.255367
44.194772
37.881637
31.568502
34.725070
53.664474
56.821042
41.038205
41.038205
44.194772
25.255367
9.472530
-3.153740
6.315963
15.785665
6.315963
9.472530
15.785665
9.472530
3.159395
0.002828
0.002828
-6.310307
-9.466875
3.159395
9.472530
9.472530
6.315963
6.315963
0.002828
0.002828
12.629098
25.255367
25.255367
18.942232
12.629098
12.629098
-3.153740
-9.466875
-6.310307
6.315963
22.098800
9.472530
18.942232
25.255367
-12.623442
-25.249712
-3.153740
12.629098
-3.153740
3.159395
25.255367
12.629098
-12.623442
-34.719414
-28.406279
-9.466875
-12.623442
-6.310307
22.098800
18.942232
-12.623442
-18.936577
-22.093144
-34.719414
-47.345684
-28.406279
6.315963
18.942232
9.472530
-12.623442
-9.466875
15.785665
3.159395
-22.093144
-22.093144
-47.345684
-53.658819
-15.780009
-3.153740
22.098800
59.977609
41.038205
9.472530
3.159395
-104.163898
-284.088242
-249.366000
-56.815386
47.351339
129.422093
261.997925
239.901953
88.386716
0.002828
-69.441656
-170.451814
-202.017489
-119.946735
0.002828
85.230149
157.831200
179.927172
113.639256
18.942232
-63.128521
-123.103302
-145.199275
-126.259870
-72.598223
-3.153740
75.760446
104.169553
88.386716
69.447311
25.255367
-47.345684
-116.790168
-138.886140
-116.790168
-69.441656
3.159395
88.386716
148.361498
116.795823
28.411935
-25.249712
-59.971954
-101.007330
-119.946735
-66.285089
18.942232
41.038205
53.664474
82.073581
72.603879
12.629098
-56.815386
-59.971954
-31.562847
-22.093144
-6.310307
31.568502
53.664474
44.194772
31.568502
9.472530
-12.623442
-31.562847
-56.815386
-12.623442
25.255367
-6.310307
-15.780009
44.194772
59.977609
34.725070
44.194772
3.159395
-66.285089
-53.658819
-22.093144
-6.310307
63.134177
69.447311
47.351339
72.603879
34.725070
-15.780009
-34.719414
-50.502251
-34.719414
-15.780009
22.098800
53.664474
59.977609
53.664474
15.785665
-9.466875
-15.780009
-28.406279
-15.780009
6.315963
12.629098
12.629098
0.002828
50.507907
63.134177
-22.093144
-15.780009
50.507907
-3.153740
-50.502251
9.472530
31.568502
22.098800
28.411935
18.942232
6.315963
-25.249712
-37.875982
-6.310307
25.255367
41.038205
44.194772
72.603879
56.821042
-28.406279
-37.875982
-72.598223
-85.224493
9.472530
18.942232
41.038205
142.048363
154.674632
72.603879
9.472530
-47.345684
-315.653916
-464.012586
-126.259870
132.578660
119.952391
236.745386
344.068679
160.987767
-44.189116
-53.658819
-142.042707
-318.810484
-239.896298
6.315963
126.265525
208.336279
303.033302
183.083739
41.038205
3.159395
-126.259870
-208.330623
-183.078084
-138.886140
-47.345684
63.134177
224.119116
290.407032
69.447311
-132.573005
-50.502251
-69.441656
-331.436754
-230.426595
50.507907
-91.537628
-9.466875
353.538381
135.735228
-107.320465
47.351339
-142.042707
-331.436754
-56.815386
-41.032549
-142.042707
34.725070
129.422093
126.265525
119.952391
88.386716
-37.875982
-274.618540
-198.860921
-9.466875
-113.633600
-34.719414
208.336279
164.144335
-6.310307
56.821042
66.290744
-224.113461
-116.790168
97.856418
-258.835702
-94.694195
413.513163
41.038205
-239.896298
211.492846
189.396874
-372.472130
-132.573005
271.467628
-214.643758
-265.148837
359.851516
224.119116
-284.088242
91.543284
372.477786
-227.270028
-296.714512
164.144335
28.411935
-255.679135
31.568502
293.563600
-88.381061
-78.911358
315.659572
-66.285089
-91.537628
129.422093
-224.113461
-59.971954
104.169553
-6.310307
173.614037
53.664474
-110.477033
110.482688
183.083739
-202.017489
-75.754791
388.260623
-299.871079
-243.052865
811.240660
-59.971954
-700.755144
565.028400
271.467628
-732.320819
284.093898
492.427349
-615.527823
28.411935
555.558698
-331.436754
-142.042707
347.225246
-189.391219
-312.497349
277.780763
179.927172
-217.800326
198.866577
138.891795
-321.967051
34.725070
151.518065
-12.623442
-59.971954
-34.719414
170.457470
0.002828
15.785665
53.664474
-116.790168
129.422093
-91.537628
-224.113461
189.396874
-78.911358
-198.860921
340.912111
116.795823
-236.739730
299.876735
-31.562847
-637.623795
293.563600
261.997925
-508.204530
217.805981
315.659572
-290.401377
202.023144
255.684791
-637.623795
-176.764949
710.230502
-246.209433
-268.305405
539.775860
-381.941833
-249.366000
609.220344
-107.320465
-464.012586
164.144335
265.154493
-353.532726
-157.825544
479.801079
-82.067926
-460.856019
135.735228
312.503004
-53.658819
-217.800326
-28.406279
173.614037
-34.719414
-290.401377
186.240307
214.649414
-356.689293
31.568502
328.285842
-78.911358
-236.739730
66.290744
189.396874
-378.785265
-179.921516
378.790921
129.422093
66.290744
-66.285089
-113.633600
-88.381061
-183.078084
299.876735
-75.754791
-337.749889
413.513163
-41.032549
-356.689293
208.336279
211.492846
-375.628698
-195.704354
615.533479
-151.512409
-429.290344
290.407032
0.002828
-138.886140
-69.441656
236.745386
63.134177
-388.254968
28.411935
145.204930
-34.719414
15.785665
334.598977
-72.598223
-536.613637
318.816139
15.785665
-359.845861
549.245563
-72.598223
-404.037805
325.129274
3.159395
69.447311
189.396874
-394.568102
-119.946735
277.780763
-318.810484
-15.780009
744.952744
-372.472130
-261.992270
770.205284
-438.760047
-239.896298
527.149591
-817.548140
-113.633600
1262.629804
-400.881237
-716.537982
1123.740837
119.952391
-1221.588772
220.962549
568.184967
-299.871079
-157.825544
167.300902
293.563600
25.255367
-154.668977
157.831200
-6.310307
-312.497349
154.674632
97.856418
-233.583163
274.624195
113.639256
-325.123619
6.315963
517.679888
135.735228
-672.346037
145.204930
552.402130
-530.300502
-441.916614
662.881991
407.200028
-785.982465
91.543284
820.710363
-508.204530
-258.835702
492.427349
-451.386316
-277.775107
599.750642
-50.502251
-274.618540
495.583916
303.033302
-508.204530
-230.426595
160.987767
-56.815386
-41.032549
-198.860921
227.275684
460.861674
-217.800326
-211.487191
214.649414
97.856418
-533.457070
-66.285089
625.003181
-268.305405
-445.073182
593.437507
183.083739
-583.962149
236.745386
350.381814
-378.785265
-287.244809
91.543284
375.634353
-78.911358
-265.148837
391.417191
-116.790168
-457.699451
404.043460
334.598977
-533.457070
-160.982112
492.427349
-277.775107
-176.764949
375.634353
15.785665
-34.719414
-142.042707
104.169553
63.134177
-296.714512
-94.694195
15.785665
195.710009
-85.224493
-94.694195
274.624195
-331.436754
-167.295247
523.993023
-363.002428
-650.250065
530.306158
255.684791
-833.330977
356.694949
1057.452921
-1060.603833
-659.719768
1032.200381
-312.497349
-741.790521
710.230502
464.018242
-716.537982
110.482688
716.543637
-612.371256
-590.275284
413.513163
59.977609
-296.714512
110.482688
340.912111
173.614037
-277.775107
-309.340782
265.154493
-56.815386
-432.446912
432.452567
230.432251
-347.219591
397.730325
261.997925
-568.179312
-233.583163
413.513163
101.012986
-441.916614
-37.875982
590.280939
129.422093
-606.058121
18.942232
388.260623
-243.052865
-69.441656
-22.093144
-107.320465
344.068679
56.821042
-173.608382
59.977609
-15.780009
-3.153740
25.255367
-63.128521
-88.381061
195.710009
195.710009
-243.052865
-59.971954
233.588818
66.290744
-110.477033
-249.366000
214.649414
381.947488
-312.497349
50.507907
236.745386
-132.573005
151.518065
-75.754791
72.603879
37.881637
-407.194372
340.912111
246.215088
-445.073182
101.012986
486.114214
-211.487191
-555.553042
441.922270
363.008084
-546.083340
-34.719414
214.649414
-101.007330
-15.780009
157.831200
132.578660
-258.835702
-56.815386
293.563600
-41.032549
-179.921516
110.482688
94.699851
-265.148837
66.290744
268.311060
-9.466875
211.492846
-198.860921
-419.820642
369.321218
44.194772
-422.977209
154.674632
340.912111
53.664474
-97.850763
-189.391219
18.942232
217.805981
-457.699451
-224.113461
707.073935
-183.078084
-299.871079
653.412288
-97.850763
-621.840958
280.937330
97.856418
-476.638856
243.058521
113.639256
47.351339
309.346437
-549.239907
110.482688
306.189870
-697.598577
296.720167
246.215088
-422.977209
224.119116
34.725070
-91.537628
88.386716
-160.982112
-138.886140
375.634353
-6.310307
-612.371256
514.523321
205.179711
-804.921870
350.381814
347.225246
-391.411535
132.578660
195.710009
-337.749889
-135.729572
438.765702
-142.042707
-467.169154
356.694949
224.119116
15.785665
-34.719414
-448.229749
214.649414
239.901953
-539.770205
9.472530
470.331377
-91.537628
-160.982112
94.699851
75.760446
-104.163898
-261.992270
88.386716
28.411935
-59.971954
173.614037
-145.199275
82.073581
205.179711
-347.219591
-255.679135
353.538381
261.997925
-640.780363
157.831200
574.498102
-520.830800
208.336279
85.230149
-501.891395
315.659572
205.179711
-230.426595
-205.174056
391.417191
50.507907
-508.204530
445.078837
173.614037
-536.613637
126.265525
372.477786
-198.860921
-195.704354
293.563600
75.760446
-321.967051
22.098800
268.311060
0.002828
-12.623442
-116.790168
47.351339
233.588818
-189.391219
-208.330623
97.856418
486.114214
-82.067926
-672.346037
621.846614
315.659572
-776.512763
378.790921
243.058521
-666.032902
347.225246
647.099153
-666.032902
-268.305405
918.563953
-325.123619
-602.901554
571.341535
-3.153740
-236.739730
186.240307
34.725070
-75.754791
126.265525
233.588818
-347.219591
-186.234651
328.285842
85.230149
-208.330623
-119.946735
356.694949
-3.153740
-173.608382
97.856418
-47.345684
78.917014
-173.608382
-28.406279
91.543284
59.977609
296.720167
-280.931675
-205.174056
132.578660
211.492846
-101.007330
-359.845861
530.306158
-47.345684
-410.350940
511.366753
-66.285089
-432.446912
233.588818
366.164651
-454.542884
-214.643758
760.735581
-179.921516
-344.063023
97.856418
78.917014
252.528223
-536.613637
88.386716
486.114214
-404.037805
12.629098
296.720167
-126.259870
-230.426595
280.937330
-132.573005
-296.714512
684.977963
-271.461972
-546.083340
716.543637
78.917014
-624.997526
135.735228
422.982865
-318.810484
-224.113461
252.528223
-53.658819
151.518065
37.881637
-438.760047
145.204930
195.710009
-236.739730
-119.946735
6.315963
154.674632
-66.285089
-192.547786
50.507907
56.821042
3.159395
-91.537628
-160.982112
-72.598223
299.876735
53.664474
-498.734828
214.649414
217.805981
-331.436754
-3.153740
53.664474
104.169553
-154.668977
-211.487191
432.452567
170.457470
-637.623795
-132.573005
618.690046
-154.668977
-413.507507
388.260623
151.518065
-331.436754
12.629098
189.396874
-72.598223
-148.355842
-9.466875
110.482688
31.568502
-91.537628
75.760446
129.422093
-18.936577
-116.790168
-385.098400
258.841358
587.124372
-656.563200
-318.810484
795.457823
-12.623442
-729.164251
265.154493
700.760800
-700.755144
-369.315563
868.058874
-167.295247
-321.967051
246.215088
-145.199275
69.447311
116.795823
-107.320465
-15.780009
28.411935
63.134177
28.411935
31.568502
3.159395
15.785665
25.255367
-15.780009
25.255367
135.735228
243.058521
-195.704354
-274.618540
290.407032
170.457470
-22.093144
-148.355842
-138.886140
457.705107
56.821042
-596.588419
192.553442
517.679888
-404.037805
-328.280186
394.573758
211.492846
-145.199275
-113.633600
78.917014
-56.815386
-44.189116
309.346437
-82.067926
-486.108558
277.780763
445.078837
-460.856019
-129.416437
653.412288
-167.295247
-729.164251
435.609135
565.028400
-517.674233
-110.477033
268.311060
-138.886140
344.068679
-224.113461
-448.229749
861.745739
-271.461972
-953.280540
915.407386
527.149591
-918.558298
-101.007330
719.700204
-69.441656
-697.598577
183.083739
473.487944
-435.603479
138.891795
189.396874
-577.649014
587.124372
265.154493
-1054.290698
334.598977
691.291098
-770.199628
-119.946735
757.579014
-239.896298
-511.361098
413.513163
331.442409
-602.901554
-170.451814
549.245563
-220.956893
-287.244809
347.225246
129.422093
-265.148837
-261.992270
347.225246
107.326121
-583.962149
211.492846
561.871832
-527.143935
-287.244809
615.533479
-85.224493
-470.325721
-3.153740
609.220344
-78.911358
-899.618893
804.927525
438.765702
-1123.735182
318.816139
583.967804
-533.457070
-129.416437
419.826298
-12.623442
-593.431851
268.311060
612.376911
-703.911712
-363.002428
748.109311
173.614037
-779.669330
-12.623442
798.614391
-334.593321
-549.239907
287.250465
416.669730
-224.113461
-552.396475
643.942586
116.795823
-864.896651
659.725423
397.730325
-909.088595
28.411935
804.927525
-192.547786
-782.825898
356.694949
640.786018
-366.158995
-413.507507
363.008084
220.962549
-407.194372
25.255367
280.937330
-78.911358
-205.174056
82.073581
460.861674
-255.679135
-495.578261
419.826298
249.371656
-419.820642
0.002828
388.260623
-135.729572
-126.259870
183.083739
22.098800
-167.295247
-214.643758
536.619293
47.351339
-776.512763
691.291098
410.356595
-1013.255321
41.038205
886.998279
-252.522568
-587.118716
470.331377
50.507907
-337.749889
271.467628
12.629098
-85.224493
-15.780009
142.048363
-31.562847
-189.391219
587.124372
-186.234651
-757.573358
470.331377
546.088995
-429.290344
-457.699451
612.376911
315.659572
-770.199628
236.745386
530.306158
-763.886493
63.134177
959.599330
-565.022744
-688.128875
773.361851
284.093898
-618.684391
0.002828
353.538381
-78.911358
-56.815386
6.315963
-72.598223
157.831200
-3.153740
-28.406279
-47.345684
-186.234651
536.619293
-56.815386
-710.224847
599.750642
132.578660
-539.770205
438.765702
31.568502
-422.977209
400.886893
255.684791
-539.770205
-195.704354
580.811237
154.674632
-782.825898
217.805981
703.917367
-542.926772
-202.017489
517.679888
0.002828
-385.098400
-44.189116
303.033302
-18.936577
-366.158995
312.503004
369.321218
-549.239907
-192.547786
602.907209
104.169553
-804.921870
-37.875982
836.493200
-274.618540
-886.992623
713.387070
498.740484
-1167.927126
337.755544
748.109311
-921.714865
-287.244809
874.372009
-25.249712
-997.472484
394.573758
893.311414
-722.851116
-552.396475
599.750642
50.507907
-372.472130
78.917014
126.265525
-82.067926
-72.598223
94.699851
-3.153740
-224.113461
12.629098
233.588818
-195.704354
-154.668977
274.624195
179.927172
-353.532726
-239.896298
407.200028
151.518065
-369.315563
-230.426595
555.558698
75.760446
-546.083340
334.598977
101.012986
-448.229749
151.518065
312.503004
-280.931675
-97.850763
445.078837
-217.800326
-220.956893
227.275684
-217.800326
145.204930
107.326121
-318.810484
113.639256
101.012986
15.785665
107.326121
-230.426595
-66.285089
265.154493
-183.078084
-9.466875
312.503004
-198.860921
-154.668977
202.023144
101.012986
-170.451814
-53.658819
132.578660
167.300902
-15.780009
-340.906456
233.588818
457.705107
-410.350940
-173.608382
659.725423
-249.366000
-451.386316
653.412288
167.300902
-640.780363
6.315963
748.109311
-280.931675
-482.951991
407.200028
72.603879
-85.224493
-214.643758
268.311060
217.805981
-599.744986
271.467628
438.765702
-441.916614
-170.451814
457.705107
-170.451814
-328.280186
722.856772
-94.694195
-839.644112
602.907209
498.740484
-624.997526
-72.598223
328.285842
113.639256
-142.042707
-224.113461
164.144335
246.215088
-208.330623
-290.401377
306.189870
255.684791
-344.063023
53.664474
214.649414
-546.083340
268.311060
612.376911
-760.729926
-328.280186
991.165004
-34.719414
-1126.891749
615.533479
804.927525
-1060.603833
-347.219591
1054.296353
78.917014
-946.967405
189.396874
684.977963
-467.169154
-369.315563
467.174809
37.881637
-473.482289
116.795823
476.644511
-205.174056
-492.421693
252.528223
492.427349
-451.386316
-369.315563
558.715265
113.639256
-501.891395
-164.138679
609.220344
-94.694195
-653.406633
558.715265
293.563600
-691.285442
-15.780009
694.447665
-511.361098
-558.709609
991.165004
0.002828
-868.053219
438.765702
432.452567
-486.108558
-214.643758
429.296000
-138.886140
-495.578261
675.508260
91.543284
-713.381414
296.720167
334.598977
-397.724670
-416.664075
571.341535
306.189870
-754.416791
113.639256
700.760800
-366.158995
-643.936930
438.765702
426.139432
-555.553042
-123.103302
539.775860
-50.502251
-460.856019
3.159395
650.255721
-160.982112
-1019.568456
678.664828
950.129628
-1057.447265
-486.108558
1190.028753
37.881637
-1079.543237
318.816139
555.558698
-192.547786
-268.305405
-142.042707
498.740484
104.169553
-602.901554
214.649414
511.366753
-492.421693
-173.608382
583.967804
-375.628698
-167.295247
618.690046
-334.593321
-233.583163
438.765702
50.507907
-312.497349
-9.466875
126.265525
-31.562847
236.745386
-208.330623
-104.163898
359.851516
-220.956893
3.159395
132.578660
-233.583163
186.240307
66.290744
-145.199275
82.073581
56.821042
-91.537628
-116.790168
290.407032
78.917014
-224.113461
-142.042707
265.154493
321.972707
-590.275284
3.159395
454.548539
-151.512409
-44.189116
-44.189116
176.770604
47.351339
-328.280186
258.841358
47.351339
-258.835702
419.826298
-195.704354
-296.714512
555.558698
-41.032549
-344.063023
18.942232
198.866577
239.901953
-476.638856
31.568502
672.351693
-656.563200
-104.163898
830.180065
-609.214689
-457.699451
937.503358
-69.441656
-845.957247
561.871832
400.886893
-700.755144
123.108958
451.391972
-255.679135
-220.956893
129.422093
321.972707
-44.189116
-489.265126
-47.345684
656.568856
-47.345684
-643.936930
170.457470
631.316316
-195.704354
-741.790521
388.260623
555.558698
-271.461972
-565.022744
211.492846
691.291098
-344.063023
-565.022744
287.250465
565.028400
-561.866177
-271.461972
814.397228
-508.204530
-634.467228
988.008437
3.159395
-1123.735182
391.417191
953.286195
-760.729926
-880.679488
1171.089349
252.528223
-1139.518019
107.326121
523.993023
-82.067926
-284.088242
0.002828
6.315963
195.710009
-82.067926
-400.881237
303.033302
246.215088
-394.568102
-160.982112
410.356595
47.351339
-378.785265
135.735228
208.336279
-407.194372
-12.623442
416.669730
-94.694195
-369.315563
236.745386
252.528223
-400.881237
56.821042
179.927172
-224.113461
-12.623442
135.735228
-56.815386
3.159395
195.710009
-265.148837
-189.391219
404.043460
-110.477033
-246.209433
179.927172
-28.406279
59.977609
31.568502
-255.679135
164.144335
312.503004
-454.542884
-410.350940
871.215442
202.023144
-1066.916968
274.624195
801.770958
-261.992270
-565.022744
249.371656
508.210186
-640.780363
37.881637
811.240660
-659.719768
-359.845861
833.336632
183.083739
-735.477386
-176.764949
890.154846
47.351339
-820.704707
284.093898
811.240660
-492.421693
-344.063023
593.437507
-303.027647
-138.886140
495.583916
-303.027647
-75.754791
441.922270
-303.027647
-145.199275
337.755544
-303.027647
3.159395
359.851516
-176.764949
-189.391219
164.144335
268.311060
-135.729572
-167.295247
-148.355842
41.038205
631.316316
-217.800326
-754.416791
700.760800
508.210186
-823.861275
-97.850763
618.690046
-350.376158
-277.775107
849.119470
-170.451814
-978.533079
457.705107
988.008437
-666.032902
-719.694549
760.735581
157.831200
-426.133777
-66.285089
233.588818
331.442409
-495.578261
-255.679135
684.977963
-107.320465
-574.492447
280.937330
353.538381
-536.613637
-75.754791
757.579014
-239.896298
-833.330977
410.356595
997.478139
-1003.785619
-808.078437
1609.852223
-183.078084
-1423.609088
896.467981
817.553795
-1000.629051
-407.194372
868.058874
-41.032549
-612.371256
290.407032
309.346437
-451.386316
-135.729572
779.674986
-277.775107
-915.401730
852.276037
268.311060
-830.174409
347.225246
129.422093
-261.992270
378.790921
-164.138679
-445.073182
517.679888
170.457470
-703.911712
170.457470
574.498102
-381.941833
-261.992270
145.204930
224.119116
41.038205
-602.901554
385.104056
255.684791
-798.608735
700.760800
344.068679
-1117.422047
205.179711
956.442763
-505.047963
-754.416791
590.280939
167.300902
-220.956893
239.901953
-271.461972
-160.982112
473.487944
-66.285089
-568.179312
173.614037
438.765702
-344.063023
31.568502
255.684791
-454.542884
347.225246
170.457470
-684.972307
208.336279
599.750642
-378.785265
-293.557944
479.801079
-167.295247
-287.244809
631.316316
-151.512409
-852.270382
596.594074
751.265879
-672.346037
-628.154093
763.892149
356.694949
-561.866177
15.785665
-129.416437
309.346437
454.548539
-700.755144
-148.355842
675.508260
-9.466875
-448.229749
-6.310307
160.987767
268.311060
116.795823
-489.265126
-189.391219
549.245563
388.260623
-653.406633
-265.148837
719.700204
-325.123619
-167.295247
457.705107
-445.073182
160.987767
224.119116
-261.992270
82.073581
97.856418
-22.093144
-309.340782
344.068679
173.614037
-252.522568
12.629098
-78.911358
441.922270
-173.608382
-691.285442
830.180065
366.164651
-1180.553395
416.669730
1054.296353
-1082.699805
-438.760047
1429.927879
-451.386316
-1139.518019
1057.452921
432.452567
-842.800679
145.204930
309.346437
-176.764949
101.012986
-116.790168
-208.330623
492.427349
97.856418
-732.320819
378.790921
558.715265
-782.825898
-6.310307
754.422446
-208.330623
-669.189470
205.179711
811.240660
-299.871079
-716.537982
325.129274
533.462725
-246.209433
-448.229749
284.093898
334.598977
-293.557944
-142.042707
195.710009
157.831200
-173.608382
-391.411535
448.235404
381.947488
-703.911712
-280.931675
811.240660
126.265525
-1202.649368
473.487944
1306.821749
-1401.513116
-956.437107
1900.256428
258.841358
-2200.124679
577.654670
1865.534186
-1366.790875
-1003.785619
1104.801432
397.730325
-523.987368
-555.553042
331.442409
407.200028
-366.158995
-315.653916
429.296000
230.432251
-820.704707
151.518065
621.846614
-419.820642
-151.512409
179.927172
-138.886140
50.507907
145.204930
-366.158995
41.038205
315.659572
-236.739730
-47.345684
37.881637
66.290744
214.649414
-394.568102
-132.573005
530.306158
-233.583163
-511.361098
653.412288
391.417191
-991.159349
189.396874
836.493200
-868.053219
-217.800326
969.069032
-378.785265
-909.088595
988.008437
628.159749
-1505.679842
280.937330
1205.811591
-1082.699805
-441.916614
1057.452921
-123.103302
-713.381414
653.412288
381.947488
-1063.760400
318.816139
795.457823
-789.139033
-205.174056
776.518418
28.411935
-814.391572
366.164651
757.579014
-684.972307
-381.941833
722.856772
347.225246
-924.871433
34.725070
1227.907563
-527.143935
-767.043061
669.195125
309.346437
-527.143935
-47.345684
666.038558
-372.472130
-385.098400
741.796177
-164.138679
-410.350940
205.179711
116.795823
-50.502251
-107.320465
186.240307
-101.007330
25.255367
280.937330
-498.734828
-110.477033
801.770958
-331.436754
-767.043061
934.346791
252.528223
-905.932028
350.381814
410.356595
-473.482289
-123.103302
473.487944
-126.259870
-309.340782
514.523321
56.821042
-656.563200
224.119116
375.634353
-331.436754
167.300902
-151.512409
-318.810484
830.180065
9.472530
-905.932028
277.780763
419.826298
-290.401377
-22.093144
101.012986
-220.956893
312.503004
176.770604
-609.214689
255.684791
164.144335
-438.760047
356.694949
63.134177
-470.325721
378.790921
422.982865
-754.416791
-274.618540
893.311414
0.002828
-921.714865
157.831200
921.720521
-451.386316
-808.078437
751.265879
397.730325
-798.608735
75.760446
227.275684
-309.340782
457.705107
6.315963
-811.235005
495.583916
596.594074
-751.260223
-63.128521
498.740484
-280.931675
-170.451814
239.901953
-107.320465
-53.658819
202.023144
-179.921516
-28.406279
167.300902
-315.653916
47.351339
426.139432
-299.871079
-366.158995
441.922270
104.169553
-464.012586
164.144335
151.518065
-230.426595
41.038205
-6.310307
-15.780009
142.048363
-148.355842
18.942232
116.795823
-432.446912
202.023144
527.149591
-599.744986
-157.825544
675.508260
-214.643758
-606.058121
476.644511
363.008084
-640.780363
56.821042
372.477786
-138.886140
-59.971954
9.472530
-75.754791
34.725070
280.937330
-227.270028
-426.133777
486.114214
280.937330
-369.315563
-239.896298
378.790921
321.972707
-827.017842
224.119116
726.013339
-710.224847
-50.502251
514.523321
-22.093144
-287.244809
-236.739730
666.038558
56.821042
-946.967405
492.427349
697.604232
-618.684391
-233.583163
571.341535
-15.780009
-426.133777
157.831200
205.179711
-31.562847
37.881637
-236.739730
107.326121
498.740484
-391.411535
-422.977209
489.270781
157.831200
-287.244809
-28.406279
44.194772
337.755544
-132.573005
-577.649014
593.437507
549.245563
-1016.411888
-321.967051
1243.690400
-44.189116
-1174.240261
703.917367
823.866930
-1133.204884
-214.643758
912.250818
3.159395
-583.962149
104.169553
347.225246
-211.487191
116.795823
37.881637
-369.315563
419.826298
243.058521
-833.330977
280.937330
820.710363
-634.467228
-533.457070
792.301256
255.684791
-931.184568
173.614037
675.508260
-274.618540
-284.088242
-3.153740
435.609135
-18.936577
-811.235005
517.679888
811.240660
-789.139033
-628.154093
814.397228
574.498102
-877.522921
-217.800326
615.533479
-167.295247
-85.224493
50.507907
-129.416437
299.876735
25.255367
-546.083340
252.528223
596.594074
-751.260223
-303.027647
1092.175163
-280.931675
-1032.194726
763.892149
615.533479
-1082.699805
-205.174056
959.599330
-160.982112
-820.704707
359.851516
514.523321
-549.239907
-246.209433
318.816139
110.482688
-189.391219
-340.906456
230.432251
325.129274
-435.603479
18.942232
265.154493
-511.361098
119.952391
536.619293
-517.674233
-369.315563
558.715265
-9.466875
-394.568102
353.538381
-113.633600
-325.123619
549.245563
-227.270028
-514.517665
549.245563
214.649414
-344.063023
-293.557944
198.866577
470.331377
-347.219591
-208.330623
243.058521
-138.886140
28.411935
151.518065
-66.285089
-22.093144
12.629098
-69.441656
3.159395
170.457470
-331.436754
18.942232
669.195125
-602.901554
-426.133777
842.806335
104.169553
-681.815740
6.315963
227.275684
66.290744
236.745386
-397.724670
-224.113461
482.957646
312.503004
-492.421693
-508.204530
811.240660
344.068679
-1057.447265
135.735228
1104.801432
-410.350940
-820.704707
520.836456
650.255721
-549.239907
-407.194372
520.836456
372.477786
-236.739730
-265.148837
126.265525
189.396874
230.432251
-261.992270
-542.926772
688.134530
448.235404
-1092.169507
41.038205
1268.942939
-457.699451
-1089.012940
716.543637
691.291098
-782.825898
-303.027647
681.821395
22.098800
-416.664075
88.386716
321.972707
-37.875982
-252.522568
138.891795
-34.719414
-69.441656
460.861674
-325.123619
-385.098400
511.366753
18.942232
-113.633600
-9.466875
12.629098
0.002828
-135.729572
306.189870
41.038205
-337.749889
-59.971954
312.503004
34.725070
-331.436754
243.058521
78.917014
-391.411535
186.240307
344.068679
-356.689293
-183.078084
353.538381
-15.780009
-230.426595
69.447311
78.917014
28.411935
-132.573005
-164.138679
369.321218
-113.633600
-321.967051
321.972707
41.038205
-170.451814
75.760446
113.639256
-255.679135
-211.487191
523.993023
15.785665
-606.058121
284.093898
426.139432
-296.714512
-372.472130
306.189870
205.179711
-432.446912
34.725070
356.694949
-303.027647
-179.921516
520.836456
-82.067926
-546.083340
85.230149
501.897051
-167.295247
-624.997526
457.705107
634.472884
-893.305758
-195.704354
836.493200
-451.386316
-268.305405
492.427349
-186.234651
-470.325721
486.114214
435.609135
-969.063377
-69.441656
1101.644865
-694.442009
-618.684391
915.407386
-97.850763
-441.916614
325.129274
-145.199275
-243.052865
457.705107
3.159395
-517.674233
123.108958
438.765702
-271.461972
-123.103302
157.831200
-183.078084
400.886893
-205.174056
-574.492447
719.700204
255.684791
-694.442009
-53.658819
422.982865
50.507907
-192.547786
34.725070
-142.042707
97.856418
350.381814
-460.856019
69.447311
489.270781
-565.022744
-50.502251
574.498102
-135.729572
-321.967051
104.169553
303.033302
-66.285089
-261.992270
12.629098
296.720167
47.351339
-277.775107
-6.310307
170.457470
192.553442
-12.623442
-397.724670
-59.971954
634.472884
-3.153740
-678.659172
189.396874
590.280939
-189.391219
-536.613637
309.346437
416.669730
-369.315563
-47.345684
82.073581
44.194772
205.179711
-189.391219
-116.790168
142.048363
258.841358
-233.583163
-375.628698
571.341535
167.300902
-467.169154
3.159395
211.492846
-6.310307
-164.138679
246.215088
59.977609
-426.133777
189.396874
353.538381
-381.941833
-142.042707
460.861674
-9.466875
-359.845861
82.073581
287.250465
-91.537628
-142.042707
0.002828
91.543284
157.831200
-186.234651
-186.234651
366.164651
249.371656
-571.335879
-239.896298
609.220344
255.684791
-530.300502
-192.547786
552.402130
78.917014
-533.457070
44.194772
435.609135
-195.704354
-183.078084
164.144335
85.230149
-72.598223
-37.875982
97.856418
59.977609
-284.088242
-94.694195
615.533479
-129.416437
-650.250065
325.129274
489.270781
-590.275284
-189.391219
700.760800
-359.845861
-580.805582
675.508260
233.588818
-883.836056
347.225246
517.679888
-833.330977
-66.285089
691.291098
-138.886140
-760.729926
318.816139
568.184967
-842.800679
-69.441656
931.190223
-583.962149
-653.406633
738.639609
271.467628
-732.320819
-249.366000
899.624549
-9.466875
-1073.230102
154.674632
1032.200381
-220.956893
-1190.023098
697.604232
902.781116
-1152.144288
-66.285089
997.478139
-798.608735
-328.280186
1070.079191
-388.254968
-776.512763
606.063777
568.184967
-653.406633
-271.461972
681.821395
-170.451814
-520.830800
435.609135
344.068679
-710.224847
-66.285089
893.311414
-243.052865
-874.366354
397.730325
691.291098
-388.254968
-558.709609
520.836456
394.573758
-845.957247
129.422093
738.639609
-505.047963
-160.982112
280.937330
-211.487191
255.684791
116.795823
-479.795423
173.614037
331.442409
-138.886140
-126.259870
-129.416437
274.624195
492.427349
-596.588419
-331.436754
754.422446
-94.694195
-255.679135
271.467628
-75.754791
116.795823
53.664474
-309.340782
293.563600
126.265525
-265.148837
66.290744
-148.355842
198.866577
359.851516
-426.133777
-287.244809
694.447665
28.411935
-890.149191
246.215088
858.589172
-388.254968
-782.825898
757.579014
404.043460
-782.825898
97.856418
429.296000
-287.244809
-126.259870
426.139432
-91.537628
-299.871079
170.457470
255.684791
-53.658819
-350.376158
101.012986
369.321218
-328.280186
-255.679135
628.159749
230.432251
-710.224847
-195.704354
767.048716
-157.825544
-744.947088
662.881991
489.270781
-984.846214
-160.982112
1193.185321
-255.679135
-1161.613991
612.376911
697.604232
-798.608735
-303.027647
817.553795
135.735228
-713.381414
-53.658819
596.594074
-119.946735
-577.649014
419.826298
277.780763
-659.719768
101.012986
612.376911
-224.113461
-624.997526
132.578660
539.775860
-160.982112
-318.810484
25.255367
224.119116
-28.406279
-356.689293
325.129274
154.674632
-546.083340
3.159395
571.341535
-154.668977
-710.224847
577.654670
568.184967
-997.472484
-183.078084
997.478139
-359.845861
-719.694549
792.301256
217.805981
-732.320819
6.315963
378.790921
-9.466875
-214.643758
113.639256
-53.658819
-381.941833
375.634353
429.296000
-669.189470
-381.941833
643.942586
375.634353
-688.128875
-432.446912
795.457823
198.866577
-732.320819
186.240307
486.114214
-555.553042
-129.416437
590.280939
-296.714512
-363.002428
574.498102
151.518065
-719.694549
-56.815386
795.457823
-123.103302
-789.139033
441.922270
590.280939
-669.189470
-277.775107
776.518418
15.785665
-767.043061
88.386716
789.144688
-91.537628
-956.437107
347.225246
1092.175163
-656.563200
-924.871433
946.973060
621.846614
-997.472484
-249.366000
978.538735
-94.694195
-760.729926
514.523321
397.730325
-741.790521
22.098800
1029.043814
-517.674233
-953.280540
991.165004
501.897051
-956.437107
-164.138679
1101.644865
-116.790168
-1243.684744
628.159749
921.720521
-858.583516
-388.254968
773.361851
-31.562847
-432.446912
381.947488
0.002828
-413.507507
328.285842
198.866577
-179.921516
-41.032549
-157.825544
249.371656
347.225246
-498.734828
-271.461972
767.048716
25.255367
-842.800679
470.331377
565.028400
-817.548140
-110.477033
836.493200
-189.391219
-842.800679
517.679888
757.579014
-823.861275
-400.881237
868.058874
101.012986
-776.512763
154.674632
549.245563
-233.583163
-135.729572
-15.780009
-53.658819
350.381814
-94.694195
-574.492447
505.053618
606.063777
-1063.760400
-249.366000
1458.336986
-391.411535
-1325.755498
972.225600
716.543637
-1104.795777
-78.911358
871.215442
-126.259870
-659.719768
88.386716
628.159749
-9.466875
-659.719768
9.472530
729.169907
-151.512409
-659.719768
473.487944
527.149591
-738.633954
-432.446912
981.695302
337.755544
-1284.720121
-132.573005
1455.180418
-394.568102
-1423.609088
946.973060
1035.356949
-1332.068633
-820.704707
1423.614744
574.498102
-1474.114168
-359.845861
1196.341888
123.108958
-1079.543237
-12.623442
940.659925
-315.653916
-855.426949
464.018242
558.715265
-464.012586
-189.391219
214.649414
-151.512409
82.073581
170.457470
-224.113461
-88.381061
-78.911358
-151.512409
435.609135
290.407032
-650.250065
-233.583163
555.558698
31.568502
-356.689293
255.684791
230.432251
-707.068279
-186.234651
962.755897
66.290744
-760.729926
-44.189116
435.609135
72.603879
-350.376158
-37.875982
331.442409
-12.623442
-325.123619
-101.007330
340.912111
268.311060
-378.785265
-325.123619
284.093898
227.275684
-265.148837
-85.224493
505.053618
56.821042
-732.320819
-69.441656
924.877088
-25.249712
-959.593675
249.371656
858.589172
-454.542884
-552.396475
703.917367
293.563600
-744.947088
-186.234651
773.361851
293.563600
-574.492447
-189.391219
350.381814
132.578660
44.194772
75.760446
-350.376158
-132.573005
577.654670
69.447311
-501.891395
290.407032
363.008084
-621.840958
-138.886140
719.700204
78.917014
-640.780363
-12.623442
618.690046
-123.103302
-511.361098
138.891795
426.139432
-119.946735
-309.340782
214.649414
88.386716
-97.850763
220.962549
-34.719414
-214.643758
202.023144
18.942232
-306.184214
252.528223
438.765702
-514.517665
-344.063023
798.614391
101.012986
-946.967405
151.518065
965.912465
-467.169154
-684.972307
760.735581
249.371656
-817.548140
126.265525
653.412288
-464.012586
-303.027647
577.654670
-173.608382
-495.578261
445.078837
448.235404
-593.431851
-473.482289
710.230502
249.371656
-801.765302
63.134177
849.119470
-268.305405
-931.184568
312.503004
871.215442
-426.133777
-811.235005
438.765702
678.664828
-520.830800
-479.795423
691.291098
88.386716
-719.694549
198.866577
495.583916
-476.638856
-299.871079
643.942586
-78.911358
-612.371256
353.538381
580.811237
-599.744986
-653.406633
792.301256
464.018242
-902.775461
-157.825544
997.478139
-211.487191
-1073.230102
492.427349
1035.356949
-669.189470
-893.305758
792.301256
542.932428
-915.401730
-78.911358
1013.260977
-482.951991
-934.341135
883.841711
615.533479
-1060.603833
-315.653916
1117.427702
34.725070
-1044.820995
157.831200
893.311414
-340.906456
-845.957247
631.316316
691.291098
-934.341135
-328.280186
953.286195
-18.936577
-880.679488
220.962549
823.866930
-501.891395
-599.744986
628.159749
284.093898
-530.300502
-148.355842
536.619293
44.194772
-624.997526
50.507907
675.508260
-59.971954
-681.815740
50.507907
637.629451
-72.598223
-542.926772
173.614037
495.583916
-271.461972
-325.123619
315.659572
91.543284
-157.825544
91.543284
25.255367
-186.234651
53.664474
347.225246
-9.466875
-457.699451
-75.754791
609.220344
173.614037
-678.659172
-104.163898
656.568856
97.856418
-505.047963
-129.416437
451.391972
41.038205
-363.002428
176.770604
296.720167
-189.391219
-173.608382
227.275684
69.447311
-179.921516
-9.466875
119.952391
3.159395
-18.936577
233.588818
-85.224493
-271.461972
246.215088
167.300902
-296.714512
-82.067926
255.684791
116.795823
-91.537628
-148.355842
37.881637
157.831200
3.159395
-113.633600
22.098800
82.073581
-88.381061
-12.623442
224.119116
47.351339
-344.063023
-41.032549
416.669730
-25.249712
-385.098400
176.770604
303.033302
-252.522568
-202.017489
227.275684
217.805981
-198.860921
-321.967051
239.901953
438.765702
-363.002428
-464.012586
527.149591
274.624195
-640.780363
94.699851
612.376911
-454.542884
-482.951991
625.003181
429.296000
-650.250065
-325.123619
577.654670
132.578660
-498.734828
9.472530
530.306158
-135.729572
-501.891395
290.407032
410.356595
-400.881237
-353.532726
391.417191
243.058521
-422.977209
-192.547786
337.755544
78.917014
-246.209433
-91.537628
126.265525
-94.694195
-183.078084
183.083739
132.578660
-255.679135
-179.921516
202.023144
22.098800
-208.330623
18.942232
113.639256
-9.466875
-208.330623
-28.406279
337.755544
-9.466875
-454.542884
-129.416437
445.078837
280.937330
-530.300502
-328.280186
552.402130
160.987767
-508.204530
82.073581
530.306158
-372.472130
-583.962149
492.427349
546.088995
-438.760047
-441.916614
413.513163
252.528223
-454.542884
-53.658819
520.836456
-63.128521
-621.840958
72.603879
621.846614
-85.224493
-517.674233
34.725070
448.235404
-44.189116
-501.891395
176.770604
476.644511
-208.330623
-391.411535
183.083739
299.876735
-142.042707
-170.451814
123.108958
205.179711
-126.259870
-224.113461
217.805981
243.058521
-224.113461
-142.042707
179.927172
37.881637
-37.875982
110.482688
-9.466875
-82.067926
113.639256
50.507907
101.012986
44.194772
-303.027647
59.977609
435.609135
-126.259870
-318.810484
296.720167
179.927172
-363.002428
-31.562847
312.503004
44.194772
-129.416437
-110.477033
3.159395
173.614037
50.507907
-164.138679
-44.189116
192.553442
-34.719414
-224.113461
145.204930
230.432251
-142.042707
-176.764949
56.821042
101.012986
63.134177
-101.007330
-78.911358
157.831200
56.821042
-179.921516
-3.153740
243.058521
-34.719414
-233.583163
-3.153740
208.336279
85.230149
-202.017489
-160.982112
205.179711
189.396874
-154.668977
-132.573005
91.543284
66.290744
-113.633600
-22.093144
116.795823
78.917014
-50.502251
-290.401377
-6.310307
419.826298
-9.466875
-381.941833
-44.189116
271.467628
69.447311
-186.234651
-18.936577
88.386716
-18.936577
-53.658819
-37.875982
37.881637
59.977609
-47.345684
-148.355842
-12.623442
243.058521
-18.936577
-306.184214
31.568502
255.684791
-9.466875
-303.027647
-12.623442
340.912111
-50.502251
-394.568102
-6.310307
388.260623
18.942232
-303.027647
-107.320465
110.482688
220.962549
-3.153740
-309.340782
-59.971954
280.937330
85.230149
-233.583163
-189.391219
179.927172
249.371656
-224.113461
-287.244809
217.805981
230.432251
-195.704354
-186.234651
91.543284
151.518065
-85.224493
-265.148837
-6.310307
318.816139
142.048363
-350.376158
-268.305405
334.598977
246.215088
-290.401377
-287.244809
170.457470
356.694949
-154.668977
-318.810484
173.614037
315.659572
-179.921516
-344.063023
192.553442
312.503004
-126.259870
-255.679135
37.881637
236.745386
63.134177
-148.355842
-116.790168
66.290744
145.204930
-41.032549
-183.078084
82.073581
265.154493
-82.067926
-325.123619
72.603879
388.260623
-25.249712
-344.063023
-22.093144
268.311060
72.603879
-167.295247
-78.911358
148.361498
173.614037
-123.103302
-233.583163
82.073581
268.311060
9.472530
-217.800326
-50.502251
107.326121
135.735228
69.447311
-205.174056
-151.512409
277.780763
205.179711
-227.270028
-208.330623
179.927172
287.250465
-78.911358
-325.123619
-22.093144
388.260623
132.578660
-375.628698
-132.573005
303.033302
211.492846
-142.042707
-239.896298
37.881637
239.901953
69.447311
-198.860921
-126.259870
176.770604
230.432251
-50.502251
-277.775107
-31.562847
299.876735
123.108958
-243.052865
-186.234651
145.204930
246.215088
34.725070
-189.391219
-135.729572
148.361498
192.553442
-110.477033
-157.825544
116.795823
186.240307
-85.224493
-211.487191
75.760446
249.371656
-12.623442
-277.775107
-41.032549
261.997925
110.482688
-214.643758
-176.764949
173.614037
164.144335
-53.658819
-78.911358
-132.573005
47.351339
211.492846
-37.875982
-116.790168
-34.719414
15.785665
69.447311
31.568502
-47.345684
-37.875982
28.411935
-22.093144
-104.163898
-53.658819
101.012986
119.952391
-142.042707
-224.113461
69.447311
129.422093
-75.754791
-113.633600
-69.441656
-34.719414
-6.310307
56.821042
-41.032549
-154.668977
3.159395
123.108958
-50.502251
-183.078084
18.942232
88.386716
-47.345684
-94.694195
-15.780009
78.917014
9.472530
-69.441656
-50.502251
37.881637
-6.310307
-59.971954
22.098800
-15.780009
-25.249712
63.134177
9.472530
-82.067926
-12.623442
94.699851
25.255367
-126.259870
-59.971954
85.230149
47.351339
-31.562847
-41.032549
0.002828
-3.153740
56.821042
59.977609
-145.199275
-104.163898
157.831200
63.134177
-138.886140
-44.189116
97.856418
63.134177
-41.032549
-44.189116
-18.936577
15.785665
15.785665
25.255367
28.411935
-25.249712
-15.780009
18.942232
31.568502
0.002828
-15.780009
-18.936577
18.942232
72.603879
0.002828
-28.406279
75.760446
78.917014
-12.623442
25.255367
72.603879
-22.093144
-9.466875
91.543284
72.603879
-6.310307
-9.466875
37.881637
25.255367
-3.153740
-12.623442
-37.875982
25.255367
63.134177
-44.189116
-31.562847
56.821042
0.002828
9.472530
22.098800
-82.067926
0.002828
157.831200
31.568502
-192.547786
6.315963
243.058521
-9.466875
-192.547786
18.942232
186.240307
6.315963
-148.355842
53.664474
113.639256
-37.875982
-18.936577
18.942232
-9.466875
3.159395
34.725070
-9.466875
-31.562847
66.290744
12.629098
-119.946735
18.942232
123.108958
-28.406279
-151.512409
-12.623442
173.614037
18.942232
-145.199275
12.629098
56.821042
-75.754791
-15.780009
75.760446
-66.285089
-82.067926
78.917014
53.664474
-85.224493
-37.875982
85.230149
-18.936577
-126.259870
6.315963
94.699851
-25.249712
-85.224493
-18.936577
31.568502
37.881637
-34.719414
-47.345684
-22.093144
-12.623442
41.038205
15.785665
-85.224493
-59.971954
69.447311
22.098800
-72.598223
6.315963
37.881637
-72.598223
-44.189116
75.760446
-22.093144
-82.067926
69.447311
72.603879
-116.790168
-50.502251
129.422093
9.472530
-157.825544
-34.719414
91.543284
0.002828
-47.345684
-18.936577
-6.310307
-6.310307
-12.623442
3.159395
-18.936577
-63.128521
-25.249712
53.664474
25.255367
-59.971954
-37.875982
18.942232
-9.466875
-15.780009
0.002828
-9.466875
18.942232
12.629098
-41.032549
-47.345684
50.507907
107.326121
-47.345684
-119.946735
31.568502
101.012986
25.255367
-91.537628
-44.189116
116.795823
59.977609
-72.598223
-28.406279
69.447311
22.098800
-53.658819
3.159395
66.290744
22.098800
-12.623442
-15.780009
-15.780009
28.411935
63.134177
0.002828
-56.815386
-37.875982
69.447311
101.012986
-22.093144
-56.815386
18.942232
28.411935
28.411935
22.098800
-41.032549
-6.310307
69.447311
12.629098
-34.719414
15.785665
37.881637
41.038205
-6.310307
-63.128521
37.881637
97.856418
-34.719414
-72.598223
12.629098
53.664474
22.098800
-6.310307
3.159395
12.629098
9.472530
31.568502
15.785665
-18.936577
6.315963
28.411935
-3.153740
-18.936577
12.629098
47.351339
18.942232
-44.189116
-37.875982
59.977609
75.760446
-25.249712
-66.285089
-15.780009
56.821042
41.038205
-25.249712
-12.623442
41.038205
6.315963
-6.310307
25.255367
9.472530
-6.310307
3.159395
18.942232
0.002828
-12.623442
28.411935
18.942232
-9.466875
15.785665
18.942232
-18.936577
15.785665
34.725070
-37.875982
-31.562847
28.411935
41.038205
18.942232
-15.780009
-22.093144
-9.466875
25.255367
34.725070
12.629098
-56.815386
-82.067926
66.290744
104.169553
-34.719414
-85.224493
-6.310307
3.159395
-44.189116
-25.249712
3.159395
-41.032549
-56.815386
6.315963
0.002828
-44.189116
-37.875982
-25.249712
-56.815386
-85.224493
0.002828
34.725070
-44.189116
-72.598223
-41.032549
12.629098
50.507907
-22.093144
-123.103302
-66.285089
37.881637
59.977609
0.002828
-56.815386
-75.754791
-28.406279
53.664474
31.568502
-66.285089
-59.971954
0.002828
12.629098
9.472530
9.472530
-6.310307
0.002828
-6.310307
-28.406279
12.629098
22.098800
-15.780009
-22.093144
12.629098
34.725070
-15.780009
-22.093144
25.255367
15.785665
-47.345684
-31.562847
47.351339
72.603879
-6.310307
-75.754791
-12.623442
47.351339
3.159395
-22.093144
-3.153740
-15.780009
0.002828
56.821042
18.942232
-41.032549
0.002828
50.507907
12.629098
-6.310307
25.255367
22.098800
-15.780009
12.629098
59.977609
6.315963
-18.936577
56.821042
69.447311
15.785665
-12.623442
22.098800
88.386716
28.411935
-31.562847
3.159395
50.507907
59.977609
-31.562847
-22.093144
37.881637
25.255367
6.315963
-28.406279
0.002828
56.821042
-9.466875
-59.971954
28.411935
82.073581
-12.623442
-85.224493
9.472530
75.760446
9.472530
-31.562847
15.785665
47.351339
-22.093144
-31.562847
69.447311
53.664474
-53.658819
-44.189116
88.386716
56.821042
-75.754791
-9.466875
63.134177
9.472530
-56.815386
-6.310307
50.507907
22.098800
0.002828
-34.719414
-25.249712
22.098800
15.785665
-18.936577
-25.249712
22.098800
9.472530
-34.719414
