40.847843
78.974191
111.653917
130.717091
147.056955
155.226886
147.056955
133.440402
144.333644
147.056955
155.226886
163.396818
157.950197
147.056955
152.503576
163.396818
171.566750
190.629924
193.353234
201.523166
206.969787
196.076545
179.736681
166.120128
160.673507
147.056955
152.503576
149.780265
138.887023
152.503576
163.396818
166.120128
174.290060
185.183302
187.906613
182.459992
171.566750
160.673507
144.333644
138.887023
144.333644
133.440402
136.163712
141.610333
152.503576
157.950197
171.566750
177.013371
160.673507
152.503576
144.333644
117.100538
84.420812
68.080948
57.187706
32.677911
8.168116
-8.171747
-27.234921
-54.468027
-68.084579
-73.531201
-73.531201
-70.807890
-108.934238
-160.677138
-198.803486
-228.759902
-245.099766
-266.886250
-266.886250
-261.439629
-264.162940
-266.886250
-283.226114
-285.949424
-277.779492
-264.162940
-261.439629
-277.779492
-275.056182
-283.226114
-299.565977
-310.459219
-296.842666
-266.886250
-242.376455
-226.036592
-201.526797
-177.017002
-166.123760
-155.230517
-141.613965
-138.890654
-130.720722
-125.274101
-119.827480
-108.934238
-100.764306
-73.531201
-57.191337
-40.851474
-19.064989
-0.001816
19.061358
35.401222
43.571153
49.017775
54.464396
51.741085
38.124532
49.017775
68.080948
76.250880
87.144122
100.760675
108.930607
119.823849
122.547160
127.993781
130.717091
127.993781
130.717091
125.270470
117.100538
114.377228
117.100538
117.100538
136.163712
149.780265
152.503576
152.503576
155.226886
149.780265
144.333644
136.163712
122.547160
119.823849
125.270470
117.100538
114.377228
117.100538
114.377228
127.993781
125.270470
127.993781
127.993781
114.377228
114.377228
111.653917
87.144122
76.250880
92.590743
89.867433
92.590743
98.037365
106.207296
111.653917
119.823849
119.823849
114.377228
111.653917
106.207296
103.483986
92.590743
87.144122
98.037365
111.653917
111.653917
103.483986
106.207296
111.653917
89.867433
87.144122
81.697501
70.804259
62.634327
38.124532
8.168116
-19.064989
-46.298095
-57.191337
-65.361269
-57.191337
-51.744716
-54.468027
-73.531201
-114.380859
-138.890654
-157.953828
-174.293691
-193.356865
-198.803486
-209.696729
-228.759902
-250.546387
-264.162940
-255.993008
-236.929834
-226.036592
-223.313281
-228.759902
-236.929834
-255.993008
-275.056182
-283.226114
-275.056182
-255.993008
-236.929834
-226.036592
-217.866660
-206.973418
-187.910244
-163.400449
-138.890654
-122.550791
-125.274101
-130.720722
-133.444033
-130.720722
-119.827480
-100.764306
-70.807890
-49.021406
-40.851474
-19.064989
-13.618368
-10.895058
13.614737
29.954601
38.124532
32.677911
24.507979
24.507979
29.954601
27.231290
35.401222
59.911017
65.357638
76.250880
89.867433
95.314054
106.207296
114.377228
111.653917
106.207296
98.037365
95.314054
92.590743
98.037365
114.377228
136.163712
141.610333
152.503576
160.673507
160.673507
163.396818
163.396818
160.673507
141.610333
141.610333
138.887023
133.440402
138.887023
136.163712
138.887023
147.056955
149.780265
160.673507
163.396818
157.950197
147.056955
141.610333
130.717091
119.823849
119.823849
111.653917
98.037365
98.037365
103.483986
108.930607
125.270470
125.270470
125.270470
122.547160
103.483986
95.314054
92.590743
87.144122
78.974191
76.250880
81.697501
81.697501
81.697501
76.250880
70.804259
68.080948
65.357638
62.634327
43.571153
16.338048
-10.895058
-38.128163
-43.574784
-57.191337
-68.084579
-68.084579
-76.254511
-95.317685
-119.827480
-136.167343
-144.337275
-171.570381
-187.910244
-198.803486
-212.420039
-226.036592
-242.376455
-253.269697
-245.099766
-228.759902
-220.589971
-217.866660
-226.036592
-223.313281
-228.759902
-239.653145
-239.653145
-226.036592
-201.526797
-187.910244
-187.910244
-179.740312
-166.123760
-149.783896
-127.997412
-114.380859
-103.487617
-95.317685
-87.147753
-84.424443
-81.701132
-76.254511
-51.744716
-35.404853
-32.681542
-27.234921
-19.064989
-19.064989
-8.171747
2.721495
16.338048
32.677911
35.401222
29.954601
24.507979
29.954601
38.124532
43.571153
51.741085
57.187706
65.357638
73.527570
73.527570
81.697501
87.144122
98.037365
89.867433
87.144122
98.037365
98.037365
100.760675
108.930607
125.270470
125.270470
119.823849
119.823849
119.823849
119.823849
127.993781
133.440402
130.717091
133.440402
122.547160
114.377228
114.377228
106.207296
103.483986
108.930607
117.100538
117.100538
103.483986
108.930607
114.377228
108.930607
106.207296
106.207296
103.483986
100.760675
98.037365
89.867433
92.590743
95.314054
92.590743
100.760675
95.314054
98.037365
111.653917
114.377228
103.483986
100.760675
106.207296
89.867433
87.144122
95.314054
78.974191
78.974191
73.527570
65.357638
65.357638
59.911017
57.187706
51.741085
40.847843
24.507979
8.168116
-24.511611
-49.021406
-62.637958
-84.424443
-89.871064
-92.594375
-95.317685
-98.040996
-114.380859
-130.720722
-149.783896
-160.677138
-166.123760
-177.017002
-193.356865
-209.696729
-215.143350
-220.589971
-223.313281
-215.143350
-209.696729
-196.080176
-185.186933
-196.080176
-196.080176
-198.803486
-212.420039
-215.143350
-209.696729
-206.973418
-193.356865
-182.463623
-174.293691
-166.123760
-149.783896
-138.890654
-144.337275
-136.167343
-119.827480
-108.934238
-103.487617
-95.317685
-92.594375
-87.147753
-73.531201
-68.084579
-54.468027
-35.404853
-19.064989
-2.725126
8.168116
13.614737
21.784669
27.231290
35.401222
49.017775
51.741085
49.017775
54.464396
62.634327
70.804259
81.697501
84.420812
87.144122
98.037365
108.930607
111.653917
108.930607
100.760675
100.760675
87.144122
92.590743
100.760675
98.037365
103.483986
111.653917
114.377228
114.377228
111.653917
122.547160
122.547160
111.653917
100.760675
98.037365
103.483986
100.760675
98.037365
106.207296
114.377228
119.823849
122.547160
122.547160
122.547160
114.377228
114.377228
114.377228
106.207296
111.653917
114.377228
111.653917
114.377228
114.377228
114.377228
108.930607
117.100538
125.270470
119.823849
122.547160
119.823849
103.483986
92.590743
89.867433
78.974191
76.250880
76.250880
73.527570
76.250880
65.357638
65.357638
70.804259
59.911017
46.294464
38.124532
24.507979
2.721495
-8.171747
-16.341679
-27.234921
-32.681542
-38.128163
-46.298095
-51.744716
-59.914648
-70.807890
-81.701132
-108.934238
-119.827480
-127.997412
-141.613965
-155.230517
-174.293691
-171.570381
-168.847070
-185.186933
-196.080176
-196.080176
-201.526797
-201.526797
-201.526797
-206.973418
-204.250107
-212.420039
-217.866660
-223.313281
-215.143350
-198.803486
-196.080176
-177.017002
-171.570381
-163.400449
-147.060586
-138.890654
-119.827480
-114.380859
-108.934238
-100.764306
-98.040996
-87.147753
-78.977822
-62.637958
-49.021406
-40.851474
-27.234921
-16.341679
-2.725126
8.168116
16.338048
16.338048
19.061358
21.784669
27.231290
35.401222
35.401222
43.571153
46.294464
49.017775
62.634327
59.911017
62.634327
70.804259
76.250880
78.974191
84.420812
84.420812
81.697501
70.804259
70.804259
87.144122
92.590743
89.867433
87.144122
98.037365
114.377228
100.760675
98.037365
103.483986
100.760675
100.760675
103.483986
106.207296
100.760675
98.037365
100.760675
103.483986
106.207296
108.930607
114.377228
111.653917
100.760675
92.590743
92.590743
98.037365
103.483986
108.930607
108.930607
100.760675
98.037365
95.314054
95.314054
103.483986
100.760675
106.207296
103.483986
98.037365
95.314054
89.867433
92.590743
92.590743
87.144122
84.420812
78.974191
73.527570
70.804259
65.357638
78.974191
81.697501
65.357638
57.187706
46.294464
40.847843
32.677911
13.614737
-2.725126
-10.895058
-21.788300
-43.574784
-62.637958
-59.914648
-73.531201
-78.977822
-84.424443
-106.210927
-122.550791
-133.444033
-144.337275
-152.507207
-171.570381
-177.017002
-177.017002
-187.910244
-193.356865
-198.803486
-198.803486
-201.526797
-204.250107
-201.526797
-209.696729
-206.973418
-204.250107
-204.250107
-198.803486
-196.080176
-193.356865
-182.463623
-182.463623
-168.847070
-152.507207
-141.613965
-127.997412
-119.827480
-114.380859
-106.210927
-103.487617
-98.040996
-89.871064
-81.701132
-70.807890
-51.744716
-38.128163
-35.404853
-21.788300
-10.895058
-0.001816
13.614737
19.061358
19.061358
29.954601
40.847843
49.017775
54.464396
62.634327
73.527570
76.250880
73.527570
81.697501
92.590743
92.590743
95.314054
95.314054
98.037365
95.314054
87.144122
92.590743
103.483986
100.760675
100.760675
100.760675
95.314054
95.314054
87.144122
89.867433
89.867433
81.697501
81.697501
78.974191
73.527570
73.527570
73.527570
70.804259
84.420812
84.420812
81.697501
81.697501
81.697501
89.867433
87.144122
87.144122
84.420812
92.590743
103.483986
98.037365
98.037365
92.590743
98.037365
111.653917
106.207296
98.037365
106.207296
117.100538
108.930607
106.207296
111.653917
100.760675
84.420812
73.527570
81.697501
89.867433
92.590743
89.867433
76.250880
76.250880
76.250880
65.357638
51.741085
38.124532
29.954601
38.124532
27.231290
8.168116
5.444806
-0.001816
-19.064989
-38.128163
-43.574784
-43.574784
-54.468027
-70.807890
-81.701132
-84.424443
-81.701132
-95.317685
-119.827480
-136.167343
-133.444033
-136.167343
-152.507207
-168.847070
-163.400449
-138.890654
-141.613965
-163.400449
-168.847070
-160.677138
-166.123760
-171.570381
-179.740312
-185.186933
-201.526797
-215.143350
-212.420039
-193.356865
-179.740312
-185.186933
-182.463623
-163.400449
-136.167343
-133.444033
-144.337275
-144.337275
-141.613965
-117.104170
-98.040996
-100.764306
-106.210927
-92.594375
-68.084579
-40.851474
-5.448437
2.721495
-8.171747
-5.448437
21.784669
46.294464
49.017775
51.741085
62.634327
62.634327
59.911017
81.697501
92.590743
92.590743
98.037365
73.527570
46.294464
54.464396
87.144122
98.037365
89.867433
87.144122
81.697501
54.464396
32.677911
38.124532
57.187706
62.634327
84.420812
95.314054
92.590743
92.590743
95.314054
95.314054
95.314054
92.590743
98.037365
117.100538
133.440402
117.100538
84.420812
89.867433
108.930607
108.930607
108.930607
111.653917
95.314054
87.144122
98.037365
111.653917
103.483986
87.144122
68.080948
49.017775
49.017775
81.697501
95.314054
70.804259
68.080948
84.420812
95.314054
89.867433
73.527570
68.080948
70.804259
81.697501
78.974191
62.634327
59.911017
59.911017
65.357638
78.974191
95.314054
98.037365
98.037365
89.867433
78.974191
73.527570
62.634327
62.634327
57.187706
27.231290
-10.895058
-24.511611
-35.404853
-54.468027
-70.807890
-84.424443
-84.424443
-76.254511
-76.254511
-89.871064
-103.487617
-106.210927
-130.720722
-171.570381
-190.633555
-198.803486
-209.696729
-217.866660
-217.866660
-196.080176
-182.463623
-206.973418
-204.250107
-174.293691
-157.953828
-174.293691
-187.910244
-187.910244
-187.910244
-201.526797
-198.803486
-163.400449
-138.890654
-152.507207
-147.060586
-95.317685
-70.807890
-98.040996
-125.274101
-100.764306
-59.914648
-57.191337
-87.147753
-76.254511
-29.958232
-0.001816
-19.064989
-43.574784
2.721495
62.634327
-21.788300
-381.265294
-511.984200
-68.084579
315.902209
277.775861
70.804259
-13.618368
81.697501
117.100538
51.741085
16.338048
103.483986
204.246476
185.183302
98.037365
89.867433
122.547160
114.377228
89.867433
70.804259
65.357638
87.144122
114.377228
108.930607
73.527570
62.634327
106.207296
149.780265
160.673507
136.163712
103.483986
84.420812
98.037365
114.377228
122.547160
111.653917
-16.341679
-261.439629
-364.925430
-250.546387
-19.064989
111.653917
-24.511611
-152.507207
-24.511611
231.479582
378.538352
367.645110
356.751868
392.154905
438.451184
490.194085
490.194085
476.577532
435.727874
373.091731
340.412004
318.625520
228.756271
138.887023
166.120128
215.139719
223.309650
234.202892
291.392414
370.368420
403.048147
400.324836
386.708284
370.368420
291.392414
-65.361269
-830.611536
-1625.818219
-1843.683063
-1549.565523
-1345.317231
-1380.720268
-1228.214877
-795.208498
-460.241300
-266.886250
68.080948
482.024153
738.015346
759.801830
528.320433
196.076545
92.590743
245.096135
255.989377
-0.001816
-106.210927
59.911017
144.333644
40.847843
76.250880
321.348830
416.664700
147.056955
-250.546387
-441.178126
-438.454815
-501.090958
-631.809865
-661.766281
-604.576759
-550.110548
-468.411232
-348.585567
-155.230517
136.163712
337.688694
223.309650
2.721495
13.614737
149.780265
108.930607
-38.128163
-10.895058
182.459992
269.605930
185.183302
152.503576
285.945793
394.878215
285.945793
29.954601
-171.570381
-242.376455
-264.162940
-389.435225
-536.493995
-449.348058
-239.653145
-166.123760
-206.973418
-111.657548
133.440402
296.839035
280.499172
206.969787
201.523166
305.008967
383.984973
307.732278
250.542756
340.412004
386.708284
242.372824
136.163712
206.969787
242.372824
174.290060
87.144122
29.954601
27.231290
78.974191
114.377228
106.207296
130.717091
215.139719
250.542756
190.629924
157.950197
261.435998
419.388010
454.791048
381.261663
386.708284
476.577532
517.427190
471.130911
400.324836
305.008967
283.222482
334.965383
375.815041
479.300843
610.019749
596.403197
539.213675
612.743060
642.699476
569.170091
615.466371
680.825824
411.218079
-228.759902
-1345.317231
-3093.682609
-4193.900075
-3352.397112
-1936.275622
-1775.600299
-1947.168864
-1078.432797
-27.234921
457.514358
1092.045718
1909.038886
2124.180420
1830.062879
1312.633873
362.198489
-381.265294
-95.317685
337.688694
-147.060586
-857.844641
-789.761877
-381.265294
-411.221710
-566.450412
-209.696729
340.412004
177.013371
-740.742287
-1334.423989
-1086.602728
-639.979797
-525.600753
-531.047374
-392.158536
-119.827480
212.416408
482.024153
667.209271
996.729849
1315.357184
996.729849
193.353234
-201.526797
-24.511611
84.420812
-136.167343
-332.245704
-318.629151
-177.017002
-95.317685
-147.060586
-133.444033
59.911017
114.377228
-198.803486
-533.770685
-498.367648
-277.779492
-217.866660
-242.376455
-108.934238
125.270470
245.096135
231.479582
266.882619
430.281253
580.063333
498.364017
157.950197
-78.977822
27.231290
201.523166
155.226886
27.231290
46.294464
103.483986
-5.448437
-163.400449
-106.210927
89.867433
127.993781
19.061358
-13.618368
40.847843
147.056955
266.882619
299.562346
280.499172
324.072141
375.815041
299.562346
245.096135
389.431594
580.063333
577.340023
386.708284
269.605930
375.815041
531.043743
506.533948
449.344427
531.043743
446.621116
81.697501
-171.570381
-247.823076
-332.245704
-155.230517
302.285656
462.960979
373.091731
566.446781
770.695072
642.699476
738.015346
1092.045718
953.156880
561.000159
607.296439
561.000159
-147.060586
-1301.744262
-2938.453908
-4338.235534
-3877.996050
-2216.776610
-1672.114498
-1751.090504
-759.805461
324.072141
550.106917
1097.492339
2105.117246
2265.792569
1778.319979
1339.866979
351.305246
-708.062561
-522.877443
21.784669
-479.304474
-1086.602728
-836.058157
-566.450412
-724.402424
-675.382834
-201.526797
258.712687
242.372824
-419.391641
-1064.816244
-833.334846
-313.182530
-354.032188
-438.454815
-98.040996
206.969787
302.285656
484.747464
650.869408
795.204867
1026.686265
838.777836
40.847843
-495.644337
-405.775089
-321.352461
-419.391641
-403.051778
-345.862256
-367.648741
-400.328468
-424.838263
-236.929834
258.712687
484.747464
174.290060
-43.574784
98.037365
122.547160
-8.171747
49.017775
155.226886
111.653917
62.634327
5.444806
-13.618368
198.799855
438.451184
348.581936
87.144122
32.677911
108.930607
133.440402
108.930607
95.314054
125.270470
125.270470
-2.725126
-114.380859
54.464396
367.645110
394.878215
166.120128
73.527570
201.523166
291.392414
250.542756
261.435998
381.261663
413.941389
307.732278
236.926203
269.605930
326.795451
435.727874
577.340023
561.000159
473.854222
492.917395
446.621116
245.096135
144.333644
168.843439
21.784669
-226.036592
-247.823076
35.401222
433.004563
699.888998
721.675482
661.762650
688.995756
718.952172
664.485961
672.655892
808.821420
836.054526
492.917395
-166.123760
-1083.879418
-2576.253603
-4193.900075
-4313.725739
-2717.865752
-1481.482759
-1446.079722
-1122.005765
-59.914648
708.058930
1334.420358
2290.302364
2679.735774
2066.990898
1345.313600
574.616712
-547.387238
-1051.199691
-574.620343
-460.241300
-1160.132113
-1497.822622
-1108.389213
-729.849045
-563.727101
-261.439629
236.926203
449.344427
-59.914648
-819.718293
-830.611536
-193.356865
76.250880
-108.934238
-87.147753
103.483986
226.032961
498.364017
797.928178
846.947768
833.331215
653.592718
-81.701132
-757.082151
-639.979797
-378.541983
-607.300070
-727.125735
-476.581163
-356.755499
-264.162940
2.721495
98.037365
163.396818
492.917395
408.494768
-236.929834
-212.420039
438.451184
373.091731
-78.977822
157.950197
389.431594
-5.448437
-152.507207
174.290060
223.309650
114.377228
171.566750
-62.637958
-392.158536
-57.191337
452.067737
356.751868
119.823849
187.906613
177.013371
-16.341679
-59.914648
54.464396
182.459992
283.222482
193.353234
10.891427
166.120128
509.257259
495.640706
305.008967
362.198489
408.494768
163.396818
21.784669
220.586340
367.645110
283.222482
250.542756
294.115725
294.115725
424.834632
650.869408
620.912992
386.708284
307.732278
193.353234
-215.143350
-422.114952
-40.851474
394.878215
408.494768
340.412004
487.470774
645.422787
757.078520
983.113296
1168.298414
1026.686265
724.398793
550.106917
378.538352
13.614737
-533.770685
-1639.434771
-3602.941684
-5000.000000
-4035.948062
-1947.168864
-1277.234467
-1383.443579
-356.755499
953.156880
1337.143668
1800.106463
2704.245569
2772.328332
1889.975712
988.559917
-62.637958
-1146.515560
-1179.195287
-626.363244
-1021.243275
-1808.280026
-1565.905386
-784.315256
-599.130138
-593.683517
46.294464
678.102513
345.858625
-522.877443
-759.805461
-247.823076
144.333644
81.697501
-24.511611
68.080948
228.756271
446.621116
645.422787
683.549135
743.461967
748.908588
141.610333
-716.232492
-811.548362
-427.561573
-555.557169
-950.437200
-787.038567
-264.162940
-65.361269
-65.361269
133.440402
422.111321
555.553538
435.727874
152.503576
-8.171747
111.653917
163.396818
-141.613965
-370.372051
-133.444033
125.270470
19.061358
-68.084579
108.930607
275.052551
245.096135
92.590743
-70.807890
-2.725126
272.329240
291.392414
89.867433
141.610333
296.839035
149.780265
-38.128163
54.464396
182.459992
174.290060
103.483986
24.507979
122.547160
419.388010
503.810638
269.605930
177.013371
302.285656
299.562346
201.523166
261.435998
394.878215
427.557942
315.902209
163.396818
212.416408
449.344427
522.873812
403.048147
332.242073
291.392414
280.499172
223.309650
-70.807890
-315.905840
-49.021406
375.815041
476.577532
620.912992
879.627495
710.782240
413.941389
582.786644
814.268041
721.675482
680.825824
773.418383
691.719066
389.431594
-133.444033
-1250.001362
-3052.832951
-4520.697342
-4286.492634
-2720.589063
-1715.687467
-1582.245250
-893.247679
452.067737
1394.333190
2020.694618
2815.901301
3104.572221
2418.297960
1312.633873
166.120128
-838.781467
-1236.384809
-1151.962182
-1388.890200
-1928.105691
-1947.168864
-1323.530747
-694.446008
-362.202120
54.464396
634.529544
672.655892
-2.725126
-490.197716
-239.653145
168.843439
103.483986
-187.910244
-206.973418
73.527570
356.751868
528.320433
680.825824
811.544731
678.102513
133.440402
-457.517989
-623.639933
-476.581163
-506.537579
-757.082151
-909.587542
-732.572356
-324.075772
32.677911
239.649514
476.577532
773.418383
618.189681
59.911017
43.571153
525.597122
416.664700
-155.230517
-326.799082
-383.988604
-552.833859
-269.609561
171.566750
98.037365
73.527570
381.261663
236.926203
-92.594375
277.775861
716.228861
394.878215
19.061358
49.017775
35.401222
-49.021406
-35.404853
-65.361269
-62.637958
46.294464
-16.341679
-117.104170
157.950197
509.257259
501.087327
362.198489
296.839035
177.013371
160.673507
305.008967
305.008967
226.032961
291.392414
275.052551
81.697501
98.037365
416.664700
588.233265
449.344427
356.751868
383.984973
266.882619
127.993781
111.653917
16.338048
-62.637958
204.246476
411.218079
236.926203
337.688694
863.287631
890.520737
452.067737
443.897805
691.719066
648.146097
569.170091
599.126507
574.616712
517.427190
269.605930
-441.178126
-1606.755045
-3289.760970
-4654.139559
-4008.714957
-2061.547908
-1331.700678
-1451.526343
-441.178126
1007.623091
1625.814588
2263.069258
3150.868500
2962.960072
1813.723016
770.695072
-305.012598
-1326.254057
-1448.803032
-1176.471977
-1631.264840
-2246.733026
-1903.595896
-980.393616
-354.032188
-38.128163
375.815041
816.991352
740.738656
51.741085
-389.435225
-43.574784
332.242073
78.974191
-307.735909
-247.823076
84.420812
416.664700
645.422787
648.146097
580.063333
536.490364
117.100538
-599.130138
-743.465598
-334.969014
-400.328468
-906.864231
-866.014573
-413.945020
-283.226114
-160.677138
324.072141
664.485961
650.869408
422.111321
-122.550791
-419.391641
136.163712
569.170091
8.168116
-520.154132
-362.202120
-277.779492
-234.206524
166.120128
383.984973
250.542756
177.013371
40.847843
-108.934238
226.032961
637.252855
435.727874
32.677911
-19.064989
8.168116
-49.021406
35.401222
127.993781
198.799855
288.669104
111.653917
-122.550791
130.717091
555.553538
536.490364
215.139719
19.061358
27.231290
100.760675
138.887023
239.649514
430.281253
490.194085
305.008967
141.610333
288.669104
561.000159
610.019749
381.261663
157.950197
127.993781
141.610333
119.823849
174.290060
206.969787
125.270470
89.867433
59.911017
29.954601
381.261663
857.841010
683.549135
351.305246
585.509954
667.209271
277.775861
354.028557
770.695072
680.825824
645.422787
964.050122
552.830228
-588.236896
-1492.376001
-2584.423535
-4101.307516
-4240.196354
-2568.083672
-1399.783442
-1448.803032
-906.864231
539.213675
1612.198035
2186.816563
2785.944885
2998.363109
2279.409121
1023.962954
-81.701132
-895.970989
-1416.123306
-1574.075318
-1625.818219
-1952.615486
-2156.863777
-1492.376001
-394.881846
51.741085
163.396818
721.675482
1004.899780
345.858625
-245.099766
76.250880
452.067737
125.270470
-277.779492
-239.653145
-92.594375
35.401222
337.688694
577.340023
547.383607
392.154905
108.930607
-343.138946
-604.576759
-482.027784
-408.498399
-688.999387
-866.014573
-520.154132
13.614737
313.178899
525.597122
778.865004
776.141693
462.960979
231.479582
89.867433
-307.735909
-841.504778
-1209.151703
-1250.001362
-890.524368
-364.925430
8.168116
405.771458
874.180874
1004.899780
874.180874
849.671079
691.719066
318.625520
59.911017
-250.546387
-667.212902
-637.256486
-326.799082
-340.415635
-329.522393
103.483986
430.281253
389.431594
405.771458
580.063333
656.316029
544.660296
283.222482
57.187706
76.250880
166.120128
59.911017
8.168116
177.013371
250.542756
182.459992
179.736681
201.523166
228.756271
321.348830
359.475178
313.178899
356.751868
422.111321
356.751868
348.581936
443.897805
400.324836
234.202892
149.780265
136.163712
190.629924
266.882619
166.120128
27.231290
250.542756
552.830228
433.004563
324.072141
659.039339
855.117700
623.636302
490.194085
552.830228
547.383607
626.359613
667.209271
68.080948
-1015.796654
-2017.974939
-3126.362336
-3967.865299
-3319.717386
-1786.493542
-1154.685492
-1072.986175
-258.716319
925.923774
1794.659842
2467.317550
2723.308742
2265.792569
1440.629470
490.194085
-555.557169
-1222.768256
-1328.977368
-1473.312827
-1892.702653
-2105.120877
-1781.046920
-969.500374
-76.254511
326.795451
454.791048
773.418383
743.461967
168.843439
29.954601
443.897805
386.708284
-152.507207
-386.711915
-318.629151
-206.973418
163.396818
514.703880
394.878215
220.586340
196.076545
-144.337275
-539.217306
-438.454815
-253.269697
-479.304474
-735.295666
-615.470002
-177.017002
337.688694
615.466371
724.398793
830.607905
544.660296
-147.060586
-307.735909
-196.080176
-893.247679
-1350.763852
-645.426418
-533.770685
-1075.709486
-49.021406
1348.036911
874.180874
490.194085
1331.697047
1037.579507
-76.254511
196.076545
487.470774
-454.794679
-795.208498
-356.755499
-596.406828
-669.936213
13.614737
212.416408
144.333644
514.703880
498.364017
250.542756
604.573128
626.359613
70.804259
185.183302
457.514358
-73.531201
-223.313281
354.028557
326.795451
-38.128163
187.906613
337.688694
78.974191
198.799855
471.130911
351.305246
326.795451
405.771458
228.756271
196.076545
405.771458
435.727874
424.834632
449.344427
144.333644
-144.337275
70.804259
185.183302
-40.851474
95.314054
441.174495
471.130911
517.427190
770.695072
754.355209
492.917395
490.194085
645.422787
659.039339
618.189681
585.509954
443.897805
68.080948
-787.038567
-2203.160057
-3559.368715
-3872.549429
-2905.774181
-1691.177672
-1165.578734
-874.184505
-51.744716
1067.535923
1919.932128
2431.914513
2636.162805
2287.579053
1296.294010
119.823849
-708.062561
-1083.879418
-1258.171293
-1530.502349
-1917.212448
-2064.271218
-1623.094908
-800.655120
-149.783896
201.523166
544.660296
762.525141
454.791048
38.124532
198.799855
531.043743
329.518762
-147.060586
-348.585567
-280.502803
-119.827480
157.950197
397.601526
394.878215
242.372824
16.338048
-250.546387
-356.755499
-272.332871
-318.629151
-585.513586
-727.125735
-454.794679
5.444806
288.669104
509.257259
838.777836
947.710259
672.655892
318.625520
-117.104170
-639.979797
-716.232492
-596.406828
-1092.049349
-1511.439175
-806.101741
2.721495
100.760675
590.956576
1413.396364
1203.701451
612.743060
746.185277
718.952172
117.100538
-160.677138
-264.162940
-740.742287
-904.140921
-541.940617
-329.522393
-166.123760
179.736681
340.412004
392.154905
571.893402
544.660296
427.557942
585.509954
520.150501
62.634327
-51.744716
193.353234
160.673507
46.294464
193.353234
231.479582
59.911017
38.124532
119.823849
198.799855
310.455588
315.902209
231.479582
313.178899
386.708284
294.115725
348.581936
533.767054
424.834632
223.309650
310.455588
321.348830
43.571153
-46.298095
152.503576
177.013371
21.784669
98.037365
424.834632
659.039339
672.655892
623.636302
664.485961
727.122103
708.058930
718.952172
757.078520
580.063333
65.357638
-778.868635
-2083.334392
-3556.645404
-3995.098404
-2878.541075
-1642.158082
-1380.720268
-1037.583138
98.037365
1097.492339
1636.707830
2295.748985
2788.668196
2369.278370
1244.551109
117.100538
-705.339250
-1111.112523
-1277.234467
-1563.182076
-1914.489138
-1988.018523
-1601.308424
-852.398020
-122.550791
324.072141
667.209271
855.117700
509.257259
68.080948
247.819445
533.767054
177.013371
-288.672735
-310.459219
-261.439629
-174.293691
206.969787
438.451184
340.412004
255.989377
76.250880
-345.862256
-468.411232
-239.653145
-334.969014
-724.402424
-743.465598
-334.969014
59.911017
294.115725
563.723470
953.156880
1070.259234
702.612308
378.538352
370.368420
217.863029
-223.313281
-988.563548
-2094.227635
-2437.364765
-1394.336821
-522.877443
-449.348058
362.198489
1484.202439
1288.124078
996.729849
1647.601072
1628.537898
735.292035
321.348830
-157.953828
-1072.986175
-1132.899008
-607.300070
-792.485188
-890.524368
-220.589971
136.163712
136.163712
525.597122
876.904184
972.220054
1032.132886
590.956576
-35.404853
168.843439
479.300843
29.954601
-215.143350
103.483986
13.614737
-332.245704
-138.890654
152.503576
177.013371
250.542756
250.542756
114.377228
318.625520
705.335619
639.976166
386.708284
400.324836
449.344427
334.965383
245.096135
253.266066
283.222482
190.629924
-163.400449
-413.945020
-89.871064
449.344427
533.767054
364.921799
487.470774
718.952172
735.292035
708.058930
729.845414
746.185277
770.695072
688.995756
411.218079
62.634327
-596.406828
-1909.042517
-3376.906907
-3940.632193
-3150.872131
-1805.556715
-1067.539554
-852.398020
-141.613965
1040.302818
1786.489910
2096.947314
2456.424308
2418.297960
1446.076091
92.590743
-797.931809
-1130.175697
-1299.020952
-1552.288834
-1854.576306
-1892.702653
-1492.376001
-819.718293
-168.847070
264.159309
599.126507
868.734252
667.209271
125.270470
51.741085
452.067737
430.281253
-119.827480
-351.308878
-141.613965
-40.851474
-43.574784
114.377228
291.392414
201.523166
-111.657548
-397.605157
-484.751095
-394.881846
-302.289287
-334.969014
-362.202120
-190.633555
152.503576
454.791048
623.636302
746.185277
784.311625
571.893402
160.673507
-84.424443
-16.341679
-106.210927
-718.955803
-1328.977368
-1304.467573
-1043.029759
-1119.282455
-893.247679
73.527570
754.355209
702.612308
827.884594
1252.721041
1220.041314
939.540327
808.821420
386.708284
-236.929834
-484.751095
-610.023381
-901.417610
-876.907815
-468.411232
-285.949424
-299.565977
-43.574784
430.281253
789.758246
882.350805
808.821420
784.311625
738.015346
433.004563
98.037365
57.187706
46.294464
-177.017002
-392.158536
-386.711915
-209.696729
46.294464
217.863029
305.008967
484.747464
688.995756
661.762650
479.300843
457.514358
514.703880
337.688694
40.847843
-84.424443
-24.511611
138.887023
310.455588
264.159309
27.231290
8.168116
315.902209
501.087327
452.067737
482.024153
571.893402
473.854222
337.688694
490.194085
757.078520
724.398793
561.000159
639.976166
740.738656
285.945793
-882.354436
-2489.107666
-3888.889292
-3954.248746
-2554.467119
-1377.996958
-1266.341225
-871.461194
435.727874
1481.479128
1941.718612
2521.783761
2875.814134
2192.263184
795.204867
-383.988604
-1002.180101
-1299.020952
-1533.225660
-1756.537125
-1968.955349
-1936.275622
-1315.360815
-422.114952
100.760675
454.791048
934.093706
966.773433
337.688694
24.507979
356.751868
433.004563
59.911017
-163.400449
-226.036592
-277.779492
-89.871064
204.246476
236.926203
163.396818
111.653917
-179.740312
-577.343654
-566.450412
-255.993008
-239.653145
-490.197716
-433.008194
13.614737
389.431594
492.917395
601.849818
860.564321
773.418383
223.309650
13.614737
223.309650
49.017775
-318.629151
-484.751095
-1113.835834
-1819.173268
-1356.210473
-503.814269
-394.881846
-106.210927
552.830228
498.364017
482.024153
1255.444352
1486.925749
958.603501
776.141693
471.130911
-362.202120
-672.659523
-495.644337
-713.509182
-863.291262
-596.406828
-547.387238
-482.027784
125.270470
656.316029
767.971762
909.583911
925.923774
601.849818
416.664700
454.791048
340.412004
144.333644
-19.064989
-253.269697
-364.925430
-209.696729
-10.895058
117.100538
223.309650
288.669104
321.348830
419.388010
547.383607
585.509954
498.364017
326.795451
163.396818
81.697501
125.270470
266.882619
345.858625
234.202892
114.377228
117.100538
163.396818
255.989377
430.281253
479.300843
329.518762
351.305246
571.893402
547.383607
356.751868
468.407600
713.505551
648.146097
465.684290
541.936985
476.577532
-375.818673
-1892.702653
-3341.503870
-3839.869702
-2995.643429
-1633.988150
-964.053753
-776.145325
-49.021406
1026.686265
1707.513904
2140.520283
2532.677003
2314.812159
1181.914967
-149.783896
-936.820647
-1239.108119
-1429.739858
-1623.094908
-1772.876989
-1732.027330
-1350.763852
-691.722697
-43.574784
362.198489
607.296439
743.461967
509.257259
65.357638
65.357638
403.048147
324.072141
-119.827480
-220.589971
-54.468027
-57.191337
-43.574784
193.353234
288.669104
65.357638
-204.250107
-446.624747
-590.960207
-443.901436
-190.633555
-171.570381
-280.502803
-84.424443
324.072141
517.427190
574.616712
724.398793
664.485961
250.542756
-62.637958
-92.594375
-247.823076
-601.853449
-825.164915
-923.204095
-966.777064
-874.184505
-645.426418
-174.293691
593.679886
1045.749439
887.797426
751.631898
841.501147
678.102513
364.921799
247.819445
19.061358
-394.881846
-561.003790
-618.193312
-708.062561
-427.561573
24.507979
24.507979
-68.084579
226.032961
503.810638
547.383607
612.743060
661.762650
555.553538
408.494768
242.372824
73.527570
59.911017
87.144122
-84.424443
-310.459219
-283.226114
-27.234921
209.693097
313.178899
400.324836
585.509954
659.039339
490.194085
356.751868
386.708284
373.091731
247.819445
70.804259
-62.637958
-24.511611
127.993781
250.542756
253.266066
239.649514
310.455588
441.174495
479.300843
397.601526
386.708284
503.810638
541.936985
427.557942
318.625520
310.455588
413.941389
582.786644
675.379203
702.612308
416.664700
-705.339250
-2489.107666
-3850.762945
-3826.253150
-2549.020498
-1266.341225
-836.058157
-550.110548
427.557942
1456.969333
1936.271991
2322.982090
2486.380724
1704.790594
367.645110
-639.979797
-1250.001362
-1470.589517
-1260.894604
-1209.151703
-1563.182076
-1519.609107
-836.058157
-261.439629
-0.001816
345.858625
656.316029
465.684290
-81.701132
-302.289287
76.250880
487.470774
345.858625
16.338048
62.634327
234.202892
163.396818
95.314054
160.673507
73.527570
-190.633555
-465.687921
-735.295666
-748.912219
-356.755499
-84.424443
-190.633555
-147.060586
261.435998
577.340023
593.679886
563.723470
593.679886
484.747464
78.974191
-318.629151
-275.056182
-127.997412
-427.561573
-819.718293
-928.650716
-1045.753070
-955.883821
-356.755499
57.187706
236.926203
879.627495
1266.337594
800.651489
648.146097
958.603501
544.660296
-122.550791
-152.507207
-307.735909
-795.208498
-705.339250
-389.435225
-416.668331
-190.633555
242.372824
190.629924
155.226886
550.106917
705.335619
618.189681
694.442377
593.679886
310.455588
255.989377
209.693097
10.891427
-38.128163
-57.191337
-296.842666
-386.711915
-155.230517
54.464396
228.756271
465.684290
626.359613
680.825824
672.655892
531.043743
348.581936
250.542756
136.163712
10.891427
-2.725126
54.464396
138.887023
231.479582
258.712687
345.858625
533.767054
528.320433
419.388010
476.577532
468.407600
228.756271
166.120128
351.305246
484.747464
650.869408
738.015346
555.553538
533.767054
659.039339
16.338048
-1579.521939
-3202.615032
-4071.351100
-3662.854516
-2156.863777
-890.524368
-405.775089
236.926203
1168.298414
1642.154451
1925.378749
2361.108438
2184.093252
1132.895377
-127.997412
-1149.238871
-1620.371598
-1432.463169
-1187.365219
-1258.171293
-1225.491567
-974.946995
-743.465598
-392.158536
95.314054
375.815041
443.897805
315.902209
-108.934238
-245.099766
288.669104
664.485961
482.024153
343.135315
321.348830
108.930607
-108.934238
-114.380859
-81.701132
-141.613965
-354.032188
-678.106144
-776.145325
-498.367648
-152.507207
49.017775
127.993781
168.843439
294.115725
394.878215
400.324836
479.300843
590.956576
416.664700
78.974191
-57.191337
16.338048
8.168116
-552.833859
-1437.909790
-1421.569927
-743.465598
-836.058157
-904.140921
261.435998
1051.196060
667.209271
882.350805
1432.459538
808.821420
326.795451
618.189681
19.061358
-811.548362
-383.988604
-193.356865
-874.184505
-697.169318
43.571153
-21.788300
-100.764306
275.052551
318.625520
424.834632
792.481557
558.276849
253.266066
656.316029
675.379203
76.250880
114.377228
362.198489
-62.637958
-351.308878
-152.507207
-166.123760
-179.740312
157.950197
242.372824
193.353234
577.340023
827.884594
593.679886
460.237669
482.024153
258.712687
51.741085
89.867433
119.823849
209.693097
351.305246
198.799855
-21.788300
100.760675
348.581936
473.854222
517.427190
433.004563
242.372824
201.523166
337.688694
403.048147
422.111321
482.024153
479.300843
433.004563
457.514358
520.150501
462.960979
-114.380859
-1456.972964
-3074.619436
-4038.671373
-3632.898100
-2015.251628
-490.197716
70.804259
408.494768
1108.385582
1541.391960
1614.921345
1849.126053
1862.742606
1007.623091
-288.672735
-1228.214877
-1544.118902
-1312.637504
-901.417610
-776.145325
-917.757474
-972.223685
-778.868635
-492.921027
-245.099766
5.444806
307.732278
383.984973
2.721495
-234.206524
212.416408
743.461967
757.078520
514.703880
302.285656
8.168116
-261.439629
-359.478809
-283.226114
-136.167343
-179.740312
-465.687921
-661.766281
-503.814269
-138.890654
174.290060
258.712687
171.566750
177.013371
258.712687
253.266066
294.115725
498.364017
577.340023
321.348830
16.338048
-32.681542
84.420812
-201.526797
-1053.923001
-1514.162486
-1043.029759
-672.659523
-871.461194
-547.387238
373.091731
814.268041
964.050122
1244.551109
1100.215650
656.316029
517.427190
264.159309
-326.799082
-465.687921
-209.696729
-359.478809
-631.809865
-424.838263
-68.084579
89.867433
95.314054
-21.788300
57.187706
492.917395
669.932582
479.300843
577.340023
816.991352
604.573128
226.032961
114.377228
19.061358
-182.463623
-266.886250
-307.735909
-234.206524
144.333644
435.727874
413.941389
541.936985
806.098110
645.422787
250.542756
141.610333
163.396818
136.163712
228.756271
310.455588
242.372824
296.839035
484.747464
373.091731
54.464396
46.294464
231.479582
133.440402
-24.511611
185.183302
520.150501
588.233265
501.087327
555.553538
697.165687
759.801830
688.995756
558.276849
468.407600
168.843439
-680.829455
-2096.950945
-3622.004858
-4251.089597
-3248.911311
-1407.953374
-204.250107
315.902209
915.030532
1348.036911
1279.954147
1290.847389
1484.202439
1230.934557
511.980569
-299.565977
-1021.243275
-1258.171293
-784.315256
-299.565977
-400.328468
-713.509182
-841.504778
-925.927405
-969.500374
-757.082151
-329.522393
46.294464
149.780265
13.614737
62.634327
520.150501
947.710259
906.860600
593.679886
288.669104
-89.871064
-424.838263
-441.178126
-261.439629
-98.040996
-32.681542
-204.250107
-528.324064
-563.727101
-255.993008
-87.147753
-98.040996
70.804259
283.222482
264.159309
226.032961
424.834632
697.165687
708.058930
430.281253
103.483986
-231.483213
-702.615940
-1026.689896
-950.437200
-852.398020
-928.650716
-710.785871
-283.226114
-54.468027
454.791048
1285.400768
1339.866979
612.743060
285.945793
258.712687
-32.681542
-16.341679
345.858625
242.372824
-98.040996
-149.783896
-343.138946
-601.853449
-400.328468
-190.633555
-307.735909
-206.973418
125.270470
362.198489
762.525141
1211.871383
1160.128482
800.651489
511.980569
43.571153
-441.178126
-424.838263
-187.910244
-157.953828
-117.104170
114.377228
351.305246
517.427190
634.529544
623.636302
495.640706
315.902209
49.017775
-160.677138
-19.064989
383.984973
653.592718
659.039339
615.466371
637.252855
438.451184
84.420812
-98.040996
-217.866660
-95.317685
305.008967
413.941389
215.139719
326.795451
784.311625
917.753843
577.340023
427.557942
623.636302
550.106917
250.542756
272.329240
206.969787
-743.465598
-2450.981318
-4016.884889
-4267.429460
-2788.671827
-778.868635
275.052551
511.980569
860.564321
1149.235240
955.880190
789.758246
974.943364
1015.793023
577.340023
-201.526797
-882.354436
-860.567952
-226.036592
65.357638
-370.372051
-925.927405
-1187.365219
-1307.190883
-1383.443579
-1116.559144
-351.308878
378.538352
424.834632
59.911017
81.697501
590.956576
928.647085
795.204867
446.621116
108.930607
-127.997412
-228.759902
-242.376455
-106.210927
190.629924
236.926203
-275.056182
-773.422014
-705.339250
-413.945020
-280.502803
-201.526797
-43.574784
190.629924
386.708284
419.388010
476.577532
702.612308
705.335619
321.348830
-54.468027
-501.090958
-1165.578734
-1190.088529
-315.905840
87.144122
-392.158536
-607.300070
-435.731505
-275.056182
383.984973
1146.511929
917.753843
334.965383
275.052551
163.396818
-40.851474
359.475178
808.821420
531.043743
38.124532
-337.692325
-767.975393
-770.698703
-324.075772
-204.250107
-196.080176
250.542756
539.213675
501.087327
822.437973
1192.808209
947.710259
476.577532
106.207296
-343.138946
-479.304474
-78.977822
245.096135
283.222482
394.878215
403.048147
119.823849
29.954601
272.329240
345.858625
231.479582
136.163712
-0.001816
5.444806
378.538352
767.971762
838.777836
697.165687
389.431594
40.847843
5.444806
163.396818
198.799855
223.309650
201.523166
-24.511611
24.507979
541.936985
773.418383
659.039339
836.054526
928.647085
403.048147
43.571153
283.222482
403.048147
78.974191
-827.888225
-2655.229610
-4406.318298
-4261.982839
-2306.645858
-343.138946
639.976166
890.520737
819.714662
623.636302
348.581936
236.926203
558.276849
966.773433
735.292035
19.061358
-326.799082
-122.550791
179.736681
168.843439
-332.245704
-1097.495970
-1557.735455
-1579.521939
-1473.312827
-1070.262865
-141.613965
593.679886
443.897805
-10.895058
29.954601
367.645110
435.727874
294.115725
250.542756
245.096135
163.396818
114.377228
223.309650
416.664700
449.344427
166.120128
-383.988604
-906.864231
-964.053753
-634.533176
-449.348058
-343.138946
130.717091
626.359613
610.019749
435.727874
509.257259
498.364017
206.969787
-114.380859
-449.348058
-729.849045
-631.809865
-424.838263
-610.023381
-721.679113
-160.677138
503.810638
525.597122
133.440402
-59.914648
76.250880
206.969787
163.396818
231.479582
506.533948
699.888998
637.252855
405.771458
43.571153
-324.075772
-498.367648
-634.533176
-770.698703
-430.284884
266.882619
607.296439
561.000159
599.126507
680.825824
517.427190
174.290060
-73.531201
-10.895058
269.605930
340.412004
193.353234
294.115725
550.106917
468.407600
182.459992
68.080948
10.891427
-49.021406
57.187706
204.246476
242.372824
307.732278
397.601526
329.518762
310.455588
612.743060
822.437973
541.936985
182.459992
182.459992
315.902209
343.135315
226.032961
-16.341679
-133.444033
100.760675
479.300843
767.971762
931.370395
686.272445
152.503576
103.483986
484.747464
465.684290
280.499172
345.858625
-54.468027
-1486.929380
-3385.076839
-4425.381472
-3404.140013
-994.010169
533.767054
601.849818
484.747464
539.213675
245.096135
-51.744716
65.357638
291.392414
465.684290
490.194085
201.523166
87.144122
645.422787
915.030532
-29.958232
-1222.768256
-1584.968560
-1476.036138
-1375.273647
-1043.029759
-329.522393
302.285656
321.348830
-171.570381
-449.348058
-201.526797
106.207296
108.930607
43.571153
117.100538
269.605930
479.300843
642.699476
631.806234
547.383607
340.412004
-247.823076
-920.480784
-988.563548
-593.683517
-340.415635
-133.444033
264.159309
498.364017
405.771458
283.222482
141.610333
-68.084579
-201.526797
-337.692325
-541.940617
-403.051778
179.736681
351.305246
-185.186933
-403.051778
19.061358
32.677911
-413.945020
-239.653145
334.965383
403.048147
255.989377
313.178899
206.969787
84.420812
386.708284
479.300843
59.911017
35.401222
329.518762
-19.064989
-522.877443
-324.075772
-29.958232
-130.720722
-92.594375
179.736681
383.984973
558.276849
511.980569
196.076545
133.440402
305.008967
168.843439
-10.895058
258.712687
528.320433
462.960979
419.388010
397.601526
236.926203
220.586340
294.115725
166.120128
108.930607
275.052551
285.945793
138.887023
204.246476
435.727874
522.873812
435.727874
299.562346
201.523166
81.697501
-29.958232
291.392414
1062.089302
1279.954147
373.091731
-484.751095
-250.546387
383.984973
672.655892
860.564321
966.773433
708.058930
378.538352
242.372824
73.527570
-315.905840
-1315.360815
-3284.314348
-4790.305087
-3600.218373
-506.537579
1263.614283
803.374799
13.614737
-174.293691
-443.901436
-838.781467
-612.746691
239.649514
1051.196060
1328.973737
1122.002134
874.180874
846.947768
563.723470
-544.663927
-1827.343200
-1903.595896
-923.204095
-362.202120
-454.794679
-201.526797
277.775861
-57.191337
-917.757474
-1026.689896
-373.095362
-100.764306
-452.071368
-514.707511
32.677911
604.573128
985.836606
1100.215650
686.272445
98.037365
-155.230517
-291.396045
-427.561573
-87.147753
462.960979
285.945793
-354.032188
-354.032188
108.930607
193.353234
29.954601
-38.128163
-204.250107
-405.775089
-386.711915
-329.522393
-413.945020
-457.517989
-307.735909
-49.021406
185.183302
247.819445
166.120128
187.906613
318.625520
310.455588
217.863029
250.542756
318.625520
307.732278
329.518762
288.669104
103.483986
-13.618368
-73.531201
-266.886250
-343.138946
-138.890654
13.614737
-24.511611
57.187706
277.775861
315.902209
155.226886
-5.448437
-29.958232
138.887023
351.305246
443.897805
484.747464
490.194085
362.198489
187.906613
133.440402
130.717091
204.246476
413.941389
593.679886
623.636302
588.233265
465.684290
171.566750
-78.977822
-32.681542
136.163712
160.673507
133.440402
182.459992
206.969787
291.392414
558.276849
672.655892
351.305246
87.144122
223.309650
345.858625
381.261663
580.063333
702.612308
531.043743
441.174495
577.340023
631.806234
514.703880
147.056955
-915.034163
-2668.846162
-4016.884889
-3491.285951
-1203.705082
683.549135
631.806234
-340.415635
-773.422014
-868.737884
-1048.476380
-874.184505
-179.740312
770.695072
1650.324383
1805.553084
1062.089302
367.645110
130.717091
-375.818673
-1070.262865
-868.737884
-8.171747
157.950197
-411.221710
-623.639933
-204.250107
81.697501
-332.245704
-996.733480
-1078.432797
-683.552766
-471.134542
-345.862256
114.377228
615.466371
620.912992
182.459992
-253.269697
-275.056182
147.056955
495.640706
430.281253
356.751868
457.514358
206.969787
-329.522393
-367.648741
73.527570
275.052551
27.231290
-198.803486
-106.210927
76.250880
10.891427
-337.692325
-623.639933
-585.513586
-375.818673
-220.589971
-149.783896
-65.361269
127.993781
305.008967
217.863029
29.954601
127.993781
340.412004
351.305246
343.135315
479.300843
509.257259
332.242073
144.333644
8.168116
-78.977822
-38.128163
8.168116
-40.851474
-19.064989
111.653917
119.823849
-43.574784
-149.783896
-122.550791
8.168116
177.013371
255.989377
307.732278
427.557942
400.324836
187.906613
138.887023
296.839035
386.708284
408.494768
476.577532
509.257259
498.364017
514.703880
501.087327
416.664700
403.048147
424.834632
212.416408
-62.637958
38.124532
315.902209
247.819445
10.891427
-21.788300
87.144122
234.202892
441.174495
522.873812
482.024153
615.466371
718.952172
364.921799
-8.171747
231.479582
571.893402
209.693097
-721.679113
-1884.532722
-2867.647833
-2663.399541
-931.374026
637.252855
558.276849
-416.668331
-1130.175697
-1538.672281
-1574.075318
-985.840238
-141.613965
531.043743
1092.045718
1304.463942
825.161284
152.503576
-160.677138
-291.396045
-383.988604
-138.890654
258.712687
247.819445
-76.254511
-182.463623
-40.851474
-84.424443
-473.857853
-876.907815
-906.864231
-596.406828
-212.420039
108.930607
236.926203
43.571153
-288.672735
-452.071368
-433.008194
-258.716319
125.270470
438.451184
356.751868
108.930607
87.144122
177.013371
130.717091
108.930607
198.799855
187.906613
157.950197
340.412004
381.261663
-43.574784
-416.668331
-397.605157
-373.095362
-343.138946
-59.914648
-10.895058
-378.541983
-375.818673
-27.234921
-125.274101
-340.415635
-43.574784
223.309650
223.309650
498.364017
650.869408
253.266066
59.911017
264.159309
209.693097
138.887023
446.621116
501.087327
133.440402
81.697501
245.096135
76.250880
-127.997412
-49.021406
-2.725126
27.231290
166.120128
144.333644
-13.618368
24.507979
119.823849
49.017775
98.037365
313.178899
367.645110
386.708284
541.936985
563.723470
438.451184
378.538352
326.795451
258.712687
416.664700
656.316029
629.082923
449.344427
329.518762
231.479582
182.459992
212.416408
217.863029
236.926203
343.135315
356.751868
253.266066
206.969787
157.950197
163.396818
449.344427
718.952172
620.912992
310.455588
-354.032188
-1734.750641
-3061.002883
-2818.628243
-950.437200
754.355209
765.248451
-462.964610
-1456.972964
-1565.905386
-1277.234467
-1013.073343
-503.814269
430.281253
1228.211246
1181.914967
392.154905
-258.716319
-321.352461
-296.842666
-443.901436
-147.060586
686.272445
961.326811
324.072141
-125.274101
32.677911
-65.361269
-724.402424
-1102.942592
-748.912219
-133.444033
182.459992
65.357638
-253.269697
-454.794679
-558.280480
-656.319660
-531.047374
-49.021406
359.475178
253.266066
13.614737
125.270470
266.882619
16.338048
-255.993008
-40.851474
345.858625
454.791048
343.135315
117.100538
-163.400449
-166.123760
133.440402
179.736681
-76.254511
-100.764306
32.677911
-46.298095
-147.060586
-201.526797
-394.881846
-443.901436
-130.720722
87.144122
-8.171747
89.867433
266.882619
59.911017
-89.871064
236.926203
462.960979
277.775861
177.013371
275.052551
321.348830
348.581936
343.135315
209.693097
160.673507
266.882619
206.969787
40.847843
84.420812
144.333644
43.571153
-5.448437
16.338048
-54.468027
-54.468027
57.187706
98.037365
185.183302
354.028557
337.688694
242.372824
473.854222
716.228861
520.150501
305.008967
411.218079
449.344427
370.368420
544.660296
746.185277
558.276849
272.329240
125.270470
-21.788300
141.610333
708.058930
882.350805
416.664700
117.100538
247.819445
277.775861
217.863029
370.368420
283.222482
-620.916623
-1996.188455
-2859.477901
-2295.752616
-381.265294
1072.982544
536.490364
-969.500374
-1650.328014
-1495.099312
-1307.190883
-947.713890
-174.293691
620.912992
934.093706
601.849818
13.614737
-185.186933
19.061358
-70.807890
-264.162940
127.993781
716.228861
664.485961
204.246476
16.338048
-68.084579
-433.008194
-841.504778
-751.635530
-92.594375
460.237669
275.052551
-400.328468
-833.334846
-822.441604
-699.892629
-528.324064
-277.779492
-35.404853
103.483986
32.677911
-155.230517
-130.720722
65.357638
10.891427
-144.337275
147.056955
642.699476
629.082923
190.629924
-5.448437
73.527570
16.338048
-125.274101
13.614737
359.475178
473.854222
217.863029
-144.337275
-381.265294
-424.838263
-334.969014
-253.269697
-187.910244
59.911017
302.285656
103.483986
-285.949424
-160.677138
236.926203
182.459992
13.614737
291.392414
517.427190
277.775861
114.377228
242.372824
272.329240
193.353234
272.329240
443.897805
522.873812
465.684290
250.542756
-24.511611
-68.084579
92.590743
187.906613
163.396818
152.503576
174.290060
133.440402
68.080948
89.867433
177.013371
182.459992
187.906613
370.368420
585.509954
571.893402
424.834632
370.368420
378.538352
302.285656
269.605930
457.514358
724.398793
792.481557
580.063333
294.115725
204.246476
299.562346
405.771458
449.344427
422.111321
291.392414
-27.234921
-691.722697
-1865.469548
-2848.584659
-2178.650262
40.847843
1315.357184
106.207296
-1742.920573
-2116.014119
-1492.376001
-1089.326039
-803.378430
-92.594375
746.185277
955.880190
255.989377
-544.663927
-430.284884
157.950197
81.697501
-272.332871
318.625520
1263.614283
1051.196060
27.231290
-272.332871
76.250880
-138.890654
-683.552766
-386.711915
522.873812
683.549135
-160.677138
-977.670306
-1116.559144
-778.868635
-375.818673
-196.080176
-198.803486
-163.400449
-179.740312
-433.008194
-601.853449
-332.245704
-46.298095
-130.720722
-46.298095
482.024153
740.738656
378.538352
-0.001816
24.507979
147.056955
185.183302
285.945793
446.621116
517.427190
394.878215
81.697501
-228.759902
-291.396045
-98.040996
49.017775
-5.448437
-68.084579
-43.574784
-125.274101
-356.755499
-394.881846
-141.613965
27.231290
-29.958232
27.231290
269.605930
354.028557
226.032961
122.547160
147.056955
283.222482
482.024153
571.893402
536.490364
503.810638
422.111321
226.032961
111.653917
209.693097
324.072141
299.562346
239.649514
196.076545
108.930607
19.061358
24.507979
168.843439
340.412004
345.858625
223.309650
163.396818
168.843439
223.309650
332.242073
364.921799
266.882619
255.989377
394.878215
430.281253
416.664700
547.383607
623.636302
454.791048
275.052551
275.052551
326.795451
403.048147
479.300843
226.032961
-705.339250
-2007.081697
-2437.364765
-1078.432797
882.350805
1015.793023
-887.801057
-2401.961728
-2162.310399
-1214.598324
-754.358840
-593.683517
-196.080176
329.518762
348.581936
-307.735909
-713.509182
-285.949424
136.163712
-152.507207
-215.143350
661.762650
1241.827799
653.592718
-54.468027
-32.681542
76.250880
-119.827480
-24.511611
482.024153
751.631898
310.455588
-610.023381
-1241.831430
-874.184505
59.911017
291.392414
-326.799082
-639.979797
-364.925430
-324.075772
-555.557169
-471.134542
-255.993008
-313.182530
-285.949424
68.080948
343.135315
310.455588
149.780265
-54.468027
-122.550791
250.542756
656.316029
514.703880
215.139719
329.518762
457.514358
220.586340
92.590743
236.926203
236.926203
70.804259
-10.895058
-95.317685
-258.716319
-236.929834
-95.317685
-136.167343
-177.017002
-65.361269
-51.744716
-125.274101
-16.341679
119.823849
19.061358
-59.914648
119.823849
318.625520
403.048147
452.067737
375.815041
247.819445
313.178899
443.897805
373.091731
275.052551
324.072141
370.368420
332.242073
373.091731
416.664700
343.135315
250.542756
215.139719
212.416408
187.906613
163.396818
185.183302
288.669104
285.945793
27.231290
-73.531201
258.712687
533.767054
362.198489
171.566750
294.115725
400.324836
329.518762
324.072141
452.067737
520.150501
433.004563
299.562346
168.843439
-408.498399
-1707.517535
-2355.665448
-751.635530
1505.988923
1165.575103
-1397.060132
-2687.909336
-1628.541529
-511.984200
-675.382834
-964.053753
-367.648741
405.771458
206.969787
-688.999387
-879.631126
-185.186933
-2.725126
-582.790275
-343.138946
920.477153
1225.487936
103.483986
-533.770685
13.614737
354.028557
-21.788300
-43.574784
629.082923
974.943364
280.499172
-792.485188
-936.820647
-5.448437
561.000159
-57.191337
-686.276076
-362.202120
40.847843
-264.162940
-620.916623
-495.644337
-370.372051
-520.154132
-506.537579
-108.934238
307.732278
223.309650
-332.245704
-618.193312
-106.210927
539.213675
487.470774
144.333644
288.669104
558.276849
383.984973
149.780265
239.649514
299.562346
179.736681
171.566750
250.542756
198.799855
35.401222
-168.847070
-310.459219
-171.570381
122.547160
127.993781
-59.914648
-5.448437
65.357638
-174.293691
-318.629151
-43.574784
228.756271
209.693097
179.736681
234.202892
242.372824
239.649514
285.945793
305.008967
324.072141
416.664700
441.174495
364.921799
389.431594
476.577532
394.878215
261.435998
340.412004
490.194085
411.218079
168.843439
106.207296
296.839035
383.984973
193.353234
89.867433
275.052551
378.538352
196.076545
10.891427
46.294464
255.989377
462.960979
441.174495
239.649514
228.756271
433.004563
454.791048
73.527570
-857.844641
-2004.358386
-1887.256032
149.780265
1778.319979
536.490364
-1936.275622
-2385.621864
-906.864231
-0.001816
-460.241300
-904.140921
-370.372051
354.028557
87.144122
-729.849045
-699.892629
16.338048
-89.871064
-765.252082
-245.099766
1023.962954
980.389985
-261.439629
-748.912219
-92.594375
340.412004
122.547160
59.911017
465.684290
585.509954
-138.890654
-906.864231
-552.833859
405.771458
413.941389
-454.794679
-667.212902
-10.895058
223.309650
-381.265294
-874.184505
-650.873039
-168.847070
-8.171747
-149.783896
-138.890654
108.930607
51.741085
-392.158536
-367.648741
334.965383
669.932582
272.329240
21.784669
255.989377
359.475178
122.547160
-8.171747
125.270470
324.072141
381.261663
185.183302
-21.788300
27.231290
84.420812
-141.613965
-255.993008
78.974191
340.412004
108.930607
-130.720722
13.614737
152.503576
-0.001816
-125.274101
46.294464
253.266066
226.032961
95.314054
76.250880
174.290060
266.882619
277.775861
288.669104
419.388010
536.490364
411.218079
198.799855
242.372824
446.621116
441.174495
247.819445
201.523166
288.669104
269.605930
215.139719
234.202892
234.202892
215.139719
277.775861
269.605930
114.377228
76.250880
220.586340
272.329240
226.032961
315.902209
427.557942
340.412004
163.396818
122.547160
198.799855
92.590743
-727.125735
-1879.086101
-1606.755045
405.771458
1478.755817
-76.254511
-2015.251628
-1827.343200
-422.114952
49.017775
-482.027784
-765.252082
-288.672735
171.566750
-198.803486
-748.912219
-413.945020
141.610333
-299.565977
-784.315256
73.527570
1075.705855
561.000159
-577.343654
-634.533176
59.911017
305.008967
141.610333
217.863029
435.727874
223.309650
-359.478809
-495.644337
54.464396
383.984973
-130.720722
-664.489592
-343.138946
185.183302
5.444806
-539.217306
-642.703107
-305.012598
-103.487617
-136.167343
-81.701132
98.037365
10.891427
-313.182530
-255.993008
231.479582
449.344427
179.736681
8.168116
209.693097
383.984973
261.435998
65.357638
43.571153
212.416408
370.368420
321.348830
155.226886
87.144122
62.634327
-10.895058
-27.234921
81.697501
125.270470
-21.788300
-114.380859
-32.681542
59.911017
27.231290
-29.958232
21.784669
130.717091
182.459992
122.547160
46.294464
62.634327
136.163712
201.523166
269.605930
345.858625
370.368420
318.625520
264.159309
275.052551
343.135315
348.581936
236.926203
171.566750
250.542756
337.688694
324.072141
231.479582
103.483986
68.080948
247.819445
433.004563
313.178899
84.420812
119.823849
264.159309
193.353234
65.357638
155.226886
277.775861
223.309650
89.867433
19.061358
65.357638
-98.040996
-787.038567
-1380.720268
-846.951399
452.067737
667.209271
-626.363244
-1598.585113
-1108.389213
-253.269697
-198.803486
-541.940617
-482.027784
-122.550791
-62.637958
-381.265294
-539.217306
-258.716319
-35.404853
-253.269697
-280.502803
305.008967
648.146097
92.590743
-522.877443
-345.862256
111.653917
155.226886
78.974191
223.309650
239.649514
-59.914648
-324.075772
-253.269697
13.614737
87.144122
-163.400449
-315.905840
-40.851474
119.823849
-291.396045
-683.552766
-424.838263
59.911017
152.503576
-19.064989
-100.764306
-138.890654
-166.123760
-78.977822
65.357638
157.950197
157.950197
114.377228
95.314054
187.906613
294.115725
157.950197
-24.511611
114.377228
435.727874
511.980569
269.605930
-8.171747
-98.040996
19.061358
196.076545
277.775861
168.843439
10.891427
-65.361269
-35.404853
46.294464
92.590743
87.144122
62.634327
98.037365
179.736681
193.353234
117.100538
51.741085
78.974191
163.396818
269.605930
340.412004
318.625520
234.202892
152.503576
98.037365
95.314054
182.459992
321.348830
394.878215
340.412004
171.566750
-5.448437
-13.618368
182.459992
351.305246
354.028557
231.479582
127.993781
147.056955
239.649514
226.032961
95.314054
54.464396
122.547160
149.780265
130.717091
95.314054
-43.574784
-212.420039
-185.186933
-136.167343
-389.435225
-650.873039
-430.284884
-16.341679
-95.317685
-593.683517
-857.844641
-620.916623
-264.162940
-220.589971
-392.158536
-359.478809
-117.104170
-117.104170
-394.881846
-430.284884
-103.487617
21.784669
-179.740312
-209.696729
29.954601
81.697501
-111.657548
-187.910244
-76.254511
-5.448437
-59.914648
-98.040996
-57.191337
-40.851474
-144.337275
-245.099766
-160.677138
-46.298095
-111.657548
-198.803486
-122.550791
-49.021406
-160.677138
-277.779492
-239.653145
-98.040996
-13.618368
-24.511611
-32.681542
2.721495
21.784669
2.721495
59.911017
166.120128
147.056955
62.634327
98.037365
217.863029
231.479582
138.887023
95.314054
117.100538
182.459992
250.542756
239.649514
122.547160
51.741085
84.420812
111.653917
103.483986
87.144122
54.464396
27.231290
95.314054
187.906613
157.950197
103.483986
122.547160
127.993781
117.100538
177.013371
253.266066
234.202892
187.906613
204.246476
198.799855
174.290060
182.459992
190.629924
220.586340
272.329240
247.819445
122.547160
59.911017
119.823849
190.629924
247.819445
305.008967
285.945793
141.610333
87.144122
234.202892
362.198489
299.562346
130.717091
40.847843
70.804259
114.377228
141.610333
108.930607
21.784669
-84.424443
-168.847070
-147.060586
-138.890654
-334.969014
-588.236896
-517.430822
-157.953828
-51.744716
-403.051778
-678.106144
-517.430822
-291.396045
-348.585567
-403.051778
-228.759902
-114.380859
-264.162940
-427.561573
-318.629151
-54.468027
-21.788300
-220.589971
-255.993008
-35.404853
49.017775
-193.356865
-343.138946
-168.847070
13.614737
-46.298095
-144.337275
-117.104170
-81.701132
-136.167343
-223.313281
-198.803486
-59.914648
-2.725126
-127.997412
-209.696729
-98.040996
-32.681542
-144.337275
-163.400449
16.338048
117.100538
24.507979
-57.191337
-29.958232
51.741085
95.314054
89.867433
98.037365
157.950197
206.969787
147.056955
57.187706
92.590743
160.673507
147.056955
133.440402
204.246476
217.863029
111.653917
49.017775
127.993781
220.586340
201.523166
152.503576
160.673507
206.969787
204.246476
114.377228
70.804259
138.887023
220.586340
223.309650
223.309650
226.032961
168.843439
114.377228
177.013371
296.839035
307.732278
198.799855
92.590743
76.250880
122.547160
155.226886
182.459992
231.479582
247.819445
157.950197
35.401222
40.847843
190.629924
280.499172
193.353234
92.590743
138.887023
215.139719
127.993781
-16.341679
-8.171747
81.697501
59.911017
-49.021406
-68.084579
-21.788300
-95.317685
-334.969014
-531.047374
-408.498399
-84.424443
-2.725126
-299.565977
-555.557169
-482.027784
-310.459219
-255.993008
-239.653145
-223.313281
-247.823076
-288.672735
-291.396045
-226.036592
-171.570381
-220.589971
-272.332871
-155.230517
19.061358
-35.404853
-253.269697
-318.629151
-204.250107
-95.317685
-68.084579
-68.084579
-65.361269
-111.657548
-201.526797
-223.313281
-144.337275
-73.531201
-70.807890
-81.701132
-59.914648
-62.637958
-117.104170
-149.783896
-78.977822
8.168116
16.338048
-2.725126
21.784669
70.804259
40.847843
-35.404853
-8.171747
87.144122
160.673507
160.673507
127.993781
81.697501
51.741085
78.974191
141.610333
182.459992
185.183302
168.843439
136.163712
138.887023
185.183302
190.629924
136.163712
133.440402
190.629924
206.969787
171.566750
160.673507
157.950197
168.843439
196.076545
215.139719
179.736681
117.100538
78.974191
89.867433
152.503576
231.479582
223.309650
106.207296
57.187706
127.993781
182.459992
196.076545
201.523166
201.523166
155.226886
103.483986
119.823849
171.566750
141.610333
89.867433
119.823849
177.013371
149.780265
87.144122
76.250880
98.037365
98.037365
70.804259
70.804259
70.804259
-38.128163
-177.017002
-168.847070
-29.958232
2.721495
-125.274101
-261.439629
-294.119356
-288.672735
-296.842666
-250.546387
-217.866660
-291.396045
-411.221710
-394.881846
-231.483213
-133.444033
-209.696729
-332.245704
-324.075772
-223.313281
-174.293691
-201.526797
-215.143350
-212.420039
-215.143350
-179.740312
-130.720722
-119.827480
-147.060586
-168.847070
-152.507207
-98.040996
-59.914648
-89.871064
-136.167343
-136.167343
-81.701132
-49.021406
-38.128163
-40.851474
-95.317685
-133.444033
-103.487617
-70.807890
-62.637958
-43.574784
-8.171747
-10.895058
-35.404853
5.444806
57.187706
40.847843
21.784669
73.527570
133.440402
144.333644
144.333644
133.440402
114.377228
130.717091
166.120128
204.246476
220.586340
204.246476
182.459992
155.226886
168.843439
179.736681
177.013371
217.863029
247.819445
228.756271
209.693097
209.693097
182.459992
133.440402
130.717091
171.566750
204.246476
193.353234
138.887023
98.037365
108.930607
127.993781
117.100538
138.887023
174.290060
155.226886
92.590743
76.250880
103.483986
108.930607
117.100538
144.333644
155.226886
152.503576
114.377228
54.464396
35.401222
59.911017
84.420812
84.420812
68.080948
21.784669
-19.064989
-2.725126
46.294464
13.614737
-89.871064
-100.764306
-59.914648
-62.637958
-92.594375
-152.507207
-239.653145
-296.842666
-242.376455
-185.186933
-198.803486
-236.929834
-269.609561
-283.226114
-255.993008
-204.250107
-217.866660
-294.119356
-307.735909
-215.143350
-117.104170
-117.104170
-220.589971
-310.459219
-253.269697
-117.104170
-59.914648
-114.380859
-193.356865
-228.759902
-206.973418
-144.337275
-73.531201
-68.084579
-160.677138
-215.143350
-133.444033
5.444806
40.847843
-78.977822
-193.356865
-147.060586
-10.895058
43.571153
-0.001816
-35.404853
-57.191337
-59.914648
-24.511611
54.464396
98.037365
73.527570
59.911017
89.867433
125.270470
106.207296
70.804259
103.483986
168.843439
193.353234
193.353234
193.353234
185.183302
168.843439
166.120128
196.076545
226.032961
231.479582
217.863029
185.183302
157.950197
144.333644
149.780265
185.183302
215.139719
196.076545
108.930607
70.804259
130.717091
174.290060
168.843439
155.226886
141.610333
125.270470
106.207296
92.590743
81.697501
89.867433
141.610333
163.396818
136.163712
73.527570
46.294464
62.634327
95.314054
111.653917
98.037365
73.527570
54.464396
40.847843
19.061358
-16.341679
-8.171747
13.614737
13.614737
-10.895058
-32.681542
-59.914648
-106.210927
-138.890654
-122.550791
-95.317685
-108.934238
-174.293691
-239.653145
-253.269697
-209.696729
-168.847070
-166.123760
-185.186933
-226.036592
-234.206524
-196.080176
-179.740312
-201.526797
-226.036592
-223.313281
-198.803486
-171.570381
-144.337275
-138.890654
-160.677138
-168.847070
-160.677138
-141.613965
-117.104170
-95.317685
-100.764306
-144.337275
-149.783896
-103.487617
-51.744716
-40.851474
-59.914648
-70.807890
-59.914648
-24.511611
-10.895058
-29.958232
-54.468027
-62.637958
-49.021406
-2.725126
49.017775
54.464396
29.954601
21.784669
49.017775
95.314054
127.993781
114.377228
89.867433
100.760675
117.100538
133.440402
155.226886
152.503576
133.440402
136.163712
174.290060
196.076545
193.353234
174.290060
133.440402
106.207296
114.377228
160.673507
198.799855
206.969787
174.290060
130.717091
108.930607
147.056955
196.076545
193.353234
141.610333
98.037365
100.760675
127.993781
144.333644
125.270470
100.760675
92.590743
106.207296
114.377228
100.760675
65.357638
21.784669
19.061358
51.741085
73.527570
68.080948
10.891427
-54.468027
-43.574784
10.891427
27.231290
10.891427
-40.851474
-100.764306
-108.934238
-73.531201
-49.021406
-76.254511
-125.274101
-147.060586
-127.997412
-108.934238
-130.720722
-177.017002
-201.526797
-155.230517
-95.317685
-122.550791
-196.080176
-220.589971
-196.080176
-163.400449
-130.720722
-108.934238
-133.444033
-212.420039
-228.759902
-152.507207
-87.147753
-70.807890
-100.764306
-155.230517
-168.847070
-136.167343
-127.997412
-141.613965
-144.337275
-100.764306
-65.361269
-73.531201
-73.531201
-70.807890
-78.977822
-62.637958
-16.341679
