4.211305
-0.000995
4.211305
2.807205
-1.405094
-2.809194
-1.405094
2.807205
2.807205
4.211305
2.807205
-1.405094
-2.809194
-1.405094
-0.000995
-0.000995
1.403105
2.807205
1.403105
-0.000995
-0.000995
-1.405094
-0.000995
1.403105
-2.809194
-0.000995
1.403105
-0.000995
-0.000995
-2.809194
-1.405094
1.403105
-0.000995
-1.405094
1.403105
2.807205
2.807205
2.807205
1.403105
1.403105
-0.000995
-2.809194
2.807205
4.211305
2.807205
1.403105
-2.809194
-2.809194
-0.000995
-0.000995
-2.809194
-2.809194
-5.617393
-4.213294
-2.809194
-0.000995
-2.809194
-2.809194
-2.809194
-4.213294
-2.809194
-0.000995
-0.000995
-0.000995
-0.000995
-1.405094
-0.000995
4.211305
-0.000995
-2.809194
-0.000995
1.403105
-1.405094
-0.000995
2.807205
-2.809194
-2.809194
-0.000995
-1.405094
-0.000995
-2.809194
-2.809194
-0.000995
-2.809194
-0.000995
1.403105
2.807205
1.403105
-0.000995
2.807205
2.807205
-0.000995
-0.000995
-0.000995
1.403105
1.403105
2.807205
-0.000995
1.403105
-1.405094
1.403105
5.615404
2.807205
1.403105
1.403105
1.403105
2.807205
1.403105
1.403105
1.403105
-0.000995
-2.809194
-0.000995
1.403105
-1.405094
2.807205
2.807205
1.403105
2.807205
-0.000995
4.211305
1.403105
1.403105
4.211305
1.403105
4.211305
1.403105
1.403105
1.403105
-2.809194
-0.000995
-0.000995
-0.000995
1.403105
-1.405094
2.807205
-0.000995
-0.000995
-4.213294
-1.405094
1.403105
-4.213294
-0.000995
1.403105
-0.000995
-1.405094
1.403105
2.807205
-7.021493
-4.213294
-1.405094
-1.405094
2.807205
-0.000995
-2.809194
-4.213294
-4.213294
-1.405094
-2.809194
-5.617393
-1.405094
-0.000995
-2.809194
-7.021493
-7.021493
-1.405094
-2.809194
-1.405094
-2.809194
-1.405094
-1.405094
-0.000995
2.807205
-0.000995
-2.809194
-1.405094
1.403105
-2.809194
-2.809194
2.807205
-5.617393
-1.405094
4.211305
-1.405094
-0.000995
1.403105
-2.809194
1.403105
1.403105
-0.000995
-1.405094
-1.405094
1.403105
-0.000995
4.211305
4.211305
2.807205
-0.000995
-0.000995
2.807205
1.403105
-0.000995
2.807205
5.615404
1.403105
-0.000995
2.807205
4.211305
-2.809194
-1.405094
1.403105
-1.405094
2.807205
2.807205
2.807205
-1.405094
-0.000995
5.615404
-2.809194
-1.405094
-0.000995
-0.000995
-0.000995
1.403105
-0.000995
-1.405094
-0.000995
2.807205
1.403105
-2.809194
-1.405094
-1.405094
-4.213294
-1.405094
-1.405094
-0.000995
-0.000995
-1.405094
-0.000995
2.807205
1.403105
-0.000995
2.807205
1.403105
-0.000995
1.403105
1.403105
-0.000995
-1.405094
1.403105
-1.405094
1.403105
-4.213294
-5.617393
1.403105
-1.405094
-2.809194
1.403105
-4.213294
-1.405094
1.403105
-0.000995
-2.809194
-1.405094
-1.405094
-4.213294
-2.809194
-0.000995
-0.000995
-0.000995
-1.405094
-0.000995
2.807205
-0.000995
1.403105
-1.405094
-4.213294
2.807205
1.403105
-0.000995
-0.000995
-2.809194
-0.000995
-0.000995
-2.809194
-1.405094
5.615404
-0.000995
-1.405094
2.807205
4.211305
-0.000995
2.807205
2.807205
-4.213294
-4.213294
-0.000995
-1.405094
-1.405094
-0.000995
2.807205
1.403105
-1.405094
-0.000995
2.807205
-0.000995
-1.405094
-1.405094
-1.405094
-2.809194
-0.000995
-0.000995
-1.405094
1.403105
1.403105
-0.000995
-0.000995
1.403105
-0.000995
-4.213294
-0.000995
1.403105
-1.405094
-0.000995
-0.000995
1.403105
1.403105
-1.405094
4.211305
-0.000995
-2.809194
1.403105
2.807205
1.403105
-4.213294
-0.000995
4.211305
1.403105
2.807205
4.211305
-1.405094
-1.405094
-2.809194
-2.809194
1.403105
-0.000995
-1.405094
-1.405094
-0.000995
-0.000995
1.403105
-0.000995
-1.405094
1.403105
1.403105
-0.000995
1.403105
5.615404
-0.000995
-4.213294
-2.809194
-0.000995
-1.405094
-2.809194
-1.405094
-0.000995
-0.000995
-2.809194
1.403105
-1.405094
-1.405094
4.211305
1.403105
-0.000995
1.403105
-0.000995
4.211305
4.211305
4.211305
2.807205
-2.809194
-0.000995
-0.000995
-0.000995
-0.000995
-4.213294
-0.000995
-4.213294
-1.405094
1.403105
-0.000995
-1.405094
-4.213294
-2.809194
1.403105
-0.000995
-0.000995
2.807205
1.403105
2.807205
2.807205
-2.809194
-4.213294
-1.405094
-1.405094
-0.000995
-1.405094
-0.000995
1.403105
-2.809194
1.403105
1.403105
-4.213294
-1.405094
-1.405094
-1.405094
1.403105
1.403105
-1.405094
1.403105
-0.000995
-1.405094
1.403105
-2.809194
-4.213294
-1.405094
-1.405094
-4.213294
-0.000995
-0.000995
-1.405094
-0.000995
-1.405094
-5.617393
-0.000995
-1.405094
-4.213294
-1.405094
1.403105
2.807205
1.403105
1.403105
1.403105
-4.213294
-1.405094
-1.405094
1.403105
-0.000995
-1.405094
1.403105
-0.000995
1.403105
1.403105
-0.000995
-1.405094
-1.405094
-0.000995
1.403105
1.403105
2.807205
4.211305
1.403105
-0.000995
2.807205
-2.809194
-2.809194
-0.000995
2.807205
2.807205
-1.405094
-2.809194
-0.000995
-1.405094
-4.213294
-0.000995
2.807205
-0.000995
-0.000995
-1.405094
-0.000995
-0.000995
-1.405094
1.403105
-0.000995
1.403105
-0.000995
-0.000995
4.211305
-1.405094
1.403105
2.807205
-4.213294
-4.213294
-4.213294
1.403105
2.807205
-0.000995
1.403105
-0.000995
1.403105
2.807205
2.807205
5.615404
-0.000995
-2.809194
-0.000995
-1.405094
-2.809194
-5.617393
-1.405094
-0.000995
-0.000995
1.403105
2.807205
1.403105
-1.405094
-0.000995
1.403105
-0.000995
-2.809194
-1.405094
-1.405094
-1.405094
-2.809194
1.403105
2.807205
-4.213294
-2.809194
-1.405094
-0.000995
-2.809194
-4.213294
-1.405094
-0.000995
1.403105
1.403105
-1.405094
-1.405094
1.403105
1.403105
-0.000995
-0.000995
-0.000995
-1.405094
2.807205
1.403105
-2.809194
-1.405094
-1.405094
-1.405094
-1.405094
-0.000995
2.807205
1.403105
-1.405094
-1.405094
-0.000995
4.211305
8.423604
2.807205
-0.000995
7.019504
8.423604
2.807205
1.403105
1.403105
1.403105
1.403105
-1.405094
-2.809194
5.615404
8.423604
2.807205
4.211305
1.403105
2.807205
4.211305
-2.809194
-5.617393
-0.000995
2.807205
-0.000995
-0.000995
-0.000995
1.403105
-1.405094
-0.000995
2.807205
1.403105
-0.000995
-0.000995
2.807205
-0.000995
-1.405094
2.807205
-0.000995
-4.213294
-1.405094
-0.000995
7.019504
1.403105
-1.405094
4.211305
7.019504
-2.809194
-4.213294
2.807205
9.827703
7.019504
-0.000995
-0.000995
1.403105
1.403105
2.807205
-1.405094
-1.405094
4.211305
-2.809194
-8.425593
-5.617393
-2.809194
-5.617393
-9.829692
-5.617393
-4.213294
-0.000995
-5.617393
-9.829692
-11.233792
-7.021493
-1.405094
-4.213294
-8.425593
-14.041991
-11.233792
-4.213294
-8.425593
-4.213294
4.211305
-0.000995
-9.829692
-11.233792
-9.829692
-4.213294
-2.809194
-2.809194
-4.213294
-5.617393
-5.617393
-2.809194
-2.809194
-2.809194
1.403105
-1.405094
-7.021493
-4.213294
-0.000995
-1.405094
-7.021493
-4.213294
4.211305
7.019504
5.615404
1.403105
4.211305
2.807205
-1.405094
-0.000995
2.807205
-0.000995
-0.000995
7.019504
14.040002
11.231803
-0.000995
-7.021493
-2.809194
1.403105
-1.405094
-12.637892
-14.041991
4.211305
14.040002
-1.405094
-15.446091
-5.617393
2.807205
-32.295288
-70.205979
-19.658390
25.272800
2.807205
-28.082988
-35.103487
-0.000995
54.758893
56.162993
-8.425593
-51.952683
-19.658390
12.635903
-2.809194
-14.041991
14.040002
64.587591
63.183492
9.827703
-15.446091
19.656401
53.354794
14.040002
-47.740384
-26.678889
42.121996
70.203990
25.272800
-23.870689
-0.000995
53.354794
37.909697
-30.891188
-44.932185
7.019504
32.293298
5.615404
-9.829692
29.485099
63.183492
36.505597
-32.295288
-56.164982
-11.233792
29.485099
22.464601
11.231803
28.080999
50.546594
32.293298
-14.041991
-29.487088
-1.405094
35.101498
39.313797
19.656401
4.211305
-2.809194
-7.021493
-0.000995
12.635903
19.656401
22.464601
12.635903
-15.446091
-29.487088
-15.446091
-1.405094
1.403105
-8.425593
-18.254291
-12.637892
-4.213294
-14.041991
-35.103487
-36.507587
-11.233792
-8.425593
-26.678889
-40.719886
-42.123985
-23.870689
-16.850191
-16.850191
-14.041991
-12.637892
-21.062490
-51.952683
-60.377281
-39.315786
-18.254291
-11.233792
-21.062490
-25.274789
-16.850191
-19.658390
-39.315786
-42.123985
-22.466590
-9.829692
-16.850191
-25.274789
-16.850191
-2.809194
-0.000995
-16.850191
-18.254291
8.423604
21.060501
-1.405094
-12.637892
5.615404
18.252301
18.252301
22.464601
22.464601
19.656401
18.252301
18.252301
25.272800
33.697398
22.464601
19.656401
36.505597
46.334295
28.080999
11.231803
15.444102
30.889199
33.697398
12.635903
-0.000995
25.272800
42.121996
5.615404
-14.041991
33.697398
61.779392
12.635903
-37.911686
-8.425593
73.012189
94.073685
22.464601
-33.699387
-0.000995
53.354794
49.142495
19.656401
28.080999
49.142495
25.272800
-21.062490
-0.000995
75.820389
92.669585
7.019504
-65.993680
-16.850191
80.032688
85.649087
2.807205
-51.952683
-39.315786
-16.850191
-5.617393
21.060501
35.101498
-11.233792
-92.671574
-134.794565
-67.397780
46.334295
50.546594
-74.418278
-167.088858
-122.157668
-35.103487
-18.254291
-53.356783
-77.226478
-65.993680
-67.397780
-101.096172
-101.096172
-33.699387
2.807205
-51.952683
-113.733070
-102.500272
-28.082988
18.252301
-37.911686
-103.904372
-65.993680
2.807205
-18.254291
-67.397780
-25.274789
39.313797
15.444102
-70.205979
-85.651076
14.040002
70.203990
4.211305
-46.336284
2.807205
39.313797
1.403105
-15.446091
42.121996
82.840887
49.142495
2.807205
9.827703
64.587591
80.032688
36.505597
25.272800
71.608090
91.265485
56.162993
47.738395
91.265485
126.367978
105.306482
43.526096
26.676900
92.669585
154.449972
119.347479
46.334295
43.526096
88.457286
101.094183
74.416289
77.224489
137.600775
164.278669
84.244987
-7.021493
26.676900
146.025373
185.340165
98.285984
26.676900
91.265485
193.764763
162.874570
15.444102
-44.932185
64.587591
174.107367
106.710582
-8.425593
61.779392
185.340165
85.649087
-85.651076
-53.356783
7.019504
-178.321656
-404.381706
-234.485643
190.956564
197.977062
-299.074229
-534.962977
-179.725755
57.567093
-258.355338
-532.154778
-329.964422
-95.479774
-204.999550
-335.580821
-168.492958
-0.000995
-182.533955
-470.374392
-405.785806
-85.651076
28.080999
-117.945369
-193.766752
-68.801880
70.203990
54.758893
-67.397780
-75.822378
56.162993
82.840887
-51.952683
-58.973182
162.874570
249.928751
46.334295
-78.630577
73.012189
186.744265
19.656401
-131.986366
16.848202
185.340165
58.971193
-141.815064
-88.459275
68.799890
43.526096
-61.781381
-49.144484
23.868700
30.889199
-19.658390
-43.528085
-33.699387
-19.658390
-18.254291
-8.425593
26.676900
85.649087
113.731081
57.567093
-8.425593
46.334295
164.278669
160.066370
63.183492
73.012189
193.764763
227.463156
157.258171
179.723766
289.243542
251.332850
63.183492
18.252301
212.018059
346.811630
245.716452
127.772077
154.449972
199.381162
167.086869
165.682769
212.018059
186.744265
122.155679
127.772077
167.086869
162.874570
143.217174
123.559778
81.436788
92.669585
181.127866
190.956564
96.881884
119.347479
165.682769
-224.656945
-805.954218
-550.408074
477.392901
664.138160
-445.100597
-1009.548674
-106.712571
494.242097
-346.813619
-1032.014269
-393.148909
172.703268
-426.847301
-859.310006
-112.328970
498.454396
-140.410964
-919.686293
-595.339264
67.395791
-46.336284
-475.990790
-328.560323
88.457286
103.902383
-113.733070
-103.904372
92.669585
168.490969
-35.103487
-303.286528
-189.554453
280.818944
454.927306
116.539280
-40.719886
251.332850
307.496838
-54.760883
-143.219163
207.805760
321.537835
-21.062490
-197.979051
71.608090
254.141050
28.080999
-148.835562
19.656401
73.012189
-213.424148
-275.204534
82.840887
195.168863
-188.150353
-358.046416
-33.699387
153.045872
-36.507587
-151.643761
-39.315786
-1.405094
-96.883873
-105.308472
25.272800
101.094183
15.444102
-57.569082
30.889199
140.408975
123.559778
78.628588
98.285984
94.073685
70.203990
117.943380
155.854071
126.367978
143.217174
160.066370
91.265485
84.244987
210.613959
241.504153
94.073685
53.354794
183.936065
231.675455
137.600775
130.580277
189.552464
143.217174
91.265485
164.278669
209.209860
108.114682
61.779392
216.230358
335.578832
207.805760
43.526096
117.943380
299.072240
275.202545
113.731081
92.669585
197.977062
283.627143
174.107367
-324.348024
-800.337819
-360.854616
614.994671
488.625698
-700.646741
-894.412499
209.209860
428.249412
-679.585246
-1002.528175
-63.185481
175.511467
-728.728735
-895.816598
117.943380
447.906807
-492.839987
-968.829782
-249.930740
188.148364
-356.642316
-645.886853
-81.438777
270.990246
-122.157668
-386.128410
-35.103487
300.476340
134.792576
-216.232347
-287.841432
8.423604
318.729636
252.736950
32.293298
123.559778
322.941935
140.408975
-137.602764
25.272800
297.668140
99.690084
-234.485643
-78.630577
255.545149
155.854071
-129.178166
-47.740384
137.600775
-87.055176
-345.409519
-102.500272
206.401660
1.403105
-321.539824
-154.451961
139.004875
8.423604
-230.273344
-137.602764
23.868700
-78.630577
-164.280659
21.060501
168.490969
43.526096
-71.610079
39.313797
158.662271
101.094183
58.971193
143.217174
174.107367
115.135180
124.963878
197.977062
233.079554
226.059056
206.401660
171.299168
182.531965
249.928751
245.716452
143.217174
112.326981
203.593461
242.908252
164.278669
157.258171
251.332850
262.565648
161.470470
130.580277
209.209860
209.209860
122.155679
165.682769
294.859941
285.031243
193.764763
240.100053
348.215729
356.640327
164.278669
-428.251401
-1003.932275
-466.162093
791.911232
669.754559
-843.864910
-1065.712661
415.612514
680.987356
-902.837097
-1397.080189
-60.377281
383.318222
-818.591115
-1130.301247
162.874570
633.247967
-505.476884
-1043.247066
-162.876559
203.593461
-613.592560
-835.440312
71.608090
447.906807
-190.958553
-466.162093
84.244987
449.310907
158.662271
-237.293843
-297.670129
-21.062490
273.798445
235.887754
78.628588
245.716452
400.167418
82.840887
-158.664260
190.956564
425.441212
-8.425593
-338.389020
-9.829692
282.223044
42.121996
-127.774067
122.155679
171.299168
-223.252846
-377.703812
5.615404
185.340165
-210.615948
-438.080099
-88.459275
148.833573
-109.520771
-238.697942
23.868700
73.012189
-241.506142
-306.094728
7.019504
137.600775
-64.589580
-127.774067
113.731081
223.250857
39.313797
-29.487088
183.936065
280.818944
71.608090
-39.315786
148.833573
294.859941
217.634458
137.600775
189.552464
251.332850
216.230358
175.511467
206.401660
240.100053
188.148364
63.183492
46.334295
220.442657
344.003430
207.805760
26.676900
94.073685
247.120551
190.956564
75.820389
155.854071
237.291853
117.943380
73.012189
273.798445
386.126421
249.928751
164.278669
249.928751
327.154234
261.161548
-164.280659
-864.926405
-810.166517
379.105922
869.136715
-412.806304
-1229.992325
35.101498
939.341700
-436.675999
-1604.886943
-516.709681
558.830683
-384.724310
-1293.176811
-328.560323
636.056166
-87.055176
-929.514991
-401.573507
161.470470
-409.998105
-832.632112
-134.794565
446.502708
-25.274789
-495.648186
-99.692073
425.441212
331.366533
-119.349468
-352.430017
-101.096172
318.729636
315.921436
-8.425593
92.669585
475.988801
303.284539
-130.582266
26.676900
380.510022
106.710582
-320.135724
-115.137169
255.545149
84.244987
-228.869244
-49.144484
259.757449
36.505597
-402.977606
-317.327525
78.628588
21.060501
-370.683313
-328.560323
67.395791
82.840887
-190.958553
-133.390465
75.820389
-94.075674
-332.772622
-136.198665
161.470470
68.799890
-119.349468
37.909697
272.394346
174.107367
-16.850191
92.669585
276.606645
171.299168
-0.000995
87.053186
273.798445
265.373847
172.703268
207.805760
280.818944
227.463156
139.004875
175.511467
228.867255
164.278669
105.306482
174.107367
249.928751
226.059056
174.107367
162.874570
179.723766
182.531965
120.751579
78.628588
157.258171
235.887754
174.107367
139.004875
263.969748
353.832128
299.072240
263.969748
322.941935
351.023929
155.854071
-468.970292
-1041.842966
-463.353893
745.575942
467.564203
-1020.781471
-912.665795
693.624254
584.104478
-1197.698032
-1329.683403
213.422159
287.839442
-1133.109447
-1148.554543
276.606645
539.173287
-553.216273
-838.248511
-44.932185
50.546594
-685.201645
-638.866355
217.634458
335.578832
-358.046416
-417.018603
314.517337
599.549574
123.559778
-289.245531
-175.513456
176.915567
275.202545
26.676900
-16.850191
405.783817
529.344590
5.615404
-171.301157
338.387031
402.975617
-207.807749
-299.074229
200.785261
146.025373
-344.005419
-182.533955
355.236228
196.572962
-408.594005
-438.080099
30.889199
101.094183
-320.135724
-509.689183
-178.321656
103.902383
-77.226478
-244.314341
-11.233792
134.792576
-161.472459
-332.772622
-58.973182
126.367978
-21.062490
-63.185481
157.258171
265.373847
133.388476
60.375292
206.401660
310.305037
140.408975
-64.589580
73.012189
345.407530
300.476340
103.902383
182.531965
359.448527
255.545149
88.457286
176.915567
262.565648
108.114682
-21.062490
112.326981
292.051741
258.353349
136.196676
127.772077
217.634458
235.887754
103.902383
25.272800
175.511467
299.072240
153.045872
51.950694
279.414844
471.776502
318.729636
189.552464
318.729636
360.852626
265.373847
167.086869
-328.560323
-1054.479864
-675.372947
605.165973
519.515892
-900.028898
-905.645296
533.556889
460.543705
-1117.664350
-1273.519416
58.971193
209.209860
-1009.548674
-1180.848836
18.252301
484.413399
-324.348024
-770.851726
-241.506142
-22.466590
-518.113781
-572.873669
37.909697
234.483654
-192.362652
-299.074229
165.682769
490.029798
310.305037
-81.438777
-212.020048
101.094183
324.346034
18.252301
-130.582266
425.441212
679.583257
44.930196
-263.971737
273.798445
424.037113
-129.178166
-262.567637
82.840887
-32.295288
-398.765307
-172.705257
300.476340
137.600775
-409.998105
-439.484198
7.019504
74.416289
-380.512011
-565.853171
-150.239662
143.217174
-143.219163
-339.793120
64.587591
339.791131
-46.336284
-345.409519
-61.781381
154.449972
-19.658390
-35.103487
269.586146
365.064926
113.731081
25.272800
296.264041
433.865810
143.217174
-85.651076
130.580277
372.085424
245.716452
105.306482
272.394346
428.249412
282.223044
87.053186
108.114682
169.895068
117.943380
80.032688
133.388476
200.785261
220.442657
206.401660
197.977062
251.332850
262.565648
102.498283
2.807205
195.168863
351.023929
216.230358
155.854071
359.448527
439.482209
311.709137
299.072240
387.530521
415.612514
387.530521
-25.274789
-975.850281
-1214.547229
101.094183
932.321201
-360.854616
-1380.230992
-119.349468
845.267020
-505.476884
-1576.804949
-498.456385
407.187916
-593.935165
-1566.976252
-724.516436
553.214284
278.010745
-982.870779
-1134.513546
-124.965867
199.381162
-360.854616
-401.573507
113.731081
120.751579
-207.807749
2.807205
518.111792
629.035668
366.469025
178.319666
220.442657
251.332850
8.423604
-179.725755
345.407530
935.129401
290.647642
-664.140149
-192.362652
732.939045
306.092738
-614.996660
-511.093283
-131.986366
-466.162093
-810.166517
-463.353893
57.567093
-16.850191
-515.305582
-607.976161
-157.260160
32.293298
-322.943924
-428.251401
26.676900
226.059056
-75.822378
60.375292
776.466135
803.144030
-46.336284
-344.005419
241.504153
508.283094
174.107367
84.244987
346.811630
366.469025
102.498283
43.526096
259.757449
263.969748
-148.835562
-456.333395
-227.465145
124.963878
141.813074
85.649087
241.504153
331.366533
117.943380
-37.911686
92.669585
241.504153
266.777947
270.990246
311.709137
414.208415
567.255281
575.679879
431.057611
485.817499
620.611070
432.461711
249.928751
439.482209
641.672565
537.769188
381.914122
398.763318
563.042982
709.069350
685.199655
619.206970
30.889199
-1967.144664
-3809.323461
-2457.175457
769.445637
1186.463246
-1152.766842
-1884.302782
-433.867800
-19.658390
-832.632112
-704.859040
-183.938054
-845.269010
-1537.490158
-442.292398
1537.488169
2184.778127
978.656491
-499.860485
-602.359763
241.504153
544.789686
296.264041
369.277225
429.653511
-29.487088
-143.219163
651.501263
1267.901028
554.618384
-1020.781471
-1778.995305
-980.062580
-39.315786
-195.170852
-512.497382
-168.492958
-144.623263
-728.728735
-605.167962
217.634458
217.634458
-662.736049
-1017.973272
-449.312896
238.695953
470.372402
367.873125
363.660826
490.029798
310.305037
-53.356783
164.278669
718.898048
404.379717
-470.374392
-401.573507
390.338720
509.687194
54.758893
-67.397780
-61.781381
-390.340709
-686.605744
-567.257270
-179.725755
-11.233792
-266.779936
-439.484198
-35.103487
460.543705
376.297723
88.457286
110.922881
157.258171
-16.850191
37.909697
508.283094
814.376827
645.884864
445.098608
567.255281
756.808740
669.754559
313.113237
-1.405094
11.231803
230.271355
336.982932
353.832128
390.338720
299.072240
120.751579
112.326981
178.319666
106.710582
42.121996
130.580277
269.586146
395.955119
471.776502
484.413399
600.953674
803.144030
819.993226
831.226023
533.556889
-1374.614594
-3965.178527
-3423.196045
349.619829
1936.252482
-456.333395
-1985.397960
-415.614504
575.679879
-513.901482
-992.699477
-317.327525
-407.189905
-1237.012824
-973.042082
817.185027
2426.283274
1849.198301
-391.744809
-1333.895703
-174.109356
678.179157
141.813074
-203.595450
148.833573
146.025373
-124.965867
203.593461
866.328516
730.130846
-549.003974
-1781.803505
-1506.599965
-276.608634
110.922881
-307.498827
-227.465145
82.840887
-217.636447
-358.046416
237.291853
442.290409
-252.738939
-772.255826
-512.497382
11.231803
280.818944
209.209860
212.018059
582.700378
631.843867
-64.589580
-365.066915
286.435343
454.927306
-408.594005
-782.084523
-88.459275
426.845312
214.826258
-22.466590
-15.446091
-179.725755
-551.812174
-647.290953
-252.738939
206.401660
200.785261
-78.630577
-23.870689
372.085424
582.700378
452.119106
269.586146
171.299168
50.546594
25.272800
287.839442
661.329961
761.021039
539.173287
384.722321
449.310907
418.420714
165.682769
63.183492
188.148364
160.066370
-39.315786
-19.658390
278.010745
522.324091
477.392901
206.401660
67.395791
223.250857
351.023929
306.092738
381.914122
536.365088
483.009300
512.495393
890.198211
1134.511557
1137.319756
827.013724
-1032.014269
-4095.759798
-4566.133195
-996.911776
1788.822014
351.023929
-1770.570707
-1128.897147
183.936065
-58.973182
-519.517881
-247.122540
-254.143039
-987.083078
-1253.862020
183.936065
2507.721056
2875.595176
478.797001
-1432.182681
-692.222143
558.830683
342.599330
-230.273344
-122.157668
-19.658390
-278.012734
-283.629132
339.791131
926.704803
251.332850
-1537.490158
-2252.176902
-978.658480
186.744265
-85.651076
-346.813619
144.621274
202.189361
-179.725755
110.922881
668.350459
440.886309
-276.608634
-637.462255
-402.977606
164.278669
511.091294
414.208415
388.934620
541.981487
216.230358
-380.512011
-346.813619
-21.062490
-293.457830
-718.900037
-466.162093
26.676900
99.690084
37.909697
131.984377
68.799890
-226.061045
-440.888298
-408.594005
-101.096172
292.051741
363.660826
130.580277
172.703268
540.577387
638.864366
442.290409
339.791131
249.928751
-30.891188
-190.958553
106.710582
579.892178
758.212839
567.255281
318.729636
238.695953
188.148364
77.224489
43.526096
88.457286
14.040002
-91.267475
87.053186
518.111792
758.212839
563.042982
233.079554
140.408975
278.010745
404.379717
433.865810
474.584702
575.679879
682.391456
848.075220
1037.628678
1055.881974
908.451507
169.895068
-2080.876739
-4598.427488
-3892.165343
-181.129855
1508.002075
-436.675999
-1800.056801
-593.935165
345.407530
-165.684758
-436.675999
-175.513456
-335.580821
-783.488623
-571.469569
862.116217
2620.049032
2403.817679
8.423604
-1374.614594
-289.245531
664.138160
-14.041991
-595.339264
-252.738939
-82.842876
-348.217718
-252.738939
329.962433
627.631568
-224.656945
-1764.954308
-2059.815244
-703.454941
210.613959
-167.088858
-261.163537
356.640327
461.947804
120.751579
287.839442
640.268465
433.865810
-106.712571
-491.435887
-495.648186
-30.891188
453.523206
475.988801
363.660826
345.407530
12.635903
-511.093283
-498.456385
-119.349468
-212.020048
-655.715551
-725.920536
-397.361208
29.485099
445.098608
578.488079
200.785261
-273.800435
-397.361208
-280.820933
-30.891188
336.982932
453.523206
200.785261
130.580277
512.495393
866.328516
797.527631
374.893623
-146.027363
-446.504697
-296.266030
169.895068
591.124976
724.514447
578.488079
317.325536
108.114682
56.162993
158.662271
214.826258
36.505597
-207.807749
-136.198665
265.373847
669.754559
856.499818
779.274335
459.139605
136.196676
127.772077
391.742820
645.884864
707.665251
518.111792
324.346034
585.508577
1107.833663
1251.051832
845.267020
-574.277769
-3330.525465
-5000.000000
-2784.330685
728.726746
845.267020
-1225.780026
-1269.307117
140.408975
251.332850
-294.861930
-61.781381
158.662271
-393.148909
-949.172387
-426.847301
1426.564293
2899.464871
1807.075310
-595.339264
-1072.733160
141.813074
299.072240
-550.408074
-547.599875
-23.870689
-252.738939
-748.386131
-387.532510
549.001985
703.452951
-593.935165
-2009.267655
-1675.091928
-227.465145
210.613959
-234.485643
54.758893
714.685749
459.139605
-56.164982
310.305037
918.280204
672.562758
-231.677444
-800.337819
-474.586691
204.997561
311.709137
96.881884
348.215729
518.111792
-190.958553
-891.604299
-564.449071
-43.528085
-331.368522
-843.864910
-735.749234
-78.630577
564.447082
696.432453
369.277225
144.621274
25.272800
-380.512011
-550.408074
78.628588
661.329961
373.489524
-16.850191
275.202545
754.000540
829.821924
515.303593
12.635903
-321.539824
-261.163537
-74.418278
150.237673
609.378272
914.067905
529.344590
-49.144484
-54.760883
241.504153
233.079554
39.313797
-28.082988
-50.548584
15.444102
393.146919
812.972727
827.013724
532.152789
296.264041
272.394346
412.804315
564.447082
529.344590
436.674010
529.344590
671.158659
683.795556
804.548129
1126.086959
595.337275
-1894.131480
-4641.954578
-4109.800795
-676.777046
998.313887
-518.113781
-1517.832762
-352.430017
452.119106
-91.267475
-256.951238
329.962433
299.072240
-630.441757
-1019.377371
408.592016
2503.508757
2469.810365
241.504153
-1002.528175
-207.807749
244.312352
-483.011289
-703.454941
-146.027363
-150.239662
-756.810729
-824.207514
5.615404
801.739930
263.969748
-1311.430107
-1840.775692
-746.982031
26.676900
-242.910241
-60.377281
692.220154
609.378272
5.615404
220.442657
867.732615
815.780927
126.367978
-515.305582
-643.078654
-224.656945
98.285984
-9.829692
161.470470
630.439767
268.182047
-710.475439
-815.782916
-203.595450
-196.574952
-651.503252
-711.879539
-370.683313
162.874570
696.432453
756.808740
415.612514
165.682769
-178.321656
-643.078654
-452.121096
311.709137
547.597886
223.250857
172.703268
461.947804
706.261151
716.089849
325.750134
-228.869244
-379.107912
-207.807749
-50.548584
345.407530
878.965413
827.013724
217.634458
-169.897057
-68.801880
216.230358
390.338720
233.079554
-74.418278
-67.397780
203.593461
453.523206
772.253836
961.807295
543.385586
-9.829692
133.388476
630.439767
731.534945
512.495393
356.640327
391.742820
640.268465
970.231893
1229.990336
827.013724
-1419.545784
-4487.503612
-4500.140509
-967.425683
1076.943470
-466.162093
-1547.318856
-248.526640
560.234783
-102.500272
-265.375836
261.161548
186.744265
-527.942479
-937.939589
16.848202
2097.723946
2740.801605
725.918547
-1005.336374
-362.258715
349.619829
-433.867800
-891.604299
-258.355338
-36.507587
-550.408074
-713.283638
-134.794565
636.056166
509.687194
-895.816598
-1881.494583
-1037.630667
54.758893
-136.198665
-272.396335
553.214284
863.520316
209.209860
12.635903
537.769188
754.000540
349.619829
-313.115226
-702.050841
-292.053731
353.832128
136.196676
-318.731625
165.682769
619.206970
-137.602764
-929.514991
-623.421258
-217.636447
-480.203089
-699.242641
-412.806304
158.662271
662.734060
637.460266
237.291853
214.826258
275.202545
-332.772622
-807.358318
-171.301157
614.994671
498.454396
161.470470
359.448527
730.130846
721.706247
280.818944
-200.787251
-268.184036
-95.479774
-126.369967
-39.315786
582.700378
1051.669675
630.439767
-88.459275
-197.979051
131.984377
256.949249
94.073685
-51.952683
22.464601
276.606645
527.940490
661.329961
702.048852
616.398770
356.640327
143.217174
247.120551
530.748689
614.994671
478.797001
459.139605
654.309462
825.609625
935.129401
946.362198
-119.349468
-2743.611794
-4545.071700
-2951.418548
58.971193
617.802870
-810.166517
-1102.219253
-94.075674
317.325536
-11.233792
-137.602764
-50.548584
-255.547139
-702.050841
-530.750678
949.170398
2488.063661
1940.464781
-88.459275
-885.987901
-160.068360
94.073685
-474.586691
-605.167962
-226.061045
-197.979051
-508.285083
-445.100597
227.463156
702.048852
-63.185481
-1467.285173
-1666.667330
-603.763862
-29.487088
-242.910241
-4.213294
607.974172
570.063481
139.004875
175.511467
533.556889
578.488079
127.772077
-477.394890
-586.914666
-40.719886
321.537835
61.779392
-21.062490
393.146919
317.325536
-460.545694
-779.276324
-376.299712
-244.314341
-609.380261
-695.030342
-226.061045
395.955119
710.473450
527.940490
174.107367
44.930196
-110.924870
-502.668685
-485.819488
200.785261
650.097163
401.571518
220.442657
554.618384
810.164528
570.063481
95.477785
-244.314341
-299.074229
-124.965867
94.073685
358.044427
745.575942
901.431008
435.269910
-175.513456
-167.088858
231.675455
245.716452
-92.671574
-144.623263
165.682769
428.249412
533.556889
655.713562
763.829238
633.247967
228.867255
-81.438777
109.518781
588.316777
737.151344
498.454396
453.523206
754.000540
928.108902
881.773612
616.398770
-776.468125
-3256.108182
-4163.156583
-1975.569262
452.119106
320.133735
-869.138704
-856.501807
-217.636447
-30.891188
-47.740384
-71.610079
-237.293843
-397.361208
-473.182591
-94.075674
1197.696043
2215.668320
1332.489614
-358.046416
-654.311451
-44.932185
-127.774067
-523.730180
-344.005419
-61.781381
-175.513456
-359.450516
-245.718441
188.148364
401.571518
-318.731625
-1394.271989
-1368.998195
-431.059600
-78.630577
-278.012734
73.012189
623.419269
439.482209
-0.000995
131.984377
504.070795
453.523206
-9.829692
-477.394890
-488.627688
-7.021493
306.092738
87.053186
43.526096
445.098608
266.777947
-567.257270
-734.345134
-235.889743
-265.375836
-624.825358
-408.594005
64.587591
358.044427
636.056166
564.447082
39.313797
-190.958553
-179.725755
-544.791675
-556.024473
301.880439
749.788241
307.496838
254.141050
741.363643
711.877550
299.072240
98.285984
-108.116671
-265.375836
-2.809194
313.113237
449.310907
737.151344
772.253836
119.347479
-301.882428
117.943380
373.489524
-21.062490
-209.211849
60.375292
272.394346
391.742820
541.981487
544.789686
474.584702
440.886309
265.373847
127.772077
379.105922
643.076665
457.735505
279.414844
570.063481
901.431008
932.321201
810.164528
33.697398
-1927.829873
-3565.010114
-2759.056891
-505.476884
317.325536
-485.819488
-880.371502
-452.121096
-158.664260
-74.418278
22.464601
-172.705257
-591.126965
-741.365632
-380.512011
609.378272
1762.144120
1745.294923
380.510022
-547.599875
-196.574952
139.004875
-206.403649
-380.512011
-162.876559
-165.684758
-308.902927
-137.602764
230.271355
401.571518
16.848202
-898.624798
-1404.100687
-878.967402
-213.424148
-174.109356
-141.815064
237.291853
325.750134
53.354794
61.779392
342.599330
372.085424
54.758893
-377.703812
-655.715551
-466.162093
108.114682
549.001985
645.884864
506.878994
116.539280
-426.847301
-679.585246
-454.929295
-117.945369
-23.870689
-122.157668
-105.308472
192.360663
509.687194
440.886309
40.717897
-310.307027
-522.326080
-592.531065
-278.012734
327.154234
631.843867
457.735505
224.654956
228.867255
419.824814
543.385586
367.873125
57.567093
-11.233792
147.429473
304.688639
505.474895
680.987356
454.927306
-14.041991
-108.116671
167.086869
304.688639
214.826258
99.690084
-21.062490
-23.870689
200.785261
366.469025
349.619829
440.886309
529.344590
314.517337
174.107367
422.633013
565.851182
376.297723
394.551019
697.836553
794.719431
728.726746
579.892178
-388.936609
-2217.074409
-3087.616219
-1802.865000
-36.507587
123.559778
-724.516436
-894.412499
-377.703812
-70.205979
-161.472459
-415.614504
-600.955663
-513.901482
-313.115226
-43.528085
707.665251
1538.892269
1186.463246
-126.369967
-666.948349
-106.712571
223.250857
-65.993680
-228.869244
-70.205979
75.820389
120.751579
99.690084
96.881884
126.367978
-196.574952
-944.960088
-1215.951328
-568.661370
19.656401
-103.904372
-238.697942
43.526096
182.531965
-16.850191
-116.541269
16.848202
122.155679
-30.891188
-428.251401
-575.681869
-63.185481
478.797001
387.530521
199.381162
363.660826
256.949249
-304.690628
-530.750678
-197.979051
101.094183
74.416289
-74.418278
-60.377281
238.695953
473.180602
185.340165
-289.245531
-407.189905
-383.320211
-470.374392
-282.225033
270.990246
591.124976
395.955119
116.539280
182.531965
509.687194
627.631568
315.921436
25.272800
154.449972
414.208415
457.735505
461.947804
518.111792
349.619829
32.293298
-15.446091
176.915567
327.154234
376.297723
202.189361
-122.157668
-91.267475
293.455841
409.996116
228.867255
242.908252
349.619829
259.757449
258.353349
449.310907
475.988801
402.975617
516.707692
647.288964
612.186471
561.638882
310.305037
-643.078654
-1976.973362
-2427.689363
-1376.018693
40.717897
275.202545
-475.990790
-849.481309
-553.216273
-380.512011
-527.942479
-575.681869
-468.970292
-438.080099
-369.279214
53.354794
775.062036
1179.442747
699.240652
-233.081544
-602.359763
-273.800435
21.060501
29.485099
87.053186
209.209860
181.127866
91.265485
123.559778
176.915567
25.272800
-391.744809
-818.591115
-831.228013
-412.806304
-42.123985
42.121996
25.272800
1.403105
-103.904372
-204.999550
-162.876559
-91.267475
-123.561768
-231.677444
-328.560323
-345.409519
-212.020048
134.792576
564.447082
659.925861
217.634458
-306.094728
-369.279214
-95.479774
146.025373
276.606645
262.565648
106.710582
56.162993
193.764763
234.483654
78.628588
-181.129855
-520.921981
-662.736049
-297.670129
234.483654
393.146919
275.202545
171.299168
53.354794
50.546594
345.407530
557.426583
411.400215
233.079554
254.141050
366.469025
543.385586
633.247967
335.578832
-53.356783
40.717897
386.126421
412.804315
293.455841
329.962433
217.634458
-84.246976
-73.014179
228.867255
346.811630
322.941935
381.914122
328.558334
158.662271
214.826258
374.893623
334.174732
318.729636
498.454396
577.083979
485.817499
297.668140
-407.189905
-1631.564837
-2158.102222
-1218.759528
33.697398
146.025373
-518.113781
-728.728735
-374.895613
-237.293843
-481.607189
-616.400760
-515.305582
-471.778491
-453.525195
-74.418278
630.439767
975.848292
494.242097
-290.649631
-533.558878
-188.150353
94.073685
50.546594
22.464601
157.258171
212.018059
87.053186
56.162993
237.291853
202.189361
-335.580821
-815.782916
-616.400760
-110.924870
30.889199
-112.328970
-133.390465
-85.651076
-172.705257
-273.800435
-213.424148
-115.137169
-240.102042
-544.791675
-626.229457
-273.800435
200.785261
409.996116
370.681324
252.736950
58.971193
-148.835562
-136.198665
140.408975
380.510022
285.031243
46.334295
39.313797
240.100053
301.880439
103.902383
-116.541269
-216.232347
-263.971737
-259.759438
-101.096172
150.237673
251.332850
89.861386
-88.459275
-22.466590
210.613959
359.448527
365.064926
346.811630
352.428028
359.448527
387.530521
393.146919
293.455841
169.895068
171.299168
318.729636
478.797001
495.646197
351.023929
189.552464
161.470470
122.155679
29.485099
146.025373
391.742820
412.804315
307.496838
339.791131
352.428028
231.675455
188.148364
228.867255
262.565648
401.571518
473.180602
56.162993
-745.577931
-1338.108002
-1336.703902
-779.276324
-141.815064
-99.692073
-527.942479
-629.037657
-360.854616
-381.916111
-560.236772
-428.251401
-335.580821
-523.730180
-409.998105
165.682769
533.556889
442.290409
148.833573
-192.362652
-369.279214
-165.684758
67.395791
28.080999
46.334295
202.189361
161.470470
39.313797
168.490969
256.949249
-56.164982
-428.251401
-459.141594
-268.184036
-98.287973
-5.617393
1.403105
-37.911686
-94.075674
-190.958553
-276.608634
-238.697942
-214.828248
-383.320211
-508.285083
-315.923425
-18.254291
103.902383
151.641772
178.319666
85.649087
-73.014179
-140.410964
-60.377281
129.176177
332.770633
348.215729
238.695953
265.373847
317.325536
165.682769
-39.315786
-88.459275
-122.157668
-185.342154
-106.712571
80.032688
165.682769
123.559778
32.293298
-65.993680
-77.226478
58.971193
217.634458
292.051741
336.982932
365.064926
379.105922
376.297723
248.524651
47.738395
78.628588
372.085424
529.344590
419.824814
327.154234
315.921436
226.059056
146.025373
223.250857
299.072240
251.332850
206.401660
234.483654
300.476340
379.105922
344.003430
143.217174
15.444102
140.408975
328.558334
387.530521
292.051741
-56.164982
-617.804859
-1065.712661
-1127.493048
-763.831227
-204.999550
-28.082988
-449.312896
-765.235327
-459.141594
-181.129855
-402.977606
-556.024473
-404.381706
-366.471014
-339.793120
54.758893
440.886309
372.085424
68.799890
-212.020048
-377.703812
-228.869244
122.155679
197.977062
29.485099
58.971193
231.675455
219.038557
130.580277
113.731081
-21.062490
-299.074229
-439.484198
-315.923425
-67.397780
133.388476
103.902383
-122.157668
-268.184036
-221.848746
-167.088858
-258.355338
-390.340709
-401.573507
-252.738939
-88.459275
-60.377281
-49.144484
75.820389
80.032688
-165.684758
-283.629132
-47.740384
228.867255
311.709137
282.223044
242.908252
240.100053
249.928751
181.127866
71.608090
37.909697
19.656401
-51.952683
-40.719886
106.710582
158.662271
28.080999
-77.226478
-61.781381
1.403105
84.244987
188.148364
228.867255
223.250857
292.051741
380.510022
329.962433
120.751579
-42.123985
32.293298
289.243542
504.070795
533.556889
421.228913
280.818944
167.086869
127.772077
171.299168
189.552464
160.066370
223.250857
351.023929
373.489524
290.647642
219.038557
151.641772
95.477785
141.813074
216.230358
224.654956
258.353349
221.846757
-99.692073
-504.072784
-700.646741
-810.166517
-770.851726
-315.923425
61.779392
-252.738939
-683.797545
-511.093283
-244.314341
-440.888298
-620.613059
-442.292398
-292.053731
-262.567637
-50.548584
223.250857
258.353349
105.306482
-117.945369
-329.964422
-325.752123
-110.924870
60.375292
143.217174
210.613959
192.360663
108.114682
113.731081
147.429473
40.717897
-160.068360
-275.204534
-216.232347
-25.274789
120.751579
74.416289
-32.295288
-89.863375
-202.191350
-352.430017
-348.217718
-214.828248
-161.472459
-202.191350
-192.362652
-101.096172
-12.637892
23.868700
-8.425593
-98.287973
-193.766752
-185.342154
9.827703
282.223044
384.722321
280.818944
178.319666
165.682769
168.490969
157.258171
131.984377
108.114682
113.731081
120.751579
101.094183
102.498283
120.751579
58.971193
-36.507587
-11.233792
89.861386
144.621274
210.613959
290.647642
245.716452
129.176177
57.567093
1.403105
-15.446091
80.032688
212.018059
301.880439
397.359218
421.228913
259.757449
103.902383
161.470470
241.504153
155.854071
73.012189
172.703268
324.346034
345.407530
275.202545
164.278669
58.971193
51.950694
122.155679
155.854071
144.621274
178.319666
199.381162
64.587591
-167.088858
-373.491513
-588.318766
-727.324635
-498.456385
-26.678889
47.738395
-363.662815
-539.175277
-276.608634
-248.526640
-523.730180
-505.476884
-290.649631
-332.772622
-348.217718
22.464601
307.496838
101.094183
-197.979051
-241.506142
-192.362652
-157.260160
-58.973182
46.334295
73.012189
99.690084
144.621274
131.984377
91.265485
75.820389
-36.507587
-213.424148
-165.684758
92.669585
161.470470
-33.699387
-134.794565
-85.651076
-172.705257
-311.711126
-179.725755
15.444102
-130.582266
-348.217718
-195.170852
40.717897
-64.589580
-255.547139
-212.020048
-102.500272
-65.993680
28.080999
176.915567
227.463156
131.984377
1.403105
30.889199
221.846757
259.757449
85.649087
58.971193
248.524651
325.750134
223.250857
119.347479
25.272800
-73.014179
-57.569082
53.354794
144.621274
185.340165
143.217174
92.669585
217.634458
355.236228
164.278669
-148.835562
-181.129855
-70.205979
14.040002
292.051741
543.385586
313.113237
-19.658390
46.334295
213.422159
179.723766
147.429473
200.785261
151.641772
82.840887
227.463156
388.934620
279.414844
57.567093
-30.891188
-8.425593
56.162993
165.682769
206.401660
94.073685
23.868700
78.628588
39.313797
-75.822378
-117.945369
-282.225033
-623.421258
-599.551563
-95.479774
164.278669
-98.287973
-336.984921
-254.143039
-221.848746
-391.744809
-395.957108
-186.746254
-141.815064
-303.286528
-272.396335
30.889199
245.716452
108.114682
-237.293843
-327.156223
-115.137169
-56.164982
-122.157668
26.676900
155.854071
-0.000995
-63.185481
155.854071
143.217174
-124.965867
-130.582266
-5.617393
-80.034677
-98.287973
60.375292
28.080999
-207.807749
-228.869244
-22.466590
18.252301
-123.561768
-140.410964
-70.205979
-80.034677
-85.651076
-53.356783
-105.308472
-133.390465
-14.041991
91.265485
92.669585
113.731081
133.388476
30.889199
-77.226478
-14.041991
141.813074
210.613959
167.086869
115.135180
99.690084
99.690084
117.943380
151.641772
99.690084
-40.719886
-46.336284
101.094183
199.381162
240.100053
238.695953
131.984377
53.354794
157.258171
192.360663
-49.144484
-161.472459
36.505597
123.559778
123.559778
279.414844
226.059056
-101.096172
-70.205979
251.332850
158.662271
-95.479774
157.258171
356.640327
44.930196
-23.870689
182.531965
46.334295
-96.883873
58.971193
122.155679
61.779392
117.943380
81.436788
-60.377281
-23.870689
33.697398
36.505597
99.690084
73.012189
-75.822378
-148.835562
-112.328970
-122.157668
-212.020048
-278.012734
-181.129855
-5.617393
-57.569082
-223.252846
-165.684758
-122.157668
-318.731625
-387.532510
-154.451961
-33.699387
-153.047861
-130.582266
-22.466590
-75.822378
-95.479774
-43.528085
-98.287973
-168.492958
-134.794565
-99.692073
-99.692073
-4.213294
109.518781
70.203990
-0.000995
-14.041991
-63.185481
-102.500272
-60.377281
-58.973182
-71.610079
-40.719886
-58.973182
-35.103487
74.416289
32.293298
-143.219163
-147.431462
-19.658390
-39.315786
-109.520771
-53.356783
9.827703
15.444102
26.676900
105.306482
126.367978
1.403105
-37.911686
11.231803
57.567093
186.744265
199.381162
2.807205
-33.699387
216.230358
220.442657
-75.822378
50.546594
282.223044
43.526096
-46.336284
174.107367
190.956564
87.053186
89.861386
131.984377
172.703268
153.045872
-9.829692
-85.651076
136.196676
157.258171
-157.260160
-60.377281
283.627143
171.299168
-56.164982
40.717897
183.936065
110.922881
-5.617393
-30.891188
57.567093
234.483654
137.600775
-178.321656
-74.418278
234.483654
122.155679
-91.267475
-16.850191
101.094183
112.326981
-37.911686
-188.150353
50.546594
278.010745
-18.254291
-285.033232
-94.075674
131.984377
74.416289
-131.986366
-165.684758
33.697398
73.012189
-82.842876
-21.062490
78.628588
-202.191350
-400.169407
-95.479774
78.628588
-127.774067
-157.260160
-57.569082
-123.561768
-155.856060
-109.520771
-129.178166
-73.014179
37.909697
-141.815064
-331.368522
-92.671574
133.388476
-39.315786
-231.677444
-102.500272
92.669585
-64.589580
-283.629132
-30.891188
249.928751
-21.062490
-280.820933
-23.870689
124.963878
-117.945369
-141.815064
105.306482
98.285984
-47.740384
15.444102
37.909697
-146.027363
-140.410964
80.032688
94.073685
16.848202
37.909697
-16.850191
14.040002
133.388476
-14.041991
-113.733070
58.971193
64.587591
-64.589580
-23.870689
153.045872
241.504153
82.840887
-50.548584
39.313797
47.738395
-68.801880
119.347479
388.934620
46.334295
-251.334840
220.442657
367.873125
-112.328970
-98.287973
185.340165
5.615404
-171.301157
39.313797
174.107367
-5.617393
18.252301
143.217174
53.354794
29.485099
43.526096
87.053186
-5.617393
-77.226478
268.182047
317.325536
-289.245531
-390.340709
484.413399
470.372402
-588.318766
-202.191350
695.028353
9.827703
-578.490068
92.669585
447.906807
-75.822378
-272.396335
-36.507587
9.827703
196.572962
98.285984
-334.176721
43.526096
306.092738
-344.005419
-317.327525
431.057611
286.435343
-414.210404
-345.409519
143.217174
226.059056
-103.904372
-370.683313
-21.062490
402.975617
-21.062490
-533.558878
-112.328970
407.187916
129.176177
-275.204534
-210.615948
51.950694
158.662271
-50.548584
-358.046416
-276.608634
155.854071
231.675455
-197.979051
-268.184036
183.936065
209.209860
-219.040547
-254.143039
47.738395
19.656401
-120.753568
140.408975
134.792576
-199.383151
43.526096
162.874570
-353.834117
-290.649631
418.420714
325.750134
-296.266030
-254.143039
-82.842876
162.874570
377.701823
-212.020048
-374.895613
290.647642
278.010745
-278.012734
-167.088858
329.962433
73.012189
-306.094728
122.155679
172.703268
-150.239662
254.141050
175.511467
-509.689183
-29.487088
709.069350
-57.569082
-654.311451
296.264041
513.899493
-259.759438
-80.034677
137.600775
-161.472459
19.656401
254.141050
74.416289
-117.945369
-109.520771
43.526096
122.155679
-4.213294
75.820389
162.874570
-175.513456
-206.403649
131.984377
67.395791
-65.993680
255.545149
231.675455
-433.867800
-237.293843
690.816054
137.600775
-909.857595
80.032688
905.643307
-359.450516
-654.311451
467.564203
438.078110
-174.109356
-348.217718
-217.636447
405.783817
475.988801
-390.340709
-567.257270
249.928751
574.275780
-103.904372
-554.620373
37.909697
620.611070
-23.870689
-803.146019
-112.328970
856.499818
290.647642
-922.494493
-263.971737
1117.662361
67.395791
-988.487178
82.840887
484.413399
-165.684758
-203.595450
-21.062490
-169.897057
164.278669
459.139605
-519.517881
-648.695053
857.903918
718.898048
-1158.383241
-838.248511
1339.510112
481.605200
-1552.935255
197.977062
1385.845402
-831.228013
-919.686293
1079.751669
393.146919
-992.699477
147.429473
577.083979
-689.413944
63.183492
880.369513
-742.769732
-789.105022
1057.286074
456.331406
-1065.712661
95.477785
887.390011
-683.797545
-610.784361
954.786796
265.373847
-862.118206
122.155679
443.694508
-395.957108
230.271355
520.919991
-690.818043
-512.497382
817.185027
331.366533
-817.187016
94.073685
770.849737
-384.724310
-454.929295
422.633013
22.464601
-310.307027
237.291853
-9.829692
-352.430017
459.139605
508.283094
-579.894168
-372.087413
537.769188
81.436788
-421.230902
19.656401
196.572962
46.334295
164.278669
26.676900
-280.820933
224.654956
106.710582
-619.208959
275.202545
680.987356
-557.428573
-551.812174
724.514447
572.871680
-786.296822
-405.785806
692.220154
99.690084
-407.189905
-84.246976
209.209860
344.003430
-242.910241
-449.312896
334.174732
346.811630
-373.491513
-317.327525
359.448527
356.640327
-289.245531
-475.990790
196.572962
534.960988
-442.292398
-359.450516
675.370958
23.868700
-477.394890
-49.144484
74.416289
210.613959
18.252301
-376.299712
65.991691
664.138160
-327.156223
-791.913221
742.767743
512.495393
-984.274879
-234.485643
901.431008
-50.548584
-821.399315
349.619829
713.281649
-318.731625
-477.394890
46.334295
348.215729
186.744265
-329.964422
-384.724310
345.407530
412.804315
-478.798990
-96.883873
504.070795
-344.005419
-234.485643
393.146919
-148.835562
-101.096172
335.578832
-102.500272
-353.834117
249.928751
373.489524
-466.162093
-183.938054
693.624254
-2.809194
-900.028898
147.429473
1235.606735
-334.176721
-1175.232437
554.618384
874.753114
-522.326080
-664.140149
550.406085
461.947804
-586.914666
-228.869244
308.900938
220.442657
-16.850191
-313.115226
56.162993
321.537835
-35.103487
-387.532510
-134.794565
468.968303
15.444102
-394.553008
21.060501
207.805760
270.990246
-230.273344
-353.834117
447.906807
154.449972
-584.106467
-158.664260
644.480764
268.182047
-800.337819
-151.643761
895.814609
-154.451961
-697.838542
397.359218
311.709137
-322.943924
32.293298
-71.610079
-327.156223
534.960988
373.489524
-1047.459365
-88.459275
1295.983022
-342.601320
-1169.616039
494.242097
827.013724
-449.312896
-501.264585
265.373847
324.346034
37.909697
-501.264585
-109.520771
860.712117
-202.191350
-1093.794655
453.523206
871.944915
-721.708237
-391.744809
905.643307
40.717897
-728.728735
30.889199
318.729636
-137.602764
-15.446091
148.833573
-221.848746
95.477785
282.223044
-369.279214
-32.295288
488.625698
-244.314341
-335.580821
369.277225
131.984377
-220.444646
-70.205979
81.436788
116.539280
-129.178166
-113.733070
123.559778
131.984377
99.690084
-122.157668
-370.683313
32.293298
574.275780
148.833573
-432.463700
-209.211849
210.613959
127.772077
-183.938054
4.211305
195.168863
103.902383
-230.273344
-447.908797
405.783817
574.275780
-502.668685
-460.545694
387.530521
276.606645
-308.902927
61.779392
287.839442
-525.134280
-158.664260
849.479319
-16.850191
-798.933720
143.217174
454.927306
-204.999550
-109.520771
78.628588
-141.815064
255.545149
197.977062
-529.346579
-44.932185
578.488079
-87.055176
-605.167962
190.956564
605.165973
-240.102042
-320.135724
117.943380
-54.760883
126.367978
318.729636
-379.107912
-336.984921
638.864366
5.615404
-890.200200
301.880439
1016.567183
-425.443201
-1093.794655
623.419269
1062.902473
-842.460810
-884.583801
825.609625
688.007855
-716.091838
-421.230902
624.823369
60.375292
-318.731625
331.366533
49.142495
-575.681869
123.559778
512.495393
-286.437332
-216.232347
119.347479
176.915567
219.038557
-395.957108
-249.930740
412.804315
213.422159
-356.642316
-332.772622
228.867255
179.723766
130.580277
12.635903
-475.990790
92.669585
475.988801
-314.519326
-384.724310
433.865810
452.119106
-377.703812
-532.154778
234.483654
495.646197
-212.020048
-377.703812
204.997561
176.915567
-85.651076
23.868700
-47.740384
-181.129855
158.662271
301.880439
-139.006864
-247.122540
-73.014179
119.347479
351.023929
73.012189
-418.422703
-294.861930
384.722321
321.537835
-435.271899
-204.999550
402.975617
234.483654
-197.979051
-349.621818
50.546594
327.154234
-124.965867
-148.835562
244.312352
63.183492
-119.349468
-120.753568
74.416289
206.401660
-126.369967
-102.500272
2.807205
81.436788
332.770633
-169.897057
-513.901482
247.120551
499.858496
-360.854616
-487.223588
400.167418
511.091294
-300.478329
-549.003974
234.483654
456.331406
-279.416833
-204.999550
372.085424
-26.678889
-470.374392
32.293298
379.105922
131.984377
-228.869244
-344.005419
212.018059
582.700378
-282.225033
-923.898592
345.407530
956.190896
-418.422703
-561.640872
261.161548
151.641772
51.950694
-61.781381
-292.053731
154.449972
273.798445
-373.491513
-91.267475
428.249412
-334.176721
-478.798990
634.652066
460.543705
-584.106467
-359.450516
200.785261
386.126421
60.375292
-832.632112
-80.034677
1345.126511
-0.000995
-1579.613149
63.183492
1398.482299
-94.075674
-922.494493
-12.637892
619.206970
136.196676
-534.962977
54.758893
390.338720
-247.122540
-227.465145
259.757449
115.135180
-315.923425
190.956564
161.470470
-529.346579
196.572962
544.789686
-252.738939
-266.779936
384.722321
19.656401
-657.119651
139.004875
863.520316
-33.699387
-1105.027453
-71.610079
1208.928841
110.922881
-961.809284
-89.863375
1040.436878
-98.287973
-1010.952773
409.996116
554.618384
-352.430017
-272.396335
308.900938
414.208415
-294.861930
-303.286528
136.196676
151.641772
148.833573
-188.150353
-263.971737
252.736950
432.461711
-223.252846
-839.652611
402.975617
1006.738485
-533.558878
-613.592560
282.223044
353.832128
-44.932185
-381.916111
65.991691
497.050297
110.922881
-630.441757
-258.355338
636.056166
244.312352
-374.895613
-393.148909
179.723766
688.007855
-210.615948
-763.831227
261.161548
682.391456
-219.040547
-654.311451
234.483654
502.666695
-345.409519
-429.655501
417.016614
516.707692
-494.244086
-307.498827
356.640327
-54.760883
-168.492958
-123.561768
74.416289
362.256726
44.930196
-453.525195
-379.107912
303.284539
546.193786
5.615404
-662.736049
-122.157668
630.439767
-92.671574
-454.929295
172.703268
293.455841
-235.889743
-176.917556
273.798445
51.950694
-154.451961
14.040002
-12.637892
-227.465145
82.840887
307.496838
-231.677444
-146.027363
278.010745
-57.569082
-234.485643
133.388476
110.922881
-227.465145
147.429473
265.373847
-498.456385
-154.451961
553.214284
-58.973182
-318.731625
226.059056
50.546594
-335.580821
124.963878
202.189361
-265.375836
-18.254291
242.908252
32.293298
-160.068360
-164.280659
124.963878
266.777947
-153.047861
-351.025918
192.360663
452.119106
-108.116671
-508.285083
80.032688
461.947804
-183.938054
-227.465145
186.744265
49.142495
-46.336284
-99.692073
-47.740384
81.436788
182.531965
127.772077
-304.690628
-50.548584
313.113237
-75.822378
-254.143039
-94.075674
432.461711
314.517337
-526.538379
-105.308472
459.139605
-129.178166
-369.279214
167.086869
346.811630
-112.328970
-123.561768
148.833573
15.444102
-99.692073
-127.774067
39.313797
131.984377
126.367978
29.485099
-487.223588
-94.075674
803.144030
155.854071
-754.002530
-60.377281
586.912677
-112.328970
-346.813619
245.716452
11.231803
-242.910241
402.975617
143.217174
-614.996660
-119.349468
532.152789
280.818944
-307.498827
-439.484198
169.895068
426.845312
-179.725755
-395.957108
99.690084
572.871680
101.094183
-668.352448
-193.766752
501.262596
313.113237
-365.066915
-516.709681
278.010745
556.022484
-120.753568
-468.970292
-7.021493
377.701823
51.950694
-384.724310
-258.355338
421.228913
449.310907
-408.594005
-415.614504
178.319666
259.757449
172.703268
-299.074229
-431.059600
484.413399
366.469025
-624.825358
-148.835562
536.365088
18.252301
-442.292398
-67.397780
331.366533
109.518781
-157.260160
-212.020048
57.567093
210.613959
-67.397780
30.889199
-120.753568
-279.416833
384.722321
199.381162
-533.558878
60.375292
498.454396
-346.813619
-370.683313
461.947804
18.252301
-419.826803
279.414844
136.196676
-293.457830
67.395791
168.490969
-116.541269
-174.109356
61.779392
88.457286
162.874570
63.183492
-391.744809
-141.815064
359.448527
217.634458
-317.327525
-351.025918
349.619829
422.633013
-342.601320
-325.752123
310.305037
171.299168
-199.383151
-196.574952
-26.678889
335.578832
221.846757
-536.367077
-150.239662
801.739930
-200.787251
-843.864910
404.379717
676.775057
-95.479774
-605.167962
-308.902927
730.130846
407.187916
-685.201645
-362.258715
372.085424
504.070795
-43.528085
-422.635002
67.395791
96.881884
-272.396335
-82.842876
518.111792
270.990246
-533.558878
-82.842876
233.079554
-37.911686
21.060501
-22.466590
-60.377281
-14.041991
268.182047
-113.733070
-279.416833
412.804315
-2.809194
-238.697942
4.211305
-74.418278
227.463156
42.121996
-178.321656
-49.144484
178.319666
157.258171
-293.457830
251.332850
102.498283
-627.633557
254.141050
540.577387
-147.431462
-379.107912
-80.034677
224.654956
265.373847
81.436788
-614.996660
-123.561768
765.233338
-56.164982
-519.517881
-47.740384
322.941935
256.949249
-438.080099
-147.431462
478.797001
-171.301157
-148.835562
224.654956
-68.801880
-85.651076
-189.554453
101.094183
487.221599
-226.061045
-630.441757
313.113237
637.460266
-387.532510
-488.627688
339.791131
294.859941
-324.348024
-144.623263
395.955119
-15.446091
-292.053731
123.559778
74.416289
-224.656945
-74.418278
262.565648
14.040002
-332.772622
105.306482
388.934620
-176.917556
-475.990790
241.504153
522.324091
-497.052286
-537.771177
596.741375
275.202545
-367.875114
64.587591
12.635903
-165.684758
221.846757
188.148364
-481.607189
-197.979051
728.726746
167.086869
-536.367077
-290.649631
280.818944
498.454396
-241.506142
-474.586691
68.799890
519.515892
9.827703
-641.674554
190.956564
366.469025
-238.697942
75.820389
18.252301
-335.580821
331.366533
404.379717
-666.948349
-245.718441
603.761873
106.710582
-256.951238
-275.204534
189.552464
553.214284
-299.074229
-734.345134
318.729636
855.095718
-241.506142
-873.351003
54.758893
932.321201
190.956564
-923.898592
-235.889743
648.693063
182.531965
-283.629132
-103.904372
18.252301
54.758893
254.141050
-64.589580
-353.834117
-26.678889
248.524651
276.606645
-113.733070
-432.463700
19.656401
342.599330
-53.356783
-61.781381
99.690084
-117.945369
-95.479774
169.895068
207.805760
-384.724310
-179.725755
579.892178
51.950694
-447.908797
-70.205979
258.353349
37.909697
81.436788
14.040002
-464.757993
70.203990
344.003430
-9.829692
-28.082988
-158.664260
-71.610079
119.347479
139.004875
-9.829692
-181.129855
-19.658390
23.868700
-297.670129
136.196676
703.452951
-280.820933
-702.050841
188.148364
432.461711
50.546594
-394.553008
-161.472459
391.742820
238.695953
-409.998105
-356.642316
689.411955
307.496838
-967.425683
-42.123985
939.341700
-262.567637
-638.866355
453.523206
358.044427
-453.525195
-102.500272
424.037113
-115.137169
-360.854616
92.669585
275.202545
147.429473
-212.020048
-306.094728
196.572962
206.401660
-259.759438
160.066370
358.044427
-407.189905
-301.882428
324.346034
108.114682
-95.479774
226.059056
-154.451961
-466.162093
325.750134
442.290409
-179.725755
-307.498827
82.840887
327.154234
-178.321656
-424.039102
259.757449
505.474895
-366.471014
-306.094728
532.152789
70.203990
-527.942479
-123.561768
550.406085
65.991691
-554.620373
169.895068
520.919991
-238.697942
-829.823913
387.530521
1078.347569
-702.050841
-1001.124075
675.370958
807.356329
-464.757993
-563.044971
155.854071
373.489524
369.277225
-387.532510
-779.276324
453.523206
874.753114
-388.936609
-766.639427
329.962433
595.337275
-299.074229
-224.656945
171.299168
-209.211849
33.697398
325.750134
-137.602764
-252.738939
221.846757
359.448527
-613.592560
-584.106467
1105.025464
551.810185
-1235.608724
-279.416833
988.485189
-228.869244
-678.181146
786.294833
254.141050
-954.788786
84.244987
704.857051
-290.649631
-436.675999
504.070795
117.943380
-513.901482
67.395791
304.688639
204.997561
-329.964422
-504.072784
579.892178
380.510022
-579.894168
-105.308472
241.504153
61.779392
84.244987
-209.211849
-117.945369
395.955119
-35.103487
-539.175277
220.442657
588.316777
-402.977606
-473.182591
393.146919
113.731081
-255.547139
193.764763
183.936065
-447.908797
-116.541269
756.808740
-73.014179
-761.023028
71.608090
598.145474
200.785261
-686.605744
-226.061045
797.527631
172.703268
-794.721421
-402.977606
871.944915
634.652066
-867.734605
-751.194330
819.993226
810.164528
-928.110891
-724.516436
925.300703
522.324091
-754.002530
-254.143039
551.810185
-30.891188
-304.690628
-15.446091
178.319666
221.846757
-129.178166
-203.595450
-113.733070
321.537835
256.949249
-602.359763
-50.548584
746.980042
-175.513456
-702.050841
301.880439
467.564203
-345.409519
-189.554453
537.769188
181.127866
-852.289508
-306.094728
876.157214
492.837998
-643.078654
-679.585246
610.782372
647.288964
-669.756548
-487.223588
527.940490
381.914122
-383.320211
-360.854616
414.208415
338.387031
-755.406629
-212.020048
1151.360753
1.403105
-1088.178256
-43.528085
732.939045
68.799890
-571.469569
120.751579
414.208415
106.710582
-435.271899
-599.551563
789.103033
533.556889
-989.891278
-185.342154
1012.354884
-39.315786
-919.686293
272.394346
637.460266
-477.394890
-589.722865
593.933175
737.151344
-543.387576
-706.263140
296.264041
731.534945
-119.349468
-841.056710
98.285984
662.734060
1.403105
-317.327525
-200.787251
188.148364
251.332850
-287.841432
-172.705257
370.681324
46.334295
-306.094728
313.113237
105.306482
-651.503252
210.613959
602.357774
-335.580821
-398.765307
261.161548
338.387031
-182.533955
-268.184036
58.971193
276.606645
4.211305
-356.642316
254.141050
219.038557
-526.538379
94.073685
439.482209
-321.539824
-39.315786
318.729636
-344.005419
-95.479774
197.977062
-8.425593
259.757449
-81.438777
-418.422703
87.053186
467.564203
-155.856060
-421.230902
351.023929
112.326981
-249.930740
127.772077
49.142495
-131.986366
226.059056
155.854071
-689.413944
8.423604
967.423694
-384.724310
-953.384686
589.720876
915.472005
-643.078654
-827.015714
484.413399
533.556889
-39.315786
-338.389020
-317.327525
317.325536
249.928751
-265.375836
-151.643761
155.854071
224.654956
-150.239662
-249.930740
123.559778
146.025373
-209.211849
-0.000995
407.187916
-279.416833
-341.197220
409.996116
109.518781
-279.416833
-96.883873
256.949249
-64.589580
-210.615948
322.941935
-73.014179
-165.684758
33.697398
-137.602764
131.984377
254.141050
-51.952683
-475.990790
-18.254291
523.728191
18.252301
-329.964422
-88.459275
196.572962
53.354794
-40.719886
103.902383
-124.965867
-283.629132
278.010745
327.154234
-351.025918
-140.410964
161.470470
2.807205
112.326981
101.094183
-289.245531
-248.526640
453.523206
321.537835
-468.970292
-421.230902
474.584702
394.551019
-527.942479
-117.945369
379.105922
-11.233792
-192.362652
99.690084
87.053186
-227.465145
122.155679
70.203990
-105.308472
304.688639
-181.129855
-523.730180
373.489524
534.960988
-370.683313
-341.197220
313.113237
119.347479
-167.088858
61.779392
-50.548584
-189.554453
169.895068
283.627143
-46.336284
-372.087413
-1.405094
370.681324
-87.055176
-89.863375
115.135180
-256.951238
-61.781381
536.365088
-16.850191
-699.242641
263.969748
644.480764
-502.668685
-282.225033
352.428028
-116.541269
42.121996
136.196676
-196.574952
105.306482
210.613959
-365.066915
-249.930740
494.242097
119.347479
-307.498827
8.423604
47.738395
-65.993680
44.930196
186.744265
-190.958553
-174.109356
155.854071
75.820389
207.805760
-292.053731
-377.703812
511.091294
92.669585
-408.594005
144.621274
185.340165
-144.623263
-46.336284
60.375292
-81.438777
73.012189
129.176177
-251.334840
-16.850191
233.079554
-42.123985
-74.418278
-143.219163
44.930196
331.366533
-12.637892
-355.238217
-80.034677
373.489524
92.669585
-338.389020
-151.643761
275.202545
306.092738
-212.020048
-426.847301
29.485099
505.474895
15.444102
-461.949793
116.539280
268.182047
-56.164982
-255.547139
-95.479774
412.804315
141.813074
-532.154778
-299.074229
664.138160
328.558334
-595.339264
-39.315786
124.963878
12.635903
268.182047
-325.752123
-146.027363
395.955119
-175.513456
-146.027363
345.407530
-64.589580
-308.902927
348.215729
216.230358
-856.501807
-53.356783
1244.031333
-202.191350
-1092.390555
266.777947
762.425139
-74.418278
-665.544249
40.717897
459.139605
-131.986366
-148.835562
182.531965
101.094183
-265.375836
-73.014179
181.127866
-7.021493
51.950694
-141.815064
-67.397780
446.502708
-179.725755
-572.873669
602.357774
422.633013
-902.837097
-154.451961
856.499818
73.012189
-550.408074
-162.876559
210.613959
320.133735
28.080999
-627.633557
-196.574952
911.259706
252.736950
-804.550118
-98.287973
468.968303
80.032688
-216.232347
-341.197220
-0.000995
595.337275
189.552464
-734.345134
-119.349468
775.062036
-99.692073
-734.345134
304.688639
636.056166
-452.121096
-468.970292
303.284539
463.351904
73.012189
-575.681869
-457.737494
556.022484
688.007855
-546.195775
-564.449071
557.426583
394.551019
-501.264585
-490.031787
536.365088
622.015169
-554.620373
-657.119651
438.078110
565.851182
-388.936609
-450.716996
206.401660
379.105922
124.963878
-443.696497
-262.567637
616.398770
133.388476
-754.002530
-123.561768
742.767743
318.729636
-724.516436
-485.819488
754.000540
499.858496
-643.078654
-380.512011
405.783817
244.312352
-401.573507
-106.712571
600.953674
-40.719886
-530.750678
50.546594
251.332850
4.211305
19.656401
-77.226478
-405.785806
454.927306
591.124976
-863.522306
-294.861930
849.479319
-2.809194
-631.845856
88.457286
436.674010
-151.643761
-252.738939
130.580277
91.265485
-40.719886
-28.082988
5.615404
102.498283
30.889199
-157.260160
-189.554453
53.354794
414.208415
-1.405094
-512.497382
78.628588
400.167418
-116.541269
-139.006864
122.155679
-70.205979
-74.418278
7.019504
-16.850191
181.127866
8.423604
-261.163537
89.861386
374.893623
-226.061045
-353.834117
366.469025
-29.487088
-269.588136
411.400215
21.060501
-339.793120
174.107367
57.567093
-234.485643
110.922881
241.504153
-186.746254
-137.602764
307.496838
-276.608634
-227.465145
786.294833
-224.656945
-784.892723
544.789686
393.146919
-397.361208
-204.999550
223.250857
144.621274
-169.897057
-0.000995
-56.164982
85.649087
314.517337
-327.156223
-285.033232
377.701823
61.779392
-301.882428
22.464601
167.086869
78.628588
-217.636447
-63.185481
473.180602
-185.342154
-614.996660
240.100053
492.837998
-136.198665
-249.930740
73.012189
-50.548584
92.669585
143.217174
-304.690628
-15.446091
186.744265
-60.377281
101.094183
134.792576
-286.437332
-224.656945
417.016614
169.895068
-384.724310
-324.348024
315.921436
752.596441
-492.839987
-766.639427
571.467580
379.105922
-432.463700
-308.902927
321.537835
541.981487
-154.451961
-748.386131
-43.528085
803.144030
116.539280
-636.058155
-318.731625
411.400215
748.384142
-276.608634
-947.768287
183.936065
811.568628
-88.459275
-572.873669
-40.719886
365.064926
351.023929
-324.348024
-553.216273
355.236228
541.981487
-197.979051
-578.490068
119.347479
532.152789
-98.287973
-383.320211
-70.205979
346.811630
148.833573
-334.176721
-154.451961
484.413399
64.587591
-645.886853
168.490969
342.599330
-219.040547
130.580277
193.764763
-307.498827
-172.705257
174.107367
81.436788
154.449972
-88.459275
-467.566192
154.449972
720.302148
-134.794565
-688.009844
-44.932185
273.798445
402.975617
120.751579
-692.222143
-373.491513
756.808740
589.720876
-658.523750
-746.982031
516.707692
807.356329
-501.264585
-775.064025
397.359218
585.508577
-37.911686
-467.566192
-280.820933
530.748689
231.675455
-579.894168
-129.178166
497.050297
300.476340
-550.408074
-591.126965
822.801425
714.685749
-980.062580
-648.695053
728.726746
518.111792
-388.936609
-485.819488
269.586146
477.392901
-261.163537
-450.716996
230.271355
424.037113
-154.451961
-394.553008
-96.883873
356.640327
332.770633
-304.690628
-408.594005
197.977062
551.810185
-188.150353
-696.434442
254.141050
619.206970
-178.321656
-591.126965
91.265485
841.054721
-226.061045
-991.295378
432.461711
791.911232
-376.299712
-617.804859
238.695953
664.138160
-278.012734
-585.510566
252.736950
428.249412
-57.569082
-537.771177
50.546594
784.890734
-192.362652
-849.481309
116.539280
880.369513
67.395791
-1041.842966
-101.096172
1095.196766
144.621274
-1064.308562
-272.396335
1276.325626
262.565648
-1453.244176
-158.664260
1324.065016
213.422159
-1182.252936
-193.766752
1121.874660
65.991691
-907.049396
-23.870689
534.960988
131.984377
-82.842876
-414.210404
-143.219163
720.302148
87.053186
-773.659925
74.416289
843.862921
-344.005419
-1022.185571
578.488079
971.635993
-488.627688
-657.119651
202.189361
300.476340
4.211305
-26.678889
-212.020048
-199.383151
365.064926
301.880439
-335.580821
-223.252846
256.949249
28.080999
-262.567637
131.984377
344.003430
-221.848746
-376.299712
249.928751
289.243542
-130.582266
-285.033232
106.710582
377.701823
-518.113781
-313.115226
989.889289
51.950694
-1057.288063
53.354794
827.013724
115.135180
-504.072784
-287.841432
30.889199
366.469025
431.057611
-612.188461
-550.408074
1024.991781
318.729636
-1255.266120
-21.062490
1071.327071
-245.718441
-692.222143
475.988801
342.599330
-452.121096
-95.479774
96.881884
-25.274789
275.202545
68.799890
-673.968847
16.848202
1165.401750
-167.088858
-1342.320301
174.107367
1253.860031
-155.856060
-1102.219253
181.127866
822.801425
-82.842876
-584.106467
-49.144484
551.810185
186.744265
-627.633557
-351.025918
553.214284
459.139605
-249.930740
-553.216273
102.498283
616.398770
-71.610079
-645.886853
-44.932185
783.486634
42.121996
-887.392000
32.293298
784.890734
54.758893
-582.702367
-164.280659
508.283094
120.751579
-532.154778
-7.021493
370.681324
-58.973182
-32.295288
47.738395
-270.992235
54.758893
341.195231
-131.986366
-241.506142
26.676900
98.285984
115.135180
58.971193
-161.472459
-70.205979
-14.041991
-30.891188
351.023929
75.820389
-546.195775
-137.602764
508.283094
26.676900
-303.286528
320.133735
103.902383
-658.523750
-109.520771
953.382697
153.045872
-1089.582356
-148.835562
905.643307
207.805760
-550.408074
-167.088858
116.539280
51.950694
342.599330
-64.589580
-697.838542
61.779392
930.917102
12.635903
-1037.630667
176.915567
1107.833663
-520.921981
-1171.020138
613.590571
1207.524741
-553.216273
-1107.835652
650.097163
777.870235
-718.900037
-331.368522
672.562758
-147.431462
-541.983476
606.570073
176.915567
-672.564747
216.230358
513.899493
-395.957108
-460.545694
547.597886
238.695953
-623.421258
49.142495
575.679879
-25.274789
-588.318766
44.930196
560.234783
-317.327525
-287.841432
530.748689
-29.487088
-567.257270
67.395791
602.357774
212.018059
-730.132835
-565.853171
808.760428
755.404640
-742.769732
-805.954218
605.165973
894.410510
-447.908797
-944.960088
325.750134
850.883419
-193.766752
-772.255826
56.162993
812.972727
-11.233792
-812.974717
-50.548584
846.671120
270.990246
-951.980586
-490.031787
1019.375382
627.631568
-1165.403739
-693.626243
1376.016704
688.007855
-1376.018693
-735.749234
1162.593551
834.034223
-1006.740474
-822.803414
734.343145
675.370958
-105.308472
-636.058155
-435.271899
627.631568
589.720876
-550.408074
-688.009844
541.981487
706.261151
-549.003974
-679.585246
544.789686
748.384142
-680.989345
-714.687738
699.240652
512.495393
-488.627688
-286.437332
352.428028
57.567093
-292.053731
-58.973182
124.963878
325.750134
73.012189
-491.435887
-154.451961
452.119106
134.792576
-325.752123
-106.712571
157.258171
-39.315786
-33.699387
356.640327
92.669585
-470.374392
-234.485643
237.291853
161.470470
-12.637892
134.792576
-75.822378
-269.588136
70.203990
158.662271
112.326981
-43.528085
-220.444646
-87.055176
22.464601
366.469025
234.483654
-490.031787
-387.532510
325.750134
470.372402
-195.170852
-438.080099
108.114682
436.674010
-82.842876
-435.271899
270.990246
304.688639
-306.094728
-265.375836
130.580277
329.962433
127.772077
-283.629132
-424.039102
346.811630
422.633013
-498.456385
-207.807749
491.433898
199.381162
-400.169407
-282.225033
407.187916
324.346034
-556.024473
-287.841432
553.214284
133.388476
-164.280659
-96.883873
-255.547139
272.394346
268.182047
-421.230902
-49.144484
365.064926
43.526096
-299.074229
-228.869244
384.722321
352.428028
-490.031787
-345.409519
456.331406
130.580277
-203.595450
43.526096
-54.760883
44.930196
23.868700
-146.027363
96.881884
122.155679
-179.725755
-26.678889
237.291853
-235.889743
-342.601320
438.078110
592.529076
-550.408074
-836.844411
692.220154
783.486634
-718.900037
-571.469569
577.083979
321.537835
-414.210404
-7.021493
245.716452
-98.287973
-113.733070
-119.349468
33.697398
334.174732
120.751579
-450.716996
-234.485643
498.454396
158.662271
-303.286528
-67.397780
-1.405094
-16.850191
181.127866
75.820389
-278.012734
175.511467
252.736950
-509.689183
-73.014179
534.960988
-39.315786
-424.039102
18.252301
401.571518
130.580277
-317.327525
-344.005419
179.723766
412.804315
-68.801880
-315.923425
148.833573
266.777947
-300.478329
-124.965867
188.148364
105.306482
19.656401
-231.677444
39.313797
165.682769
-0.000995
11.231803
-70.205979
-139.006864
49.142495
249.928751
-126.369967
-122.157668
160.066370
15.444102
-167.088858
-101.096172
359.448527
74.416289
-512.497382
78.628588
508.283094
-346.813619
-286.437332
668.350459
-214.828248
-720.304137
657.117662
623.419269
-797.529620
-651.503252
602.357774
675.370958
-127.774067
-738.557433
-306.094728
800.335830
380.510022
-659.927850
-349.621818
443.694508
286.435343
-386.128410
-75.822378
314.517337
-49.144484
-306.094728
-39.315786
428.249412
130.580277
-461.949793
-358.046416
363.660826
534.960988
-268.184036
-499.860485
65.991691
342.599330
74.416289
-161.472459
-174.109356
49.142495
251.332850
-67.397780
-304.690628
73.012189
467.564203
-263.971737
-565.853171
557.426583
379.105922
-439.484198
-143.219163
57.567093
101.094183
77.224489
-214.828248
36.505597
360.852626
-110.924870
-447.908797
44.930196
456.331406
96.881884
-379.107912
-262.567637
256.949249
355.236228
-171.301157
-335.580821
95.477785
299.072240
-0.000995
-279.416833
-35.103487
151.641772
51.950694
85.649087
-213.424148
-186.746254
443.694508
61.779392
-460.545694
133.388476
279.414844
-137.602764
-89.863375
-88.459275
15.444102
207.805760
-18.254291
57.567093
56.162993
-426.847301
15.444102
616.398770
-71.610079
-407.189905
-29.487088
139.004875
238.695953
-101.096172
-290.649631
212.018059
388.934620
-376.299712
-556.024473
565.851182
585.508577
-478.798990
-546.195775
207.805760
554.618384
9.827703
-426.847301
-140.410964
221.846757
157.258171
-116.541269
-94.075674
162.874570
25.272800
-308.902927
61.779392
359.448527
-71.610079
-134.794565
47.738395
-217.636447
-70.205979
325.750134
16.848202
-133.390465
49.142495
-140.410964
-0.000995
342.599330
-131.986366
-381.916111
164.278669
162.874570
-64.589580
137.600775
-32.295288
-334.176721
81.436788
252.736950
-133.390465
-8.425593
57.567093
-230.273344
4.211305
360.852626
-89.863375
-324.348024
217.634458
21.060501
-136.198665
210.613959
-224.656945
-154.451961
408.592016
-116.541269
-234.485643
282.223044
-16.850191
-233.081544
-32.295288
202.189361
199.381162
-247.122540
-221.848746
150.237673
230.271355
-46.336284
-345.409519
70.203990
341.195231
-89.863375
-242.910241
117.943380
206.401660
-299.074229
-136.198665
411.400215
60.375292
-300.478329
16.848202
259.757449
-255.547139
-251.334840
415.612514
164.278669
-227.465145
-134.794565
-23.870689
112.326981
242.908252
1.403105
-379.107912
-106.712571
428.249412
261.161548
-447.908797
-261.163537
506.878994
176.915567
-564.449071
-230.273344
664.138160
495.646197
-659.927850
-689.413944
554.618384
602.357774
-356.642316
-438.080099
176.915567
377.701823
-265.375836
-269.588136
454.927306
223.250857
-436.675999
-402.977606
294.859941
445.098608
-117.945369
-139.006864
-58.973182
-127.774067
85.649087
212.018059
134.792576
-178.321656
-426.847301
-47.740384
591.124976
417.016614
-556.024473
-629.037657
454.927306
560.234783
-409.998105
-409.998105
454.927306
245.716452
-586.914666
-37.911686
549.001985
2.807205
-370.683313
-113.733070
289.243542
-57.569082
-245.718441
453.523206
214.826258
-664.140149
-327.156223
534.960988
499.858496
-207.807749
-526.538379
-53.356783
324.346034
64.587591
-98.287973
92.669585
115.135180
-174.109356
-321.539824
126.367978
452.119106
-12.637892
-495.648186
-217.636447
522.324091
369.277225
-511.093283
-359.450516
447.906807
289.243542
-412.806304
-269.588136
272.394346
383.318222
-85.651076
-588.318766
7.019504
655.713562
43.526096
-614.996660
-172.705257
575.679879
241.504153
-536.367077
-196.574952
453.523206
124.963878
-329.964422
-46.336284
188.148364
-26.678889
-108.116671
29.485099
190.956564
-35.103487
-366.471014
15.444102
494.242097
112.326981
-589.722865
-213.424148
558.830683
353.832128
-336.984921
-602.359763
210.613959
738.555444
-154.451961
-655.715551
49.142495
529.344590
63.183492
-373.491513
-185.342154
219.038557
292.051741
-91.267475
-297.670129
-33.699387
269.586146
164.278669
-217.636447
-308.902927
134.792576
315.921436
-15.446091
-190.958553
-134.794565
228.867255
95.477785
-327.156223
26.676900
301.880439
106.710582
-299.074229
-310.307027
322.941935
402.975617
-283.629132
-372.087413
241.504153
130.580277
-235.889743
160.066370
248.524651
-339.793120
-206.403649
376.297723
-26.678889
-248.526640
279.414844
28.080999
-296.266030
108.114682
183.936065
-176.917556
-96.883873
370.681324
-101.096172
-596.743364
336.982932
534.960988
-355.238217
-202.191350
242.908252
-148.835562
-161.472459
338.387031
137.600775
-341.197220
-188.150353
216.230358
223.250857
18.252301
-95.479774
-251.334840
-219.040547
394.551019
452.119106
-499.860485
-405.785806
523.728191
254.141050
-452.121096
-117.945369
278.010745
75.820389
-70.205979
-203.595450
-35.103487
283.627143
130.580277
-171.301157
-292.053731
16.848202
446.502708
116.539280
-575.681869
-146.027363
637.460266
47.738395
-480.203089
-39.315786
293.455841
228.867255
-311.711126
-329.964422
351.023929
321.537835
-241.506142
-344.005419
157.258171
289.243542
-81.438777
-146.027363
-155.856060
50.546594
359.448527
-105.308472
-370.683313
207.805760
367.873125
-220.444646
-527.942479
210.613959
680.987356
-245.718441
-692.222143
228.867255
556.022484
-164.280659
-219.040547
9.827703
-113.733070
101.094183
99.690084
-42.123985
-1.405094
-23.870689
30.889199
-15.446091
-56.164982
11.231803
35.101498
22.464601
11.231803
-87.055176
-134.794565
226.059056
289.243542
-244.314341
-339.793120
58.971193
327.154234
139.004875
-374.895613
-203.595450
400.167418
193.764763
-328.560323
-162.876559
245.716452
134.792576
-103.904372
-203.595450
-78.630577
339.791131
186.744265
-307.498827
-189.554453
174.107367
174.107367
-89.863375
-129.178166
57.567093
94.073685
-68.801880
-103.904372
96.881884
141.813074
-162.876559
-204.999550
244.312352
190.956564
-303.286528
-84.246976
431.057611
-47.740384
-600.955663
113.731081
516.707692
16.848202
-186.746254
-230.273344
-61.781381
268.182047
200.785261
-178.321656
-412.806304
123.559778
581.296278
-99.692073
-502.668685
-89.863375
328.558334
436.674010
-318.731625
-640.270454
351.023929
606.570073
-254.143039
-409.998105
102.498283
82.840887
115.135180
154.449972
-314.519326
-141.815064
251.332850
94.073685
-60.377281
-127.774067
-68.801880
61.779392
188.148364
19.656401
-268.184036
-63.185481
322.941935
103.902383
-422.635002
-47.740384
351.023929
-9.829692
-71.610079
-92.671574
-210.615948
306.092738
481.605200
-511.093283
-707.667240
505.474895
821.397326
-268.184036
-860.714106
44.930196
862.116217
81.436788
-838.248511
-192.362652
768.041537
290.647642
-672.564747
-346.813619
487.221599
414.208415
-190.958553
-499.860485
-33.699387
474.584702
126.367978
-379.107912
-103.904372
285.031243
-9.829692
-169.897057
85.649087
115.135180
-102.500272
-120.753568
140.408975
144.621274
-157.260160
-224.656945
19.656401
360.852626
255.545149
-467.566192
-475.990790
428.249412
650.097163
-255.547139
-787.700922
153.045872
794.719431
-85.651076
-728.728735
-36.507587
654.309462
221.846757
-471.778491
-453.525195
196.572962
622.015169
74.416289
-600.955663
-310.307027
417.016614
518.111792
-195.170852
-570.065470
25.272800
501.262596
127.772077
-522.326080
-265.375836
516.707692
408.592016
-358.046416
-571.469569
224.654956
577.083979
-92.671574
-394.553008
-147.431462
265.373847
308.900938
-234.485643
-317.327525
213.422159
349.619829
-202.191350
-414.210404
219.038557
415.612514
-275.204534
-324.348024
329.962433
227.463156
-266.779936
-317.327525
175.511467
509.687194
-206.403649
-598.147464
137.600775
606.570073
26.676900
-593.935165
-124.965867
438.078110
245.716452
-252.738939
-374.895613
119.347479
338.387031
113.731081
-242.910241
-355.238217
165.682769
404.379717
-87.055176
-421.230902
5.615404
426.845312
42.121996
-332.772622
-61.781381
178.319666
-5.617393
-85.651076
143.217174
65.991691
-293.457830
-60.377281
367.873125
51.950694
-306.094728
-119.349468
193.764763
273.798445
-95.479774
-454.929295
-5.617393
574.275780
56.162993
-556.024473
-109.520771
443.694508
176.915567
-334.176721
-162.876559
262.565648
164.278669
-270.992235
-282.225033
353.832128
450.715007
-331.368522
-551.812174
130.580277
582.700378
127.772077
-570.065470
-373.491513
511.091294
602.357774
-409.998105
-641.674554
259.757449
568.659381
5.615404
-529.346579
-199.383151
415.612514
280.818944
-154.451961
-283.629132
21.060501
162.874570
49.142495
64.587591
-176.917556
-174.109356
226.059056
158.662271
-199.383151
-134.794565
245.716452
110.922881
-308.902927
-94.075674
248.524651
108.114682
-110.924870
-117.945369
11.231803
105.306482
28.080999
-105.308472
26.676900
124.963878
-146.027363
-112.328970
212.018059
94.073685
-247.122540
-109.520771
273.798445
102.498283
-234.485643
-113.733070
56.162993
160.066370
60.375292
-235.889743
37.909697
216.230358
-233.081544
-139.006864
315.921436
61.779392
-306.094728
47.738395
155.854071
-112.328970
8.423604
19.656401
2.807205
82.840887
-42.123985
-216.232347
19.656401
384.722321
-47.740384
-360.854616
139.004875
220.442657
-252.738939
-140.410964
313.113237
60.375292
-245.718441
2.807205
124.963878
42.121996
-35.103487
-70.205979
-32.295288
-5.617393
110.922881
67.395791
-120.753568
-81.438777
87.053186
98.285984
-175.513456
-160.068360
270.990246
212.018059
-283.629132
-199.383151
242.908252
130.580277
-168.492958
-26.678889
82.840887
-96.883873
-2.809194
151.641772
-44.932185
-130.582266
119.347479
150.237673
-167.088858
-209.211849
75.820389
328.558334
108.114682
-365.066915
-210.615948
182.531965
234.483654
49.142495
-213.424148
-130.582266
116.539280
102.498283
18.252301
-57.569082
-22.466590
-7.021493
-36.507587
109.518781
21.060501
-96.883873
-18.254291
-36.507587
74.416289
144.621274
-98.287973
-181.129855
64.587591
158.662271
-30.891188
-84.246976
23.868700
1.403105
-63.185481
71.608090
203.593461
-130.582266
-344.005419
106.710582
318.729636
-14.041991
-220.444646
-1.405094
154.449972
-49.144484
-123.561768
92.669585
113.731081
-151.643761
-39.315786
140.408975
-110.924870
-37.911686
248.524651
-98.287973
-307.498827
273.798445
179.723766
-433.867800
2.807205
474.584702
-33.699387
-407.189905
-53.356783
308.900938
68.799890
-286.437332
-2.809194
299.072240
-32.295288
-292.053731
30.889199
244.312352
-74.418278
-74.418278
137.600775
-131.986366
-130.582266
176.915567
89.861386
-36.507587
-73.014179
-75.822378
85.649087
39.313797
-124.965867
19.656401
154.449972
-5.617393
-96.883873
-96.883873
9.827703
244.312352
-46.336284
-297.670129
115.135180
233.079554
-134.794565
-161.472459
244.312352
77.224489
-380.512011
30.889199
344.003430
-30.891188
-240.102042
-89.863375
183.936065
183.936065
-42.123985
-265.375836
-189.554453
383.318222
304.688639
-463.353893
-275.204534
463.351904
197.977062
-429.655501
-116.541269
324.346034
37.909697
-133.390465
-7.021493
-22.466590
85.649087
106.710582
-179.725755
-116.541269
188.148364
60.375292
-113.733070
43.526096
44.930196
-87.055176
-7.021493
19.656401
-0.000995
35.101498
47.738395
23.868700
-164.280659
-64.589580
259.757449
92.669585
-261.163537
-186.746254
252.736950
244.312352
-223.252846
-210.615948
153.045872
203.593461
-46.336284
-196.574952
-84.246976
122.155679
188.148364
9.827703
-262.567637
-151.643761
294.859941
220.442657
-252.738939
-223.252846
154.449972
171.299168
-95.479774
-124.965867
81.436788
103.902383
-146.027363
-120.753568
214.826258
108.114682
-242.910241
-91.267475
134.792576
63.183492
-14.041991
-68.801880
-21.062490
9.827703
-9.829692
81.436788
8.423604
-101.096172
-49.144484
50.546594
157.258171
-63.185481
-248.526640
133.388476
285.031243
-151.643761
-283.629132
148.833573
237.291853
-140.410964
-169.897057
96.881884
154.449972
-80.034677
-178.321656
43.526096
167.086869
54.758893
-71.610079
-50.548584
-9.829692
32.293298
73.012189
-58.973182
-129.178166
71.608090
117.943380
-108.116671
-65.993680
143.217174
53.354794
-185.342154
-81.438777
182.531965
82.840887
-71.610079
-35.103487
-22.466590
-2.809194
51.950694
8.423604
-60.377281
-7.021493
46.334295
11.231803
9.827703
40.717897
-50.548584
-60.377281
58.971193
25.272800
36.505597
19.656401
-147.431462
5.615404
164.278669
-64.589580
-120.753568
81.436788
105.306482
-49.144484
-65.993680
44.930196
12.635903
-36.507587
5.615404
29.485099
11.231803
-22.466590
-5.617393
-19.658390
33.697398
37.909697
-92.671574
-21.062490
102.498283
22.464601
-46.336284
-18.254291
-21.062490
1.403105
5.615404
-23.870689
26.676900
15.444102
-5.617393
32.293298
-16.850191
-47.740384
37.909697
16.848202
-46.336284
16.848202
5.615404
-39.315786
-22.466590
35.101498
42.121996
-40.719886
-1.405094
56.162993
-65.993680
-98.287973
82.840887
96.881884
-99.692073
-58.973182
84.244987
-7.021493
-63.185481
9.827703
26.676900
12.635903
-23.870689
-12.637892
37.909697
54.758893
-2.809194
-112.328970
-49.144484
112.326981
70.203990
-98.287973
-71.610079
96.881884
81.436788
-89.863375
-94.075674
68.799890
53.354794
-42.123985
4.211305
16.848202
-19.658390
22.464601
21.060501
-81.438777
-57.569082
95.477785
103.902383
-70.205979
-115.137169
105.306482
89.861386
-136.198665
-7.021493
88.457286
-102.500272
9.827703
168.490969
-67.397780
-157.260160
70.203990
126.367978
-42.123985
-102.500272
49.142495
122.155679
-77.226478
-116.541269
124.963878
109.518781
-147.431462
-141.815064
141.813074
189.552464
-133.390465
-176.917556
119.347479
113.731081
-39.315786
-67.397780
-22.466590
73.012189
5.615404
-96.883873
1.403105
122.155679
21.060501
-182.533955
2.807205
226.059056
-51.952683
-171.301157
47.738395
129.176177
25.272800
-106.712571
-51.952683
60.375292
51.950694
-16.850191
-46.336284
-0.000995
22.464601
14.040002
-15.446091
-2.809194
46.334295
-28.082988
-82.842876
14.040002
103.902383
14.040002
-109.520771
15.444102
117.943380
-43.528085
-119.349468
19.656401
102.498283
1.403105
-58.973182
32.293298
32.293298
-53.356783
-32.295288
50.546594
33.697398
-85.651076
-35.103487
103.902383
23.868700
-88.459275
-19.658390
43.526096
14.040002
11.231803
-23.870689
-51.952683
28.080999
75.820389
19.656401
-109.520771
-85.651076
122.155679
89.861386
-133.390465
-78.630577
178.319666
96.881884
-203.595450
-127.774067
150.237673
134.792576
-112.328970
-151.643761
92.669585
153.045872
-88.459275
-143.219163
58.971193
109.518781
-23.870689
-91.267475
-43.528085
37.909697
73.012189
23.868700
-53.356783
-61.781381
15.444102
84.244987
-8.425593
-110.924870
7.019504
109.518781
22.464601
-88.459275
-57.569082
51.950694
68.799890
-16.850191
-73.014179
1.403105
123.559778
29.485099
-161.472459
-30.891188
168.490969
25.272800
-134.794565
-2.809194
98.285984
16.848202
-33.699387
-46.336284
-11.233792
64.587591
29.485099
-73.014179
-42.123985
81.436788
53.354794
-37.911686
-35.103487
-8.425593
16.848202
9.827703
-33.699387
1.403105
47.738395
18.252301
-11.233792
-30.891188
-44.932185
-12.637892
73.012189
56.162993
-67.397780
-61.781381
64.587591
108.114682
-35.103487
-134.794565
8.423604
124.963878
-11.233792
-116.541269
23.868700
126.367978
35.101498
-113.733070
-106.712571
89.861386
131.984377
-57.569082
-126.369967
25.272800
131.984377
46.334295
-96.883873
-99.692073
30.889199
130.580277
28.080999
-123.561768
-18.254291
102.498283
28.080999
-47.740384
-29.487088
15.444102
15.444102
-29.487088
-1.405094
49.142495
-39.315786
-53.356783
91.265485
46.334295
-96.883873
-44.932185
64.587591
43.526096
-42.123985
-43.528085
35.101498
39.313797
-60.377281
-80.034677
57.567093
91.265485
-67.397780
-94.075674
65.991691
96.881884
-61.781381
-105.308472
47.738395
68.799890
-73.014179
-82.842876
68.799890
112.326981
-68.801880
-146.027363
58.971193
178.319666
-46.336284
-219.040547
12.635903
212.018059
42.121996
-185.342154
-115.137169
151.641772
134.792576
-123.561768
-131.986366
87.053186
131.984377
-65.993680
-140.410964
49.142495
146.025373
-19.658390
-144.623263
-5.617393
148.833573
18.252301
-174.109356
-46.336284
197.977062
99.690084
-196.574952
-146.027363
172.703268
183.936065
-109.520771
-193.766752
39.313797
209.209860
15.444102
-212.020048
-65.993680
186.744265
109.518781
-161.472459
-124.965867
134.792576
139.004875
-65.993680
-141.815064
22.464601
144.621274
26.676900
-120.753568
-57.569082
92.669585
85.649087
-51.952683
-98.287973
32.293298
106.710582
-8.425593
-81.438777
7.019504
53.354794
14.040002
-8.425593
-35.103487
-11.233792
37.909697
18.252301
-16.850191
-8.425593
19.656401
18.252301
-5.617393
-12.637892
-2.809194
25.272800
14.040002
-32.295288
-30.891188
16.848202
61.779392
-9.829692
-78.630577
4.211305
68.799890
18.252301
-68.801880
-63.185481
63.183492
101.094183
-40.719886
-133.390465
11.231803
137.600775
-1.405094
-129.178166
-4.213294
108.114682
21.060501
-77.226478
-43.528085
26.676900
26.676900
5.615404
-25.274789
-39.315786
23.868700
