-18.117912
-25.364291
-32.610671
-21.741102
-21.741102
-18.117912
-21.741102
-25.364291
-21.741102
-14.494722
-14.494722
-18.117912
-14.494722
-18.117912
-14.494722
-10.871532
-18.117912
-3.625152
-0.001963
-3.625152
-3.625152
3.621227
3.621227
3.621227
3.621227
-0.001963
-0.001963
7.244417
7.244417
-3.625152
-0.001963
-3.625152
-0.001963
-3.625152
-7.248342
3.621227
7.244417
7.244417
3.621227
-0.001963
-3.625152
-3.625152
-7.248342
-3.625152
-3.625152
3.621227
7.244417
-3.625152
3.621227
14.490797
18.113987
14.490797
7.244417
10.867607
14.490797
18.113987
14.490797
7.244417
18.113987
14.490797
18.113987
36.229936
28.983556
39.853126
39.853126
32.606746
39.853126
47.099505
32.606746
25.360366
18.113987
10.867607
10.867607
14.490797
10.867607
-3.625152
-0.001963
3.621227
-3.625152
-0.001963
3.621227
14.490797
-0.001963
-0.001963
7.244417
-0.001963
3.621227
10.867607
10.867607
7.244417
14.490797
14.490797
18.113987
25.360366
18.113987
18.113987
14.490797
14.490797
14.490797
7.244417
-0.001963
3.621227
3.621227
3.621227
10.867607
10.867607
7.244417
3.621227
-7.248342
-3.625152
-3.625152
-3.625152
3.621227
-7.248342
-14.494722
-7.248342
-3.625152
-7.248342
-10.871532
-7.248342
-10.871532
-14.494722
-3.625152
-0.001963
-18.117912
-14.494722
-7.248342
-10.871532
-18.117912
-10.871532
-10.871532
-14.494722
-10.871532
-14.494722
-14.494722
-7.248342
-7.248342
-14.494722
-7.248342
-7.248342
-10.871532
-3.625152
-7.248342
-18.117912
-10.871532
-7.248342
-10.871532
-7.248342
-7.248342
-14.494722
-3.625152
-7.248342
-14.494722
-7.248342
-3.625152
-10.871532
-7.248342
-7.248342
-3.625152
-7.248342
-7.248342
-10.871532
-28.987481
-21.741102
-10.871532
-14.494722
-14.494722
-21.741102
-21.741102
-18.117912
-14.494722
-10.871532
-21.741102
-14.494722
-7.248342
-14.494722
-14.494722
-7.248342
-0.001963
-7.248342
-10.871532
-10.871532
-14.494722
-10.871532
-3.625152
-7.248342
-0.001963
-3.625152
-0.001963
3.621227
-0.001963
-3.625152
3.621227
-0.001963
3.621227
7.244417
-0.001963
-0.001963
7.244417
3.621227
-3.625152
10.867607
10.867607
10.867607
18.113987
10.867607
14.490797
14.490797
14.490797
10.867607
10.867607
14.490797
10.867607
14.490797
7.244417
7.244417
14.490797
18.113987
18.113987
21.737176
18.113987
14.490797
18.113987
3.621227
10.867607
21.737176
7.244417
10.867607
18.113987
10.867607
14.490797
14.490797
7.244417
10.867607
14.490797
14.490797
18.113987
10.867607
-3.625152
7.244417
7.244417
10.867607
14.490797
14.490797
7.244417
10.867607
14.490797
14.490797
10.867607
14.490797
7.244417
-0.001963
7.244417
7.244417
10.867607
7.244417
10.867607
10.867607
14.490797
7.244417
3.621227
3.621227
7.244417
3.621227
7.244417
14.490797
10.867607
3.621227
-3.625152
7.244417
18.113987
7.244417
3.621227
7.244417
7.244417
-0.001963
-0.001963
3.621227
3.621227
3.621227
-0.001963
3.621227
3.621227
-0.001963
-0.001963
3.621227
3.621227
-0.001963
3.621227
-0.001963
-0.001963
-0.001963
-0.001963
3.621227
-3.625152
-0.001963
3.621227
-3.625152
-3.625152
-3.625152
-7.248342
-14.494722
-14.494722
-14.494722
-7.248342
-14.494722
-25.364291
-28.987481
-21.741102
-28.987481
-32.610671
-28.987481
-32.610671
-39.857051
-39.857051
-32.610671
-28.987481
-32.610671
-28.987481
-28.987481
-36.233861
-28.987481
-28.987481
-25.364291
-14.494722
-25.364291
-21.741102
-10.871532
-14.494722
-14.494722
-14.494722
-21.741102
-21.741102
-14.494722
-14.494722
-14.494722
-18.117912
-10.871532
-7.248342
-10.871532
-0.001963
-3.625152
-10.871532
-3.625152
3.621227
3.621227
-3.625152
-3.625152
7.244417
14.490797
10.867607
7.244417
3.621227
14.490797
-0.001963
-7.248342
-3.625152
-7.248342
-3.625152
-10.871532
-10.871532
7.244417
3.621227
-0.001963
-3.625152
-0.001963
-0.001963
3.621227
7.244417
7.244417
10.867607
7.244417
14.490797
10.867607
7.244417
7.244417
3.621227
14.490797
18.113987
21.737176
28.983556
28.983556
39.853126
36.229936
36.229936
36.229936
32.606746
25.360366
28.983556
25.360366
28.983556
32.606746
21.737176
14.490797
10.867607
10.867607
3.621227
3.621227
7.244417
7.244417
-0.001963
-0.001963
3.621227
14.490797
21.737176
3.621227
14.490797
3.621227
3.621227
7.244417
-0.001963
14.490797
7.244417
3.621227
10.867607
10.867607
7.244417
3.621227
7.244417
3.621227
-3.625152
-0.001963
7.244417
7.244417
7.244417
7.244417
-3.625152
-3.625152
7.244417
3.621227
-0.001963
-0.001963
-0.001963
-7.248342
-10.871532
-10.871532
-10.871532
-3.625152
-0.001963
-0.001963
-0.001963
-0.001963
-3.625152
-10.871532
-3.625152
-10.871532
-10.871532
-7.248342
-10.871532
-10.871532
-3.625152
-14.494722
-14.494722
-7.248342
-14.494722
-10.871532
-10.871532
-14.494722
-14.494722
-14.494722
-10.871532
-7.248342
-10.871532
-7.248342
-0.001963
-7.248342
-3.625152
-7.248342
-10.871532
-10.871532
-7.248342
-0.001963
-7.248342
-10.871532
-3.625152
-14.494722
-10.871532
-3.625152
-21.741102
-0.001963
-7.248342
-14.494722
-10.871532
-14.494722
-18.117912
-18.117912
-18.117912
-14.494722
-18.117912
-18.117912
-10.871532
-14.494722
-18.117912
-10.871532
-14.494722
-18.117912
-14.494722
-10.871532
-14.494722
-14.494722
-14.494722
-10.871532
-10.871532
-7.248342
-0.001963
-0.001963
-10.871532
-3.625152
-7.248342
-7.248342
3.621227
3.621227
-0.001963
-0.001963
7.244417
14.490797
3.621227
7.244417
7.244417
7.244417
3.621227
3.621227
14.490797
7.244417
7.244417
14.490797
10.867607
10.867607
10.867607
3.621227
10.867607
14.490797
7.244417
10.867607
7.244417
10.867607
10.867607
10.867607
14.490797
7.244417
14.490797
10.867607
10.867607
10.867607
18.113987
14.490797
3.621227
7.244417
18.113987
18.113987
14.490797
14.490797
10.867607
3.621227
10.867607
10.867607
7.244417
14.490797
21.737176
18.113987
10.867607
7.244417
10.867607
7.244417
-0.001963
3.621227
10.867607
10.867607
10.867607
14.490797
10.867607
10.867607
3.621227
3.621227
14.490797
10.867607
14.490797
18.113987
18.113987
7.244417
10.867607
10.867607
7.244417
3.621227
7.244417
3.621227
3.621227
3.621227
3.621227
-0.001963
7.244417
-3.625152
-3.625152
7.244417
3.621227
-3.625152
-0.001963
-0.001963
3.621227
3.621227
3.621227
14.490797
7.244417
10.867607
7.244417
-0.001963
3.621227
3.621227
3.621227
-0.001963
-0.001963
3.621227
-3.625152
-0.001963
-0.001963
-7.248342
-0.001963
3.621227
3.621227
-3.625152
-3.625152
3.621227
-10.871532
-18.117912
-18.117912
-21.741102
-18.117912
-32.610671
-36.233861
-28.987481
-21.741102
-28.987481
-32.610671
-21.741102
-28.987481
-32.610671
-32.610671
-32.610671
-32.610671
-43.480240
-25.364291
-18.117912
-32.610671
-21.741102
-18.117912
-14.494722
-18.117912
-25.364291
-21.741102
-25.364291
-18.117912
-21.741102
-18.117912
-14.494722
-14.494722
-7.248342
-14.494722
-14.494722
-3.625152
3.621227
-7.248342
3.621227
7.244417
7.244417
10.867607
-0.001963
-0.001963
-0.001963
7.244417
14.490797
-0.001963
-3.625152
-0.001963
-3.625152
-7.248342
-3.625152
-7.248342
-3.625152
-3.625152
-7.248342
-0.001963
3.621227
3.621227
7.244417
-0.001963
-0.001963
3.621227
-3.625152
-0.001963
7.244417
14.490797
14.490797
18.113987
14.490797
14.490797
18.113987
10.867607
10.867607
14.490797
18.113987
18.113987
32.606746
43.476315
21.737176
28.983556
32.606746
28.983556
28.983556
28.983556
28.983556
21.737176
18.113987
21.737176
21.737176
14.490797
7.244417
-0.001963
-0.001963
-3.625152
-3.625152
7.244417
21.737176
14.490797
3.621227
10.867607
7.244417
-3.625152
-0.001963
3.621227
3.621227
10.867607
14.490797
18.113987
14.490797
-0.001963
7.244417
14.490797
10.867607
14.490797
21.737176
14.490797
3.621227
-0.001963
-0.001963
-7.248342
7.244417
10.867607
-0.001963
3.621227
-0.001963
-14.494722
-10.871532
-7.248342
-7.248342
10.867607
3.621227
-10.871532
-7.248342
-14.494722
-3.625152
-3.625152
-3.625152
-7.248342
-14.494722
-14.494722
-18.117912
-14.494722
-0.001963
3.621227
-3.625152
-18.117912
-14.494722
-10.871532
-21.741102
-25.364291
-7.248342
-0.001963
-7.248342
-10.871532
-25.364291
-25.364291
-18.117912
-10.871532
-10.871532
-10.871532
-3.625152
-3.625152
-10.871532
-7.248342
-14.494722
-10.871532
-14.494722
-10.871532
-0.001963
3.621227
3.621227
3.621227
-0.001963
-7.248342
-21.741102
-28.987481
-21.741102
-7.248342
-7.248342
-7.248342
-10.871532
-18.117912
-25.364291
-14.494722
-10.871532
-10.871532
-0.001963
-3.625152
-0.001963
-3.625152
-18.117912
-28.987481
-28.987481
-14.494722
-0.001963
7.244417
7.244417
-0.001963
-7.248342
-10.871532
-18.117912
-14.494722
7.244417
18.113987
3.621227
3.621227
-3.625152
-14.494722
-3.625152
3.621227
7.244417
3.621227
3.621227
18.113987
14.490797
10.867607
14.490797
-0.001963
-3.625152
7.244417
18.113987
28.983556
28.983556
10.867607
-0.001963
10.867607
21.737176
14.490797
3.621227
10.867607
18.113987
10.867607
25.360366
10.867607
-7.248342
3.621227
-3.625152
3.621227
21.737176
18.113987
18.113987
21.737176
7.244417
-0.001963
10.867607
25.360366
28.983556
25.360366
10.867607
10.867607
10.867607
21.737176
14.490797
10.867607
14.490797
10.867607
7.244417
21.737176
25.360366
7.244417
-7.248342
-3.625152
18.113987
25.360366
21.737176
7.244417
-7.248342
-3.625152
-10.871532
-3.625152
10.867607
25.360366
25.360366
18.113987
14.490797
-0.001963
-0.001963
3.621227
7.244417
7.244417
7.244417
14.490797
39.853126
47.099505
14.490797
-0.001963
-7.248342
-0.001963
10.867607
10.867607
28.983556
21.737176
14.490797
25.360366
7.244417
-10.871532
-10.871532
-3.625152
-0.001963
7.244417
18.113987
21.737176
10.867607
3.621227
-3.625152
-0.001963
7.244417
-14.494722
-25.364291
-18.117912
3.621227
7.244417
-7.248342
-7.248342
-10.871532
-25.364291
-43.480240
-54.349810
-61.596190
-54.349810
-54.349810
-50.726620
-21.741102
-18.117912
-32.610671
-47.103430
-43.480240
-32.610671
-43.480240
-43.480240
-43.480240
-57.973000
-47.103430
-21.741102
-14.494722
-32.610671
-47.103430
-25.364291
-3.625152
-14.494722
-18.117912
-21.741102
-14.494722
-14.494722
-14.494722
3.621227
7.244417
-10.871532
10.867607
43.476315
39.853126
10.867607
-10.871532
3.621227
18.113987
36.229936
43.476315
39.853126
21.737176
-18.117912
-28.987481
-14.494722
7.244417
10.867607
-0.001963
-0.001963
-39.857051
-57.973000
-36.233861
-32.610671
-43.480240
-61.596190
-39.857051
-14.494722
-14.494722
-3.625152
-10.871532
-36.233861
-47.103430
-28.987481
-3.625152
-18.117912
-28.987481
21.737176
50.722695
32.606746
36.229936
43.476315
21.737176
-14.494722
3.621227
50.722695
54.345885
39.853126
50.722695
97.824163
112.316922
72.461834
54.345885
36.229936
36.229936
43.476315
39.853126
57.969075
61.592265
68.838644
83.331403
61.592265
21.737176
-28.987481
-47.103430
-32.610671
-10.871532
3.621227
18.113987
28.983556
18.113987
7.244417
-10.871532
-25.364291
-25.364291
-18.117912
-0.001963
21.737176
36.229936
57.969075
68.838644
36.229936
10.867607
28.983556
50.722695
36.229936
21.737176
54.345885
68.838644
39.853126
18.113987
47.099505
50.722695
3.621227
-39.857051
-28.987481
-21.741102
-21.741102
7.244417
25.360366
18.113987
3.621227
3.621227
-7.248342
-101.451278
-246.378871
-307.973098
-173.915074
119.563302
420.288057
452.896766
83.331403
-423.915172
-688.408030
-590.581905
-322.465857
-10.871532
365.940210
623.186688
528.983752
260.867705
50.722695
-500.002159
-1974.640419
-3202.901770
-1666.669283
2351.448236
5000.000000
3507.245791
-873.190711
-4438.409502
-4507.250109
-1586.959107
1717.390016
2960.144127
1815.216141
221.012617
-268.118010
-83.335329
-434.784742
-1271.741592
-1387.683667
-369.567325
811.592559
1271.737667
1221.013009
952.896962
384.056159
-365.944135
-855.074762
-681.161650
-202.900593
-47.103430
25.360366
590.577979
1456.520348
1782.607433
945.650583
-514.494918
-1394.930046
-1115.944430
-166.668695
471.012715
547.099701
561.592461
699.273674
753.621522
449.273576
-173.915074
-673.915271
-742.755877
-554.350006
-355.074566
-112.320847
326.085122
826.085318
920.288254
376.809780
-510.871728
-1105.074860
-1014.495114
-503.625349
-61.596190
148.548820
275.360464
398.548919
384.056159
112.316922
-253.625251
-445.654311
-543.480437
-623.190613
-565.219576
-235.509301
253.621325
539.853322
442.027196
177.534339
-61.596190
-311.596288
-626.813803
-833.335623
-626.813803
-115.944037
286.230034
413.041678
311.592363
72.461834
-130.436796
-275.364389
-402.176033
-467.393450
-467.393450
-311.596288
-21.741102
253.621325
409.418488
409.418488
249.998136
-79.712139
-445.654311
-514.494918
-271.741200
-3.625152
170.287959
289.853224
413.041678
442.027196
304.345983
76.085024
-61.596190
-50.726620
-43.480240
-68.842569
61.592265
373.186590
605.070739
597.824359
460.143146
293.476414
144.925631
32.606746
-57.973000
-43.480240
112.316922
384.056159
652.172206
764.491091
590.577979
253.621325
47.099505
54.345885
148.548820
206.519858
228.258997
362.317020
572.462030
670.288156
590.577979
434.780817
271.737275
76.085024
-68.842569
-32.610671
141.302441
275.360464
318.838742
268.114085
231.882186
340.577881
286.230034
-659.422511
-2188.408619
-2547.104412
-750.002257
1278.984047
898.549115
-996.379165
-1471.017033
-355.074566
-340.581806
-1927.538951
-2250.002846
-496.378969
402.172108
-891.306660
-1811.596877
-514.494918
927.534633
405.795298
-746.379067
-807.973294
-423.915172
-594.205094
-717.393548
-65.219379
681.157725
876.809976
797.099800
550.722891
39.853126
-199.277403
297.099603
797.099800
405.795298
-188.407834
43.476315
619.563498
547.099701
268.114085
496.375044
467.389525
-452.900691
-1155.799518
-583.335525
242.751756
25.360366
-500.002159
-242.755681
195.650288
-144.929556
-699.277599
-532.610867
-57.973000
-177.538264
-623.190613
-605.074664
-231.886112
83.331403
289.853224
481.882285
474.635905
257.244515
206.519858
318.838742
355.070641
409.418488
724.636003
1047.099898
971.012911
721.012813
826.085318
1083.331796
949.273772
561.592461
431.157627
518.114183
496.375044
496.375044
742.751952
949.273772
804.346179
510.867803
355.070641
282.606844
152.172010
144.925631
333.331502
427.534437
268.114085
155.795200
289.853224
387.679349
293.476414
221.012617
249.998136
217.389427
224.635807
398.548919
568.838840
438.404007
235.505376
21.737176
-1192.031416
-3010.872710
-3018.119089
-271.741200
1894.926317
347.824261
-2163.046290
-1655.799714
188.403908
-717.393548
-3123.191594
-2670.292866
-235.509301
-297.103528
-2547.104412
-2673.916056
-286.233959
902.172305
-68.842569
-753.625447
-489.132589
-673.915271
-1177.538657
-916.668989
-278.987579
36.229936
572.462030
1278.984047
949.273772
-43.480240
228.258997
1492.752247
1442.027589
61.592265
-300.726718
677.534535
971.012911
318.838742
413.041678
1231.882579
1159.418782
199.273478
-271.741200
-206.523783
-420.291983
-597.828284
-264.494820
-76.088949
-460.147071
-583.335525
-148.552746
-123.190417
-594.205094
-539.857247
-141.306366
-525.364488
-1282.611162
-1014.495114
-0.001963
322.461932
-39.857051
-0.001963
387.679349
326.085122
36.229936
170.287959
499.998234
525.360562
471.012715
583.331600
670.288156
786.230230
1152.172403
1445.650779
1206.520250
771.737471
760.867901
891.302735
605.070739
318.838742
597.824359
985.505671
858.694027
474.635905
492.751854
811.592559
786.230230
449.273576
257.244515
293.476414
318.838742
202.896668
181.157529
355.070641
503.621424
474.635905
318.838742
278.983654
431.157627
619.563498
644.925827
474.635905
249.998136
126.809681
-264.494820
-1637.683765
-3159.423493
-2855.075547
-463.770261
1221.013009
14.490797
-1851.451965
-1460.147463
-137.683176
-844.205192
-2655.800106
-2434.785527
-731.886308
-811.596484
-2528.988462
-2670.292866
-757.248637
561.592461
206.519858
-347.828186
-286.233959
-307.973098
-652.176132
-775.364586
-626.813803
-300.726718
362.317020
797.099800
423.911247
39.853126
749.998332
1815.216141
1572.462423
442.027196
90.577783
471.012715
333.331502
-173.915074
14.490797
739.128762
916.665064
416.664868
7.244417
-90.581708
-43.480240
57.969075
-101.451278
-623.190613
-996.379165
-826.089243
-594.205094
-721.016738
-586.958715
79.708214
347.824261
-307.973098
-884.060281
-565.219576
-43.480240
-123.190417
-394.929654
-242.755681
90.577783
210.143047
260.867705
460.143146
768.114281
1018.114379
978.259291
597.824359
271.737275
463.766335
949.273772
1065.215847
829.708508
833.331698
1134.056454
1184.781111
898.549115
815.215749
1025.360759
989.128860
594.201169
297.099603
347.824261
510.867803
565.215651
550.722891
554.346081
579.708410
666.664966
677.534535
510.867803
420.288057
478.259095
481.882285
275.360464
76.085024
221.012617
619.563498
905.795494
960.143342
829.708508
619.563498
36.229936
-1518.118500
-3213.771340
-3134.061164
-1036.234253
499.998234
-543.480437
-2057.973785
-1398.553236
32.606746
-460.147071
-1942.031710
-1728.263510
-547.103627
-1148.553138
-2985.510381
-3130.437974
-1438.408324
-239.132491
-192.031023
-192.031023
61.592265
76.085024
-25.364291
65.215454
-21.741102
-152.175935
159.418390
318.838742
-304.349908
-735.509498
224.635807
1634.056650
1735.505965
989.128860
880.433166
1105.070935
634.056257
-105.074468
-152.175935
239.128566
155.795200
-318.842667
-543.480437
-409.422413
-21.741102
362.317020
307.969173
-163.045505
-514.494918
-608.697854
-862.321142
-1300.727111
-1250.002453
-681.161650
-500.002159
-858.697952
-894.929850
-231.886112
373.186590
322.461932
57.969075
47.099505
50.722695
-148.552746
-282.610769
-137.683176
235.505376
608.693929
742.751952
663.041776
702.896864
1061.592657
1369.563792
1235.505769
927.534633
847.824457
840.578078
601.447549
402.172108
619.563498
989.128860
1003.621620
771.737471
731.882383
844.201267
847.824457
739.128762
608.693929
442.027196
300.722793
286.230034
322.461932
329.708312
427.534437
717.389623
942.027393
822.462128
586.954790
576.085220
793.476610
942.027393
909.418684
768.114281
547.099701
166.664770
-916.668989
-2543.481222
-3036.235038
-1460.147463
398.548919
14.490797
-1710.147561
-1775.364978
-340.581806
-119.567227
-1434.785134
-1851.451965
-869.567521
-880.437091
-2456.524666
-3170.293062
-1989.133178
-666.668891
-398.552844
-467.393450
-235.509301
-47.103430
50.722695
264.490895
271.737275
21.737176
97.824163
304.345983
-72.465759
-655.799321
-206.523783
1101.447745
1666.665358
1137.679643
829.708508
1094.201365
1043.476708
659.418586
590.577979
681.157725
249.998136
-434.784742
-586.958715
-391.306464
-278.987579
-65.219379
231.882186
166.664770
-286.233959
-539.857247
-452.900691
-550.726816
-862.321142
-909.422609
-833.335623
-1047.103823
-1253.625643
-887.683470
-163.045505
221.012617
177.534339
144.925631
141.302441
65.215454
39.853126
108.693732
170.287959
141.302441
101.447353
170.287959
322.461932
626.809878
1050.723088
1336.955084
1268.114477
1014.491189
909.418684
938.404203
858.694027
670.288156
576.085220
528.983752
391.302539
297.099603
467.389525
789.853420
956.520152
862.317216
692.027295
608.693929
536.230132
456.519956
391.302539
402.172108
499.998234
489.128664
365.940210
351.447451
547.099701
800.722989
873.186786
855.070837
942.027393
938.404203
699.273674
163.041580
-1076.089341
-2630.437778
-2963.771242
-1557.973589
-235.509301
-952.900887
-2271.741985
-1713.770751
-221.016542
-271.741200
-1492.756172
-1423.915565
-311.596288
-717.393548
-2528.988462
-3123.191594
-2014.495507
-1134.060379
-1166.669087
-1043.480633
-485.509400
-134.059986
115.940112
630.433068
851.447647
612.317118
594.201169
666.664966
112.316922
-699.277599
-427.538362
713.766434
1043.476708
460.143146
420.288057
1166.665162
1568.839233
1282.607237
1090.578176
1115.940504
735.505573
21.737176
-500.002159
-771.741396
-775.364586
-431.161552
-159.422315
-384.060084
-706.523979
-420.291983
181.157529
155.795200
-300.726718
-434.784742
-373.190515
-746.379067
-1275.364782
-1148.553138
-528.987677
-177.538264
-181.161454
-119.567227
126.809681
438.404007
681.157725
778.983850
688.404105
521.737373
434.780817
307.969173
68.838644
115.940112
601.447549
1028.983949
999.998430
847.824457
1076.085416
1420.288450
1409.418881
1192.027491
1054.346277
884.056355
543.476512
235.505376
195.650288
307.969173
405.795298
492.751854
547.099701
557.969271
626.809878
753.621522
797.099800
710.143244
648.549017
677.534535
590.577979
293.476414
152.172010
322.461932
543.476512
637.679447
724.636003
804.346179
677.534535
-18.117912
-1347.828579
-2311.597073
-1956.524470
-826.089243
-644.929752
-1800.727307
-2434.785527
-1579.712728
-673.915271
-963.770457
-1391.306856
-764.495016
-206.523783
-1014.495114
-2108.698442
-1989.133178
-1224.640124
-1039.857443
-1239.132884
-1184.785036
-927.538559
-637.683372
-94.204898
492.751854
641.302637
735.505573
1050.723088
989.128860
333.331502
-79.712139
384.056159
818.838939
423.911247
-36.233861
188.403908
550.722891
608.693929
789.853420
1184.781111
1181.157921
597.824359
137.679251
18.113987
-253.625251
-612.321043
-742.755877
-797.103725
-1014.495114
-1144.929948
-851.451572
-496.378969
-409.422413
-315.219478
-141.306366
-260.871630
-626.813803
-735.509498
-503.625349
-416.668793
-579.712335
-597.828284
-438.407932
-315.219478
-123.190417
246.374946
590.577979
710.143244
775.360661
829.708508
746.375142
626.809878
710.143244
873.186786
793.476610
579.708410
583.331600
775.360661
913.041874
989.128860
1108.694125
1159.418782
1003.621620
778.983850
713.766434
735.505573
644.925827
445.650386
278.983654
188.403908
195.650288
260.867705
300.722793
358.693830
525.360562
728.259193
749.998332
615.940308
579.708410
663.041776
663.041776
565.215651
496.375044
528.983752
579.708410
514.490993
202.896668
-760.871826
-1971.017229
-2112.321632
-1028.987874
-275.364389
-1054.350202
-2043.481026
-1583.335917
-586.958715
-684.784840
-1365.944528
-1061.596582
-202.900593
-481.886210
-1637.683765
-2010.872317
-1416.669185
-1025.364684
-1094.205291
-1130.437189
-1050.727013
-862.321142
-427.538362
159.418390
402.172108
463.766335
836.954888
1065.215847
626.809878
61.592265
231.882186
746.375142
659.418586
181.157529
90.577783
333.331502
456.519956
623.186688
963.766532
1076.085416
836.954888
615.940308
471.012715
90.577783
-307.973098
-289.857149
-271.741200
-663.045701
-1028.987874
-898.553040
-594.205094
-576.089145
-561.596386
-278.987579
-141.306366
-369.567325
-510.871728
-329.712237
-177.538264
-217.393352
-250.002061
-297.103528
-449.277501
-387.683274
3.621227
293.476414
289.853224
413.041678
721.012813
797.099800
655.795396
731.882383
1043.476708
1105.070935
829.708508
652.172206
684.780915
699.273674
663.041776
728.259193
836.954888
800.722989
713.766434
742.751952
764.491091
746.375142
789.853420
789.853420
554.346081
271.737275
221.012617
275.360464
217.389427
188.403908
344.201071
474.635905
420.288057
416.664868
623.186688
800.722989
742.751952
684.780915
760.867901
749.998332
489.128664
177.534339
-496.378969
-1768.118599
-2521.742083
-1858.698344
-757.248637
-1000.002355
-2188.408619
-2231.886897
-1079.712531
-525.364488
-1047.103823
-1192.031416
-445.654311
-282.610769
-1286.234351
-2057.973785
-1739.133080
-1286.234351
-1344.205389
-1442.031514
-1344.205389
-1173.915467
-800.726915
-68.842569
507.244613
605.070739
789.853420
1123.186884
1025.360759
452.896766
210.143047
583.331600
713.766434
286.230034
-32.610671
137.679251
369.563400
438.404007
630.433068
869.563596
898.549115
804.346179
710.143244
438.404007
47.099505
-54.349810
-50.726620
-365.944135
-855.074762
-1018.118304
-840.582003
-753.625447
-778.987776
-601.451474
-336.958617
-326.089047
-391.306464
-217.393352
25.360366
90.577783
14.490797
-94.204898
-217.393352
-293.480339
-148.552746
54.345885
101.447353
181.157529
427.534437
619.563498
652.172206
749.998332
1057.969467
1289.853616
1192.027491
960.143342
891.302735
913.041874
855.070837
760.867901
735.505573
702.896864
634.056257
597.824359
644.925827
728.259193
807.969369
858.694027
782.607040
608.693929
514.490993
528.983752
492.751854
380.432969
315.215552
344.201071
340.577881
307.969173
347.824261
463.766335
608.693929
731.882383
836.954888
884.056355
811.592559
644.925827
90.577783
-1173.915467
-2195.654998
-1876.814293
-898.553040
-992.755975
-2210.147758
-2536.234842
-1481.886602
-677.538460
-949.277697
-1112.321240
-333.335427
166.664770
-518.118108
-1365.944528
-1336.959009
-1010.871925
-1101.451670
-1351.451768
-1496.379362
-1492.756172
-1192.031416
-496.378969
152.172010
347.824261
597.824359
1112.317315
1246.375338
826.085318
561.592461
851.447647
1003.621620
528.983752
-25.364291
-134.059986
-39.857051
-43.480240
68.838644
311.592363
467.389525
503.621424
550.722891
528.983752
297.099603
170.287959
195.650288
-90.581708
-670.292081
-1072.466152
-1047.103823
-992.755975
-1108.698050
-1094.205291
-836.958813
-673.915271
-684.784840
-518.118108
-119.567227
188.403908
199.273478
112.316922
61.592265
-61.596190
-101.451278
-21.741102
-39.857051
-108.697657
-21.741102
170.287959
311.592363
445.650386
778.983850
1163.041972
1268.114477
1159.418782
1115.940504
1188.404301
1195.650681
1036.230328
807.969369
605.070739
391.302539
278.983654
351.447451
434.780817
499.998234
579.708410
619.563498
619.563498
655.795396
775.360661
782.607040
623.186688
539.853322
536.230132
434.780817
253.621325
181.157529
210.143047
239.128566
311.592363
496.375044
713.766434
753.621522
586.954790
-97.828088
-1224.640124
-1692.031612
-1057.973392
-445.654311
-1202.900985
-2496.379754
-2431.162337
-1394.930046
-1065.219772
-1489.132982
-1221.016935
-271.741200
-86.958518
-844.205192
-1206.524175
-728.263118
-456.523881
-742.755877
-1079.712531
-1271.741592
-1336.959009
-1134.060379
-543.480437
-68.842569
90.577783
478.259095
989.128860
1032.607138
746.375142
887.679545
1369.563792
1340.578274
721.012813
286.230034
304.345983
304.345983
130.432871
39.853126
141.302441
278.983654
322.461932
311.592363
278.983654
293.476414
463.766335
463.766335
72.461834
-358.697756
-449.277501
-449.277501
-735.509498
-1050.727013
-1028.987874
-869.567521
-927.538559
-985.509596
-677.538460
-188.407834
130.432871
173.911149
163.041580
228.258997
300.722793
336.954691
271.737275
123.186492
61.592265
94.200973
79.708214
36.229936
195.650288
565.215651
844.201267
876.809976
891.302735
1097.824555
1289.853616
1297.099996
1188.404301
1065.215847
931.157823
710.143244
471.012715
318.838742
253.621325
297.099603
336.954691
268.114085
235.505376
380.432969
634.056257
746.375142
699.273674
713.766434
786.230230
735.505573
561.592461
398.548919
336.954691
351.447451
304.345983
242.751756
268.114085
315.215552
137.679251
-753.625447
-1742.756270
-1626.814195
-724.639928
-485.509400
-1554.350399
-2387.684059
-1797.104117
-1010.871925
-1217.393745
-1670.292473
-1192.031416
-445.654311
-688.408030
-1463.770653
-1434.785134
-721.016738
-528.987677
-865.944331
-1108.698050
-1134.060379
-1010.871925
-702.900789
-228.262922
-14.494722
61.592265
449.273576
797.099800
706.520054
550.722891
880.433166
1300.723186
1083.331796
492.751854
318.838742
525.360562
489.128664
210.143047
86.954593
166.664770
231.882186
228.258997
173.911149
105.070542
119.563302
286.230034
268.114085
-112.320847
-431.161552
-416.668793
-387.683274
-673.915271
-967.393647
-902.176230
-771.741396
-862.321142
-916.668989
-637.683372
-224.639732
10.867607
32.606746
57.969075
173.911149
318.838742
431.157627
373.186590
231.882186
231.882186
315.215552
282.606844
195.650288
307.969173
630.433068
797.099800
760.867901
815.215749
1039.853518
1246.375338
1264.491287
1152.172403
1043.476708
942.027393
778.983850
619.563498
507.244613
413.041678
373.186590
329.708312
278.983654
286.230034
398.548919
550.722891
597.824359
601.447549
659.418586
717.389623
728.259193
666.664966
568.838840
452.896766
427.534437
442.027196
402.172108
307.969173
184.780719
-54.349810
-869.567521
-1710.147561
-1565.219968
-786.234155
-644.929752
-1648.553334
-2289.857934
-1644.930144
-894.929850
-1007.248735
-1355.074958
-949.277697
-402.176033
-695.654410
-1311.596680
-1210.147365
-637.683372
-561.596386
-851.451572
-1032.611064
-1000.002355
-884.060281
-579.712335
-72.465759
152.172010
224.635807
543.476512
844.201267
826.085318
728.259193
981.882481
1271.737667
1039.853518
543.476512
351.447451
427.534437
376.809780
249.998136
199.273478
137.679251
25.360366
-25.364291
97.824163
119.563302
83.331403
141.302441
76.085024
-235.509301
-536.234057
-539.857247
-503.625349
-710.147169
-949.277697
-989.132786
-952.900887
-974.640026
-909.422609
-659.422511
-358.697756
-206.523783
-163.045505
-54.349810
108.693732
249.998136
380.432969
394.925729
275.360464
206.519858
264.490895
297.099603
253.621325
300.722793
521.737373
666.664966
670.288156
782.607040
1036.230328
1271.737667
1278.984047
1148.549213
1090.578176
1014.491189
826.085318
630.433068
576.085220
565.215651
452.896766
249.998136
148.548820
228.258997
362.317020
485.505474
539.853322
572.462030
615.940308
641.302637
655.795396
641.302637
608.693929
586.954790
601.447549
532.606942
340.577881
206.519858
166.664770
-115.944037
-1054.350202
-1865.944724
-1579.712728
-804.350104
-865.944331
-1873.191104
-2253.626036
-1467.393843
-855.074762
-1076.089341
-1278.987972
-775.364586
-307.973098
-641.306562
-1195.654606
-1090.582101
-637.683372
-623.190613
-894.929850
-1079.712531
-1094.205291
-938.408128
-554.350006
-101.451278
61.592265
166.664770
568.838840
880.433166
807.969369
735.505573
1054.346277
1340.578274
1072.462227
550.722891
362.317020
467.389525
413.041678
217.389427
152.172010
195.650288
188.403908
115.940112
101.447353
94.200973
86.954593
173.911149
152.172010
-112.320847
-384.060084
-442.031122
-423.915172
-612.321043
-858.697952
-894.929850
-862.321142
-920.292179
-913.045799
-692.031220
-358.697756
-173.915074
-134.059986
-28.987481
159.418390
322.461932
413.041678
413.041678
333.331502
286.230034
326.085122
326.085122
239.128566
289.853224
536.230132
681.157725
648.549017
702.896864
945.650583
1159.418782
1192.027491
1112.317315
1057.969467
1018.114379
887.679545
699.273674
572.462030
547.099701
460.143146
286.230034
159.418390
199.273478
365.940210
485.505474
460.143146
442.027196
565.215651
721.012813
724.636003
644.925827
594.201169
626.809878
659.418586
590.577979
398.548919
188.403908
123.186492
-94.204898
-967.393647
-1822.466446
-1648.553334
-880.437091
-858.697952
-1836.959205
-2293.481124
-1561.596778
-865.944331
-1039.857443
-1326.089440
-887.683470
-355.074566
-605.074664
-1173.915467
-1105.074860
-623.190613
-583.335525
-909.422609
-1126.813999
-1115.944430
-934.784938
-594.205094
-192.031023
-36.233861
68.838644
460.143146
815.215749
833.331698
775.360661
1014.491189
1268.114477
1076.085416
605.070739
413.041678
532.606942
507.244613
278.983654
68.838644
32.606746
50.722695
43.476315
65.215454
7.244417
-7.248342
137.679251
199.273478
-39.857051
-344.204996
-351.451376
-264.494820
-478.263020
-818.842864
-927.538559
-855.074762
-858.697952
-913.045799
-822.466054
-532.610867
-278.987579
-188.407834
-86.958518
137.679251
391.302539
521.737373
514.490993
442.027196
387.679349
434.780817
438.404007
322.461932
264.490895
402.172108
565.215651
543.476512
543.476512
746.375142
1025.360759
1123.186884
1068.839037
1018.114379
1018.114379
978.259291
811.592559
637.679447
576.085220
543.476512
384.056159
163.041580
148.548820
297.099603
416.664868
420.288057
351.447451
423.911247
594.201169
713.766434
699.273674
648.549017
673.911345
692.027295
644.925827
485.505474
315.215552
210.143047
36.229936
-655.799321
-1681.162043
-1880.437483
-1181.161846
-786.234155
-1463.770653
-2235.510086
-1873.191104
-1054.350202
-847.828382
-1097.828480
-956.524077
-398.552844
-347.828186
-898.553040
-1137.683569
-742.755877
-489.132589
-713.770359
-989.132786
-1097.828480
-1021.741494
-753.625447
-304.349908
14.490797
86.954593
326.085122
724.636003
902.172305
858.694027
981.882481
1286.230426
1286.230426
869.563596
485.505474
485.505474
532.606942
311.592363
14.490797
-130.436796
-130.436796
-181.161454
-159.422315
-28.987481
28.983556
86.954593
101.447353
-3.625152
-199.277403
-307.973098
-300.726718
-427.538362
-713.770359
-916.668989
-971.016836
-1021.741494
-1061.596582
-945.654508
-710.147169
-463.770261
-358.697756
-228.262922
54.345885
311.592363
456.519956
521.737373
539.853322
489.128664
394.925729
384.056159
420.288057
376.809780
362.317020
431.157627
460.143146
507.244613
677.534535
920.288254
1072.462227
1079.708606
1068.839037
1112.317315
1101.447745
952.896962
775.360661
713.766434
673.911345
442.027196
144.925631
105.070542
228.258997
286.230034
307.969173
315.215552
373.186590
492.751854
619.563498
681.157725
648.549017
666.664966
731.882383
713.766434
539.853322
358.693830
282.606844
159.418390
-536.234057
-1601.451867
-1865.944724
-1235.509694
-873.190711
-1554.350399
-2304.350693
-1942.031710
-1155.799518
-916.668989
-1079.712531
-887.683470
-326.089047
-192.031023
-597.828284
-865.944331
-630.436993
-431.161552
-637.683372
-938.408128
-1119.567619
-1112.321240
-898.553040
-474.639830
-155.799125
-72.465759
206.519858
612.317118
836.954888
909.418684
1050.723088
1307.969565
1347.824653
1050.723088
652.172206
492.751854
499.998234
373.186590
112.316922
-86.958518
-155.799125
-231.886112
-199.277403
25.360366
163.041580
181.157529
159.418390
123.186492
47.099505
-39.857051
-90.581708
-235.509301
-500.002159
-757.248637
-913.045799
-1010.871925
-1047.103823
-942.031318
-768.118206
-579.712335
-467.393450
-297.103528
39.853126
318.838742
452.896766
503.621424
576.085220
594.201169
518.114183
499.998234
503.621424
413.041678
315.215552
300.722793
297.099603
340.577881
499.998234
699.273674
833.331698
894.925925
949.273772
1018.114379
1032.607138
960.143342
829.708508
764.491091
728.259193
478.259095
155.795200
83.331403
184.780719
239.128566
192.027098
155.795200
253.621325
402.172108
557.969271
634.056257
605.070739
623.186688
692.027295
695.650484
605.070739
492.751854
373.186590
155.795200
-496.378969
-1478.263412
-1789.857738
-1275.364782
-938.408128
-1521.741690
-2282.611554
-2032.611456
-1293.480731
-1003.625545
-1086.958911
-927.538559
-409.422413
-228.262922
-554.350006
-855.074762
-702.900789
-452.900691
-605.074664
-952.900887
-1202.900985
-1177.538657
-938.408128
-550.726816
-228.262922
-144.929556
86.954593
496.375044
778.983850
869.563596
1032.607138
1329.708704
1405.795691
1119.563694
699.273674
499.998234
518.114183
398.548919
108.693732
-97.828088
-105.074468
-188.407834
-318.842667
-202.900593
61.592265
253.621325
239.128566
101.447353
-0.001963
-25.364291
28.983556
-97.828088
-398.552844
-637.683372
-782.610965
-916.668989
-1039.857443
-985.509596
-786.234155
-565.219576
-463.770261
-438.407932
-195.654213
210.143047
489.128664
557.969271
583.331600
659.418586
655.795396
612.317118
601.447549
543.476512
478.259095
452.896766
431.157627
387.679349
496.375044
721.012813
884.056355
934.781013
963.766532
1043.476708
1119.563694
1108.694125
992.752050
902.172305
887.679545
713.766434
351.447451
170.287959
249.998136
311.592363
246.374946
177.534339
213.766237
340.577881
510.867803
579.708410
550.722891
605.070739
760.867901
782.607040
561.592461
405.795298
413.041678
239.128566
-612.321043
-1655.799714
-1757.249029
-1141.306758
-981.886406
-1811.596877
-2460.147856
-1996.379558
-1322.466250
-1195.654606
-1260.872023
-923.915369
-387.683274
-271.741200
-568.842766
-713.770359
-452.900691
-297.103528
-489.132589
-844.205192
-1086.958911
-1054.350202
-847.828382
-521.741298
-315.219478
-242.755681
36.229936
449.273576
721.012813
858.694027
1076.085416
1351.447843
1391.302931
1137.679643
829.708508
673.911345
612.317118
474.635905
192.027098
-94.204898
-217.393352
-264.494820
-260.871630
-206.523783
-282.610769
-275.364389
-65.219379
86.954593
-32.610671
-264.494820
-224.639732
-166.668695
-398.552844
-713.770359
-887.683470
-905.799420
-942.031318
-1003.625545
-1018.118304
-833.335623
-543.480437
-387.683274
-304.349908
-90.581708
260.867705
489.128664
536.230132
557.969271
554.346081
612.317118
677.534535
565.215651
387.679349
409.418488
539.853322
518.114183
471.012715
565.215651
786.230230
934.781013
923.911444
952.896962
1047.099898
1065.215847
938.404203
789.853420
778.983850
731.882383
499.998234
264.490895
199.273478
239.128566
242.751756
213.766237
195.650288
282.606844
456.519956
568.838840
536.230132
525.360562
684.780915
721.012813
521.737373
402.172108
416.664868
221.012617
-601.451474
-1507.248931
-1536.234450
-1014.495114
-949.277697
-1721.017131
-2250.002846
-1822.466446
-1242.756074
-1126.813999
-1141.306758
-778.987776
-358.697756
-286.233959
-471.016640
-539.857247
-282.610769
-148.552746
-347.828186
-713.770359
-963.770457
-880.437091
-706.523979
-481.886210
-336.958617
-228.262922
86.954593
445.650386
688.404105
815.215749
1076.085416
1347.824653
1311.592755
1039.853518
818.838939
753.621522
666.664966
460.143146
137.679251
-130.436796
-159.422315
-173.915074
-257.248440
-268.118010
-119.567227
47.099505
43.476315
3.621227
-10.871532
14.490797
61.592265
-14.494722
-297.103528
-572.465955
-655.799321
-757.248637
-942.031318
-1014.495114
-898.553040
-750.002257
-724.639928
-615.944233
-322.465857
36.229936
289.853224
405.795298
499.998234
626.809878
706.520054
688.404105
626.809878
561.592461
478.259095
398.548919
340.577881
307.969173
347.824261
496.375044
630.433068
681.157725
746.375142
898.549115
1018.114379
1018.114379
916.665064
797.099800
768.114281
749.998332
561.592461
271.737275
155.795200
192.027098
184.780719
155.795200
101.447353
152.172010
293.476414
420.288057
499.998234
489.128664
565.215651
659.418586
594.201169
449.273576
358.693830
329.708312
-18.117912
-905.799420
-1594.205487
-1442.031514
-1007.248735
-1213.770555
-1985.509988
-2239.133276
-1728.263510
-1275.364782
-1184.785036
-1083.335721
-739.132687
-460.147071
-445.654311
-572.465955
-561.596386
-384.060084
-322.465857
-474.639830
-840.582003
-1079.712531
-974.640026
-713.770359
-478.263020
-402.176033
-271.741200
101.447353
467.389525
655.795396
829.708508
1115.940504
1300.723186
1224.636199
978.259291
782.607040
706.520054
641.302637
485.505474
177.534339
-119.567227
-177.538264
-126.813607
-141.306366
-134.059986
-36.233861
18.113987
-126.813607
-278.987579
-144.929556
119.563302
83.331403
-253.625251
-528.987677
-565.219576
-561.596386
-681.161650
-764.495016
-724.639928
-677.538460
-655.799321
-637.683372
-471.016640
-101.451278
224.635807
318.838742
268.114085
318.838742
539.853322
710.143244
731.882383
695.650484
648.549017
626.809878
597.824359
521.737373
557.969271
731.882383
811.592559
749.998332
706.520054
800.722989
960.143342
1032.607138
963.766532
793.476610
673.911345
739.128762
724.636003
528.983752
362.317020
362.317020
398.548919
329.708312
260.867705
300.722793
391.302539
452.896766
478.259095
445.650386
445.650386
550.722891
557.969271
431.157627
358.693830
369.563400
188.403908
-568.842766
-1398.553236
-1409.422806
-942.031318
-913.045799
-1644.930144
-2166.669480
-1840.582395
-1362.321338
-1217.393745
-1173.915467
-876.813901
-579.712335
-525.364488
-597.828284
-597.828284
-373.190515
-213.770162
-246.378871
-539.857247
-894.929850
-869.567521
-601.451474
-387.683274
-362.320945
-329.712237
-50.726620
271.737275
442.027196
601.447549
916.665064
1177.534732
1206.520250
1079.708606
894.925925
764.491091
728.259193
684.780915
452.896766
18.113987
-213.770162
-213.770162
-235.509301
-347.828186
-384.060084
-228.262922
-159.422315
-264.494820
-304.349908
-148.552746
-21.741102
-105.074468
-275.364389
-452.900691
-615.944233
-746.379067
-800.726915
-782.610965
-840.582003
-887.683470
-833.335623
-706.523979
-492.755779
-213.770162
72.461834
235.505376
300.722793
402.172108
590.577979
753.621522
797.099800
735.505573
637.679447
576.085220
518.114183
460.143146
474.635905
507.244613
539.853322
561.592461
594.201169
695.650484
818.838939
931.157823
938.404203
793.476610
739.128762
833.331698
807.969369
579.708410
347.824261
333.331502
376.809780
286.230034
144.925631
141.302441
231.882186
271.737275
275.360464
286.230034
376.809780
518.114183
550.722891
467.389525
423.911247
452.896766
206.519858
-619.567423
-1300.727111
-1159.422708
-775.364586
-1036.234253
-1840.582395
-2097.828873
-1684.785233
-1355.074958
-1297.103921
-1181.161846
-855.074762
-576.089145
-460.147071
-463.770261
-416.668793
-246.378871
-79.712139
-163.045505
-561.596386
-844.205192
-706.523979
-434.784742
-373.190515
-478.263020
-387.683274
-57.973000
221.012617
380.432969
586.954790
891.302735
1126.810074
1163.041972
1083.331796
992.752050
905.795494
858.694027
786.230230
449.273576
-18.117912
-177.538264
-94.204898
-173.915074
-376.813705
-391.306464
-195.654213
-134.059986
-210.146973
-130.436796
28.983556
65.215454
-7.248342
-97.828088
-250.002061
-445.654311
-572.465955
-619.567423
-684.784840
-768.118206
-771.741396
-713.770359
-623.190613
-445.654311
-199.277403
61.592265
195.650288
260.867705
416.664868
644.925827
778.983850
782.607040
739.128762
684.780915
644.925827
579.708410
532.606942
547.099701
550.722891
550.722891
561.592461
576.085220
655.795396
764.491091
869.563596
840.578078
663.041776
612.317118
749.998332
757.244711
532.606942
351.447451
391.302539
445.650386
322.461932
159.418390
155.795200
246.374946
264.490895
242.751756
235.505376
297.099603
413.041678
456.519956
452.896766
452.896766
409.418488
65.215454
-721.016738
-1224.640124
-1025.364684
-746.379067
-1101.451670
-1858.698344
-2036.234646
-1663.046094
-1391.306856
-1315.219870
-1166.669087
-891.306660
-710.147169
-594.205094
-557.973196
-539.857247
-376.813705
-192.031023
-260.871630
-673.915271
-909.422609
-713.770359
-485.509400
-445.654311
-518.118108
-427.538362
-141.306366
97.824163
257.244515
496.375044
804.346179
981.882481
981.882481
934.781013
913.041874
894.925925
851.447647
757.244711
442.027196
21.737176
-90.581708
-47.103430
-166.668695
-405.799223
-460.147071
-282.610769
-217.393352
-264.494820
-206.523783
-101.451278
-76.088949
-83.335329
-119.567227
-278.987579
-449.277501
-496.378969
-463.770261
-532.610867
-688.408030
-706.523979
-597.828284
-503.625349
-442.031122
-264.494820
10.867607
192.027098
249.998136
373.186590
612.317118
807.969369
833.331698
757.244711
757.244711
797.099800
746.375142
666.664966
601.447549
568.838840
568.838840
565.215651
576.085220
590.577979
637.679447
728.259193
724.636003
663.041776
702.896864
822.462128
811.592559
608.693929
474.635905
528.983752
554.346081
413.041678
221.012617
177.534339
221.012617
206.519858
184.780719
221.012617
307.969173
351.447451
373.186590
405.795298
427.534437
409.418488
57.969075
-735.509498
-1144.929948
-833.335623
-597.828284
-1108.698050
-1862.321534
-1880.437483
-1518.118500
-1384.060477
-1333.335819
-1115.944430
-858.697952
-724.639928
-579.712335
-485.509400
-427.538362
-242.755681
-43.480240
-134.059986
-557.973196
-717.393548
-471.016640
-257.248440
-289.857149
-413.045603
-293.480339
-50.726620
123.186492
286.230034
539.853322
833.331698
945.650583
927.534633
945.650583
960.143342
945.650583
920.288254
833.331698
507.244613
119.563302
-39.857051
-36.233861
-144.929556
-394.929654
-456.523881
-373.190515
-409.422413
-456.523881
-340.581806
-163.045505
-155.799125
-260.871630
-326.089047
-380.436894
-456.523881
-532.610867
-536.234057
-557.973196
-688.408030
-764.495016
-699.277599
-557.973196
-481.886210
-376.813705
-159.422315
3.621227
65.215454
221.012617
503.621424
695.650484
681.157725
673.911345
775.360661
804.346179
739.128762
731.882383
739.128762
681.157725
615.940308
605.070739
601.447549
590.577979
637.679447
644.925827
601.447549
565.215651
576.085220
655.795396
688.404105
583.331600
402.172108
427.534437
543.476512
452.896766
242.751756
192.027098
304.345983
278.983654
192.027098
224.635807
264.490895
253.621325
239.128566
297.099603
344.201071
315.215552
-32.610671
-760.871826
-1112.321240
-815.219674
-568.842766
-1057.973392
-1768.118599
-1775.364978
-1456.524273
-1347.828579
-1293.480731
-1068.842962
-865.944331
-782.610965
-612.321043
-510.871728
-471.016640
-286.233959
-65.219379
-192.031023
-597.828284
-677.538460
-423.915172
-231.886112
-286.233959
-384.060084
-250.002061
-36.233861
119.563302
253.621325
485.505474
786.230230
876.809976
836.954888
873.186786
938.404203
905.795494
833.331698
818.838939
568.838840
148.548820
-43.480240
18.113987
-10.871532
-231.886112
-322.465857
-264.494820
-257.248440
-275.364389
-181.161454
-10.871532
-0.001963
-119.567227
-210.146973
-260.871630
-326.089047
-416.668793
-452.900691
-492.755779
-659.422511
-775.364586
-666.668891
-481.886210
-427.538362
-380.436894
-181.161454
43.476315
130.432871
253.621325
528.983752
695.650484
634.056257
623.186688
710.143244
713.766434
623.186688
597.824359
634.056257
597.824359
507.244613
471.012715
532.606942
597.824359
648.549017
692.027295
739.128762
721.012813
652.172206
684.780915
786.230230
742.751952
518.114183
384.056159
467.389525
474.635905
304.345983
210.143047
249.998136
235.505376
199.273478
275.360464
315.215552
257.244515
297.099603
409.418488
402.172108
311.592363
181.157529
-326.089047
-996.379165
-1047.103823
-688.408030
-807.973294
-1528.988070
-1927.538951
-1673.915663
-1460.147463
-1387.683667
-1213.770555
-1010.871925
-916.668989
-797.103725
-637.683372
-572.465955
-467.393450
-250.002061
-152.175935
-427.538362
-721.016738
-597.828284
-347.828186
-300.726718
-452.900691
-463.770261
-213.770162
14.490797
94.200973
249.998136
634.056257
880.433166
862.317216
876.809976
971.012911
942.027393
851.447647
865.940406
760.867901
326.085122
3.621227
79.708214
112.316922
-166.668695
-344.204996
-231.886112
-170.291884
-318.842667
-369.567325
-137.683176
47.099505
-83.335329
-326.089047
-387.683274
-304.349908
-347.828186
-525.364488
-590.581905
-576.089145
-634.060182
-673.915271
-554.350006
-420.291983
-373.190515
-188.407834
50.722695
83.331403
86.954593
369.563400
681.157725
637.679447
528.983752
648.549017
764.491091
688.404105
594.201169
641.302637
721.012813
695.650484
626.809878
586.954790
630.433068
724.636003
728.259193
677.534535
684.780915
644.925827
565.215651
594.201169
699.273674
634.056257
405.795298
358.693830
471.012715
416.664868
275.360464
297.099603
376.809780
311.592363
278.983654
365.940210
405.795298
376.809780
347.824261
362.317020
373.186590
275.360464
-210.146973
-927.538559
-1083.335721
-706.523979
-670.292081
-1318.843060
-1811.596877
-1597.828677
-1347.828579
-1293.480731
-1163.045897
-949.277697
-909.422609
-815.219674
-543.480437
-532.610867
-586.958715
-322.465857
-39.857051
-311.596288
-804.350104
-706.523979
-344.204996
-307.973098
-489.132589
-478.263020
-213.770162
-10.871532
79.708214
264.490895
623.186688
876.809976
862.317216
873.186786
956.520152
942.027393
811.592559
811.592559
793.476610
333.331502
-112.320847
-18.117912
134.056061
-155.799125
-467.393450
-344.204996
-206.523783
-322.465857
-344.204996
-134.059986
7.244417
-76.088949
-163.045505
-239.132491
-358.697756
-431.161552
-492.755779
-568.842766
-695.654410
-815.219674
-840.582003
-735.509498
-590.581905
-528.987677
-413.045603
-123.190417
90.577783
94.200973
228.258997
561.592461
684.780915
565.215651
539.853322
684.780915
677.534535
532.606942
525.360562
597.824359
536.230132
456.519956
514.490993
576.085220
576.085220
615.940308
721.012813
757.244711
721.012813
684.780915
677.534535
699.273674
688.404105
576.085220
449.273576
391.302539
322.461932
231.882186
228.258997
286.230034
242.751756
192.027098
304.345983
442.027196
423.911247
380.432969
445.650386
492.751854
456.519956
333.331502
-152.175935
-865.944331
-1018.118304
-648.552942
-688.408030
-1420.292375
-1876.814293
-1583.335917
-1333.335819
-1362.321338
-1210.147365
-884.060281
-768.118206
-695.654410
-452.900691
-318.842667
-318.842667
-144.929556
72.461834
-192.031023
-670.292081
-655.799321
-307.973098
-224.639732
-496.378969
-576.089145
-300.726718
-47.103430
32.606746
188.403908
594.201169
869.563596
851.447647
836.954888
974.636101
1007.244810
858.694027
865.940406
818.838939
365.940210
-57.973000
-7.248342
126.809681
-159.422315
-474.639830
-376.813705
-224.639732
-311.596288
-336.958617
-108.697657
47.099505
-28.987481
-108.697657
-137.683176
-224.639732
-333.335427
-394.929654
-474.639830
-605.074664
-746.379067
-844.205192
-768.118206
-608.697854
-525.364488
-427.538362
-210.146973
3.621227
79.708214
242.751756
579.708410
749.998332
641.302637
583.331600
713.766434
731.882383
568.838840
507.244613
543.476512
478.259095
344.201071
365.940210
478.259095
496.375044
481.882285
561.592461
670.288156
648.549017
626.809878
717.389623
757.244711
655.795396
525.360562
543.476512
572.462030
394.925729
210.143047
210.143047
278.983654
221.012617
137.679251
217.389427
300.722793
289.853224
326.085122
394.925729
398.548919
391.302539
402.172108
65.215454
-681.161650
-1000.002355
-648.552942
-536.234057
-1192.031416
-1829.712826
-1713.770751
-1431.161945
-1420.292375
-1369.567718
-1094.205291
-942.031318
-909.422609
-684.784840
-467.393450
-431.161552
-322.465857
-47.103430
-101.451278
-608.697854
-764.495016
-373.190515
-123.190417
-409.422413
-670.292081
-416.668793
-61.596190
-10.871532
57.969075
452.896766
789.853420
800.722989
797.099800
971.012911
1054.346277
938.404203
913.041874
934.781013
590.577979
101.447353
-0.001963
137.679251
-14.494722
-376.813705
-423.915172
-257.248440
-307.973098
-423.915172
-260.871630
-3.625152
-0.001963
-137.683176
-159.422315
-101.451278
-163.045505
-275.364389
-297.103528
-398.552844
-583.335525
-721.016738
-681.161650
-547.103627
-489.132589
-431.161552
-257.248440
-54.349810
32.606746
173.911149
496.375044
764.491091
742.751952
612.317118
684.780915
797.099800
728.259193
615.940308
623.186688
623.186688
478.259095
373.186590
427.534437
499.998234
489.128664
499.998234
550.722891
565.215651
565.215651
634.056257
702.896864
641.302637
547.099701
565.215651
605.070739
481.882285
282.606844
228.258997
311.592363
322.461932
231.882186
202.896668
253.621325
289.853224
307.969173
336.954691
336.954691
351.447451
365.940210
115.940112
-507.248538
-894.929850
-644.929752
-423.915172
-913.045799
-1597.828677
-1634.060575
-1326.089440
-1268.118402
-1286.234351
-1097.828480
-938.408128
-938.408128
-753.625447
-481.886210
-416.668793
-365.944135
-112.320847
-28.987481
-445.654311
-721.016738
-394.929654
-50.726620
-231.886112
-550.726816
-427.538362
-79.712139
21.737176
43.476315
326.085122
670.288156
713.766434
663.041776
797.099800
927.534633
858.694027
804.346179
826.085318
608.693929
192.027098
-0.001963
94.200973
18.113987
-329.712237
-452.900691
-307.973098
-344.204996
-550.726816
-521.741298
-202.900593
-108.697657
-297.103528
-398.552844
-300.726718
-253.625251
-358.697756
-409.422413
-398.552844
-514.494918
-699.277599
-692.031220
-557.973196
-503.625349
-478.263020
-358.697756
-217.393352
-137.683176
10.867607
297.099603
528.983752
550.722891
485.505474
579.708410
753.621522
760.867901
641.302637
634.056257
713.766434
626.809878
452.896766
471.012715
594.201169
568.838840
474.635905
481.882285
521.737373
478.259095
485.505474
597.824359
579.708410
434.780817
391.302539
492.751854
514.490993
347.824261
275.360464
387.679349
431.157627
315.215552
282.606844
362.317020
358.693830
286.230034
264.490895
311.592363
315.215552
278.983654
115.940112
-394.929654
-829.712433
-717.393548
-405.799223
-619.567423
-1268.118402
-1445.654704
-1152.176328
-1039.857443
-1086.958911
-985.509596
-786.234155
-778.987776
-731.886308
-550.726816
-467.393450
-413.045603
-228.262922
-130.436796
-413.045603
-655.799321
-460.147071
-163.045505
-192.031023
-409.422413
-344.204996
-90.581708
28.983556
72.461834
282.606844
612.317118
728.259193
666.664966
713.766434
869.563596
898.549115
797.099800
786.230230
692.027295
369.563400
148.548820
192.027098
181.157529
-90.581708
-253.625251
-173.915074
-188.407834
-333.335427
-333.335427
-177.538264
-112.320847
-202.900593
-264.494820
-257.248440
-250.002061
-300.726718
-373.190515
-438.407932
-510.871728
-590.581905
-648.552942
-590.581905
-481.886210
-427.538362
-391.306464
-275.364389
-101.451278
-3.625152
126.809681
369.563400
507.244613
467.389525
467.389525
612.317118
677.534535
601.447549
561.592461
608.693929
576.085220
438.404007
391.302539
474.635905
543.476512
489.128664
438.404007
460.143146
478.259095
492.751854
510.867803
499.998234
431.157627
362.317020
405.795298
438.404007
369.563400
286.230034
333.331502
387.679349
297.099603
264.490895
373.186590
431.157627
362.317020
300.722793
300.722793
286.230034
300.722793
228.258997
-224.639732
-768.118206
-811.596484
-514.494918
-634.060182
-1188.408226
-1452.901084
-1282.611162
-1184.785036
-1210.147365
-1065.219772
-855.074762
-869.567521
-847.828382
-652.176132
-543.480437
-536.234057
-380.436894
-166.668695
-333.335427
-699.277599
-644.929752
-260.871630
-159.422315
-438.407932
-507.248538
-199.277403
10.867607
-14.494722
115.940112
503.621424
702.896864
597.824359
615.940308
800.722989
833.331698
717.389623
746.375142
710.143244
362.317020
112.316922
249.998136
322.461932
14.490797
-213.770162
-86.958518
-7.248342
-184.784644
-275.364389
-105.074468
-18.117912
-213.770162
-340.581806
-224.639732
-152.175935
-293.480339
-460.147071
-449.277501
-413.045603
-528.987677
-605.074664
-481.886210
-376.813705
-398.552844
-318.842667
-130.436796
-54.349810
-25.364291
173.911149
373.186590
336.954691
315.215552
471.012715
605.070739
576.085220
507.244613
543.476512
626.809878
666.664966
615.940308
568.838840
663.041776
728.259193
615.940308
525.360562
608.693929
619.563498
478.259095
460.143146
503.621424
344.201071
188.403908
311.592363
413.041678
268.114085
177.534339
336.954691
427.534437
318.838742
373.186590
568.838840
583.331600
478.259095
452.896766
409.418488
322.461932
278.983654
257.244515
-18.117912
-557.973196
-833.335623
-663.045701
-543.480437
-865.944331
-1275.364782
-1242.756074
-1025.364684
-1010.871925
-1010.871925
-778.987776
-615.944233
-721.016738
-684.784840
-478.263020
-413.045603
-445.654311
-318.842667
-257.248440
-561.596386
-757.248637
-474.639830
-199.277403
-336.958617
-496.378969
-282.610769
-21.741102
7.244417
68.838644
387.679349
652.172206
630.433068
583.331600
673.911345
778.983850
688.404105
554.346081
561.592461
416.664868
108.693732
14.490797
105.070542
18.113987
-231.886112
-253.625251
-130.436796
-184.784644
-311.596288
-242.755681
-123.190417
-159.422315
-239.132491
-253.625251
-228.262922
-250.002061
-365.944135
-485.509400
-507.248538
-514.494918
-626.813803
-684.784840
-576.089145
-500.002159
-518.118108
-402.176033
-141.306366
-50.726620
-65.219379
148.548820
413.041678
391.302539
322.461932
485.505474
619.563498
532.606942
445.650386
496.375044
532.606942
463.766335
427.534437
463.766335
514.490993
514.490993
467.389525
467.389525
532.606942
547.099701
492.751854
518.114183
557.969271
427.534437
286.230034
336.954691
376.809780
257.244515
188.403908
246.374946
239.128566
170.287959
246.374946
387.679349
438.404007
445.650386
452.896766
431.157627
431.157627
445.650386
405.795298
297.099603
61.592265
-344.204996
-590.581905
-489.132589
-438.407932
-847.828382
-1239.132884
-1112.321240
-952.900887
-1065.219772
-1039.857443
-735.509498
-630.436993
-742.755877
-601.451474
-376.813705
-391.306464
-387.683274
-213.770162
-260.871630
-601.451474
-655.799321
-384.060084
-293.480339
-467.393450
-500.002159
-289.857149
-112.320847
-43.480240
90.577783
387.679349
630.433068
648.549017
612.317118
717.389623
858.694027
804.346179
702.896864
670.288156
481.882285
195.650288
152.172010
242.751756
57.969075
-217.393352
-195.654213
-68.842569
-148.552746
-224.639732
-83.335329
39.853126
-7.248342
-47.103430
-65.219379
-177.538264
-242.755681
-231.886112
-365.944135
-608.697854
-699.277599
-670.292081
-721.016738
-760.871826
-673.915271
-547.103627
-449.277501
-246.378871
-47.103430
28.983556
213.766237
507.244613
583.331600
442.027196
460.143146
644.925827
619.563498
413.041678
358.693830
409.418488
336.954691
268.114085
326.085122
402.172108
438.404007
460.143146
518.114183
561.592461
597.824359
666.664966
663.041776
590.577979
485.505474
369.563400
297.099603
278.983654
210.143047
86.954593
18.113987
10.867607
-14.494722
-3.625152
152.172010
293.476414
329.708312
355.070641
427.534437
496.375044
467.389525
442.027196
420.288057
206.519858
-231.886112
-579.712335
-557.973196
-510.871728
-844.205192
-1286.234351
-1318.843060
-1115.944430
-1119.567619
-1134.060379
-898.553040
-677.538460
-706.523979
-594.205094
-307.973098
-260.871630
-322.465857
-166.668695
-50.726620
-358.697756
-608.697854
-394.929654
-202.900593
-391.306464
-590.581905
-442.031122
-213.770162
-177.538264
-126.813607
126.809681
409.418488
510.867803
521.737373
623.186688
789.853420
833.331698
760.867901
742.751952
648.549017
376.809780
173.911149
210.143047
148.548820
-184.784644
-365.944135
-250.002061
-188.407834
-311.596288
-329.712237
-148.552746
-65.219379
-115.944037
-108.697657
-28.987481
-10.871532
-86.958518
-173.915074
-217.393352
-329.712237
-481.886210
-518.118108
-445.654311
-445.654311
-543.480437
-507.248538
-282.610769
-166.668695
-177.538264
10.867607
318.838742
420.288057
373.186590
485.505474
684.780915
695.650484
594.201169
583.331600
634.056257
557.969271
405.795298
380.432969
449.273576
394.925729
282.606844
278.983654
369.563400
391.302539
333.331502
387.679349
478.259095
420.288057
358.693830
405.795298
431.157627
329.708312
260.867705
282.606844
217.389427
115.940112
108.693732
166.664770
188.403908
188.403908
242.751756
318.838742
362.317020
376.809780
362.317020
336.954691
387.679349
318.838742
-83.335329
-423.915172
-362.320945
-275.364389
-601.451474
-1014.495114
-1043.480633
-967.393647
-1061.596582
-1047.103823
-826.089243
-739.132687
-833.335623
-677.538460
-376.813705
-355.074566
-402.176033
-195.654213
-28.987481
-275.364389
-528.987677
-347.828186
-115.944037
-300.726718
-576.089145
-474.639830
-250.002061
-260.871630
-293.480339
-54.349810
213.766237
217.389427
235.505376
463.766335
644.925827
608.693929
590.577979
673.911345
579.708410
289.853224
188.403908
289.853224
170.287959
-163.045505
-336.958617
-246.378871
-177.538264
-318.842667
-405.799223
-289.857149
-163.045505
-195.654213
-231.886112
-94.204898
3.621227
-108.697657
-184.784644
-105.074468
-130.436796
-293.480339
-311.596288
-210.146973
-300.726718
-478.263020
-380.436894
-177.538264
-184.784644
-228.262922
-57.973000
170.287959
257.244515
282.606844
376.809780
543.476512
615.940308
550.722891
510.867803
623.186688
681.157725
525.360562
413.041678
481.882285
463.766335
271.737275
228.258997
318.838742
275.360464
166.664770
210.143047
315.215552
268.114085
213.766237
289.853224
326.085122
282.606844
282.606844
347.824261
347.824261
293.476414
300.722793
315.215552
355.070641
427.534437
387.679349
311.592363
369.563400
423.911247
304.345983
217.389427
268.114085
90.577783
-329.712237
-467.393450
-246.378871
-304.349908
-757.248637
-960.147267
-826.089243
-829.712433
-956.524077
-855.074762
-677.538460
-746.379067
-807.973294
-597.828284
-427.538362
-474.639830
-438.407932
-228.262922
-213.770162
-420.291983
-456.523881
-210.146973
-90.581708
-282.610769
-380.436894
-184.784644
-28.987481
-86.958518
-68.842569
210.143047
373.186590
282.606844
304.345983
518.114183
597.824359
532.606942
576.085220
608.693929
413.041678
249.998136
311.592363
322.461932
105.070542
-90.581708
-141.306366
-163.045505
-206.523783
-235.509301
-268.118010
-289.857149
-242.755681
-228.262922
-271.741200
-231.886112
-141.306366
-192.031023
-293.480339
-228.262922
-195.654213
-318.842667
-333.335427
-217.393352
-231.886112
-358.697756
-282.610769
-97.828088
-94.204898
-123.190417
36.229936
192.027098
181.157529
221.012617
387.679349
481.882285
481.882285
507.244613
561.592461
572.462030
543.476512
503.621424
481.882285
474.635905
402.172108
275.360464
242.751756
278.983654
246.374946
184.780719
177.534339
188.403908
163.041580
170.287959
228.258997
239.128566
224.635807
231.882186
213.766237
177.534339
199.273478
235.505376
217.389427
213.766237
253.621325
217.389427
170.287959
246.374946
293.476414
199.273478
144.925631
112.316922
-126.813607
-373.190515
-289.857149
-177.538264
-463.770261
-829.712433
-811.596484
-692.031220
-775.364586
-833.335623
-692.031220
-655.799321
-764.495016
-681.161650
-474.639830
-423.915172
-431.161552
-333.335427
-286.233959
-384.060084
-405.799223
-250.002061
-126.813607
-206.523783
-322.465857
-239.132491
-101.451278
-65.219379
-61.596190
47.099505
213.766237
260.867705
260.867705
347.824261
481.882285
525.360562
510.867803
525.360562
471.012715
351.447451
318.838742
329.708312
231.882186
61.592265
-18.117912
-57.973000
-115.944037
-170.291884
-177.538264
-163.045505
-159.422315
-192.031023
-242.755681
-206.523783
-112.320847
-101.451278
-192.031023
-221.016542
-141.306366
-148.552746
-202.900593
-152.175935
-101.451278
-163.045505
-192.031023
-112.320847
-61.596190
-68.842569
-0.001963
83.331403
108.693732
126.809681
242.751756
365.940210
420.288057
442.027196
478.259095
532.606942
554.346081
521.737373
507.244613
532.606942
507.244613
387.679349
260.867705
271.737275
311.592363
253.621325
195.650288
195.650288
184.780719
159.418390
188.403908
228.258997
228.258997
228.258997
239.128566
217.389427
199.273478
221.012617
242.751756
235.505376
268.114085
275.360464
202.896668
192.027098
249.998136
242.751756
170.287959
148.548820
68.838644
-166.668695
-318.842667
-228.262922
-210.146973
-463.770261
-699.277599
-673.915271
-644.929752
-750.002257
-753.625447
-644.929752
-659.422511
-742.755877
-659.422511
-510.871728
-507.248538
-518.118108
-420.291983
-405.799223
-525.364488
-521.741298
-365.944135
-275.364389
-365.944135
-431.161552
-326.089047
-202.900593
-170.291884
-144.929556
10.867607
170.287959
163.041580
144.925631
282.606844
416.664868
438.404007
420.288057
409.418488
365.940210
275.360464
257.244515
297.099603
202.896668
65.215454
28.983556
7.244417
-61.596190
-97.828088
-65.219379
-54.349810
-119.567227
-221.016542
-264.494820
-184.784644
-101.451278
-163.045505
-297.103528
-289.857149
-195.654213
-210.146973
-239.132491
-177.538264
-134.059986
-199.277403
-195.654213
-90.581708
-61.596190
-54.349810
57.969075
119.563302
76.085024
115.940112
268.114085
355.070641
344.201071
387.679349
442.027196
445.650386
481.882285
499.998234
471.012715
463.766335
489.128664
434.780817
326.085122
362.317020
442.027196
362.317020
242.751756
271.737275
318.838742
249.998136
221.012617
253.621325
231.882186
192.027098
210.143047
224.635807
159.418390
152.172010
213.766237
224.635807
188.403908
202.896668
235.505376
231.882186
217.389427
213.766237
199.273478
206.519858
134.056061
-105.074468
-278.987579
-199.277403
-134.059986
-362.320945
-619.567423
-615.944233
-561.596386
-641.306562
-659.422511
-568.842766
-547.103627
-601.451474
-539.857247
-416.668793
-380.436894
-344.204996
-246.378871
-239.132491
-358.697756
-384.060084
-257.248440
-173.915074
-257.248440
-362.320945
-326.089047
-195.654213
-148.552746
-159.422315
-61.596190
79.708214
112.316922
83.331403
192.027098
358.693830
376.809780
344.201071
380.432969
351.447451
257.244515
260.867705
300.722793
177.534339
32.606746
43.476315
28.983556
-83.335329
-152.175935
-137.683176
-123.190417
-163.045505
-202.900593
-235.509301
-224.639732
-134.059986
-105.074468
-210.146973
-260.871630
-166.668695
-148.552746
-224.639732
-217.393352
-134.059986
-123.190417
-177.538264
-126.813607
-43.480240
-25.364291
32.606746
101.447353
90.577783
101.447353
213.766237
336.954691
347.824261
326.085122
362.317020
438.404007
478.259095
449.273576
394.925729
394.925729
427.534437
340.577881
228.258997
231.882186
260.867705
192.027098
83.331403
86.954593
126.809681
115.940112
108.693732
123.186492
97.824163
101.447353
163.041580
170.287959
123.186492
130.432871
192.027098
177.534339
123.186492
152.172010
195.650288
181.157529
141.302441
134.056061
123.186492
115.940112
152.172010
68.838644
-141.306366
-224.639732
-126.813607
-148.552746
-387.683274
-532.610867
-492.755779
-500.002159
-579.712335
-594.205094
-539.857247
-532.610867
-547.103627
-496.378969
-434.784742
-413.045603
-344.204996
-246.378871
-268.118010
-351.451376
-322.465857
-181.161454
-119.567227
-210.146973
-264.494820
-148.552746
-47.103430
-65.219379
-97.828088
7.244417
152.172010
173.911149
155.795200
224.635807
315.215552
365.940210
380.432969
373.186590
340.577881
311.592363
315.215552
304.345983
224.635807
134.056061
123.186492
108.693732
39.853126
-68.842569
-105.074468
-50.726620
-54.349810
-166.668695
-242.755681
-177.538264
-137.683176
-217.393352
-250.002061
-166.668695
-148.552746
-224.639732
-213.770162
-144.929556
-130.436796
-119.567227
-61.596190
-50.726620
-86.958518
-21.741102
94.200973
86.954593
50.722695
134.056061
217.389427
246.374946
311.592363
362.317020
376.809780
405.795298
471.012715
452.896766
398.548919
438.404007
452.896766
355.070641
286.230034
300.722793
282.606844
206.519858
173.911149
181.157529
155.795200
134.056061
159.418390
155.795200
112.316922
137.679251
177.534339
144.925631
119.563302
134.056061
144.925631
137.679251
141.302441
141.302441
134.056061
141.302441
141.302441
108.693732
83.331403
112.316922
112.316922
14.490797
-155.799125
-257.248440
-231.886112
-228.262922
-373.190515
-554.350006
-594.205094
-561.596386
-623.190613
-673.915271
-612.321043
-586.958715
-615.944233
-565.219576
-481.886210
-452.900691
-420.291983
-300.726718
-239.132491
-333.335427
-336.958617
-188.407834
-155.799125
-257.248440
-289.857149
-202.900593
-144.929556
-163.045505
-144.929556
-50.726620
39.853126
86.954593
94.200973
155.795200
278.983654
355.070641
365.940210
351.447451
333.331502
307.969173
300.722793
311.592363
239.128566
101.447353
57.969075
86.954593
18.113987
-90.581708
-90.581708
-47.103430
-90.581708
-141.306366
-134.059986
-97.828088
-65.219379
-65.219379
-108.697657
-152.175935
-137.683176
-83.335329
-119.567227
-224.639732
-246.378871
-231.886112
-228.262922
-242.755681
-246.378871
-184.784644
-119.567227
-47.103430
65.215454
137.679251
228.258997
351.447451
434.780817
445.650386
463.766335
547.099701
579.708410
492.751854
394.925729
380.432969
347.824261
260.867705
181.157529
159.418390
148.548820
119.563302
112.316922
130.432871
163.041580
199.273478
231.882186
253.621325
271.737275
275.360464
275.360464
260.867705
242.751756
202.896668
144.925631
105.070542
86.954593
43.476315
-3.625152
21.737176
47.099505
32.606746
21.737176
83.331403
130.432871
108.693732
119.563302
188.403908
155.795200
-3.625152
-90.581708
-50.726620
-101.451278
-289.857149
-427.538362
-442.031122
-503.625349
-626.813803
-605.074664
-536.234057
-594.205094
-626.813803
-514.494918
-431.161552
-413.045603
-311.596288
-188.407834
-184.784644
-224.639732
-137.683176
-32.610671
-54.349810
-115.944037
-123.190417
-112.320847
-123.190417
-115.944037
-79.712139
-57.973000
-47.103430
-43.480240
-10.871532
61.592265
159.418390
210.143047
206.519858
210.143047
264.490895
326.085122
336.954691
286.230034
217.389427
159.418390
134.056061
68.838644
-25.364291
-72.465759
-112.320847
-192.031023
-253.625251
-260.871630
-257.248440
-264.494820
-264.494820
-246.378871
-228.262922
-170.291884
-86.958518
-54.349810
-76.088949
-32.610671
47.099505
57.969075
32.606746
47.099505
97.824163
86.954593
54.345885
83.331403
90.577783
68.838644
83.331403
108.693732
119.563302
148.548820
213.766237
235.505376
224.635807
253.621325
326.085122
347.824261
300.722793
268.114085
260.867705
242.751756
213.766237
166.664770
105.070542
65.215454
57.969075
47.099505
10.867607
14.490797
47.099505
47.099505
47.099505
57.969075
115.940112
181.157529
192.027098
173.911149
188.403908
242.751756
268.114085
271.737275
260.867705
231.882186
184.780719
123.186492
105.070542
76.085024
3.621227
-97.828088
-224.639732
-318.842667
-322.465857
-286.233959
-307.973098
-409.422413
-474.639830
-456.523881
-402.176033
-358.697756
-340.581806
-355.074566
-362.320945
-326.089047
-271.741200
-228.262922
-177.538264
-144.929556
-184.784644
-217.393352
-152.175935
-57.973000
-47.103430
-97.828088
-108.697657
-94.204898
-47.103430
39.853126
72.461834
43.476315
28.983556
79.708214
137.679251
184.780719
210.143047
188.403908
130.432871
90.577783
97.824163
134.056061
105.070542
14.490797
-72.465759
-119.567227
-126.813607
-134.059986
-159.422315
-166.668695
-202.900593
-250.002061
-199.277403
-97.828088
-68.842569
-68.842569
-32.610671
21.737176
43.476315
101.447353
224.635807
231.882186
166.664770
188.403908
228.258997
206.519858
217.389427
249.998136
195.650288
108.693732
119.563302
170.287959
163.041580
152.172010
170.287959
137.679251
105.070542
166.664770
224.635807
202.896668
210.143047
235.505376
184.780719
159.418390
202.896668
213.766237
123.186492
61.592265
61.592265
32.606746
47.099505
83.331403
28.983556
-65.219379
-43.480240
54.345885
54.345885
36.229936
86.954593
101.447353
79.708214
152.172010
286.230034
293.476414
221.012617
184.780719
159.418390
134.056061
181.157529
170.287959
-76.088949
-326.089047
-355.074566
-257.248440
-253.625251
-398.552844
-550.726816
-615.944233
-579.712335
-478.263020
-394.929654
-398.552844
-445.654311
-496.378969
-409.422413
-170.291884
-18.117912
-61.596190
-206.523783
-228.262922
-108.697657
28.983556
83.331403
-32.610671
-257.248440
-326.089047
-155.799125
-3.625152
-79.712139
-213.770162
-231.886112
-181.161454
-97.828088
39.853126
144.925631
79.708214
-50.726620
-57.973000
72.461834
202.896668
202.896668
36.229936
-163.045505
-192.031023
-50.726620
57.969075
-43.480240
-268.118010
-387.683274
-278.987579
-90.581708
-3.625152
-57.973000
-115.944037
-54.349810
57.969075
224.635807
365.940210
365.940210
260.867705
195.650288
311.592363
478.259095
474.635905
329.708312
159.418390
115.940112
235.505376
333.331502
242.751756
57.969075
-14.494722
36.229936
141.302441
177.534339
119.563302
43.476315
50.722695
126.809681
213.766237
264.490895
249.998136
173.911149
119.563302
199.273478
318.838742
300.722793
195.650288
101.447353
101.447353
181.157529
235.505376
170.287959
32.606746
3.621227
90.577783
159.418390
163.041580
170.287959
159.418390
141.302441
206.519858
336.954691
355.070641
253.621325
155.795200
134.056061
155.795200
148.548820
54.345885
-181.161454
-413.045603
-387.683274
-235.509301
-253.625251
-485.509400
-648.552942
-623.190613
-510.871728
-391.306464
-362.320945
-449.277501
-539.857247
-467.393450
-260.871630
-90.581708
-47.103430
-148.552746
-286.233959
-246.378871
-25.364291
108.693732
-3.625152
-228.262922
-351.451376
-264.494820
-68.842569
10.867607
-159.422315
-351.451376
-322.465857
-126.813607
32.606746
61.592265
-14.494722
-130.436796
-148.552746
-3.625152
170.287959
148.548820
-14.494722
-166.668695
-199.277403
-61.596190
94.200973
25.360366
-239.132491
-362.320945
-239.132491
-90.581708
-36.233861
-83.335329
-192.031023
-221.016542
-65.219379
152.172010
224.635807
152.172010
112.316922
130.432871
206.519858
336.954691
409.418488
282.606844
123.186492
144.925631
268.114085
326.085122
257.244515
119.563302
-0.001963
39.853126
177.534339
206.519858
65.215454
-14.494722
32.606746
86.954593
144.925631
184.780719
166.664770
112.316922
115.940112
210.143047
246.374946
221.012617
199.273478
173.911149
166.664770
206.519858
239.128566
177.534339
101.447353
108.693732
177.534339
210.143047
192.027098
163.041580
148.548820
221.012617
304.345983
297.099603
228.258997
181.157529
199.273478
202.896668
199.273478
126.809681
-50.726620
-199.277403
-195.654213
-123.190417
-155.799125
-326.089047
-467.393450
-500.002159
-449.277501
-351.451376
-322.465857
-431.161552
-528.987677
-460.147071
-275.364389
-134.059986
-123.190417
-221.016542
-278.987579
-188.407834
10.867607
94.200973
-18.117912
-192.031023
-228.262922
-115.944037
7.244417
-7.248342
-155.799125
-307.973098
-271.741200
-97.828088
32.606746
10.867607
-130.436796
-199.277403
-126.813607
28.983556
134.056061
76.085024
-83.335329
-195.654213
-108.697657
123.186492
181.157529
-7.248342
-184.784644
-199.277403
-65.219379
68.838644
79.708214
-43.480240
-170.291884
-115.944037
101.447353
221.012617
181.157529
101.447353
39.853126
101.447353
293.476414
413.041678
315.215552
141.302441
126.809681
235.505376
329.708312
329.708312
228.258997
90.577783
79.708214
202.896668
231.882186
134.056061
54.345885
47.099505
43.476315
76.085024
141.302441
112.316922
32.606746
21.737176
90.577783
155.795200
159.418390
108.693732
43.476315
57.969075
144.925631
184.780719
97.824163
7.244417
25.360366
83.331403
112.316922
123.186492
76.085024
36.229936
79.708214
141.302441
152.172010
115.940112
101.447353
90.577783
54.345885
72.461834
83.331403
10.867607
-119.567227
-210.146973
-210.146973
-199.277403
-210.146973
-278.987579
-384.060084
-420.291983
-376.813705
-347.828186
-362.320945
-394.929654
-405.799223
-391.306464
-326.089047
-235.509301
-228.262922
-253.625251
-228.262922
-170.291884
-134.059986
-108.697657
-86.958518
-108.697657
-152.175935
-126.813607
-86.958518
-86.958518
-126.813607
-144.929556
-126.813607
-115.944037
-101.451278
-94.204898
-97.828088
-86.958518
-65.219379
-47.103430
-57.973000
-65.219379
-50.726620
-14.494722
14.490797
-18.117912
-61.596190
-18.117912
76.085024
105.070542
57.969075
32.606746
36.229936
68.838644
144.925631
206.519858
148.548820
76.085024
97.824163
170.287959
249.998136
268.114085
206.519858
119.563302
130.432871
264.490895
318.838742
257.244515
166.664770
134.056061
177.534339
264.490895
300.722793
228.258997
112.316922
115.940112
202.896668
228.258997
192.027098
155.795200
119.563302
105.070542
159.418390
217.389427
192.027098
126.809681
115.940112
148.548820
184.780719
210.143047
163.041580
94.200973
97.824163
152.172010
188.403908
152.172010
115.940112
123.186492
112.316922
130.432871
144.925631
105.070542
61.592265
86.954593
101.447353
68.838644
47.099505
25.360366
-25.364291
-68.842569
-57.973000
-61.596190
-159.422315
-239.132491
-228.262922
-210.146973
-228.262922
-282.610769
-340.581806
-362.320945
-333.335427
-278.987579
-304.349908
-362.320945
-380.436894
-329.712237
-268.118010
-224.639732
-210.146973
-231.886112
-242.755681
-202.900593
-130.436796
-105.074468
-137.683176
-163.045505
-184.784644
-148.552746
-101.451278
-105.074468
-148.552746
-173.915074
-141.306366
-130.436796
-148.552746
-141.306366
-119.567227
-101.451278
