2.314530
-0.000820
-0.000820
-0.000820
-0.000820
-1.158495
-2.316170
-1.158495
-0.000820
-1.158495
-0.000820
2.314530
-1.158495
2.314530
1.156855
-0.000820
3.472206
-1.158495
-0.000820
-1.158495
-1.158495
1.156855
-1.158495
-0.000820
2.314530
-0.000820
1.156855
-0.000820
-2.316170
-0.000820
-0.000820
-1.158495
1.156855
-0.000820
-1.158495
1.156855
1.156855
1.156855
-0.000820
-1.158495
-0.000820
1.156855
2.314530
-0.000820
-0.000820
-0.000820
-1.158495
-0.000820
-1.158495
-2.316170
1.156855
-0.000820
-0.000820
1.156855
-0.000820
-0.000820
1.156855
2.314530
2.314530
2.314530
1.156855
3.472206
2.314530
1.156855
-2.316170
-2.316170
1.156855
2.314530
-1.158495
-1.158495
1.156855
1.156855
-0.000820
3.472206
2.314530
1.156855
-1.158495
-3.473846
-0.000820
-0.000820
-0.000820
-1.158495
-0.000820
2.314530
-2.316170
-0.000820
-2.316170
-3.473846
-2.316170
-1.158495
-0.000820
-0.000820
-2.316170
-0.000820
-2.316170
-1.158495
1.156855
-1.158495
-0.000820
-1.158495
-3.473846
-2.316170
-1.158495
1.156855
-0.000820
-0.000820
2.314530
-0.000820
1.156855
-1.158495
-2.316170
-0.000820
-0.000820
-0.000820
2.314530
2.314530
1.156855
2.314530
-0.000820
-1.158495
1.156855
3.472206
3.472206
2.314530
-0.000820
-0.000820
2.314530
-0.000820
-1.158495
1.156855
-0.000820
1.156855
-0.000820
1.156855
-0.000820
-4.631521
-3.473846
-1.158495
-0.000820
-3.473846
-2.316170
-1.158495
-2.316170
1.156855
1.156855
-0.000820
-1.158495
-2.316170
-0.000820
-1.158495
-2.316170
-1.158495
-1.158495
3.472206
3.472206
-2.316170
-2.316170
3.472206
-0.000820
-3.473846
-2.316170
-0.000820
3.472206
2.314530
-1.158495
-0.000820
4.629881
1.156855
-3.473846
-2.316170
-0.000820
-0.000820
-0.000820
-0.000820
-1.158495
-1.158495
1.156855
1.156855
1.156855
-1.158495
2.314530
3.472206
-0.000820
3.472206
3.472206
1.156855
-1.158495
-2.316170
1.156855
4.629881
1.156855
-0.000820
1.156855
2.314530
1.156855
-0.000820
-0.000820
-3.473846
-2.316170
2.314530
-0.000820
1.156855
-1.158495
-0.000820
-0.000820
1.156855
1.156855
1.156855
2.314530
2.314530
2.314530
-1.158495
-0.000820
-0.000820
1.156855
1.156855
1.156855
3.472206
-0.000820
-1.158495
1.156855
1.156855
-1.158495
-1.158495
1.156855
-0.000820
-1.158495
-1.158495
-2.316170
-2.316170
-2.316170
-0.000820
1.156855
2.314530
2.314530
-2.316170
-1.158495
-2.316170
-2.316170
-2.316170
-2.316170
-5.789196
-3.473846
-0.000820
1.156855
-2.316170
-3.473846
2.314530
3.472206
-2.316170
-1.158495
-0.000820
-2.316170
-0.000820
-0.000820
-0.000820
1.156855
-0.000820
1.156855
2.314530
-0.000820
1.156855
-0.000820
1.156855
4.629881
-0.000820
2.314530
2.314530
-0.000820
-1.158495
-0.000820
2.314530
-0.000820
-1.158495
-2.316170
-0.000820
-0.000820
1.156855
4.629881
2.314530
-3.473846
-3.473846
-0.000820
1.156855
-0.000820
2.314530
2.314530
1.156855
2.314530
3.472206
-1.158495
-1.158495
1.156855
3.472206
3.472206
-0.000820
-0.000820
1.156855
2.314530
1.156855
-1.158495
-0.000820
-1.158495
-1.158495
-0.000820
-1.158495
-2.316170
1.156855
2.314530
2.314530
-1.158495
-0.000820
1.156855
3.472206
2.314530
2.314530
2.314530
-2.316170
-0.000820
2.314530
-0.000820
-0.000820
1.156855
1.156855
-2.316170
-3.473846
2.314530
2.314530
-2.316170
-0.000820
-3.473846
-0.000820
2.314530
-2.316170
-2.316170
-2.316170
-2.316170
-0.000820
2.314530
2.314530
2.314530
-1.158495
-2.316170
2.314530
-0.000820
-0.000820
4.629881
1.156855
-3.473846
-2.316170
2.314530
2.314530
-1.158495
-2.316170
-2.316170
-5.789196
-5.789196
-4.631521
-3.473846
-2.316170
-5.789196
-4.631521
-4.631521
-3.473846
-1.158495
-2.316170
-4.631521
-4.631521
-1.158495
-1.158495
-3.473846
-3.473846
-0.000820
3.472206
4.629881
-0.000820
-2.316170
-0.000820
1.156855
-0.000820
-2.316170
-3.473846
-0.000820
5.787556
5.787556
3.472206
-3.473846
-5.789196
-0.000820
3.472206
2.314530
-0.000820
3.472206
4.629881
-3.473846
-2.316170
-1.158495
-1.158495
-0.000820
-1.158495
3.472206
4.629881
4.629881
2.314530
-3.473846
-3.473846
-0.000820
5.787556
5.787556
-1.158495
-2.316170
-0.000820
2.314530
1.156855
-1.158495
1.156855
1.156855
1.156855
3.472206
2.314530
1.156855
-1.158495
-1.158495
4.629881
4.629881
2.314530
5.787556
-0.000820
-4.631521
-0.000820
-0.000820
4.629881
6.945231
5.787556
4.629881
-2.316170
-5.789196
-2.316170
-0.000820
1.156855
3.472206
4.629881
-2.316170
-1.158495
2.314530
1.156855
4.629881
1.156855
-2.316170
-3.473846
-2.316170
1.156855
3.472206
-0.000820
-2.316170
-1.158495
-4.631521
-4.631521
-2.316170
-0.000820
-1.158495
2.314530
3.472206
-2.316170
-4.631521
-10.419897
-6.946871
-0.000820
3.472206
3.472206
-4.631521
-4.631521
-0.000820
-2.316170
-5.789196
-0.000820
1.156855
-9.262222
-16.208273
-12.735247
1.156855
10.418257
-4.631521
-13.892922
-1.158495
1.156855
-26.627350
-41.677127
-13.892922
27.783385
41.675487
20.837334
-17.365948
-38.204102
-33.573401
-10.419897
21.995009
42.833162
37.044786
8.102906
-26.627350
-39.361777
-12.735247
37.044786
45.148513
13.891282
-6.946871
-3.473846
9.260582
8.102906
-1.158495
6.945231
19.679658
21.995009
6.945231
-6.946871
-2.316170
10.418257
12.733607
8.102906
4.629881
1.156855
-5.789196
-3.473846
4.629881
15.048958
30.098735
6.945231
-60.199930
-94.930186
-23.154324
70.617367
83.351794
57.882940
-6.946871
-77.565058
-74.092033
-37.046426
9.260582
62.513641
69.459692
31.256410
-4.631521
-48.623178
-84.511109
-55.569230
37.044786
85.667145
43.990838
-5.789196
-23.154324
-42.834802
-40.519452
-13.892922
8.102906
48.621538
59.040615
-5.789196
-71.776682
-64.830631
-2.316170
37.044786
38.202462
9.260582
-24.311999
-16.208273
-11.577572
-40.519452
-19.681298
37.044786
32.414086
-13.892922
-35.888751
-31.258050
-17.365948
4.629881
16.206633
3.472206
-9.262222
-11.577572
-23.154324
-24.311999
-1.158495
19.679658
25.468034
9.260582
-25.469674
-32.415726
12.733607
37.044786
8.102906
-8.104546
2.314530
-4.631521
-13.892922
12.733607
35.887111
32.414086
9.260582
-30.100375
-32.415726
5.787556
31.256410
30.098735
19.679658
-2.316170
-25.469674
-10.419897
26.625710
33.571761
12.733607
-1.158495
-10.419897
-3.473846
18.521983
25.468034
15.048958
9.260582
-3.473846
-20.838974
3.472206
47.463863
48.621538
-4.631521
-55.569230
-46.307828
24.310359
64.828991
16.206633
-32.415726
-2.316170
30.098735
-1.158495
-30.100375
-9.262222
20.837334
18.521983
-18.523623
-33.573401
5.787556
35.887111
-8.104546
-57.884580
-37.046426
8.102906
16.206633
-5.789196
-20.838974
-12.735247
-18.523623
-35.888751
-27.785025
5.787556
9.260582
-35.888751
-62.515281
-49.780854
-27.785025
-10.419897
-12.735247
-28.942700
-30.100375
-10.419897
-24.311999
-63.672956
-60.199930
-13.892922
13.891282
-11.577572
-48.623178
-26.627350
21.995009
15.048958
-41.677127
-47.465503
18.521983
40.517812
-1.158495
-31.258050
-11.577572
34.729436
43.990838
-6.946871
-40.519452
15.048958
78.721093
55.567589
-19.681298
-43.992478
1.156855
63.671316
70.617367
-3.473846
-33.573401
49.779213
101.874597
40.517812
-31.258050
-16.208273
52.094564
101.874597
62.513641
-24.311999
-9.262222
100.716922
123.870426
52.094564
6.945231
20.837334
70.617367
111.135999
98.401572
47.463863
33.571761
75.248068
93.770871
63.671316
38.202462
47.463863
109.978324
153.969981
87.982495
5.787556
42.833162
112.293674
76.405743
3.472206
25.468034
87.982495
69.459692
-10.419897
-27.785025
40.517812
49.779213
-61.357606
-133.133468
-106.506938
-116.926015
-143.552545
-74.092033
-9.262222
-111.137639
-232.693535
-170.179074
-64.830631
-152.813946
-299.838696
-232.693535
-75.249708
-125.029741
-265.108440
-185.228852
1.156855
-35.888751
-216.486082
-235.008885
-105.349263
-70.619007
-115.768340
-63.672956
19.679658
-26.627350
-101.876237
-47.465503
50.936889
53.252239
-33.573401
-96.087861
-64.830631
52.094564
134.289503
71.775042
-27.785025
-4.631521
65.986666
31.256410
-39.361777
6.945231
101.874597
69.459692
-35.888751
-16.208273
84.509469
90.297845
4.629881
-3.473846
70.617367
59.040615
-2.316170
56.725265
143.550905
94.928546
-3.473846
-6.946871
64.828991
128.501127
140.077879
97.243897
72.932717
103.032273
125.028101
100.716922
99.559247
142.393229
162.073708
144.708580
128.501127
135.447178
160.916032
167.862084
129.658802
115.766700
170.177434
195.646288
138.920204
98.401572
131.974153
145.866255
116.924375
116.924375
143.550905
155.127657
137.762529
94.928546
35.887111
-158.602322
-457.282523
-341.515003
284.787279
434.127379
-347.303379
-776.800878
-31.258050
512.849293
-273.212167
-1036.120122
-390.137362
466.542285
-52.096204
-952.767508
-485.066728
522.110694
228.061194
-739.755272
-592.730521
215.326767
82.194119
-596.203547
-378.560610
324.148235
173.650460
-443.390421
-280.158218
387.820371
394.766422
-201.436304
-397.083413
32.414086
314.886834
83.351794
-121.556716
99.559247
313.729159
131.974153
-77.565058
65.986666
266.264476
119.239725
-164.390698
-109.979964
192.173263
191.015588
-108.822289
-111.137639
219.957468
222.272818
-170.179074
-260.477740
96.086221
218.799792
-131.975793
-325.307551
-38.204102
194.488613
12.733607
-142.394869
9.260582
76.405743
-125.029741
-191.017228
43.990838
145.866255
-62.515281
-156.286972
61.355965
206.065365
61.355965
-39.361777
70.617367
123.870426
-9.262222
-77.565058
70.617367
187.542562
86.824820
-2.316170
85.667145
162.073708
85.667145
13.891282
64.828991
115.766700
76.405743
3.472206
12.733607
111.135999
148.181605
72.932717
31.256410
92.613196
121.555076
71.775042
60.198290
100.716922
108.820649
75.248068
82.194119
151.654631
181.754186
97.243897
19.679658
76.405743
166.704408
151.654631
104.189948
123.870426
96.086221
-78.722733
-208.382356
-127.345092
-13.892922
-32.415726
-87.984135
-108.822289
-122.714391
-118.083690
-125.029741
-179.440476
-233.851210
-240.797261
-250.058663
-263.950765
-221.116783
-134.291143
-92.614836
-148.183245
-217.643757
-200.278629
-152.813946
-156.286972
-163.233023
-119.241365
-77.565058
-89.141810
-68.303657
26.625710
90.297845
46.306188
-33.573401
-59.042255
-37.046426
8.102906
53.252239
65.986666
78.721093
77.563418
28.941060
27.783385
118.082050
116.924375
-56.726905
-142.394869
-11.577572
64.828991
-33.573401
-50.938529
91.455521
112.293674
-57.884580
-113.452989
49.779213
118.082050
-43.992478
-159.759997
-60.199930
54.409914
23.152684
-9.262222
62.513641
97.243897
5.787556
-55.569230
20.837334
89.140170
26.625710
-31.258050
24.310359
78.721093
61.355965
60.198290
106.505298
106.505298
47.463863
32.414086
90.297845
127.343452
106.505298
85.667145
94.928546
109.978324
116.924375
128.501127
152.812306
151.654631
115.766700
77.563418
92.613196
145.866255
180.596511
165.546733
129.658802
180.596511
270.895176
245.426322
191.015588
253.530048
290.575655
120.397401
-109.979964
-260.477740
-414.448541
-326.465226
180.596511
363.509192
-214.170732
-532.531411
37.044786
349.617090
-339.199653
-846.261390
-277.842868
239.637946
-303.311722
-856.680467
-283.631244
457.280883
77.563418
-636.722179
-450.336472
48.621538
-115.768340
-457.282523
-222.274458
107.662973
-59.042255
-240.797261
45.148513
316.044509
120.397401
-158.602322
-94.930186
87.982495
41.675487
-103.033913
8.102906
313.729159
316.044509
-27.785025
-98.403212
217.642117
299.837056
-8.104546
-194.490253
-57.884580
76.405743
35.887111
19.679658
131.974153
150.496956
-31.258050
-136.606493
-6.946871
65.986666
-86.826460
-178.282801
-64.830631
-6.946871
-70.619007
-13.892922
141.235554
97.243897
-109.979964
-171.336749
-60.199930
23.152684
13.891282
-21.996649
-6.946871
53.252239
78.721093
81.036444
131.974153
129.658802
-12.735247
-108.822289
-11.577572
101.874597
96.086221
79.878769
120.397401
135.447178
85.667145
71.775042
138.920204
136.604853
31.256410
-23.154324
16.206633
78.721093
143.550905
172.492784
131.974153
86.824820
70.617367
91.455521
150.496956
144.708580
55.567589
61.355965
197.961639
273.210527
243.110972
241.953296
305.625432
346.144064
291.733330
174.808135
11.575932
-320.676850
-645.983580
-400.556439
255.845399
294.048680
-342.672679
-444.548096
200.276989
280.156578
-524.427685
-796.481356
-81.038084
178.281160
-583.469120
-929.614004
-128.502767
502.430216
12.733607
-615.884025
-407.502490
34.729436
-116.926015
-464.228574
-296.365671
53.252239
-18.523623
-184.071176
42.833162
300.994731
191.015588
6.945231
17.364308
11.575932
-141.237194
-148.183245
158.600682
395.924098
180.596511
-141.237194
9.260582
349.617090
246.583997
-121.556716
-167.863724
-2.316170
-59.042255
-164.390698
8.102906
215.326767
135.447178
-54.411554
-84.511109
-18.523623
-1.158495
-56.726905
-108.822289
-104.191588
-126.187417
-144.710220
18.521983
219.957468
120.397401
-148.183245
-167.863724
18.521983
46.306188
-71.776682
-54.411554
71.775042
82.194119
-1.158495
48.621538
209.538391
228.061194
42.833162
-101.876237
-38.204102
90.297845
104.189948
76.405743
141.235554
166.704408
85.667145
86.824820
160.916032
123.870426
23.152684
-0.000820
47.463863
109.978324
138.920204
150.496956
208.380716
233.849570
121.555076
41.675487
148.181605
226.903519
156.285332
116.924375
228.061194
350.774765
332.251962
302.152407
344.986389
278.998903
81.036444
-147.025570
-486.224403
-695.763614
-255.847039
316.044509
50.936889
-520.954659
-311.415448
238.480271
17.364308
-643.668230
-637.879854
-106.506938
-149.340921
-749.016673
-731.651545
62.513641
388.978046
-194.490253
-590.415171
-209.540031
118.082050
-186.386527
-468.859275
-185.228852
100.716922
-33.573401
-96.087861
162.073708
335.724987
250.057023
98.401572
15.048958
12.733607
-2.316170
-20.838974
129.658802
306.783107
158.600682
-47.465503
120.397401
324.148235
133.131828
-142.394869
-135.448818
-63.672956
-151.656271
-189.859552
-5.789196
171.335109
84.509469
-105.349263
-122.714391
-19.681298
-12.735247
-133.133468
-201.436304
-151.656271
-101.876237
-67.145982
65.986666
185.227212
91.455521
-65.988306
-60.199930
10.418257
2.314530
-11.577572
25.468034
81.036444
91.455521
77.563418
155.127657
283.629603
225.745844
-10.419897
-115.768340
11.575932
125.028101
83.351794
47.463863
136.604853
195.646288
131.974153
93.770871
123.870426
106.505298
21.995009
-13.892922
38.202462
100.716922
147.023930
203.750015
263.949125
243.110972
134.289503
76.405743
111.135999
145.866255
119.239725
111.135999
230.376544
343.828714
294.048680
274.368202
429.496678
413.289226
65.986666
-246.585637
-421.394592
-651.771956
-556.842590
13.891282
145.866255
-387.822011
-461.913224
108.820649
122.712751
-561.473291
-758.278075
-241.954936
-116.926015
-703.867340
-886.780022
-145.867895
415.604576
-27.785025
-556.842590
-283.631244
160.916032
-46.307828
-466.543925
-276.685192
148.181605
56.725265
-187.544202
46.306188
416.762251
427.181328
219.957468
54.409914
27.783385
79.878769
65.986666
96.086221
251.214698
204.907690
-30.100375
68.302017
331.094287
192.173263
-111.137639
-100.718562
-35.888751
-238.481911
-336.884303
-65.988306
141.235554
-18.523623
-215.328407
-136.606493
23.152684
6.945231
-174.809775
-317.203824
-225.747484
-67.145982
-84.511109
-92.614836
131.974153
252.372373
52.094564
-61.357606
77.563418
123.870426
6.945231
-20.838974
49.779213
114.609025
163.231383
166.704408
192.173263
244.268647
157.443007
-9.262222
2.314530
98.401572
40.517812
-17.365948
103.032273
196.803964
96.086221
50.936889
167.862084
186.384887
62.513641
-1.158495
23.152684
43.990838
85.667145
140.077879
197.961639
263.949125
224.588168
130.816477
144.708580
177.123485
98.401572
84.509469
199.119314
244.268647
270.895176
383.189671
439.915755
405.185499
379.716645
275.525877
13.891282
-304.469397
-692.290588
-850.892091
-319.519175
193.330938
-196.805604
-670.294760
-222.274458
259.318424
-270.896816
-905.302825
-553.369565
-23.154324
-470.016950
-1122.945762
-688.817563
260.476100
289.417979
-407.502490
-431.813669
203.750015
245.426322
-351.934080
-439.917395
-62.515281
-35.888751
-114.610665
108.820649
482.749738
683.027547
475.803686
129.658802
122.712751
310.256133
165.546733
-142.394869
1.156855
395.924098
260.476100
-111.137639
67.144341
300.994731
57.882940
-122.714391
-141.237194
-391.295037
-547.581189
-332.253602
-147.025570
-152.813946
-181.755826
-178.282801
-202.593980
-201.436304
27.783385
106.505298
-265.108440
-446.863446
-202.593980
59.040615
327.621261
519.795344
295.206355
25.468034
170.177434
347.301739
223.430493
-4.631521
-69.461332
20.837334
65.986666
82.194119
228.061194
372.770594
265.106800
-12.735247
-129.660442
-4.631521
19.679658
-135.448818
-127.345092
37.044786
77.563418
91.455521
222.272818
280.156578
219.957468
180.596511
97.243897
-13.892922
111.135999
426.023653
530.214421
432.969704
388.978046
324.148235
272.052852
399.397123
460.753909
317.202184
322.990560
479.276712
507.060917
618.197736
862.467202
766.380161
193.330938
-404.029464
-1106.738309
-2146.330637
-2367.446600
-944.663782
320.675210
-320.676850
-1352.165451
-935.402380
-15.050598
-57.884580
-665.664059
-782.589254
-605.464949
-858.995817
-1028.016396
46.306188
1537.391843
1423.939673
111.135999
-213.013056
651.770316
934.243065
350.774765
68.302017
181.754186
92.613196
-54.411554
277.841227
875.201630
941.189116
148.181605
-772.170177
-915.721902
-478.120677
-342.672679
-692.290588
-762.908775
-466.543925
-486.224403
-415.606216
252.372373
466.542285
-224.589808
-714.286417
-633.249153
-312.573123
127.343452
302.152407
226.903519
336.882663
546.421873
648.297291
681.869872
626.301462
376.243619
-71.776682
-420.236917
-266.266116
200.276989
361.193842
244.268647
143.550905
-101.876237
-324.149875
-272.054492
-299.838696
-531.373736
-699.236640
-665.664059
-358.880131
163.231383
486.222763
422.550627
280.156578
167.862084
27.783385
54.409914
243.110972
324.148235
283.629603
321.832885
497.799515
645.981940
691.131273
657.558692
446.861806
116.924375
-56.726905
-8.104546
148.181605
351.932440
472.330661
343.828714
136.604853
163.231383
285.944954
280.156578
200.276989
109.978324
100.716922
309.098458
645.981940
860.151852
899.512809
715.442452
277.841227
-496.643480
-1969.206332
-3329.474689
-2646.446323
-203.751655
832.367647
-549.896539
-1456.356219
-338.041978
718.915478
162.073708
-634.406829
-562.630966
-459.597874
-891.410722
-725.863169
876.359305
2215.789509
1451.723878
-181.755826
-279.000543
673.766145
694.604299
-83.353434
-366.983858
-235.008885
-395.925738
-430.655994
216.484442
981.707748
689.973598
-674.925460
-1535.078133
-1037.277797
-387.822011
-625.145427
-828.896262
-379.718285
-87.984135
-182.913501
173.650460
916.877937
858.994177
-94.930186
-767.539476
-487.382078
140.077879
369.297568
267.422151
332.251962
575.363753
515.164643
284.787279
327.621261
386.662696
-134.291143
-922.667953
-1044.223849
-416.763891
135.447178
178.281160
114.609025
85.667145
-123.872066
-387.822011
-369.299208
-194.490253
-229.220509
-388.979687
-295.207995
233.849570
803.425767
898.355134
612.409360
438.758080
314.886834
-26.627350
-142.394869
158.600682
320.675210
109.978324
49.779213
364.666867
662.189393
665.662419
461.911584
207.223040
-89.141810
-335.726627
-223.432133
336.882663
731.649905
495.484165
151.654631
273.210527
541.791173
570.733053
555.683275
579.994454
475.803686
348.459415
464.226934
852.048126
1175.039506
869.413254
-57.884580
-1390.368733
-3072.470795
-3907.154613
-2291.040037
386.662696
618.197736
-1263.024461
-1657.791703
23.152684
996.757525
296.364031
-430.655994
-360.037807
-282.473568
-655.244982
-174.809775
1701.781721
2773.788954
1231.765591
-707.340366
-327.622901
934.243065
721.230828
-355.407106
-729.336195
-671.452435
-754.805049
-599.676573
74.090393
691.131273
247.741672
-1156.518343
-1933.318401
-1136.837864
-175.967450
-284.788919
-574.207718
-226.905159
143.550905
305.625432
835.840673
1363.740563
996.757525
-42.834802
-627.460777
-283.631244
368.139893
527.899070
261.633775
122.712751
157.443007
96.086221
18.521983
118.082050
17.364308
-643.668230
-1341.746374
-1222.505829
-405.187139
219.957468
297.521706
199.119314
162.073708
17.364308
-115.768340
-8.104546
133.131828
8.102906
-206.067005
-109.979964
406.343174
960.869594
992.126825
612.409360
310.256133
59.040615
-266.266116
-335.726627
-112.295314
-10.419897
-97.245537
-84.511109
180.596511
554.525600
762.907135
579.994454
147.023930
-170.179074
-266.266116
-152.813946
318.359859
799.952742
713.127102
397.081773
503.587891
786.060639
782.587614
634.405188
516.322318
401.712474
355.405466
537.160472
777.956913
860.151852
713.127102
272.052852
-771.012502
-2785.367346
-4518.407118
-3650.150719
-582.311445
897.197458
-564.946317
-1700.625686
-385.506661
1191.246959
891.409082
-30.100375
2.314530
273.210527
-393.610387
-696.921289
1000.230551
2915.025328
2189.162979
-178.282801
-798.796707
370.455243
759.434110
-252.374013
-1048.854549
-977.078687
-872.887919
-1084.742481
-836.999988
258.160749
787.218315
-385.506661
-1843.019735
-1530.447432
-225.747484
97.243897
-285.946594
-113.452989
438.758080
663.347068
799.952742
1154.201352
1342.902410
815.002519
-235.008885
-790.692980
-357.722456
244.268647
186.384887
-147.025570
-165.548373
-71.776682
-188.701877
-284.788919
-206.067005
-288.261944
-783.746929
-1263.024461
-1023.385695
-120.399041
611.251685
696.919649
459.596234
277.841227
199.119314
163.231383
209.538391
235.007245
76.405743
-131.975793
-85.668785
321.832885
780.272263
855.521151
445.704131
-84.511109
-419.079242
-474.647651
-314.888474
-128.502767
-70.619007
-72.934357
45.148513
325.305911
670.293120
828.894622
633.247513
203.750015
-169.021399
-204.909330
233.849570
853.205801
979.392397
615.882385
494.326490
684.185222
700.392675
667.977769
774.483887
620.513086
180.596511
45.148513
375.085944
796.479716
854.363476
278.998903
-1176.198821
-3484.603166
-5000.000000
-3444.084534
43.990838
1172.724156
-745.543648
-1694.837310
-9.262222
1478.350408
1065.060362
401.712474
525.583720
312.571483
-751.332023
-769.854827
1339.429384
3107.199411
1890.482778
-620.514726
-1018.754994
307.940783
601.990283
-500.116506
-1150.729967
-1019.912669
-1191.248599
-1603.380969
-981.709388
583.467480
1041.906858
-419.079242
-1787.451326
-1242.186307
52.094564
339.198013
3.472206
213.011416
681.869872
661.031718
637.878214
1239.869317
1693.677995
846.259750
-618.199376
-1095.161557
-444.548096
97.243897
-70.619007
-404.029464
-429.498318
-238.481911
-163.233023
-182.913501
-107.664613
-184.071176
-791.850655
-1309.331469
-848.576740
134.289503
680.712196
752.488059
709.654076
533.687446
272.052852
150.496956
157.443007
141.235554
4.629881
-250.058663
-267.423791
210.696066
705.023376
705.023376
354.247791
-38.204102
-423.709942
-632.091478
-466.543925
-106.506938
57.882940
5.787556
40.517812
307.940783
678.396846
857.836502
676.081496
309.098458
63.671316
-46.307828
63.671316
606.620984
1148.412976
994.442175
413.289226
252.372373
467.699960
576.521429
585.782830
591.571206
482.749738
290.575655
202.592340
432.969704
923.823988
921.508638
-276.685192
-2491.317846
-4553.137374
-4565.871801
-1865.015564
826.579271
625.143787
-968.974961
-847.419065
680.712196
1316.275880
893.724433
593.886557
404.027824
-349.618730
-946.979132
68.302017
2150.959698
2729.797297
885.620706
-919.194927
-702.709665
215.326767
-31.258050
-871.730244
-1118.315061
-1148.414616
-1503.820902
-1410.049211
-197.963279
1026.857081
732.807580
-772.170177
-1544.339534
-749.016673
246.583997
284.787279
140.077879
551.052574
784.902964
546.421873
743.226657
1433.201075
1371.844290
170.177434
-1006.020567
-1135.680189
-505.904882
-33.573401
-79.880409
-251.216338
-213.013056
-280.158218
-493.170454
-316.046149
127.343452
-100.718562
-948.136807
-1190.090924
-483.909053
347.301739
794.164366
957.396569
840.471374
448.019482
56.725265
-27.785025
192.173263
280.156578
-106.506938
-530.216061
-302.154047
325.305911
606.620984
520.953019
340.355688
-57.884580
-582.311445
-695.763614
-282.473568
138.920204
197.961639
64.828991
122.712751
461.911584
751.330383
758.276435
584.625155
353.090115
45.148513
-174.809775
57.882940
738.595956
1188.931608
897.197458
342.671039
258.160749
533.687446
571.890728
392.451072
339.198013
310.256133
105.347623
48.621538
472.330661
1060.429661
1109.052020
273.210527
-1282.704939
-3284.325357
-4661.958842
-3607.316737
-522.112334
1163.462754
-46.307828
-1219.032803
-74.092033
1528.130441
1455.196904
548.737224
187.542562
-12.735247
-678.398486
-801.112057
710.811752
2468.162702
2023.615426
-138.921844
-1061.588977
-93.772511
393.608747
-527.900710
-1264.182136
-1132.207164
-1161.149044
-1474.879022
-918.037252
502.430216
1158.832053
152.812306
-1206.298376
-1176.198821
-96.087861
362.351517
86.824820
254.687724
738.595956
645.981940
454.965533
967.815645
1432.043400
769.853187
-514.008608
-1133.364839
-808.058108
-266.266116
-105.349263
-189.859552
-159.759997
-192.174903
-496.643480
-556.842590
-15.050598
292.891005
-311.415448
-992.128465
-746.701323
55.567589
556.840950
742.068982
831.209972
662.189393
225.745844
-54.411554
69.459692
289.417979
152.812306
-304.469397
-488.539754
-85.668785
438.758080
525.583720
318.359859
116.924375
-194.490253
-534.846761
-485.066728
-34.731076
268.579826
209.538391
99.559247
213.011416
551.052574
840.471374
779.114588
451.492507
156.285332
-54.411554
-39.361777
488.538114
1061.587337
897.197458
320.675210
259.318424
604.305633
579.994454
208.380716
118.082050
318.359859
326.463586
185.227212
395.924098
966.657970
1157.674378
453.807858
-766.381801
-2236.629302
-3912.942989
-4330.863736
-2073.397100
737.438281
830.052297
-754.805049
-674.925460
941.189116
1509.607638
667.977769
42.833162
61.355965
-207.224680
-747.858998
-195.647928
1633.478884
2495.946907
988.653799
-808.058108
-643.668230
260.476100
-134.291143
-1114.842036
-1247.974683
-979.394037
-1113.684360
-1100.949933
-230.378184
875.201630
811.529494
-553.369565
-1428.572014
-696.921289
267.422151
185.227212
-6.946871
492.011139
835.840673
605.463309
654.085667
1136.836224
1089.371541
133.131828
-930.771679
-1140.310890
-522.112334
13.891282
-49.780854
-177.125125
-15.050598
-152.813946
-656.402657
-555.684915
171.335109
164.389058
-760.593425
-1143.783916
-401.714114
467.699960
802.268092
836.998348
725.861529
414.446901
3.472206
-179.440476
64.828991
348.459415
85.667145
-444.548096
-360.037807
303.310082
625.143787
400.554798
160.916032
-54.411554
-420.236917
-575.365393
-267.423791
137.762529
255.845399
144.708580
120.397401
432.969704
856.678826
896.039783
563.787001
223.430493
-35.888751
-97.245537
299.837056
817.317870
823.106246
518.637669
467.699960
524.426045
372.770594
251.214698
339.198013
351.932440
214.169092
222.272818
504.745566
830.052297
901.828159
604.305633
16.206633
-1136.837864
-3243.806725
-4799.722191
-3315.582587
81.036444
1238.711642
-371.614559
-1080.111780
341.513363
1359.109862
787.218315
137.762529
244.268647
134.289503
-684.186862
-794.166006
941.189116
2659.179110
1838.387394
-344.988029
-874.045594
46.306188
70.617367
-821.950211
-1077.796429
-799.954382
-989.813114
-1302.385418
-732.809220
526.741395
1028.014756
-50.938529
-1393.841758
-1230.609555
-130.818117
199.119314
-5.789196
358.878491
811.529494
604.305633
466.542285
965.500295
1268.811197
607.778659
-558.000265
-1125.261112
-683.029187
-13.892922
53.252239
-143.552545
-76.407383
-114.610665
-442.232746
-448.021122
-39.361777
-20.838974
-595.045872
-992.128465
-670.294760
50.936889
605.463309
810.371819
769.853187
510.533942
74.090393
-171.336749
46.306188
300.994731
99.559247
-257.004714
-204.909330
206.065365
520.953019
541.791173
364.666867
57.882940
-348.461055
-645.983580
-509.377907
-16.208273
294.048680
202.592340
150.496956
437.600405
750.172708
789.533665
603.147958
258.160749
-105.349263
-126.187417
251.214698
623.986112
797.637391
816.160195
621.670761
386.662696
473.488336
605.463309
335.724987
38.202462
118.082050
253.530048
304.467757
591.571206
955.081218
906.458860
372.770594
-787.219955
-2789.998047
-4431.581478
-3616.578138
-777.958553
857.836502
-26.627350
-985.182413
-143.552545
1063.902687
977.077047
274.368202
99.559247
35.887111
-582.311445
-788.377630
617.040060
2368.602635
2081.499186
170.177434
-731.651545
-79.880409
239.637946
-449.178797
-970.132636
-855.522791
-854.365116
-1117.157386
-795.323681
305.625432
966.657970
134.289503
-1269.970512
-1435.518065
-441.075070
84.509469
-90.299485
121.555076
658.716368
661.031718
458.438558
836.998348
1275.757248
791.849015
-343.830354
-962.028910
-623.987752
-38.204102
90.297845
-67.145982
-70.619007
-77.565058
-304.469397
-401.714114
-113.452989
4.629881
-532.531411
-1085.900156
-848.576740
-71.776682
480.434387
655.243342
677.239171
473.488336
37.044786
-178.282801
79.878769
355.405466
186.384887
-180.598151
-167.863724
276.683552
657.558692
623.986112
346.144064
60.198290
-291.734970
-618.199376
-527.900710
-30.100375
254.687724
118.082050
86.824820
423.708302
752.488059
764.064811
539.475822
207.223040
-101.876237
-111.137639
273.210527
684.185222
791.849015
699.235000
603.147958
533.687446
557.998625
696.919649
678.396846
335.724987
-13.892922
20.837334
423.708302
825.421596
899.512809
650.612641
-23.154324
-1845.335086
-4337.809787
-4549.664348
-1413.522237
1162.305079
191.015588
-1503.820902
-766.381801
775.641563
815.002519
213.011416
254.687724
329.936611
-370.456883
-962.028910
157.443007
2372.075661
2732.112647
556.840950
-1002.547541
-254.689364
505.903241
-177.125125
-781.431579
-567.261667
-612.411000
-1115.999711
-1016.439644
31.256410
904.143510
304.467757
-1297.754717
-1874.276966
-882.149321
-21.996649
-87.984135
18.521983
557.998625
583.467480
275.525877
619.355411
1259.549795
1022.226380
-34.731076
-769.854827
-597.361222
-10.419897
332.251962
317.202184
158.600682
-82.195759
-394.768063
-451.494147
-116.926015
32.414086
-507.062557
-1125.261112
-973.605662
-283.631244
255.845399
553.367925
677.239171
391.293397
-179.440476
-386.664336
-2.316170
402.870149
322.990560
15.048958
20.837334
372.770594
658.716368
673.766145
527.899070
247.741672
-248.900988
-695.763614
-585.784470
-32.415726
261.633775
130.816477
120.397401
444.546456
720.073153
681.869872
405.185499
54.409914
-144.710220
-34.731076
251.214698
510.533942
715.442452
760.591785
596.201907
525.583720
689.973598
732.807580
557.998625
482.749738
413.289226
202.592340
263.949125
713.127102
960.869594
642.508915
-603.149598
-3029.636813
-4723.315628
-3090.993599
216.484442
955.081218
-791.850655
-1436.675741
-339.199653
340.355688
119.239725
79.878769
284.787279
-65.988306
-827.738587
-502.431856
1511.922989
2976.382114
1774.715258
-333.411277
-657.560332
94.928546
142.393229
-141.237194
-111.137639
-312.573123
-799.954382
-880.991646
-291.734970
539.475822
592.728881
-692.290588
-1966.890981
-1687.891259
-649.456606
-223.432133
-48.623178
335.724987
356.563141
74.090393
297.521706
885.620706
966.657970
371.612919
-336.884303
-579.996094
-179.440476
432.969704
729.334555
612.409360
185.227212
-300.996371
-387.822011
-85.668785
1.156855
-357.722456
-777.958553
-950.452158
-736.282246
-118.083690
483.907413
595.044232
262.791450
-209.540031
-522.112334
-361.195482
75.248068
244.268647
182.911861
245.426322
380.874320
538.318147
801.110417
872.886279
505.903241
-12.735247
-385.506661
-490.855104
-182.913501
284.787279
392.451072
276.683552
363.509192
474.646011
378.558970
258.160749
116.924375
-53.253879
43.990838
270.895176
228.061194
261.633775
674.923820
852.048126
576.521429
407.500850
421.392952
435.285054
614.724710
776.799238
640.193564
556.840950
619.355411
551.052574
468.857635
-357.722456
-2816.624577
-4586.709954
-2660.338425
615.882385
812.687169
-988.655439
-1110.211335
-91.457161
-233.851210
-791.850655
-331.095927
269.737501
-223.432133
-1032.647097
-306.784747
1858.067873
2801.573159
1252.603744
-351.934080
-162.075348
192.173263
-314.888474
-248.900988
476.961362
284.787279
-603.149598
-640.195204
226.903519
752.488059
152.812306
-1112.526685
-1734.198267
-1317.435195
-884.464671
-713.128742
-54.411554
603.147958
191.015588
-422.552267
98.401572
875.201630
512.849293
-354.249431
-473.489976
-23.154324
229.218869
370.455243
694.604299
708.496401
137.762529
-254.689364
15.048958
297.521706
37.044786
-532.531411
-883.306996
-629.776128
-27.785025
171.335109
25.468034
136.604853
103.032273
-463.070899
-633.249153
-94.930186
62.513641
-263.950765
-144.710220
316.044509
559.156301
674.923820
672.608470
463.069259
350.774765
251.214698
-70.619007
-77.565058
351.932440
397.081773
166.704408
476.961362
831.209972
474.646011
9.260582
62.513641
247.741672
203.750015
52.094564
-10.419897
185.227212
406.343174
285.944954
268.579826
731.649905
887.936057
394.766422
236.164920
661.031718
743.226657
392.451072
380.874320
759.434110
585.782830
-1164.622069
-3473.026414
-3374.624022
-573.050043
1014.122653
-312.573123
-1376.476630
-509.377907
4.629881
-739.755272
-874.045594
-57.884580
43.990838
-942.348431
-1170.410445
559.156301
2375.548686
1808.287839
-65.988306
-448.021122
292.891005
186.384887
-225.747484
255.845399
644.824265
61.355965
-474.647651
-93.772511
681.869872
758.276435
-317.203824
-1486.455774
-1360.269178
-553.369565
-444.548096
-520.954659
40.517812
254.687724
-432.971344
-650.614281
112.293674
540.633497
3.472206
-603.149598
-537.162112
-19.681298
385.505021
468.857635
520.953019
527.899070
86.824820
-353.091755
87.982495
728.176879
344.986389
-423.709942
-424.867618
-48.623178
48.621538
114.609025
225.745844
35.887111
-366.983858
-613.568675
-452.651822
37.044786
219.957468
-233.851210
-463.070899
46.306188
445.704131
312.571483
285.944954
454.965533
317.202184
67.144341
169.019759
518.637669
744.384332
617.040060
287.102629
240.795621
457.280883
460.753909
384.347346
515.164643
415.604576
-26.627350
-54.411554
351.932440
410.973875
206.065365
273.210527
398.239448
377.401295
414.446901
432.969704
414.446901
593.886557
627.459137
361.193842
222.272818
-661.033358
-2759.898492
-3321.370963
-736.282246
1265.338171
-64.830631
-1530.447432
-578.838419
423.708302
-334.568952
-1135.680189
-708.498041
-121.556716
-475.805326
-900.672124
209.538391
1961.100965
1638.109585
-384.348986
-804.585083
448.019482
571.890728
-375.087584
-313.730799
427.181328
451.492507
116.924375
177.123485
476.961362
449.177157
-303.311722
-1225.978855
-1040.750823
-115.768340
-72.934357
-647.141256
-423.709942
195.646288
59.040615
-328.780576
-268.581466
-216.486082
-479.278352
-626.303102
-390.137362
65.986666
436.442730
311.413808
-94.930186
-12.735247
467.699960
429.496678
-62.515281
-162.075348
76.405743
151.654631
169.019759
304.467757
307.940783
194.488613
49.779213
-195.647928
-287.104269
-83.353434
-60.199930
-341.515003
-327.622901
-38.204102
18.521983
-34.731076
103.032273
178.281160
99.559247
116.924375
181.754186
243.110972
423.708302
556.840950
436.442730
362.351517
512.849293
593.886557
544.106523
530.214421
487.380438
324.148235
247.741672
277.841227
296.364031
401.712474
570.733053
516.322318
284.787279
314.886834
468.857635
379.716645
262.791450
363.509192
463.069259
456.123208
-52.096204
-1709.887087
-3082.889872
-1897.430469
520.953019
737.438281
-849.734415
-1329.011947
-561.473291
-179.440476
-328.780576
-415.606216
-584.626795
-845.103715
-768.697151
52.094564
1200.508360
1340.587059
237.322596
-482.751378
-64.830631
280.156578
219.957468
415.604576
467.699960
-71.776682
-254.689364
385.505021
843.944399
549.894899
-197.963279
-879.833970
-899.514449
-251.216338
104.189948
-151.656271
-303.311722
-298.681021
-503.589531
-509.377907
-101.876237
-84.511109
-627.460777
-853.207441
-475.805326
-9.262222
228.061194
258.160749
113.451349
-26.627350
-42.834802
62.513641
299.837056
492.011139
334.567312
-13.892922
-20.838974
262.791450
354.247791
199.119314
62.513641
-30.100375
-103.033913
-63.672956
39.360137
77.563418
-42.834802
-291.734970
-427.182968
-248.900988
24.310359
100.716922
98.401572
181.754186
232.691895
210.696066
292.891005
439.915755
392.451072
217.642117
225.745844
424.865978
568.417702
614.724710
617.040060
479.276712
255.845399
255.845399
460.753909
538.318147
448.019482
393.608747
391.293397
363.509192
343.828714
365.824543
397.081773
375.085944
296.364031
187.542562
-273.212167
-1408.891536
-2179.903218
-1238.713282
289.417979
244.268647
-798.796707
-927.298654
-495.485805
-607.780299
-714.286417
-364.668507
-325.307551
-783.746929
-812.688809
43.990838
973.604021
886.778382
-19.681298
-486.224403
-185.228852
38.202462
85.667145
365.824543
474.646011
172.492784
115.766700
503.587891
689.973598
413.289226
-99.560887
-563.788641
-549.896539
-128.502767
35.887111
-70.619007
17.364308
26.625710
-307.942423
-415.606216
-184.071176
-310.257773
-707.340366
-680.713836
-341.515003
-150.498596
-84.511109
-50.938529
-60.199930
-12.735247
34.729436
-32.415726
-19.681298
105.347623
76.405743
27.783385
233.849570
410.973875
298.679381
170.177434
148.181605
86.824820
60.198290
106.505298
62.513641
-8.104546
15.048958
-23.154324
-108.822289
-13.892922
107.662973
37.044786
19.679658
187.542562
260.476100
199.119314
221.115143
243.110972
135.447178
116.924375
287.102629
408.658525
394.766422
364.666867
371.612919
392.451072
386.662696
305.625432
235.007245
300.994731
390.135722
408.658525
481.592062
537.160472
388.978046
229.218869
294.048680
405.185499
335.724987
52.094564
-610.095649
-1376.476630
-1253.763059
-248.900988
181.754186
-373.929909
-685.344537
-451.494147
-498.958830
-740.912947
-598.518897
-456.124848
-711.971067
-796.481356
-299.838696
295.206355
379.716645
-15.050598
-313.730799
-216.486082
-48.623178
38.202462
239.637946
333.409637
77.563418
-2.316170
363.509192
575.363753
391.293397
172.492784
-46.307828
-237.324236
-91.457161
211.853741
243.110972
114.609025
-9.262222
-211.855381
-287.104269
-162.075348
-248.900988
-511.693258
-480.436027
-304.469397
-314.888474
-270.896816
-77.565058
-109.979964
-358.880131
-400.556439
-210.697706
-38.204102
46.306188
57.882940
60.198290
123.870426
195.646288
217.642117
255.845399
247.741672
145.866255
129.658802
280.156578
336.882663
204.907690
127.343452
112.293674
61.355965
74.090393
113.451349
82.194119
38.202462
38.202462
107.662973
209.538391
241.953296
184.069536
62.513641
-17.365948
90.297845
277.841227
278.998903
164.389058
137.762529
184.069536
243.110972
335.724987
426.023653
332.251962
177.123485
208.380716
333.409637
428.339003
413.289226
260.476100
98.401572
184.069536
415.604576
441.073430
210.696066
-385.506661
-1029.174071
-871.730244
-89.141810
157.443007
-313.730799
-531.373736
-342.672679
-428.340643
-640.195204
-497.801155
-376.245259
-635.564504
-771.012502
-317.203824
211.853741
163.231383
-225.747484
-376.245259
-251.216338
-167.863724
-74.092033
136.604853
145.866255
-60.199930
30.098735
377.401295
524.426045
416.762251
194.488613
-72.934357
-187.544202
12.733607
185.227212
112.293674
81.036444
60.198290
-46.307828
11.575932
74.090393
-160.917673
-369.299208
-326.465226
-311.415448
-331.095927
-201.436304
-160.917673
-350.776405
-357.722456
-104.191588
-12.735247
-70.619007
-53.253879
-61.357606
-89.141810
1.156855
121.555076
112.293674
74.090393
123.870426
201.434664
320.675210
395.924098
276.683552
105.347623
60.198290
77.563418
119.239725
222.272818
184.069536
-55.569230
-43.992478
201.434664
237.322596
207.223040
184.069536
6.945231
-90.299485
-61.357606
33.571761
215.326767
284.787279
182.911861
41.675487
158.600682
360.036167
194.488613
105.347623
143.550905
83.351794
197.961639
309.098458
400.554798
366.982218
53.252239
2.314530
223.430493
319.517535
360.036167
327.621261
18.521983
-481.593702
-689.975238
-401.714114
-27.785025
71.775042
-188.701877
-466.543925
-276.685192
-96.087861
-355.407106
-406.344815
-263.950765
-541.792813
-739.755272
-224.589808
244.268647
-28.942700
-324.149875
-211.855381
-120.399041
-127.345092
-78.722733
-10.419897
-30.100375
-83.353434
17.364308
276.683552
409.816200
228.061194
4.629881
-39.361777
-6.946871
57.882940
170.177434
172.492784
24.310359
-45.150153
-2.316170
-8.104546
-69.461332
-188.701877
-299.838696
-253.531688
-114.610665
-56.726905
-89.141810
-111.137639
-187.544202
-236.166560
-137.764169
-78.722733
-109.979964
-99.560887
-21.996649
24.310359
118.082050
208.380716
84.509469
-15.050598
93.770871
226.903519
217.642117
93.770871
16.206633
6.945231
65.986666
150.496956
116.924375
100.716922
119.239725
2.314530
-1.158495
181.754186
202.592340
76.405743
54.409914
79.878769
60.198290
70.617367
92.613196
45.148513
94.928546
94.928546
31.256410
228.061194
136.604853
-20.838974
137.762529
156.285332
316.044509
246.583997
18.521983
178.281160
123.870426
37.044786
-15.050598
5.787556
316.044509
251.214698
106.505298
192.173263
172.492784
-10.419897
-492.012779
-608.937974
-107.664613
32.414086
-204.909330
-164.390698
-13.892922
-97.245537
-222.274458
-200.278629
-192.174903
-317.203824
-422.552267
-295.207995
17.364308
120.397401
-120.399041
-210.697706
-100.718562
-131.975793
-136.606493
24.310359
63.671316
-106.506938
-98.403212
133.131828
226.903519
185.227212
109.978324
-62.515281
-171.336749
-48.623178
98.401572
126.185777
74.090393
-30.100375
-83.353434
-70.619007
-12.735247
-72.934357
-192.174903
-120.399041
-120.399041
-173.652100
-53.253879
-21.996649
-76.407383
-119.241365
-46.307828
63.671316
6.945231
97.243897
118.082050
-133.133468
-171.336749
3.472206
122.712751
116.924375
37.044786
31.256410
152.812306
204.907690
79.878769
-6.946871
77.563418
19.679658
-171.336749
-17.365948
288.260304
235.007245
-4.631521
43.990838
179.438836
78.721093
105.347623
151.654631
-42.834802
-54.411554
101.874597
121.555076
-69.461332
25.468034
378.558970
46.306188
-134.291143
229.218869
97.243897
-26.627350
35.887111
-17.365948
120.397401
228.061194
83.351794
-63.672956
68.302017
121.555076
-32.415726
46.306188
144.708580
123.870426
67.144341
-35.888751
143.550905
186.384887
-171.336749
-232.693535
-298.681021
-303.311722
101.874597
13.891282
-200.278629
-45.150153
-113.452989
-237.324236
-167.863724
62.513641
-107.664613
-481.593702
-85.668785
98.401572
-98.403212
59.040615
-67.145982
-221.116783
-100.718562
-33.573401
-16.208273
-10.419897
35.887111
-91.457161
-141.237194
105.347623
126.185777
-39.361777
-87.984135
-43.992478
3.472206
-21.996649
89.140170
39.360137
-188.701877
-52.096204
2.314530
-68.303657
-30.100375
-12.735247
49.779213
-129.660442
-118.083690
128.501127
-94.930186
-169.021399
86.824820
77.563418
-64.830631
-4.631521
149.339281
34.729436
-79.880409
-61.357606
-47.465503
54.409914
87.982495
41.675487
55.567589
172.492784
111.135999
-54.411554
45.148513
118.082050
86.824820
100.716922
69.459692
4.629881
62.513641
86.824820
69.459692
137.762529
-64.830631
-55.569230
339.198013
175.965810
-347.303379
-91.457161
426.023653
10.418257
-166.706049
86.824820
24.310359
254.687724
74.090393
-207.224680
-74.092033
-30.100375
442.231106
159.758357
-505.904882
185.227212
377.401295
-247.743312
-33.573401
329.936611
107.662973
-121.556716
-9.262222
63.671316
-43.992478
150.496956
112.293674
-282.473568
24.310359
245.426322
-149.340921
-213.013056
18.521983
-17.365948
-207.224680
-85.668785
-109.979964
-141.237194
105.347623
-62.515281
-135.448818
-48.623178
-84.511109
-60.199930
-177.125125
-83.353434
25.468034
-82.195759
-83.353434
-48.623178
40.517812
17.364308
-162.075348
-143.552545
1.156855
-103.033913
-119.241365
143.550905
-61.357606
-187.544202
200.276989
5.787556
-232.693535
72.932717
82.194119
-15.050598
-98.403212
-119.241365
150.496956
-12.735247
-41.677127
175.965810
-107.664613
-93.772511
15.048958
-25.469674
96.086221
30.098735
-10.419897
-27.785025
-39.361777
104.189948
138.920204
-32.415726
-69.461332
-28.942700
-92.614836
230.376544
278.998903
-201.436304
-39.361777
347.301739
37.044786
-224.589808
202.592340
188.700237
-206.067005
-49.780854
61.355965
63.671316
100.716922
86.824820
-56.726905
-101.876237
372.770594
126.185777
-426.025293
91.455521
217.642117
-221.116783
62.513641
162.073708
-115.768340
108.820649
61.355965
-130.818117
82.194119
254.687724
-34.731076
-361.195482
149.339281
267.422151
-21.996649
-53.253879
-208.382356
214.169092
115.766700
-83.353434
258.160749
-265.108440
-42.834802
250.057023
-283.631244
83.351794
152.812306
-49.780854
-153.971621
-363.510832
241.953296
178.281160
-288.261944
93.770871
40.517812
-165.548373
75.248068
96.086221
-181.755826
-121.556716
105.347623
-204.909330
-77.565058
199.119314
-113.452989
-12.735247
-43.992478
-223.432133
-6.946871
296.364031
70.617367
-633.249153
39.360137
448.019482
-331.095927
20.837334
114.609025
-376.245259
77.563418
405.185499
-224.589808
-304.469397
409.816200
-9.262222
-464.228574
182.911861
413.289226
-89.141810
-364.668507
70.617367
189.857912
12.733607
-32.415726
-178.282801
210.696066
125.028101
-276.685192
127.343452
179.438836
-104.191588
-184.071176
39.360137
219.957468
-130.818117
-63.672956
147.023930
-32.415726
38.202462
85.667145
105.347623
-55.569230
-173.652100
248.899348
-28.942700
-203.751655
177.123485
-147.025570
129.658802
178.281160
-409.817840
180.596511
305.625432
-122.714391
-134.291143
-103.033913
215.326767
-130.818117
-26.627350
394.766422
-399.398763
-77.565058
439.915755
-277.842868
-106.506938
340.355688
-18.523623
-204.909330
121.555076
84.509469
-53.253879
159.758357
-93.772511
-19.681298
174.808135
-221.116783
8.102906
89.140170
-55.569230
122.712751
-160.917673
60.198290
141.235554
-206.067005
93.770871
-77.565058
-45.150153
114.609025
-206.067005
111.135999
32.414086
-152.813946
99.559247
-11.577572
-69.461332
93.770871
217.642117
-371.614559
-141.237194
632.089838
-404.029464
-270.896816
395.924098
-224.589808
89.140170
76.405743
-54.411554
-78.722733
-111.137639
510.533942
-245.427962
-327.622901
517.479993
-191.017228
-325.307551
93.770871
173.650460
63.671316
-363.510832
258.160749
390.135722
-569.577017
45.148513
421.392952
-344.988029
-113.452989
138.920204
52.094564
-112.295314
-96.087861
254.687724
-214.170732
-127.345092
254.687724
-195.647928
-5.789196
121.555076
-53.253879
74.090393
33.571761
-207.224680
-49.780854
278.998903
-126.187417
-344.988029
-6.946871
476.961362
28.941060
-577.680744
341.513363
261.633775
-346.145704
-8.104546
92.613196
-91.457161
-266.266116
386.662696
140.077879
-669.137084
342.671039
649.454966
-369.299208
-401.714114
164.389058
63.671316
-0.000820
75.248068
-61.357606
86.824820
-35.888751
-12.735247
108.820649
-182.913501
-89.141810
200.276989
87.982495
-219.959108
109.978324
145.866255
-156.286972
76.405743
32.414086
26.625710
-217.643757
63.671316
452.650182
-298.681021
-195.647928
134.289503
65.986666
-0.000820
-159.759997
91.455521
1.156855
15.048958
78.721093
-147.025570
52.094564
5.787556
-113.452989
164.389058
171.335109
-263.950765
-50.938529
457.280883
-358.880131
-431.813669
677.239171
25.468034
-492.012779
377.401295
40.517812
-221.116783
170.177434
-99.560887
46.306188
-28.942700
-38.204102
429.496678
-332.253602
-485.066728
539.475822
261.633775
-436.444370
-25.469674
244.268647
-97.245537
1.156855
185.227212
-180.598151
-148.183245
302.152407
-60.199930
-158.602322
272.052852
11.575932
-238.481911
-121.556716
258.160749
165.546733
-263.950765
-23.154324
184.069536
115.766700
-262.793090
125.028101
584.625155
-617.041701
-364.668507
612.409360
-111.137639
-186.386527
207.223040
6.945231
-57.884580
193.330938
45.148513
-287.104269
28.941060
189.857912
150.496956
-48.623178
-482.751378
-49.780854
540.633497
64.828991
-416.763891
64.828991
178.281160
-123.872066
149.339281
97.243897
-281.315893
-128.502767
267.422151
-20.838974
-326.465226
322.990560
378.558970
-482.751378
-268.581466
509.376267
-76.407383
-422.552267
471.172986
175.965810
-419.079242
305.625432
103.032273
-525.585360
181.754186
300.994731
-334.568952
-224.589808
296.364031
321.832885
-260.477740
30.098735
324.148235
-566.103992
-130.818117
743.226657
-261.635415
-721.232468
450.334832
417.919926
-475.805326
328.778936
246.583997
-768.697151
274.368202
560.313976
-346.145704
-156.286972
201.434664
101.874597
-247.743312
-105.349263
254.687724
-214.170732
-4.631521
340.355688
-353.091755
59.040615
152.812306
-276.685192
407.500850
-4.631521
-488.539754
10.418257
157.443007
32.414086
-153.971621
310.256133
-76.407383
-615.884025
557.998625
215.326767
-639.037529
-18.523623
141.235554
97.243897
-111.137639
37.044786
26.625710
-495.485805
419.077602
320.675210
-713.128742
45.148513
251.214698
52.094564
200.276989
-523.270009
-84.511109
504.745566
-283.631244
-65.988306
-11.577572
-309.100098
409.816200
104.189948
-436.444370
144.708580
295.206355
-194.490253
-387.822011
427.181328
340.355688
-912.248876
-18.523623
542.948848
-417.921566
356.563141
390.135722
-820.792535
-221.116783
730.492230
106.505298
-716.601768
213.011416
595.044232
-641.352880
-191.017228
437.600405
-171.336749
123.870426
215.326767
-379.718285
-232.693535
203.750015
397.081773
155.127657
-575.365393
-261.635415
679.554521
33.571761
-692.290588
347.301739
600.832608
-745.543648
-265.108440
842.786724
-338.041978
-501.274181
887.936057
-56.726905
-1092.846207
655.243342
979.392397
-966.659610
-517.481634
990.969149
-21.996649
-753.647374
516.322318
384.347346
-765.224126
357.720816
789.533665
-990.970789
-334.568952
988.653799
-167.863724
-539.477462
402.870149
321.832885
-349.618730
-119.241365
365.824543
130.816477
-244.270287
3.472206
261.633775
-434.129019
-122.714391
923.823988
-123.872066
-698.078964
371.612919
341.513363
-364.668507
-82.195759
570.733053
-170.179074
-718.917118
576.521429
652.927992
-713.128742
-4.631521
794.164366
-809.215783
-623.987752
1294.280051
320.675210
-1019.912669
87.982495
649.454966
-311.415448
-225.747484
670.293120
-439.917395
-849.734415
1135.678549
353.090115
-1338.273349
274.368202
897.197458
-632.091478
-280.158218
777.956913
-169.021399
-645.983580
432.969704
348.459415
-583.469120
16.206633
530.214421
-514.008608
-365.826183
1074.321764
193.330938
-1341.746374
241.953296
858.994177
-695.763614
-20.838974
601.990283
-158.602322
-241.954936
-262.793090
181.754186
207.223040
-142.394869
340.355688
-346.145704
-539.477462
657.558692
172.492784
-492.012779
74.090393
104.189948
56.725265
65.986666
-237.324236
173.650460
-45.150153
-431.813669
586.940505
-2.316170
-688.817563
570.733053
31.256410
-407.502490
311.413808
-164.390698
64.828991
41.675487
-371.614559
243.110972
138.920204
-170.179074
-34.731076
199.119314
-30.100375
-584.626795
191.015588
613.567035
-393.610387
-500.116506
265.106800
253.530048
-289.419620
63.671316
282.471928
-446.863446
-92.614836
320.675210
-394.768063
-288.261944
582.309805
187.542562
-775.643203
85.667145
593.886557
-470.016950
-327.622901
206.065365
23.152684
-237.324236
3.472206
420.235277
-414.448541
-376.245259
409.816200
-119.241365
-294.050320
-46.307828
344.986389
120.397401
-685.344537
290.575655
319.517535
-938.875406
336.882663
644.824265
-832.369287
-235.008885
610.094009
202.592340
-474.647651
-305.627072
502.430216
-89.141810
-507.062557
436.442730
72.932717
-437.602045
451.492507
181.754186
-574.207718
6.945231
548.737224
-111.137639
-530.216061
588.098181
529.056745
-833.526963
-113.452989
901.828159
16.206633
-617.041701
-2.316170
406.343174
125.028101
-84.511109
41.675487
207.223040
-35.888751
-97.245537
108.820649
48.621538
130.816477
344.986389
-26.627350
-432.971344
530.214421
485.065088
-659.875683
-104.191588
531.372096
325.305911
-49.780854
-199.120954
103.032273
236.164920
37.044786
169.019759
179.438836
-341.515003
229.218869
582.309805
-246.585637
8.102906
509.376267
-87.984135
-189.859552
400.554798
159.758357
-221.116783
258.160749
296.364031
-181.755826
103.032273
373.928269
120.397401
-65.988306
-50.938529
9.260582
241.953296
362.351517
-8.104546
33.571761
25.468034
-171.336749
151.654631
307.940783
65.986666
-309.100098
15.048958
664.504744
-84.511109
-703.867340
566.102352
524.426045
-798.796707
232.691895
592.728881
-831.211612
76.405743
773.326212
-679.556161
-303.311722
707.338726
-77.565058
-442.232746
27.783385
130.816477
-162.075348
-55.569230
247.741672
-421.394592
-377.402935
390.135722
-163.233023
-423.709942
140.077879
68.302017
-463.070899
-128.502767
306.783107
-428.340643
-274.369842
127.343452
-304.469397
-54.411554
-131.975793
-493.170454
-145.867895
122.712751
-240.797261
-549.896539
103.032273
241.953296
-672.610110
-429.498318
398.239448
-314.888474
-764.066451
326.463586
182.911861
-816.161835
-294.050320
466.542285
-87.984135
-731.651545
31.256410
155.127657
-608.937974
67.144341
402.870149
-570.734693
-388.979687
464.226934
-138.921844
-566.103992
137.762529
360.036167
-185.228852
-509.377907
238.480271
267.422151
-529.058385
27.783385
131.974153
-192.174903
270.895176
-74.092033
4.629881
166.704408
-502.431856
135.447178
452.650182
-294.050320
53.252239
415.604576
-174.809775
-213.013056
319.517535
-38.204102
-417.921566
243.110972
442.231106
-164.390698
-6.946871
578.836779
-5.789196
-545.265838
188.700237
222.272818
-229.220509
254.687724
317.202184
-197.963279
25.468034
493.168814
-191.017228
-532.531411
421.392952
460.753909
-245.427962
-42.834802
342.671039
-61.357606
-158.602322
184.069536
263.949125
-262.793090
-340.357328
809.214143
297.521706
-600.834248
50.936889
153.969981
305.625432
65.986666
-304.469397
281.314253
-17.365948
77.563418
452.650182
-312.573123
-25.469674
413.289226
-60.199930
-94.930186
104.189948
417.919926
113.451349
-386.664336
363.509192
126.185777
-344.988029
693.446624
-77.565058
-498.958830
769.853187
223.430493
-206.067005
298.679381
254.687724
-373.929909
-141.237194
949.292842
-55.569230
-605.464949
786.060639
471.172986
-354.249431
109.978324
575.363753
35.887111
-318.361499
625.143787
226.903519
-283.631244
751.330383
268.579826
-372.772234
483.907413
498.957190
-259.320064
202.592340
648.297291
-47.465503
2.314530
590.413531
274.368202
-4.631521
237.322596
43.990838
-5.789196
474.646011
517.479993
-225.747484
-404.029464
606.620984
516.322318
-486.224403
-123.872066
562.629326
17.364308
-231.535860
283.629603
-70.619007
-288.261944
195.646288
153.969981
-311.415448
-217.643757
335.724987
30.098735
-404.029464
-62.515281
-23.154324
-371.614559
-225.747484
346.144064
-85.668785
-747.858998
178.281160
153.969981
-702.709665
-64.830631
-11.577572
-480.436027
-254.689364
-91.457161
-107.664613
-324.149875
-316.046149
-213.013056
-531.373736
-405.187139
119.239725
-395.925738
-596.203547
-35.888751
-644.825905
-376.245259
109.978324
-776.800878
-305.627072
-138.921844
-679.556161
-172.494425
-276.685192
-364.668507
-71.776682
-250.058663
-439.917395
-289.419620
93.770871
-182.913501
-179.440476
-39.361777
-435.286694
292.891005
496.641840
-397.083413
-140.079519
479.276712
313.729159
17.364308
61.355965
251.214698
581.152129
423.708302
-32.415726
218.799792
428.339003
614.724710
608.936334
85.667145
101.874597
598.517257
671.450795
71.775042
115.766700
691.131273
383.189671
-30.100375
454.965533
762.907135
-86.826460
-197.963279
735.122931
351.932440
-160.917673
483.907413
328.778936
-201.436304
199.119314
357.720816
-5.789196
-33.573401
156.285332
-16.208273
-177.125125
48.621538
300.994731
158.600682
-298.681021
-128.502767
15.048958
-24.311999
134.289503
-232.693535
-116.926015
-141.237194
-414.448541
445.704131
-62.515281
-880.991646
285.944954
41.675487
-583.469120
-245.427962
-101.876237
294.048680
-622.830077
-541.792813
526.741395
-794.166006
-612.411000
817.317870
-384.348986
-956.240534
259.318424
152.812306
-663.348708
-244.270287
216.484442
-223.432133
-218.801432
-26.627350
-181.755826
-17.365948
-37.046426
-280.158218
-213.013056
149.339281
326.463586
-208.382356
-238.481911
351.932440
-119.241365
-72.934357
460.753909
-287.104269
57.882940
527.899070
-273.212167
57.882940
574.206078
-11.577572
-365.826183
348.459415
626.301462
-201.436304
-60.199930
398.239448
45.148513
159.758357
310.256133
-84.511109
-120.399041
569.575377
353.090115
-503.589531
169.019759
436.442730
-72.934357
260.476100
-76.407383
-327.622901
530.214421
378.558970
-536.004437
-206.067005
657.558692
107.662973
-549.896539
202.592340
299.837056
-153.971621
-30.100375
-59.042255
-41.677127
-6.946871
16.206633
35.887111
-188.701877
-120.399041
296.364031
81.036444
-681.871512
-34.731076
665.662419
-420.236917
-465.386250
404.027824
289.417979
-416.763891
-532.531411
397.081773
56.725265
-471.174626
334.567312
26.625710
-448.021122
134.289503
300.994731
-237.324236
-406.344815
267.422151
113.451349
-437.602045
3.472206
195.646288
-151.656271
-303.311722
187.542562
291.733330
-514.008608
-294.050320
197.961639
-24.311999
55.567589
-189.859552
-131.975793
236.164920
-435.286694
-71.776682
306.783107
-564.946317
93.770871
324.148235
-498.958830
-193.332578
377.401295
87.982495
-673.767785
-64.830631
457.280883
-291.734970
-231.535860
-8.104546
-47.465503
141.235554
-148.183245
-279.000543
-99.560887
71.775042
237.322596
-64.830631
-458.440198
-26.627350
395.924098
-503.589531
-216.486082
606.620984
-405.187139
-208.382356
216.484442
-216.486082
251.214698
-226.905159
-424.867618
538.318147
-94.930186
-466.543925
294.048680
-152.813946
-232.693535
276.683552
-17.365948
-81.038084
-141.237194
-78.722733
93.770871
-49.780854
277.841227
-84.511109
-456.124848
206.065365
128.501127
-49.780854
5.787556
-164.390698
90.297845
111.135999
-235.008885
19.679658
253.530048
-175.967450
-32.415726
120.397401
-311.415448
133.131828
255.845399
-144.710220
-34.731076
-362.353157
91.455521
269.737501
-409.817840
222.272818
64.828991
-328.780576
199.119314
-181.755826
-260.477740
8.102906
-174.809775
167.862084
-13.892922
-552.211889
85.667145
164.389058
-437.602045
-92.614836
34.729436
-369.299208
-78.722733
105.347623
-341.515003
-203.751655
-40.519452
-215.328407
-131.975793
-128.502767
-86.826460
-326.465226
-391.295037
86.824820
-86.826460
-405.187139
-120.399041
-49.780854
-331.095927
-251.216338
96.086221
-60.199930
-562.630966
-243.112612
34.729436
-282.473568
-18.523623
-246.585637
-334.568952
96.086221
-300.996371
-109.979964
47.463863
-399.398763
-86.826460
-90.299485
-332.253602
107.662973
97.243897
-287.104269
-265.108440
-6.946871
61.355965
-177.125125
-130.818117
-17.365948
38.202462
-6.946871
-20.838974
27.783385
-138.921844
76.405743
175.965810
-60.199930
-200.278629
-0.000820
172.492784
191.015588
164.389058
-112.295314
172.492784
235.007245
118.082050
199.119314
-164.390698
243.110972
574.206078
-281.315893
-25.469674
720.073153
30.098735
54.409914
601.990283
77.563418
-31.258050
654.085667
420.235277
-104.191588
296.364031
546.421873
410.973875
-100.718562
399.397123
839.313698
-123.872066
348.459415
775.641563
70.617367
116.924375
644.824265
553.367925
155.127657
586.940505
349.617090
-34.731076
730.492230
426.023653
-27.785025
449.177157
387.820371
303.310082
250.057023
127.343452
387.820371
255.845399
-78.722733
180.596511
356.563141
-2.316170
-13.892922
230.376544
-160.917673
-164.390698
221.115143
-129.660442
-435.286694
-86.826460
78.721093
-423.709942
-454.967173
-54.411554
-225.747484
-436.444370
-245.427962
-417.921566
-659.875683
-194.490253
-267.423791
-761.751100
-420.236917
-180.598151
-406.344815
-705.025016
-711.971067
-50.938529
-346.145704
-913.406551
-246.585637
-326.465226
-504.747206
-230.378184
-604.307273
-532.531411
-291.734970
-150.498596
-398.241088
-681.871512
-122.714391
12.733607
-321.834525
-592.730521
-136.606493
214.169092
-432.971344
-299.838696
104.189948
-200.278629
-115.768340
193.330938
-90.299485
-372.772234
40.517812
448.019482
20.837334
-295.207995
171.335109
406.343174
-17.365948
30.098735
497.799515
-123.872066
-174.809775
632.089838
231.534220
-12.735247
257.003074
267.422151
177.123485
62.513641
453.807858
459.596234
-103.033913
283.629603
493.168814
-224.589808
254.687724
715.442452
-24.311999
-25.469674
302.152407
344.986389
159.758357
43.990838
382.031995
143.550905
-85.668785
362.351517
397.081773
-53.253879
-57.884580
436.442730
229.218869
-231.535860
340.355688
437.600405
-50.938529
-18.523623
141.235554
364.666867
9.260582
-57.884580
487.380438
163.231383
-147.025570
451.492507
274.368202
-496.643480
358.878491
645.981940
-409.817840
89.140170
647.139616
31.256410
-107.664613
233.849570
409.816200
128.501127
-20.838974
353.090115
228.061194
-192.174903
255.845399
718.915478
-133.133468
-449.178797
776.799238
471.172986
-644.825905
478.119037
732.807580
-579.996094
169.019759
902.985834
-238.481911
-284.788919
664.504744
222.272818
-324.149875
342.671039
459.596234
-305.627072
-104.191588
639.035889
310.256133
-495.485805
-9.262222
725.861529
-238.481911
-439.917395
544.106523
61.355965
-450.336472
243.110972
187.542562
-428.340643
-11.577572
266.264476
-273.212167
-296.365671
210.696066
-31.258050
-584.626795
65.986666
246.583997
-696.921289
-347.303379
408.658525
-187.544202
-805.742758
-145.867895
369.297568
-474.647651
-665.664059
87.982495
-228.062834
-516.323958
109.978324
-200.278629
-886.780022
-105.349263
290.575655
-860.153492
-623.987752
362.351517
-327.622901
-564.946317
-62.515281
-239.639586
-417.921566
-338.041978
-165.548373
-235.008885
-454.967173
-182.913501
24.310359
-466.543925
-527.900710
246.583997
86.824820
-747.858998
-257.004714
530.214421
-178.282801
-720.074793
219.957468
131.974153
-658.718008
238.480271
302.152407
-534.846761
68.302017
413.289226
-221.116783
-413.290866
373.928269
388.978046
-464.228574
38.202462
590.413531
74.090393
-285.946594
186.384887
546.421873
-240.797261
-134.291143
663.347068
43.990838
-148.183245
514.006968
204.907690
46.306188
295.206355
167.862084
233.849570
177.123485
210.696066
343.828714
87.982495
16.206633
201.434664
450.334832
281.314253
-145.867895
370.455243
531.372096
20.837334
238.480271
298.679381
49.779213
257.003074
446.861806
-27.785025
-74.092033
539.475822
354.247791
61.355965
151.654631
1.156855
379.716645
445.704131
-222.274458
194.488613
391.293397
-85.668785
366.982218
268.579826
-399.398763
335.724987
637.878214
-407.502490
-121.556716
553.367925
-61.357606
37.044786
351.932440
-295.207995
27.783385
504.745566
-175.967450
-329.938251
269.737501
149.339281
-435.286694
77.563418
486.222763
-400.556439
-307.942423
481.592062
-115.768340
-458.440198
65.986666
265.106800
-273.212167
-422.552267
509.376267
-244.270287
-832.369287
563.787001
27.783385
-999.074516
268.579826
706.181051
-771.012502
-623.987752
623.986112
-178.282801
-739.755272
214.169092
40.517812
-519.796984
15.048958
276.683552
-586.942145
-463.070899
596.201907
-229.220509
-767.539476
297.521706
233.849570
-539.477462
-163.233023
261.633775
-514.008608
-273.212167
445.704131
-265.108440
-305.627072
72.932717
-160.917673
-130.818117
10.418257
108.820649
-196.805604
-453.809498
180.596511
357.720816
-380.875960
-272.054492
211.853741
-96.087861
-27.785025
101.874597
-290.577295
-62.515281
235.007245
-49.780854
-255.847039
-111.137639
311.413808
76.405743
-394.768063
42.833162
147.023930
-90.299485
-6.946871
74.090393
16.206633
-409.817840
23.152684
581.152129
-233.851210
-450.336472
377.401295
136.604853
-531.373736
273.210527
366.982218
-607.780299
-148.183245
496.641840
179.438836
-467.701600
-200.278629
596.201907
-216.486082
-490.855104
430.654354
104.189948
-248.900988
-104.191588
81.036444
59.040615
-169.021399
208.380716
-63.672956
-385.506661
265.106800
143.550905
-325.307551
-194.490253
170.177434
397.081773
-290.577295
-393.610387
430.654354
61.355965
-516.323958
-38.204102
372.770594
-31.258050
-211.855381
107.662973
87.982495
-28.942700
-82.195759
-68.303657
157.443007
3.472206
-336.884303
185.227212
334.567312
-364.668507
-99.560887
460.753909
-54.411554
-265.108440
179.438836
21.995009
20.837334
210.696066
-45.150153
-83.353434
48.621538
197.961639
235.007245
-204.909330
-142.394869
400.554798
71.775042
-127.345092
126.185777
167.862084
78.721093
-57.884580
230.376544
65.986666
-192.174903
277.841227
82.194119
-19.681298
166.704408
-244.270287
305.625432
465.384610
-576.523069
-169.021399
815.002519
69.459692
-716.601768
452.650182
502.430216
-711.971067
160.916032
715.442452
-170.179074
-382.033635
163.231383
393.608747
-339.199653
-26.627350
651.770316
-382.033635
-263.950765
507.060917
-180.598151
-207.224680
151.654631
84.509469
-98.403212
-186.386527
94.928546
40.517812
109.978324
-237.324236
-519.796984
353.090115
170.177434
-615.884025
-153.971621
319.517535
-100.718562
-534.846761
-20.838974
388.978046
-410.975515
-558.000265
280.156578
-50.938529
-622.830077
155.127657
300.994731
-757.120399
-401.714114
603.147958
-152.813946
-678.398486
103.032273
39.360137
-464.228574
-16.208273
251.214698
-351.934080
-454.967173
93.770871
129.658802
-289.419620
-268.581466
61.355965
76.405743
-147.025570
-268.581466
121.555076
121.555076
-274.369842
118.082050
49.779213
-358.880131
-3.473846
280.156578
64.828991
-349.618730
62.513641
436.442730
-196.805604
-206.067005
332.251962
204.907690
-204.909330
115.766700
239.637946
-184.071176
215.326767
361.193842
-169.021399
-27.785025
254.687724
197.961639
69.459692
-189.859552
145.866255
512.849293
-81.038084
-123.872066
370.455243
137.762529
-157.444647
5.787556
221.115143
96.086221
-37.046426
70.617367
143.550905
8.102906
-225.747484
207.223040
347.301739
-326.465226
-46.307828
200.276989
-123.872066
152.812306
65.986666
-240.797261
-99.560887
188.700237
134.289503
-331.095927
47.463863
268.579826
-248.900988
-50.938529
-79.880409
-47.465503
260.476100
-174.809775
-62.515281
109.978324
-238.481911
-99.560887
15.048958
-19.681298
-107.664613
-40.519452
134.289503
-239.639586
-121.556716
348.459415
-216.486082
-474.647651
240.795621
137.762529
-250.058663
-23.154324
-32.415726
138.920204
87.982495
-378.560610
-120.399041
291.733330
79.878769
-368.141533
-94.930186
391.293397
-1.158495
-92.614836
9.260582
-196.805604
172.492784
133.131828
-277.842868
31.256410
152.812306
-135.448818
-31.258050
91.455521
-83.353434
60.198290
96.086221
-238.481911
92.613196
111.135999
-329.938251
121.555076
145.866255
-340.357328
-121.556716
276.683552
-18.523623
-365.826183
210.696066
46.306188
-444.548096
169.019759
-12.735247
-289.419620
213.011416
-19.681298
-338.041978
65.986666
295.206355
-413.290866
-312.573123
404.027824
-145.867895
-232.693535
173.650460
-26.627350
-151.656271
31.256410
186.384887
-241.954936
-294.050320
318.359859
-6.946871
-405.187139
162.073708
209.538391
-148.183245
-140.079519
32.414086
6.945231
-86.826460
107.662973
21.995009
-169.021399
-26.627350
84.509469
-30.100375
167.862084
87.982495
-296.365671
188.700237
245.426322
-248.900988
216.484442
326.463586
-171.336749
244.268647
378.558970
-9.262222
292.891005
277.841227
-166.706049
270.895176
596.201907
10.418257
-42.834802
416.762251
419.077602
103.032273
67.144341
101.874597
187.542562
514.006968
-89.141810
-290.577295
577.679104
55.567589
-244.270287
476.961362
-92.614836
-480.436027
486.222763
329.936611
-744.385972
-119.241365
557.998625
-363.510832
-492.012779
306.783107
90.297845
-360.037807
-21.996649
-96.087861
-365.826183
-0.000820
-23.154324
-273.212167
-217.643757
-50.938529
-62.515281
-285.946594
-67.145982
64.828991
-202.593980
-297.523346
-231.535860
40.517812
163.231383
-327.622901
-385.506661
122.712751
100.716922
-173.652100
-443.390421
-92.614836
449.177157
-166.706049
-576.523069
94.928546
368.139893
-170.179074
-327.622901
118.082050
87.982495
-243.112612
71.775042
107.662973
-151.656271
164.389058
-10.419897
-214.170732
201.434664
84.509469
-47.465503
155.127657
-24.311999
37.044786
143.550905
-3.473846
140.077879
105.347623
-42.834802
67.144341
335.724987
167.862084
-299.838696
237.322596
443.388781
-318.361499
59.040615
480.434387
-179.440476
96.086221
559.156301
-133.133468
-303.311722
369.297568
414.446901
-297.523346
-57.884580
486.222763
-144.710220
-32.415726
320.675210
-24.311999
136.604853
-92.614836
-103.033913
332.251962
109.978324
-83.353434
-123.872066
111.135999
160.916032
-162.075348
121.555076
195.646288
-372.772234
-67.145982
510.533942
12.733607
-394.768063
-111.137639
213.011416
9.260582
-222.274458
248.899348
260.476100
-450.336472
-283.631244
421.392952
2.314530
-339.199653
203.750015
40.517812
-272.054492
119.239725
171.335109
-184.071176
-178.282801
30.098735
172.492784
106.505298
-244.270287
-155.129297
263.949125
23.152684
-216.486082
96.086221
92.613196
-62.515281
-38.204102
33.571761
18.521983
46.306188
59.040615
-123.872066
2.314530
57.882940
-18.523623
84.509469
-32.415726
-30.100375
101.874597
-150.498596
-64.830631
240.795621
-136.606493
-127.345092
211.853741
24.310359
-100.718562
-16.208273
63.671316
15.048958
-20.838974
-113.452989
-42.834802
187.542562
-5.789196
-82.195759
-18.523623
5.787556
142.393229
-196.805604
-268.581466
392.451072
229.218869
-451.494147
15.048958
382.031995
-247.743312
-158.602322
144.708580
-8.104546
72.932717
-56.726905
6.945231
174.808135
13.891282
-121.556716
-40.519452
328.778936
-25.469674
-408.660165
265.106800
437.600405
-175.967450
-265.108440
194.488613
344.986389
-170.179074
-250.058663
468.857635
238.480271
-342.672679
-39.361777
292.891005
213.011416
-153.971621
-75.249708
109.978324
116.924375
255.845399
-75.249708
-148.183245
230.376544
98.401572
-217.643757
-6.946871
472.330661
54.409914
-402.871789
187.542562
334.567312
-104.191588
-193.332578
27.783385
105.347623
10.418257
107.662973
41.675487
-71.776682
28.941060
-76.407383
-82.195759
224.588168
50.936889
-204.909330
12.733607
106.505298
1.156855
-107.664613
48.621538
57.882940
-131.975793
-21.996649
-61.357606
12.733607
160.916032
-67.145982
-107.664613
138.920204
-37.046426
-260.477740
223.430493
195.646288
-364.668507
-24.311999
216.484442
-57.884580
-72.934357
-165.548373
24.310359
209.538391
-89.141810
-69.461332
-15.050598
-86.826460
87.982495
54.409914
-191.017228
-63.672956
93.770871
-107.664613
-96.087861
143.550905
13.891282
-232.693535
4.629881
111.135999
-93.772511
-38.204102
47.463863
52.094564
-147.025570
-128.502767
150.496956
-85.668785
-175.967450
164.389058
9.260582
-248.900988
163.231383
126.185777
-364.668507
60.198290
355.405466
-179.440476
-362.353157
85.667145
255.845399
-125.029741
-171.336749
97.243897
38.202462
-100.718562
-30.100375
48.621538
-74.092033
23.152684
157.443007
-279.000543
-105.349263
449.177157
-82.195759
-458.440198
149.339281
328.778936
-276.685192
-134.291143
319.517535
-189.859552
-223.432133
292.891005
91.455521
-191.017228
-39.361777
77.563418
-133.133468
11.575932
326.463586
-134.291143
-259.320064
137.762529
111.135999
-91.457161
-103.033913
201.434664
1.156855
-243.112612
208.380716
118.082050
-233.851210
104.189948
238.480271
-263.950765
-181.755826
423.708302
28.941060
-390.137362
184.069536
147.023930
-232.693535
42.833162
142.393229
-21.996649
-41.677127
54.409914
-6.946871
-108.822289
160.916032
113.451349
-263.950765
-37.046426
283.629603
24.310359
-257.004714
-17.365948
210.696066
-35.888751
-170.179074
116.924375
179.438836
-192.174903
-164.390698
255.845399
71.775042
-251.216338
35.887111
85.667145
-79.880409
74.090393
13.891282
-182.913501
-18.523623
225.745844
-55.569230
-213.013056
217.642117
53.252239
-338.041978
128.501127
311.413808
-342.672679
-217.643757
408.658525
-15.050598
-346.145704
184.069536
209.538391
-377.402935
-78.722733
426.023653
-202.593980
-297.523346
393.608747
81.036444
-421.394592
11.575932
236.164920
-188.701877
-98.403212
280.156578
-167.863724
-262.793090
340.355688
-17.365948
-343.830354
130.816477
157.443007
-193.332578
-111.137639
217.642117
-11.577572
-285.946594
56.725265
188.700237
-137.764169
-123.872066
105.347623
-57.884580
-128.502767
196.803964
72.932717
-368.141533
-13.892922
386.662696
-219.959108
-372.772234
436.442730
63.671316
-612.411000
244.268647
437.600405
-494.328130
-222.274458
531.372096
-153.971621
-402.871789
438.758080
28.941060
-400.556439
184.069536
200.276989
-224.589808
-119.241365
179.438836
-67.145982
-39.361777
177.123485
-159.759997
-129.660442
160.916032
82.194119
-68.303657
-34.731076
30.098735
-90.299485
-92.614836
123.870426
172.492784
-173.652100
-216.486082
224.588168
54.409914
-196.805604
119.239725
115.766700
-199.120954
-5.789196
215.326767
-260.477740
-153.971621
391.293397
-86.826460
-311.415448
284.787279
160.916032
-300.996371
-71.776682
182.911861
81.036444
-156.286972
-96.087861
255.845399
-0.000820
-258.162389
53.252239
166.704408
-31.258050
-142.394869
89.140170
15.048958
-274.369842
133.131828
294.048680
-200.278629
-150.498596
191.015588
-19.681298
-160.917673
143.550905
24.310359
-221.116783
116.924375
130.816477
-191.017228
-62.515281
115.766700
18.521983
-31.258050
-28.942700
-15.050598
46.306188
-78.722733
17.364308
166.704408
-133.133468
-131.975793
65.986666
136.604853
45.148513
-232.693535
15.048958
179.438836
-93.772511
-46.307828
30.098735
15.048958
93.770871
4.629881
-228.062834
57.882940
349.617090
-277.842868
-253.531688
432.969704
-43.992478
-300.996371
215.326767
23.152684
-218.801432
185.227212
166.704408
-290.577295
-18.523623
255.845399
-140.079519
-97.245537
228.061194
-27.785025
-268.581466
75.248068
215.326767
-68.303657
-68.303657
45.148513
4.629881
40.517812
-31.258050
-122.714391
109.978324
60.198290
-171.336749
90.297845
100.716922
-133.133468
99.559247
10.418257
-243.112612
210.696066
170.177434
-322.992200
74.090393
265.106800
-180.598151
-47.465503
178.281160
-134.291143
-105.349263
194.488613
-25.469674
-96.087861
179.438836
-19.681298
-135.448818
81.036444
2.314530
-5.789196
20.837334
-83.353434
84.509469
72.932717
-225.747484
24.310359
229.218869
-192.174903
-48.623178
253.530048
-177.125125
-179.440476
233.849570
59.040615
-159.759997
24.310359
85.667145
-49.780854
-45.150153
55.567589
50.936889
-42.834802
-76.407383
33.571761
19.679658
-85.668785
140.077879
76.405743
-189.859552
99.559247
72.932717
-206.067005
-40.519452
180.596511
78.721093
-229.220509
-13.892922
185.227212
-135.448818
-55.569230
177.123485
-3.473846
-221.116783
-41.677127
230.376544
35.887111
-164.390698
-79.880409
101.874597
144.708580
-81.038084
-63.672956
37.044786
-10.419897
16.206633
-13.892922
-78.722733
43.990838
240.795621
-69.461332
-328.780576
172.492784
319.517535
-281.315893
-182.913501
357.720816
-1.158495
-260.477740
103.032273
151.654631
-96.087861
-60.199930
167.862084
-69.461332
-131.975793
184.069536
-12.735247
-133.133468
126.185777
57.882940
-167.863724
54.409914
163.231383
-167.863724
-20.838974
153.969981
-97.245537
23.152684
26.625710
-136.606493
167.862084
84.509469
-263.950765
71.775042
282.471928
-187.544202
-246.585637
272.052852
94.928546
-269.739141
123.870426
57.882940
-174.809775
210.696066
1.156855
-246.585637
150.496956
216.484442
-133.133468
-237.324236
152.812306
184.069536
-135.448818
-56.726905
53.252239
10.418257
-6.946871
78.721093
-17.365948
-148.183245
101.874597
129.658802
-85.668785
-61.357606
43.990838
101.874597
-46.307828
-148.183245
111.135999
206.065365
-105.349263
-170.179074
121.555076
13.891282
-60.199930
166.704408
-87.984135
-170.179074
255.845399
119.239725
-314.888474
-1.158495
299.837056
-134.291143
-131.975793
171.335109
-61.357606
15.048958
194.488613
-162.075348
-140.079519
189.857912
28.941060
-91.457161
81.036444
-3.473846
-84.511109
140.077879
52.094564
-219.959108
91.455521
260.476100
-191.017228
-203.751655
225.745844
180.596511
-193.332578
-89.141810
209.538391
-43.992478
-65.988306
115.766700
-148.183245
32.414086
238.480271
-144.710220
-202.593980
140.077879
214.169092
-140.079519
-119.241365
160.916032
-10.419897
-37.046426
16.206633
-47.465503
126.185777
-2.316170
-235.008885
62.513641
231.534220
-69.461332
-164.390698
71.775042
49.779213
-30.100375
87.982495
-48.623178
-122.714391
55.567589
103.032273
-35.888751
-98.403212
106.505298
45.148513
-151.656271
11.575932
82.194119
-10.419897
-43.992478
1.156855
75.248068
-61.357606
-43.992478
144.708580
-30.100375
-103.033913
34.729436
26.625710
10.418257
50.936889
-24.311999
-186.386527
70.617367
171.335109
-173.652100
35.887111
173.650460
-165.548373
-40.519452
122.712751
-70.619007
-47.465503
145.866255
-15.050598
-203.751655
87.982495
121.555076
-59.042255
76.405743
-78.722733
-206.067005
208.380716
216.484442
-265.108440
-99.560887
211.853741
-15.050598
-93.772511
64.828991
34.729436
-103.033913
70.617367
57.882940
-241.954936
136.604853
296.364031
-255.847039
-166.706049
272.052852
91.455521
-215.328407
5.787556
100.716922
-179.440476
2.314530
193.330938
-49.780854
-40.519452
118.082050
-35.888751
-169.021399
83.351794
160.916032
-130.818117
-79.880409
148.181605
-12.735247
-152.813946
78.721093
79.878769
-91.457161
32.414086
9.260582
-52.096204
42.833162
20.837334
-21.996649
-25.469674
19.679658
20.837334
-30.100375
-38.204102
-12.735247
119.239725
43.990838
-193.332578
13.891282
158.600682
-33.573401
-50.938529
33.571761
49.779213
-38.204102
6.945231
31.256410
-87.984135
24.310359
54.409914
-9.262222
24.310359
-25.469674
8.102906
75.248068
3.472206
-87.984135
-26.627350
121.555076
15.048958
-89.141810
33.571761
40.517812
24.310359
34.729436
-54.411554
-10.419897
74.090393
-17.365948
-64.830631
74.090393
70.617367
-91.457161
-18.523623
64.828991
9.260582
42.833162
-16.208273
-52.096204
52.094564
-3.473846
-60.199930
41.675487
71.775042
-104.191588
-62.515281
136.604853
17.364308
-57.884580
-16.208273
3.472206
30.098735
-35.888751
-3.473846
32.414086
-21.996649
12.733607
-10.419897
-46.307828
59.040615
53.252239
-62.515281
-62.515281
75.248068
53.252239
-134.291143
8.102906
148.181605
-76.407383
-114.610665
81.036444
16.206633
-69.461332
90.297845
9.260582
-147.025570
69.459692
90.297845
-144.710220
42.833162
160.916032
-196.805604
-114.610665
272.052852
-19.681298
-292.892645
115.766700
184.069536
-163.233023
-31.258050
104.189948
-116.926015
-21.996649
169.019759
-64.830631
-137.764169
142.393229
68.302017
-213.013056
-19.681298
210.696066
-20.838974
-152.813946
48.621538
77.563418
-121.556716
-40.519452
152.812306
-11.577572
-107.664613
41.675487
-2.316170
-81.038084
64.828991
75.248068
-94.930186
-71.776682
105.347623
8.102906
-182.913501
60.198290
174.808135
-98.403212
-107.664613
85.667145
55.567589
-108.822289
-3.473846
92.613196
-85.668785
-62.515281
85.667145
32.414086
-70.619007
-3.473846
56.725265
-54.411554
-27.785025
68.302017
17.364308
-41.677127
-31.258050
41.675487
16.206633
-75.249708
31.256410
45.148513
-112.295314
-28.942700
148.181605
41.675487
-131.975793
-6.946871
105.347623
-40.519452
-74.092033
27.783385
75.248068
10.418257
-92.614836
-11.577572
48.621538
-24.311999
-21.996649
19.679658
42.833162
25.468034
-20.838974
-30.100375
26.625710
31.256410
-59.042255
