-3.726449
-33.532705
-2.981293
31.295901
10.431522
-48.435832
4.470271
10.431522
34.276526
-5.216762
-21.610203
43.218403
-75.261462
-12.668326
72.279502
-14.903795
-11.178013
16.392773
-8.942544
-22.355359
34.276526
-5.961919
-40.239112
23.844337
74.514971
-33.532705
-102.087092
30.550744
78.985909
8.941209
-40.984269
-42.474581
26.079806
47.689341
-29.061766
-47.690676
20.118555
42.473246
-20.119890
-9.687701
33.531370
-73.771149
20.118555
120.714667
-85.693652
-72.280837
32.786213
48.434497
29.060431
-48.435832
-2.236137
18.628242
-21.610203
-22.355359
25.334649
34.276526
-19.374734
-6.707075
-20.119890
15.647617
10.431522
-0.745824
-27.571454
-19.374734
91.653568
-24.590828
-33.532705
-23.100515
-5.961919
76.005284
-6.707075
-61.848647
36.511995
49.179654
-74.516306
-0.000668
20.863711
15.647617
-32.787548
-8.197388
76.750440
-44.710051
-63.338960
-3.726449
68.553720
27.570119
-49.180989
-17.139264
11.176678
3.725114
15.647617
-76.751775
35.021682
112.517946
-91.654903
-11.923170
7.450896
10.431522
-11.923170
13.412147
22.354024
-67.064742
17.883086
33.531370
28.315275
-35.023018
-7.452231
-24.590828
11.176678
21.608868
-2.981293
5.215427
-26.081141
63.337625
-67.809898
2.234802
71.534345
-29.061766
-50.671302
-29.806923
73.769814
38.747464
-73.025993
-41.729425
100.595444
17.137929
-29.061766
-77.496931
15.647617
54.395748
-36.513330
77.495596
-44.710051
-11.923170
-20.119890
-14.903795
63.337625
-21.610203
-40.239112
10.431522
49.179654
-15.648952
63.337625
-49.926145
-108.793500
20.118555
65.573094
78.240753
-67.809898
-15.648952
46.199028
-95.380685
8.196053
83.456847
8.196053
-40.239112
-37.258487
73.024658
-5.961919
-44.710051
-8.942544
-5.216762
51.415123
31.295901
-86.438808
21.608868
93.143880
-96.870997
-54.397084
53.650592
95.379350
-70.790524
-58.868022
78.240753
-61.103491
-11.178013
61.102156
-18.629577
-10.432857
9.686365
10.431522
-12.668326
-40.239112
27.570119
35.766839
-19.374734
-8.942544
39.492621
-36.513330
-23.845672
16.392773
19.373398
29.060431
-72.280837
-2.236137
52.905436
87.182629
-53.651927
-134.128817
74.514971
26.079806
16.392773
-8.942544
-76.751775
78.985909
86.437473
-96.125841
-88.674277
82.711691
52.160279
-32.042392
-46.945520
55.886061
-0.745824
-68.555055
57.376374
24.589493
-0.000668
-52.906771
11.921835
-0.000668
8.941209
32.041057
-11.178013
-17.139264
-91.654903
86.437473
47.689341
-29.061766
-40.239112
-19.374734
20.118555
8.196053
80.476222
-76.006619
-18.629577
21.608868
-22.355359
14.157304
5.215427
15.647617
-11.178013
-8.197388
-28.316610
35.021682
-11.178013
-38.748799
25.334649
11.176678
46.944185
-49.926145
-20.119890
83.456847
-54.397084
-37.258487
-40.984269
33.531370
123.695292
-71.535680
-78.987244
52.905436
66.318251
-80.477557
-64.829273
76.005284
37.257152
-23.845672
-38.748799
9.686365
-9.687701
19.373398
33.531370
-11.923170
-13.413482
-99.106467
60.357000
63.337625
-15.648952
24.589493
-79.732401
27.570119
62.592469
-58.868022
-31.297236
20.863711
42.473246
46.199028
-70.045368
-49.926145
40.982934
64.827938
17.137929
-77.496931
-34.277861
18.628242
39.492621
95.379350
-43.964894
-139.344911
44.708715
90.163255
16.392773
-81.967870
-24.590828
108.792164
-11.923170
-64.829273
-31.297236
73.024658
59.611843
-87.183964
1.489645
-41.729425
58.866687
47.689341
-29.061766
11.921835
-86.438808
44.708715
-5.961919
45.453872
52.905436
-121.461158
-56.632553
98.359975
102.085757
-78.242088
-55.142240
-16.394108
2.234802
90.908411
-9.687701
-28.316610
-16.394108
-14.158639
23.099180
0.744489
17.137929
-17.139264
-25.335985
-61.848647
79.731065
65.573094
-38.748799
-14.158639
-99.106467
52.160279
90.908411
-14.903795
-73.771149
-17.139264
86.437473
-38.748799
-10.432857
17.883086
-4.471606
7.450896
-47.690676
20.118555
2.234802
27.570119
20.118555
-23.845672
-6.707075
-28.316610
11.176678
32.041057
11.176678
-55.142240
-39.493956
54.395748
81.966535
-37.258487
-88.674277
-2.981293
9.686365
70.044033
14.157304
-78.242088
32.786213
14.157304
-2.981293
-35.768174
-18.629577
105.811539
-76.006619
-62.593804
73.769814
53.650592
11.921835
-132.638504
19.373398
78.240753
-32.042392
8.941209
16.392773
-25.335985
-30.552079
64.827938
-8.197388
-74.516306
-18.629577
100.595444
45.453872
-58.868022
-30.552079
-97.616154
43.963559
55.886061
-9.687701
55.886061
-12.668326
-12.668326
-54.397084
-29.061766
46.199028
1.489645
23.844337
-53.651927
41.728090
60.357000
-101.341936
18.628242
-25.335985
-12.668326
17.883086
47.689341
91.653568
-146.796475
-21.610203
49.924810
-10.432857
64.827938
-71.535680
-3.726449
108.047008
-11.923170
-107.303187
-35.768174
95.379350
97.614819
-113.264438
-73.025993
140.833889
31.295901
-67.064742
-114.009594
105.066383
56.631218
-171.386636
129.656543
143.069358
-132.638504
-149.031944
67.808563
73.769814
4.470271
17.137929
-55.142240
48.434497
-20.119890
-99.851623
36.511995
80.476222
34.276526
-77.496931
-30.552079
76.005284
7.450896
-76.006619
-27.571454
82.711691
-9.687701
-58.868022
86.437473
-9.687701
-47.690676
-0.745824
-23.100515
30.550744
43.218403
44.708715
-58.868022
-71.535680
64.827938
31.295901
-64.084117
7.450896
64.827938
52.160279
-107.303187
-74.516306
93.143880
38.747464
-40.984269
-55.887396
78.240753
-55.887396
38.002308
105.066383
-135.619129
-106.558030
5.960584
169.149831
78.240753
-142.325537
-96.870997
89.418098
38.002308
-38.003643
2.234802
-14.903795
-9.687701
9.686365
38.002308
-29.806923
-95.380685
82.711691
102.085757
-95.380685
-87.929121
23.844337
115.498572
18.628242
-131.148191
-69.300211
81.966535
64.082781
14.902460
-42.474581
-138.599755
114.753416
87.182629
-172.876948
-20.119890
151.266078
105.066383
-140.835224
-143.815850
49.179654
76.750440
32.041057
29.060431
-76.006619
-50.671302
143.814514
-49.180989
-65.574429
20.118555
0.744489
13.412147
1.489645
59.611843
-47.690676
-18.629577
31.295901
-49.926145
2.234802
105.811539
-5.961919
-140.090068
33.531370
117.734041
-26.081141
-73.025993
-11.178013
119.969510
100.595444
-213.115393
-120.716002
210.878589
69.298876
-66.319586
-96.125841
19.373398
141.579045
-107.303187
-16.394108
76.005284
-98.361310
-4.471606
93.889037
81.221378
-79.732401
-29.806923
6.705740
-63.338960
146.049984
37.257152
-128.167565
-42.474581
52.905436
128.911387
-77.496931
-108.793500
145.304827
-11.923170
-96.870997
118.479197
43.218403
-136.364286
-75.261462
111.027634
132.637169
-29.806923
-138.599755
20.118555
62.592469
-107.303187
22.354024
59.611843
-35.768174
60.357000
17.137929
-108.793500
-103.577405
49.924810
190.759367
-17.139264
-165.425385
-30.552079
33.531370
87.182629
35.766839
-64.084117
-10.432857
-30.552079
-35.768174
83.456847
-30.552079
-71.535680
131.146856
43.218403
-154.248039
-54.397084
76.005284
93.889037
38.747464
-163.935072
-70.790524
125.185605
105.811539
49.924810
-70.790524
-169.896323
-52.906771
213.114058
108.792164
-125.932096
-57.377709
60.357000
4.470271
-77.496931
52.905436
90.163255
-55.887396
-24.590828
4.470271
14.157304
58.121530
-94.635528
-0.000668
70.044033
-69.300211
29.060431
12.666991
23.099180
20.863711
-116.245063
-29.806923
86.437473
57.376374
-7.452231
-8.197388
-57.377709
-67.064742
120.714667
168.404675
-119.225689
-228.763677
68.553720
209.388276
63.337625
-137.854598
-119.970845
16.392773
78.985909
129.656543
-38.003643
-138.599755
8.941209
128.911387
-8.942544
-118.480532
32.786213
79.731065
9.686365
-40.984269
-27.571454
-78.987244
31.295901
167.659519
-43.964894
-101.341936
36.511995
39.492621
-33.532705
-71.535680
-2.981293
102.085757
51.415123
-49.926145
-43.964894
-1.490980
37.257152
-39.493956
-114.754751
65.573094
122.204979
12.666991
-5.216762
-76.751775
-102.087092
25.334649
67.063407
24.589493
71.534345
-0.000668
-20.119890
-44.710051
-93.890372
64.082781
70.044033
27.570119
-46.945520
-68.555055
94.634193
58.866687
-80.477557
-43.219738
23.844337
-28.316610
5.215427
130.401700
52.160279
-170.641479
-139.344911
109.537321
128.911387
-88.674277
-40.984269
142.324202
5.215427
-125.186940
-64.829273
16.392773
84.202004
141.579045
38.747464
-184.799451
-108.793500
99.850288
81.966535
-29.061766
-42.474581
14.902460
14.157304
25.334649
32.041057
-23.100515
-33.532705
-90.909746
-53.651927
50.669967
46.199028
114.008259
28.315275
-149.031944
-150.522257
12.666991
114.008259
49.179654
-10.432857
-54.397084
-18.629577
26.079806
95.379350
-23.845672
-168.406010
-4.471606
134.872638
76.005284
-60.358335
-33.532705
-15.648952
-3.726449
58.121530
10.431522
-6.707075
-45.455207
-31.297236
42.473246
-11.923170
-38.003643
42.473246
53.650592
6.705740
-85.693652
-84.948495
81.966535
74.514971
-33.532705
-58.868022
-44.710051
51.415123
108.047008
28.315275
-61.103491
-64.829273
-0.745824
51.415123
49.924810
74.514971
35.021682
-129.657878
-151.267413
66.318251
165.424050
8.196053
-97.616154
-52.161614
2.234802
40.982934
38.002308
-8.942544
-64.084117
-67.809898
50.669967
89.418098
-34.277861
-60.358335
13.412147
9.686365
3.725114
-13.413482
-26.826297
56.631218
43.218403
-23.845672
-35.023018
5.215427
-3.726449
-76.751775
17.883086
59.611843
-17.139264
-52.161614
-64.829273
5.960584
31.295901
-11.923170
-38.003643
-30.552079
49.179654
16.392773
-84.203339
-40.984269
3.725114
1.489645
4.470271
-1.490980
-7.452231
-17.884421
5.960584
-0.000668
-11.923170
-8.197388
-31.297236
-7.452231
0.744489
-25.335985
-36.513330
-18.629577
-16.394108
-20.865046
-11.178013
-67.809898
-67.064742
-24.590828
-32.042392
-51.416458
-58.122865
-14.158639
-3.726449
-37.258487
-35.023018
-25.335985
-33.532705
-41.729425
-17.884421
20.863711
13.412147
-14.158639
4.470271
15.647617
-9.687701
-60.358335
-40.239112
46.944185
8.196053
-33.532705
-3.726449
8.196053
39.492621
46.944185
40.982934
19.373398
26.824962
78.240753
33.531370
8.196053
70.789189
81.221378
73.024658
99.850288
78.240753
44.708715
79.731065
122.950136
100.595444
53.650592
44.708715
57.376374
49.179654
31.295901
5.960584
-58.868022
-131.148191
-119.225689
-60.358335
-86.438808
-155.738352
-195.231640
-244.411961
-242.921649
-184.799451
-182.563981
-218.331488
-202.683204
-160.954446
-140.835224
-104.322561
-81.967870
-113.264438
-92.400059
-26.081141
2.979958
29.060431
34.276526
20.118555
28.315275
56.631218
114.008259
108.047008
58.866687
61.102156
74.514971
87.927786
122.204979
140.088733
163.188580
189.269054
137.853263
48.434497
46.199028
134.872638
155.737017
134.127481
175.856239
228.762342
280.178133
318.926265
362.145335
89.418098
-528.316543
-545.455140
111.772790
228.762342
-127.422409
-36.513330
-94.635528
-552.906704
-415.797929
-86.438808
-473.920127
-615.499840
1.489645
213.859214
-14.903795
20.863711
-141.580380
-540.239045
-243.666805
324.142359
245.900939
73.769814
175.856239
93.889037
-19.374734
129.656543
119.969510
-121.461158
-116.245063
92.398724
192.249679
197.465774
48.434497
-284.650406
-418.033399
-235.470085
-79.732401
-147.541631
-257.824776
-208.644455
-141.580380
-183.309138
-231.744303
-293.592283
-345.008073
-194.486484
67.808563
111.772790
-20.119890
-50.671302
-11.923170
61.102156
216.839840
268.255630
197.465774
266.765318
397.912841
317.435952
146.049984
234.723593
432.935191
569.298809
815.200416
492.547702
-547.690609
-786.885808
36.511995
228.017186
-214.605706
-35.768174
-43.964894
-614.009527
-438.152621
-5.961919
-606.557964
-1020.864913
-175.112418
445.602850
250.371877
204.917338
55.886061
-487.332942
-307.750254
532.040990
658.717575
276.452351
334.574549
505.960517
371.087211
292.845791
253.352503
-29.061766
-94.635528
371.087211
715.349461
381.519401
-178.838200
-417.288242
-402.385115
-207.899298
102.830913
66.318251
-418.778555
-542.474515
-160.209290
-16.394108
-251.118369
-426.975275
-340.537135
-64.829273
287.629696
342.771269
-43.964894
-296.572908
-17.884421
380.774244
509.686299
411.325656
213.114058
117.734041
296.571573
520.863644
389.716121
175.856239
245.900939
556.631151
873.322614
405.364405
-750.373146
-1096.125707
-401.639958
-76.006619
-232.489459
-163.935072
-464.978251
-1029.061633
-757.079553
-293.592283
-764.531117
-1084.948362
-379.285267
230.252655
305.513450
306.258606
-36.513330
-570.790457
-309.985723
517.137863
747.391185
445.602850
316.690795
308.494075
231.742968
248.136408
245.900939
18.628242
-91.654903
166.169206
240.684844
-119.970845
-329.359789
-336.066196
-482.862004
-441.878403
-90.909746
-22.355359
-192.996171
-192.996171
-289.866501
-517.139198
-323.398538
167.659519
333.829392
277.197507
263.784692
187.033585
155.737017
286.139384
326.377828
244.410626
368.851742
637.853197
666.914296
405.364405
150.520922
129.656543
347.242207
595.379283
616.243662
410.580500
514.902393
915.051371
325.632672
-1037.258353
-1149.776967
-210.134768
-55.142240
-179.583356
169.149831
-291.356813
-1141.580247
-695.976730
-99.851623
-677.347820
-809.985656
150.520922
622.204913
505.215360
545.453805
164.678893
-511.177947
-169.896323
726.526806
815.945572
474.663949
371.087211
209.388276
5.215427
30.550744
-13.413482
-234.724928
-191.505858
151.266078
204.917338
-374.069172
-897.914110
-710.879857
-333.830727
-266.766653
-147.541631
32.041057
-84.948495
-159.464134
-44.710051
-139.344911
-267.511809
77.495596
486.586451
415.051438
271.236256
222.801091
64.827938
32.041057
228.762342
282.413602
175.856239
211.623745
277.942663
195.975461
43.963559
-31.297236
124.440448
469.447854
669.149765
492.547702
236.959062
586.437406
897.912774
-247.392587
-1481.371558
-749.627989
294.336104
-91.654903
-149.031944
320.416577
-567.064675
-1327.124186
-323.398538
115.498572
-828.614566
-590.164523
639.343509
738.449308
410.580500
464.976916
-87.929121
-691.505791
26.079806
938.896376
710.133366
248.136408
212.368902
48.434497
-177.347887
-124.441784
-125.186940
-300.298690
-163.189915
281.668445
213.859214
-546.200297
-994.039283
-652.757659
-251.863525
-21.610203
286.884540
204.917338
-191.505858
-111.774125
81.221378
-163.935072
-181.818825
265.275005
578.240686
578.985842
327.122985
-189.270389
-522.355292
-217.586331
282.413602
383.009714
192.994836
31.295901
-28.316610
-34.277861
-53.651927
-76.751775
64.827938
471.683323
849.477610
877.793552
476.154261
230.997811
746.646029
500.744422
-1151.267280
-1374.814195
307.003762
517.137863
-482.862004
-102.087092
-70.790524
-1330.104812
-1056.632419
277.197507
-240.686179
-1047.690543
39.492621
916.541684
460.505977
252.607346
215.349527
-411.326991
-365.872452
689.268987
1055.885928
445.602850
47.689341
43.218403
-38.003643
-112.519281
-118.480532
-225.783052
-296.572908
-41.729425
218.330153
-270.492435
-982.861937
-751.863458
-140.090068
-76.751775
44.708715
359.909866
70.044033
-258.569933
15.647617
118.479197
-42.474581
208.643120
573.769748
506.705673
145.304827
-193.741327
-307.005097
-134.873973
152.011235
283.158758
176.601395
-3.726449
-20.865046
43.963559
-27.571454
-61.848647
170.640144
584.947093
900.148244
886.735429
511.921768
488.821920
963.486536
152.756391
-1654.247839
-1384.501228
418.032064
415.796594
-383.011049
-28.316610
-422.504337
-1491.803747
-786.885808
244.410626
-531.297169
-882.265825
454.544726
1162.443291
678.836798
307.003762
-77.496931
-546.945453
-76.751775
935.170594
1030.550611
350.967989
-79.732401
-125.932096
-133.383660
-222.802426
-317.437287
-333.830727
-280.179468
-135.619129
29.805588
-330.850102
-1137.109309
-1010.432723
90.163255
482.115513
160.207955
219.820466
230.997811
-111.028969
2.234802
337.555174
135.617794
-8.197388
430.699722
594.634126
6.705740
-496.274819
-408.346366
-160.209290
15.647617
184.798116
116.988885
-231.744303
-244.411961
105.066383
172.875613
19.373398
191.504523
711.623679
1067.808430
930.699655
574.514904
827.868074
877.793552
-750.373146
-2029.806656
-774.963306
516.392706
-138.599755
-374.814328
67.808563
-851.714414
-1599.851423
-567.064675
-59.613178
-837.556442
-373.324016
1081.221245
1245.900805
561.847246
175.856239
-287.631032
-520.864980
236.213906
1046.944051
860.654955
213.859214
-132.638504
-267.511809
-439.642934
-532.787482
-482.862004
-356.930575
-149.777101
-31.297236
-252.608682
-696.721886
-906.855986
-568.554988
66.318251
443.367381
473.173636
425.483627
247.391252
-10.432857
0.744489
197.465774
253.352503
295.826417
441.131911
337.555174
-213.115393
-732.489392
-623.696560
-109.538656
176.601395
125.185605
-9.687701
-169.896323
-200.447735
20.863711
197.465774
209.388276
393.441903
856.184017
1211.623612
1102.830780
675.856172
862.145268
1040.982800
-646.796408
-2329.359522
-1091.654769
611.772723
-41.729425
-552.906704
-17.884421
-812.221125
-1713.860349
-644.560939
105.066383
-736.960331
-415.797929
1263.039402
1654.246504
818.926198
230.997811
-267.511809
-522.355292
280.178133
1218.330019
1035.021549
203.427025
-328.614633
-466.468564
-561.848581
-661.699536
-611.774058
-435.171995
-248.882900
-108.793500
-242.921649
-718.331421
-857.675665
-331.595258
210.878589
471.683323
695.230238
707.152740
345.751894
56.631218
39.492621
78.985909
175.111083
377.048462
428.464253
16.392773
-605.067651
-798.063154
-514.158572
-197.467109
-13.413482
23.844337
-90.164590
-134.873973
4.470271
112.517946
136.362951
236.959062
553.650525
1008.195919
1237.704085
1087.182496
739.939621
977.644507
1283.903781
-441.133246
-2736.214907
-1864.381939
371.832368
73.024658
-686.289697
-81.222713
-656.483441
-1857.675531
-929.955834
219.075309
-606.557964
-637.854532
1268.255497
2171.385034
1279.432843
362.145335
-241.431336
-649.777034
28.315275
1217.584863
1256.332995
267.510474
-489.568411
-681.818758
-781.669714
-929.955834
-868.853011
-561.103424
-270.492435
-46.945520
81.966535
-412.817304
-1186.289630
-792.101903
460.505977
988.076697
941.131845
916.541684
429.954566
-140.835224
31.295901
308.494075
99.105131
2.234802
249.626721
203.427025
-408.346366
-955.291151
-909.091455
-499.255444
-46.200363
292.845791
248.136408
-100.596779
-193.741327
90.908411
339.045487
399.403154
589.418032
1012.666857
1277.197374
1218.330019
997.018573
1200.446266
1298.806909
-710.879857
-3274.962972
-2283.159826
456.035039
312.965013
-731.744236
-149.031944
-605.812807
-1953.055548
-1052.906637
343.516425
-448.584810
-595.380618
1539.492421
2687.778407
1561.847112
289.865166
-402.385115
-767.511742
-0.000668
1323.397069
1362.145201
169.149831
-785.395496
-991.803814
-970.194279
-1058.867888
-1019.374600
-608.048276
-64.829273
309.239232
185.543272
-840.537068
-1622.206114
-470.939502
1271.981279
1454.544593
909.090120
738.449308
329.358454
-109.538656
76.005284
198.956087
-87.929121
-76.006619
345.006738
291.355478
-707.899232
-1608.048143
-1266.021363
-236.215241
413.561125
524.589426
190.759367
-321.908225
-295.827752
271.981412
577.495530
496.273484
622.950069
1091.653434
1323.397069
1190.014077
944.857627
906.854651
1318.180975
432.190035
-2532.787215
-3605.067250
-946.349274
578.985842
-544.709984
-453.055749
60.357000
-1346.498252
-1755.589107
-3.726449
210.878589
-727.273298
725.036493
2880.028754
2520.863377
867.361363
-180.328512
-874.069105
-755.589240
608.046941
1493.292725
708.643053
-596.870931
-1193.741194
-1271.237458
-1294.337305
-1195.231506
-820.417846
-201.938047
387.480652
368.106586
-400.149645
-940.388023
-425.484962
491.057389
1052.905302
1356.183950
1242.920180
532.786147
-110.283812
-226.528208
-174.367261
-147.541631
-35.768174
103.576070
-11.923170
-538.003576
-1088.674144
-1187.779943
-801.043780
-94.635528
563.337558
616.988818
178.091708
-78.242088
20.863711
263.039536
545.453805
763.039469
959.760754
1112.517813
1171.385167
1172.130324
1057.376240
1288.374719
897.167618
-1969.448989
-4430.700523
-2314.456394
841.280889
311.474701
-712.370170
-84.948495
-782.414870
-1921.758980
-571.535614
639.343509
-373.324016
22.354024
2603.575736
3335.319304
1488.821786
-214.605706
-1040.984135
-1163.189782
64.082781
1493.292725
1166.169072
-429.210744
-1467.958743
-1552.906570
-1391.952792
-1240.686046
-892.698015
-269.747278
399.403154
648.285386
84.947160
-777.198775
-713.860483
279.432976
1122.950002
1503.724914
1447.093029
714.604304
-140.835224
-378.540110
-381.520736
-423.994650
-177.347887
171.385301
108.792164
-564.829206
-1384.501228
-1400.149512
-573.771083
158.717642
512.666924
566.318184
271.236256
39.492621
179.582021
374.812993
404.619249
515.647550
904.619182
1298.061752
1238.449242
935.170594
711.623679
973.173569
1481.370223
-302.534159
-4109.538122
-4342.026913
-440.388090
1111.772656
-175.857574
-88.674277
-132.638504
-1748.137543
-1399.404356
692.249613
494.038015
-406.110896
1440.386622
3513.411680
2658.717308
498.508953
-964.978184
-1667.660654
-965.723340
906.109495
1656.481973
360.655022
-1345.007940
-1990.313368
-1682.563781
-1146.051185
-775.708463
-345.753229
331.593923
839.790577
644.559604
-354.695106
-1132.638370
-353.204793
1251.862057
1854.693571
1463.486469
854.693704
-53.651927
-720.566890
-514.903728
-234.724928
-347.243542
-160.209290
200.446400
-195.976796
-1093.145082
-1378.539977
-871.833636
-204.173517
442.622224
937.406063
763.039469
138.598420
-92.400059
183.307803
451.564101
588.672875
827.122918
1132.637035
1090.163121
816.690729
777.942597
912.070746
1321.906757
772.726502
-2473.919860
-5000.000000
-2513.413149
952.309190
634.127415
-259.315089
178.836864
-771.982681
-1791.356613
-219.076644
974.663882
-76.006619
327.868141
2849.477343
3451.563700
1409.835210
-561.848581
-1578.987044
-1594.635328
-99.851623
1458.270375
1049.924677
-729.508767
-1909.091322
-1897.913976
-1362.146536
-843.517694
-418.033399
100.595444
767.510407
1003.724981
184.798116
-811.475969
-497.765132
663.188514
1312.219724
1476.154128
1283.903781
339.045487
-633.383593
-718.331421
-473.174971
-517.139198
-377.049798
55.140905
-18.629577
-826.379097
-1363.636849
-925.484896
-114.009594
438.896442
766.020095
757.078218
338.300331
59.611843
230.252655
426.973940
401.638623
488.076764
862.145268
1073.024525
809.984321
625.185538
758.568531
1101.340467
1448.583342
-251.863525
-4090.164056
-4809.985122
-947.094431
1345.006604
397.167685
200.446400
141.579045
-1423.994516
-1473.919994
512.666924
769.745876
-131.148191
1304.023003
3428.463852
2789.864832
433.680348
-1262.295581
-1973.919927
-1349.478878
534.276459
1593.143680
495.528327
-1360.656224
-2134.128550
-1732.489259
-1054.396950
-543.964827
-33.532705
599.105065
1092.398590
937.406063
-124.441784
-1048.435699
-425.484962
996.273417
1611.027433
1467.957408
906.854651
-191.505858
-998.510221
-852.459570
-513.413416
-453.800905
-254.098994
82.711691
-131.893347
-908.346299
-1170.641346
-529.806856
189.269054
585.692250
854.693704
722.801024
225.036560
26.079806
202.681869
358.419553
412.070812
567.063340
874.067770
941.131845
608.792098
570.043966
862.890424
1151.265945
1302.532691
-663.935005
-4475.409906
-4614.754150
-388.227143
1619.969310
420.267533
216.839840
68.553720
-1469.449056
-1226.528075
745.900872
744.410559
5.215427
1635.617594
3420.267132
2400.148043
35.021682
-1573.770949
-2070.790257
-1106.557897
748.881498
1421.757712
118.479197
-1595.380484
-2122.951204
-1526.080941
-778.689088
-296.572908
228.762342
811.474634
1136.362817
826.377762
-298.808377
-1008.197254
-48.435832
1310.729411
1499.253976
1063.337492
500.744422
-394.188394
-958.271777
-784.650339
-532.787482
-512.668259
-346.498386
11.921835
-53.651927
-774.963306
-1205.663696
-503.726383
549.179587
973.918726
899.403087
541.728023
77.495596
11.176678
326.377828
452.309257
319.671421
355.438927
692.249613
875.558083
645.304760
511.176611
648.285386
1067.063273
1349.477543
-648.286721
-4277.943465
-4324.888317
-501.490914
1342.771135
584.201937
528.315208
105.811539
-1394.188261
-1052.161481
721.310712
717.584930
119.969510
1495.528194
3005.960183
2210.133166
136.362951
-1475.410307
-2046.200096
-1192.250881
473.173636
1163.933603
146.049984
-1386.736697
-1957.526487
-1421.013891
-654.993129
-152.757726
287.629696
719.075242
867.361363
578.985842
83.456847
-143.070693
25.334649
406.854718
923.993248
1184.797982
586.437406
-469.449189
-975.410373
-834.575817
-581.222647
-365.872452
-94.635528
-116.245063
-633.383593
-834.575817
-210.879924
341.280956
258.568597
262.294379
595.379283
669.149765
418.032064
217.584996
116.988885
40.237777
175.856239
579.730999
856.184017
657.972419
380.774244
579.730999
938.896376
1307.003629
1190.014077
-1285.395429
-4619.225088
-3753.353371
222.055935
1443.367247
371.832368
242.920313
-219.076644
-1342.772470
-619.225622
918.031997
599.850221
88.672942
1530.550544
2887.480318
1961.250934
-118.480532
-1604.322361
-1879.285066
-853.949883
566.318184
932.935124
-116.245063
-1494.039216
-1856.930375
-1119.225555
-374.814328
-81.222713
231.742968
608.046941
794.336037
792.100568
349.477676
-473.920127
-565.574363
495.528327
1421.012556
1233.978303
331.593923
-592.399992
-1119.970712
-955.291151
-394.188394
-161.699603
-239.195867
-233.979772
-332.340415
-545.455140
-387.481987
26.079806
306.258606
540.982867
716.094617
615.498505
295.081260
48.434497
33.531370
104.321226
212.368902
486.586451
756.333062
665.423983
392.696747
479.134887
796.571506
1125.185471
1272.726435
-423.994650
-3704.173049
-4051.415924
-701.937981
1155.736883
450.818944
271.981412
112.517946
-964.978184
-809.985656
536.511928
625.185538
78.985909
1010.431388
2423.247891
2173.620503
459.015665
-1198.212132
-1790.611457
-1087.928987
135.617794
698.956020
127.421074
-1029.806789
-1623.696427
-1172.131659
-470.194345
-147.541631
98.359975
460.505977
670.640078
581.966468
345.006738
125.930761
-14.158639
126.675918
643.814448
965.722005
550.669900
-226.528208
-739.940956
-795.082529
-602.087025
-447.839654
-236.960397
-28.316610
-318.927600
-703.428293
-342.772604
260.804067
374.812993
324.887516
441.131911
488.821920
362.890491
254.097659
175.111083
-8.197388
-13.413482
398.657998
727.271963
587.927719
365.871117
505.215360
802.532757
997.018573
1263.039402
493.292858
-2365.127028
-4157.973287
-1988.823055
683.307736
653.501481
87.182629
170.640144
-410.581835
-858.420821
-18.629577
638.598353
260.804067
416.541751
1660.952911
2283.158491
1250.371744
-474.665284
-1493.294060
-1271.237458
-348.733855
350.967989
291.355478
-495.529662
-1283.905116
-1254.844017
-635.619063
-237.705554
-115.499907
104.321226
388.970965
597.614752
666.169139
411.325656
-38.003643
-73.771149
422.503002
787.629630
637.853197
137.853263
-485.097473
-870.343323
-710.879857
-308.495410
-162.444759
-338.301666
-570.045301
-433.681683
58.866687
275.707194
96.124506
44.708715
263.039536
515.647550
571.534279
334.574549
5.960584
-152.012570
28.315275
441.877068
615.498505
457.525352
370.342055
532.040990
812.219790
922.502935
1061.102022
1023.099047
-865.127229
-3644.560539
-3219.821400
-207.899298
823.397136
110.282477
164.678893
43.218403
-775.708463
-554.397017
465.722072
530.550677
197.465774
942.622157
2015.647350
1819.671221
381.519401
-1042.474448
-1386.736697
-715.350796
11.921835
245.900939
-53.651927
-824.888784
-1342.772470
-956.036307
-310.730879
-163.935072
-214.605706
64.827938
589.418032
824.142292
559.611776
178.836864
-11.178013
52.905436
414.306282
726.526806
504.470204
-125.932096
-640.090001
-707.899232
-465.723407
-301.043846
-327.869476
-394.933551
-376.304641
-188.525233
64.082781
156.482173
118.479197
143.814514
296.571573
444.857693
398.657998
169.894988
-25.335985
-11.923170
216.094684
456.035039
522.353957
492.547702
494.038015
663.933670
880.774178
912.070746
1065.572961
555.140838
-1958.271643
-3883.755738
-2092.399792
461.251134
508.195986
20.863711
201.936712
-311.476036
-823.398471
-104.322561
587.927719
332.339079
327.868141
1253.352369
1982.860469
1459.015531
2.979958
-1178.838066
-1176.602597
-420.268868
104.321226
128.911387
-312.966349
-1021.610069
-1235.469951
-720.566890
-236.215241
-166.915697
-152.012570
78.985909
446.348006
798.806975
824.142292
309.984388
-181.818825
-23.845672
447.093162
645.304760
456.780195
-87.183964
-677.347820
-802.534092
-475.410440
-190.015545
-259.315089
-526.826231
-533.532638
-104.322561
315.945639
327.868141
99.850288
-16.394108
130.401700
393.441903
461.251134
266.765318
27.570119
38.747464
342.026112
555.140838
451.564101
295.826417
406.854718
812.219790
1041.727956
956.780129
972.428413
-67.064742
-2711.624747
-3543.219270
-1125.931963
642.324135
269.745943
93.143880
158.717642
-483.607160
-701.192824
-20.865046
419.522376
361.400178
630.401633
1385.245049
1807.003562
1142.324068
-331.595258
-1254.844017
-880.030356
-179.583356
17.137929
-20.119890
-354.695106
-1026.826164
-1180.328379
-608.048276
-204.173517
-274.218217
-140.090068
492.547702
904.619182
514.902393
-44.710051
10.431522
339.790643
420.267533
423.993315
415.051438
124.440448
-315.946974
-482.116848
-337.556509
-294.337439
-486.587786
-551.416391
-362.891826
-106.558030
82.711691
74.514971
-17.139264
49.924810
157.972486
251.117034
383.009714
303.277980
87.182629
145.304827
391.951590
482.860669
374.812993
273.471725
362.145335
637.108040
872.577457
783.158691
782.413535
936.660906
-409.836678
-2915.052439
-3040.983868
-728.763610
392.696747
167.659519
321.161734
93.889037
-702.683137
-622.951404
184.798116
462.741447
347.987364
690.759300
1351.713012
1564.827738
937.406063
-266.021496
-1076.006485
-831.595191
-213.860550
42.473246
-36.513330
-470.194345
-1025.335851
-1056.632419
-605.067651
-200.447735
-73.771149
-41.729425
311.474701
809.239165
692.994769
8.941209
-377.794954
-37.258487
649.030542
918.777153
453.054414
-219.076644
-553.651860
-513.413416
-262.295714
-94.635528
-251.863525
-522.355292
-459.017000
-72.280837
156.482173
12.666991
-191.505858
-119.225689
193.739992
435.170660
365.871117
117.734041
23.099180
201.936712
453.799570
523.099114
395.677372
239.194532
242.920313
523.844270
856.929173
833.084169
757.823374
1020.863578
220.565622
-2269.001855
-3362.891426
-1416.542952
394.187059
376.303306
261.549223
128.911387
-652.012503
-849.478945
-96.870997
387.480652
377.793619
570.043966
1090.163121
1491.057256
1231.742834
204.917338
-818.182376
-946.349274
-380.030423
84.947160
149.775766
-252.608682
-909.836612
-1122.206181
-729.508767
-289.121344
-104.322561
-115.499907
-88.674277
231.742968
595.379283
549.179587
239.194532
59.611843
112.517946
353.203458
586.437406
450.818944
-63.338960
-502.981226
-552.906704
-283.160093
-66.319586
-228.018521
-505.961852
-474.665284
-237.705554
-30.552079
92.398724
73.024658
4.470271
92.398724
298.061886
411.325656
309.984388
152.011235
201.936712
365.125960
397.912841
312.965013
280.178133
365.871117
500.744422
658.717575
765.274938
840.535733
907.599807
-62.593804
-2266.766386
-2941.132913
-1071.535547
335.319705
289.120009
285.394227
-4.471606
-786.885808
-766.766586
6.705740
409.835343
313.710170
398.657998
984.350915
1464.976782
1163.188447
246.646095
-633.383593
-903.875361
-482.116848
144.559671
305.513450
-263.786027
-929.210678
-963.487871
-625.932030
-374.814328
-200.447735
-105.067718
-39.493956
124.440448
309.984388
371.832368
245.900939
117.734041
217.584996
410.580500
488.076764
332.339079
-35.023018
-242.176492
-213.115393
-234.724928
-274.218217
-313.711505
-403.130271
-350.969324
-192.251014
-94.635528
-74.516306
-108.793500
-11.178013
222.801091
274.216882
219.075309
265.275005
276.452351
270.491100
333.084236
339.790643
290.610322
347.987364
519.373332
608.046941
596.869596
584.201937
696.720551
912.815902
154.991860
-1907.601009
-2781.669447
-1271.982614
149.030609
324.887516
283.158758
-132.638504
-887.481920
-803.279249
39.492621
482.860669
276.452351
175.111083
727.271963
1391.951457
1313.710036
492.547702
-406.856053
-769.002055
-479.136222
108.047008
396.422528
-65.574429
-844.262850
-1040.238979
-669.896256
-330.850102
-220.566957
-319.672756
-310.730879
58.866687
352.458302
277.942663
114.008259
43.218403
165.424050
459.015665
619.224287
508.941142
172.875613
-222.057270
-310.730879
-178.093043
-200.447735
-206.408986
-143.070693
-284.650406
-427.720432
-318.182443
-112.519281
-55.887396
-149.777101
-80.477557
207.897963
364.380804
267.510474
152.756391
225.036560
374.067837
371.087211
327.122985
418.777220
535.766772
504.470204
415.051438
494.783171
705.662428
950.818878
761.549156
-769.002055
-2531.296902
-2096.870730
-341.282291
304.768293
175.856239
8.941209
-550.671235
-905.365673
-456.781531
149.030609
254.842816
15.647617
204.917338
1029.060298
1520.863511
1073.024525
207.152807
-398.659333
-512.668259
-219.821801
238.449375
331.593923
-256.334463
-855.440196
-806.259874
-477.645909
-350.224168
-391.207769
-374.814328
-183.309138
-35.768174
-15.648952
140.833889
272.726569
143.814514
147.540296
413.561125
547.689274
447.838319
214.604371
-49.926145
-170.641479
-140.090068
-71.535680
-54.397084
-164.680228
-264.531184
-271.982747
-317.437287
-330.104945
-221.312113
-130.403035
-58.868022
58.121530
182.562646
287.629696
283.903915
204.172182
226.526873
317.435952
356.184084
369.596899
412.815969
447.093162
409.090187
391.951590
482.115513
614.008192
757.078218
338.300331
-1044.709917
-1929.955700
-1185.544473
-192.251014
29.805588
40.237777
-114.754751
-503.726383
-627.422342
-392.698082
-76.751775
45.453872
4.470271
309.984388
946.347939
1155.736883
696.720551
93.143880
-212.370237
-289.121344
-222.057270
98.359975
304.768293
-28.316610
-438.897777
-450.075123
-307.005097
-265.276340
-326.379163
-341.282291
-177.347887
-34.277861
-54.397084
-142.325537
-237.705554
-157.228664
139.343576
330.103610
371.832368
359.164709
187.778741
23.844337
40.982934
52.160279
40.982934
66.318251
-3.726449
-98.361310
-125.186940
-199.702578
-286.885875
-273.473060
-173.622105
-18.629577
114.008259
141.579045
99.105131
29.805588
8.196053
107.301852
224.291404
265.275005
271.981412
288.374853
316.690795
306.258606
257.823441
275.707194
378.538775
562.592402
592.398657
-40.239112
-926.975208
-961.997558
-353.949950
-55.887396
-17.139264
4.470271
-160.954446
-380.775579
-389.717456
-232.489459
-99.106467
-119.225689
-118.480532
154.246704
481.370356
498.508953
240.684844
-17.884421
-137.854598
-165.425385
-70.045368
149.030609
224.291404
76.750440
-41.729425
-43.964894
-14.158639
-40.984269
-158.718977
-229.508834
-230.999146
-282.414937
-230.253990
-28.316610
38.002308
-57.377709
-102.832248
-60.358335
35.766839
135.617794
149.030609
83.456847
-27.571454
-96.125841
-21.610203
111.027634
139.343576
26.824962
-142.325537
-177.347887
-29.806923
72.279502
45.453872
9.686365
-26.826297
-66.319586
-27.571454
70.044033
143.814514
108.047008
-5.961919
-0.745824
118.479197
127.421074
32.786213
29.060431
116.988885
190.014210
242.175157
254.842816
223.546247
242.175157
254.097659
-2.236137
-378.540110
-324.888851
41.728090
167.659519
99.850288
51.415123
-67.064742
-197.467109
-222.057270
-169.151167
-99.851623
-116.245063
-175.857574
-108.048343
47.689341
118.479197
27.570119
-88.674277
-64.084117
-13.413482
-35.768174
-11.178013
55.140905
50.669967
-1.490980
-0.745824
63.337625
62.592469
-12.668326
-34.277861
-33.532705
-84.203339
-127.422409
-134.128817
-115.499907
-41.729425
30.550744
6.705740
-42.474581
-29.806923
-22.355359
-26.081141
6.705740
-4.471606
-85.693652
-111.028969
-34.277861
76.005284
122.204979
55.886061
-32.042392
-32.787548
13.412147
8.196053
8.196053
70.044033
54.395748
-61.848647
-87.183964
5.215427
41.728090
4.470271
3.725114
56.631218
76.005284
30.550744
19.373398
83.456847
162.443424
186.288428
179.582021
190.014210
203.427025
237.704219
236.959062
16.392773
-263.786027
-211.625080
48.434497
140.833889
79.731065
9.686365
-55.142240
-118.480532
-163.189915
-131.148191
-41.729425
-72.280837
-184.054294
-138.599755
11.921835
59.611843
11.176678
-33.532705
-49.180989
-40.239112
-37.258487
-21.610203
17.883086
-7.452231
-78.242088
-51.416458
70.044033
121.459823
11.921835
-109.538656
-81.967870
-10.432857
-26.826297
-78.987244
-86.438808
-41.729425
8.196053
17.883086
11.921835
-5.216762
-52.906771
-77.496931
-34.277861
14.157304
13.412147
-14.158639
-1.490980
34.276526
-1.490980
-44.710051
-38.003643
-44.710051
-52.161614
-16.394108
29.805588
27.570119
-20.119890
-49.180989
-24.590828
-2.981293
21.608868
69.298876
94.634193
92.398724
53.650592
-0.745824
31.295901
122.950136
138.598420
68.553720
39.492621
109.537321
177.346552
169.894988
187.033585
251.862190
137.108107
-145.306162
-210.134768
-23.845672
70.044033
40.237777
28.315275
8.196053
-32.787548
-73.025993
-97.616154
-49.926145
-21.610203
-101.341936
-132.638504
-32.042392
38.002308
-17.139264
-90.164590
-87.929121
-79.732401
-92.400059
-58.868022
-5.216762
7.450896
-9.687701
-40.984269
-20.119890
43.218403
29.805588
-23.845672
-9.687701
-0.000668
-23.845672
-16.394108
-23.845672
-75.261462
-81.222713
-38.003643
-2.981293
24.589493
14.157304
-32.042392
-37.258487
-21.610203
-39.493956
-43.219738
-5.961919
-4.471606
-51.416458
-51.416458
20.863711
42.473246
-32.787548
-86.438808
-53.651927
-2.236137
28.315275
24.589493
7.450896
26.824962
17.137929
-3.726449
47.689341
73.024658
5.960584
-5.961919
87.182629
167.659519
136.362951
18.628242
-25.335985
46.199028
97.614819
76.005284
76.005284
147.540296
221.310778
247.391252
180.327177
-33.532705
-217.586331
-137.854598
64.827938
126.675918
77.495596
37.257152
28.315275
17.137929
-47.690676
-102.087092
-92.400059
-108.048343
-145.306162
-81.222713
46.199028
55.140905
-52.906771
-114.754751
-90.164590
-88.674277
-111.028969
-78.242088
-21.610203
-2.236137
-17.884421
-20.865046
-0.745824
8.196053
-0.745824
-3.726449
11.176678
0.744489
-23.845672
-14.158639
-19.374734
-66.319586
-81.222713
-29.806923
47.689341
53.650592
-28.316610
-82.713026
-78.987244
-71.535680
-42.474581
1.489645
4.470271
-30.552079
-49.180989
-27.571454
15.647617
26.824962
-10.432857
-42.474581
-30.552079
23.099180
62.592469
22.354024
-38.003643
-17.139264
23.844337
13.412147
11.176678
35.766839
52.160279
52.905436
49.179654
68.553720
61.102156
-12.668326
2.979958
114.008259
108.047008
72.279502
158.717642
205.662494
130.401700
93.143880
174.365926
172.875613
-62.593804
-210.879924
-43.219738
131.892012
129.656543
90.163255
40.237777
-33.532705
-80.477557
-92.400059
-71.535680
-66.319586
-134.873973
-174.367261
-79.732401
48.434497
62.592469
-19.374734
-85.693652
-110.283812
-126.677253
-89.419434
-3.726449
15.647617
-19.374734
-20.865046
29.060431
72.279502
32.786213
-60.358335
-97.616154
-76.006619
-46.945520
-1.490980
37.257152
35.766839
-29.061766
-122.951471
-113.264438
3.725114
43.963559
-24.590828
-58.868022
-29.061766
-0.745824
-7.452231
-29.061766
-41.729425
-70.790524
-88.674277
-22.355359
76.750440
96.124506
20.863711
-79.732401
-104.322561
-55.142240
-12.668326
27.570119
66.318251
35.766839
-3.726449
40.237777
97.614819
76.005284
-6.707075
-40.984269
28.315275
81.966535
56.631218
27.570119
31.295901
55.140905
101.340601
123.695292
99.850288
83.456847
84.202004
93.143880
125.185605
171.385301
162.443424
21.608868
-116.245063
-42.474581
97.614819
79.731065
17.137929
30.550744
38.747464
-7.452231
-68.555055
-81.967870
-50.671302
-64.829273
-103.577405
-67.064742
-9.687701
-23.100515
-67.809898
-91.654903
-85.693652
-94.635528
-99.851623
-40.984269
8.196053
-15.648952
-38.748799
-28.316610
-4.471606
29.060431
13.412147
-38.748799
-46.200363
-29.806923
-20.119890
7.450896
32.041057
13.412147
-60.358335
-110.283812
-53.651927
16.392773
-11.923170
-72.280837
-73.771149
-40.984269
-26.826297
-27.571454
-11.923170
10.431522
-13.413482
-43.219738
5.215427
61.102156
32.041057
-50.671302
-116.990220
-99.851623
3.725114
60.357000
23.099180
10.431522
40.237777
16.392773
-33.532705
-0.745824
84.947160
87.182629
6.705740
16.392773
116.243728
110.282477
-14.903795
-70.045368
23.844337
123.695292
136.362951
128.911387
122.950136
97.614819
90.908411
114.008259
138.598420
160.207955
99.850288
-60.358335
-114.009594
11.921835
114.008259
93.889037
46.199028
20.863711
-14.903795
-64.829273
-93.145215
-75.261462
-64.829273
-93.145215
-92.400059
-35.023018
4.470271
-28.316610
-93.145215
-116.245063
-90.909746
-57.377709
-35.023018
-14.903795
-11.923170
-40.239112
-52.906771
-20.119890
20.863711
17.883086
-32.042392
-47.690676
-17.139264
9.686365
35.766839
36.511995
5.215427
-17.884421
-42.474581
-75.261462
-99.106467
-106.558030
-52.161614
23.099180
13.412147
-40.984269
-55.142240
-36.513330
-18.629577
-17.139264
-2.236137
32.786213
39.492621
32.041057
32.786213
-37.258487
-172.876948
-189.270389
-32.787548
119.224354
142.324202
80.476222
5.960584
-35.768174
-34.277861
-2.981293
38.002308
32.041057
11.176678
52.160279
99.105131
76.005284
26.824962
-0.000668
11.921835
56.631218
97.614819
135.617794
124.440448
48.434497
43.963559
99.850288
93.143880
82.711691
159.462799
196.720618
44.708715
-125.932096
-79.732401
61.102156
97.614819
76.005284
36.511995
-26.081141
-50.671302
-52.161614
-67.064742
-76.751775
-137.854598
-199.702578
-102.087092
55.886061
78.985909
-8.942544
-86.438808
-116.245063
-118.480532
-102.832248
-51.416458
-16.394108
-55.142240
-73.025993
2.979958
73.024658
43.963559
-46.200363
-83.458182
-29.061766
46.199028
85.692317
66.318251
-8.942544
-87.183964
-105.812874
-71.535680
-40.239112
-70.790524
-113.264438
-40.239112
69.298876
60.357000
-10.432857
-48.435832
-55.142240
-48.435832
-35.023018
-15.648952
13.412147
7.450896
-9.687701
25.334649
58.866687
22.354024
-21.610203
-22.355359
-4.471606
0.744489
-6.707075
8.941209
43.963559
35.021682
-19.374734
-34.277861
14.157304
49.179654
55.886061
81.966535
95.379350
67.808563
58.121530
82.711691
97.614819
68.553720
32.041057
65.573094
122.204979
101.340601
40.237777
40.237777
111.772790
212.368902
268.255630
135.617794
-134.873973
-221.312113
-43.964894
90.163255
61.847312
2.234802
-43.964894
-55.142240
-40.239112
-65.574429
-82.713026
-79.732401
-119.225689
-94.635528
32.786213
67.808563
-43.219738
-161.699603
-184.799451
-137.109442
-102.832248
-73.025993
-12.668326
20.863711
-8.197388
-35.023018
17.137929
73.769814
24.589493
-49.180989
-40.984269
-26.826297
-35.768174
9.686365
66.318251
41.728090
-24.590828
-57.377709
-15.648952
17.137929
-80.477557
-172.876948
-91.654903
32.786213
44.708715
-22.355359
-82.713026
-74.516306
-28.316610
-14.158639
-9.687701
-2.236137
-11.923170
11.921835
90.908411
125.930761
32.041057
-99.851623
-116.990220
-27.571454
43.218403
42.473246
16.392773
28.315275
48.434497
35.021682
49.924810
73.769814
-0.000668
-56.632553
45.453872
150.520922
88.672942
-11.178013
8.196053
81.221378
88.672942
76.750440
153.501547
212.368902
113.263103
26.824962
107.301852
192.249679
178.091708
150.520922
60.357000
-143.815850
-214.605706
-34.277861
111.027634
58.866687
-31.297236
-67.064742
-68.555055
-82.713026
-105.812874
-92.400059
-108.048343
-198.212266
-179.583356
13.412147
134.872638
43.963559
-109.538656
-149.031944
-100.596779
-87.183964
-67.064742
9.686365
23.099180
-43.219738
-46.945520
38.002308
97.614819
26.824962
-84.948495
-68.555055
13.412147
31.295901
20.863711
19.373398
2.979958
-40.984269
-68.555055
-23.100515
5.960584
-90.164590
-156.483508
-65.574429
32.786213
18.628242
-52.161614
-70.790524
-15.648952
10.431522
-17.139264
-14.158639
-15.648952
-52.161614
-38.003643
31.295901
82.711691
67.063407
-7.452231
-33.532705
23.844337
38.002308
13.412147
34.276526
44.708715
8.941209
-5.216762
38.002308
84.947160
51.415123
-15.648952
4.470271
62.592469
78.240753
82.711691
81.221378
76.005284
66.318251
54.395748
84.202004
122.950136
99.105131
70.044033
114.008259
194.485149
238.449375
241.430001
207.152807
17.137929
-276.453686
-274.218217
7.450896
108.047008
13.412147
-40.239112
-76.751775
-106.558030
-122.951471
-149.777101
-140.090068
-166.170541
-236.215241
-139.344911
49.924810
89.418098
-2.981293
-109.538656
-137.109442
-76.751775
-30.552079
3.725114
64.082781
59.611843
-0.745824
8.196053
86.437473
96.869662
-30.552079
-131.893347
-75.261462
-10.432857
3.725114
33.531370
14.157304
-52.161614
-87.183964
-81.222713
-23.100515
-3.726449
-78.242088
-115.499907
-125.932096
-128.167565
2.979958
108.792164
22.354024
-73.771149
-76.006619
-5.216762
125.185605
133.382325
-5.961919
-74.516306
-42.474581
35.766839
128.911387
83.456847
-84.948495
-154.993195
-81.967870
75.260127
181.817490
98.359975
-34.277861
-26.826297
40.237777
92.398724
116.988885
48.434497
-44.710051
-38.003643
70.044033
177.346552
147.540296
29.060431
23.099180
111.027634
163.188580
173.620770
131.146856
73.769814
81.221378
129.656543
194.485149
292.845791
325.632672
102.085757
-333.085571
-471.684658
-114.009594
146.049984
30.550744
-96.870997
-146.051319
-191.505858
-193.741327
-204.173517
-182.563981
-175.112418
-289.866501
-210.134768
184.798116
347.242207
80.476222
-175.857574
-173.622105
-55.142240
30.550744
92.398724
143.814514
71.534345
-71.535680
-44.710051
128.911387
143.814514
-73.771149
-190.015545
-55.142240
52.160279
13.412147
-21.610203
-70.045368
-167.660854
-222.057270
-145.306162
14.157304
55.140905
-87.183964
-201.192891
-146.796475
-1.490980
104.321226
109.537321
38.002308
-61.103491
-56.632553
97.614819
156.482173
23.844337
-79.732401
-52.906771
40.237777
125.930761
116.243728
17.883086
-111.028969
-193.741327
-96.125841
68.553720
82.711691
7.450896
-43.219738
-13.413482
81.221378
88.672942
23.844337
17.137929
27.570119
70.044033
175.856239
207.152807
134.127481
67.808563
60.357000
154.991860
250.371877
210.878589
149.030609
138.598420
102.085757
106.556695
202.681869
268.255630
321.161734
218.330153
-328.614633
-764.531117
-412.817304
101.340601
68.553720
-143.815850
-209.389611
-224.292739
-206.408986
-175.857574
-104.322561
-73.771149
-216.841175
-164.680228
291.355478
531.295834
207.152807
-180.328512
-206.408986
-36.513330
68.553720
152.756391
201.191556
37.257152
-160.954446
-108.793500
41.728090
8.941209
-222.057270
-336.066196
-130.403035
46.944185
-8.197388
-49.926145
-97.616154
-225.783052
-187.780076
-0.745824
112.517946
90.908411
-35.768174
-76.006619
32.786213
46.199028
-24.590828
33.531370
100.595444
61.847312
49.179654
34.276526
-30.552079
-37.258487
-65.574429
-157.228664
-103.577405
12.666991
17.883086
30.550744
5.215427
-98.361310
-102.087092
-99.851623
-87.183964
104.321226
203.427025
109.537321
90.163255
87.927786
54.395748
64.082781
30.550744
61.102156
175.111083
173.620770
169.149831
182.562646
81.221378
43.963559
100.595444
134.872638
169.894988
128.911387
60.357000
105.066383
145.304827
166.914362
282.413602
378.538775
109.537321
-634.128750
-929.210678
-190.760702
365.125960
83.456847
-167.660854
-204.173517
-287.631032
-228.763677
-112.519281
-48.435832
-77.496931
-226.528208
18.628242
581.221311
530.550677
-58.868022
-354.695106
-227.273364
-8.942544
141.579045
246.646095
170.640144
-160.209290
-306.259941
-87.929121
66.318251
-52.161614
-269.747278
-280.924624
-8.942544
120.714667
-1.490980
-80.477557
-194.486484
-277.198842
-51.416458
231.742968
266.765318
81.966535
-120.716002
-81.967870
5.960584
-79.732401
-15.648952
163.933737
92.398724
-38.748799
-18.629577
19.373398
-2.981293
-156.483508
-257.079620
-58.868022
116.988885
78.240753
32.786213
-58.868022
-163.189915
-100.596779
22.354024
84.947160
76.750440
32.041057
85.692317
168.404675
110.282477
17.137929
-13.413482
14.157304
97.614819
149.030609
136.362951
82.711691
11.176678
16.392773
88.672942
114.008259
104.321226
119.969510
136.362951
99.850288
62.592469
86.437473
123.695292
169.894988
239.939688
379.283932
468.702698
-88.674277
-1002.236003
-827.869409
159.462799
384.500026
23.099180
-156.483508
-295.827752
-341.282291
-217.586331
-81.967870
-10.432857
-184.054294
-213.115393
357.674396
722.055868
282.413602
-285.395562
-401.639958
-146.051319
143.069358
269.745943
242.175157
-35.023018
-326.379163
-201.938047
32.041057
-2.981293
-163.189915
-277.943999
-128.912722
160.207955
124.440448
-70.045368
-179.583356
-314.456661
-181.073669
211.623745
303.277980
137.108107
-16.394108
-103.577405
-0.745824
92.398724
-35.768174
-143.070693
-118.480532
32.041057
261.549223
193.739992
-153.502883
-306.259941
-197.467109
17.137929
135.617794
-26.826297
-166.915697
-67.064742
19.373398
70.789189
90.163255
-55.142240
-131.148191
29.805588
193.739992
206.407651
60.357000
-83.458182
6.705740
151.266078
119.224354
43.218403
-9.687701
-55.887396
23.844337
140.833889
123.695292
35.021682
-23.845672
35.021682
176.601395
187.033585
104.321226
80.476222
56.631218
73.769814
187.778741
239.194532
207.897963
175.111083
256.333128
365.871117
-209.389611
-1036.513197
-609.538589
302.532824
236.959062
-30.552079
-90.164590
-362.146670
-375.559485
-175.857574
-85.693652
25.334649
-107.303187
-74.516306
512.666924
571.534279
-48.435832
-345.008073
-269.747278
-29.806923
256.333128
283.903915
129.656543
-146.051319
-365.127295
-170.641479
49.179654
-73.025993
-230.253990
-216.096019
-0.000668
183.307803
41.728090
-164.680228
-259.315089
-265.276340
-4.471606
299.552199
287.629696
95.379350
-87.929121
-119.225689
32.786213
115.498572
51.415123
-86.438808
-225.783052
-67.064742
278.687820
227.272029
-179.583356
-386.736831
-216.841175
73.769814
178.091708
69.298876
-71.535680
-151.267413
-119.970845
57.376374
181.817490
54.395748
-94.635528
11.921835
187.033585
174.365926
32.041057
-90.909746
-55.142240
90.163255
163.933737
166.914362
70.044033
-119.225689
-141.580380
-3.726449
72.279502
109.537321
111.772790
93.143880
118.479197
72.279502
5.960584
53.650592
86.437473
108.792164
199.701243
233.233280
165.424050
110.282477
148.285453
256.333128
305.513450
-61.103491
-792.847059
-785.395496
104.321226
377.793619
-31.297236
-187.780076
-345.008073
-387.481987
-29.806923
49.924810
-122.951471
-126.677253
-55.887396
313.710170
628.166164
207.152807
-321.908225
-309.985723
-58.122865
178.091708
280.923289
131.892012
-187.034920
-341.282291
-117.735376
70.789189
-55.142240
-187.780076
-197.467109
-61.103491
168.404675
123.695292
-134.873973
-277.198842
-245.157118
49.924810
347.987364
248.136408
2.979958
-100.596779
-80.477557
41.728090
111.027634
24.589493
-76.751775
-49.926145
1.489645
-74.516306
-92.400059
-20.865046
-77.496931
-89.419434
12.666991
33.531370
2.979958
-126.677253
-188.525233
8.196053
58.866687
23.099180
181.817490
137.108107
-49.180989
-22.355359
27.570119
70.789189
84.202004
-7.452231
44.708715
125.185605
62.592469
40.982934
-6.707075
-95.380685
-49.926145
38.002308
93.889037
103.576070
37.257152
12.666991
37.257152
74.514971
154.246704
166.169206
108.047008
89.418098
86.437473
99.105131
119.969510
154.991860
224.291404
246.646095
250.371877
35.766839
-558.867955
-734.724862
-158.718977
175.856239
52.905436
-31.297236
-197.467109
-324.888851
-190.015545
-78.987244
-56.632553
-69.300211
-15.648952
306.258606
505.215360
198.210930
-193.741327
-272.727904
-111.774125
90.163255
201.936712
155.737017
-81.222713
-255.589307
-154.993195
-64.084117
-110.283812
-150.522257
-146.796475
2.234802
149.030609
34.276526
-116.245063
-176.602730
-207.154142
-27.571454
222.801091
225.781717
91.653568
-17.139264
-45.455207
18.628242
26.079806
-25.335985
-19.374734
7.450896
60.357000
83.456847
-122.951471
-340.537135
-196.721953
81.221378
140.833889
59.611843
-61.848647
-166.170541
-136.364286
-13.413482
68.553720
38.002308
-0.000668
104.321226
213.859214
137.853263
-43.219738
-146.051319
-48.435832
154.991860
210.133433
119.224354
-4.471606
-137.109442
-117.735376
38.002308
79.731065
26.824962
6.705740
30.550744
87.182629
67.808563
-25.335985
-24.590828
60.357000
166.169206
217.584996
130.401700
47.689341
67.808563
102.830913
148.285453
154.991860
105.811539
108.792164
184.798116
204.917338
-87.929121
-534.277794
-495.529662
-83.458182
93.889037
58.866687
-81.222713
-271.982747
-222.802426
-71.535680
-50.671302
-38.003643
-27.571454
74.514971
309.239232
333.084236
75.260127
-180.328512
-207.899298
-0.000668
160.207955
145.304827
11.921835
-190.015545
-217.586331
-81.222713
-70.045368
-111.028969
-105.812874
-96.125841
25.334649
91.653568
-66.319586
-192.251014
-165.425385
-57.377709
122.204979
203.427025
111.772790
32.041057
8.941209
-4.471606
0.744489
-14.158639
-17.884421
35.021682
69.298876
-14.903795
-180.328512
-210.879924
-58.868022
43.963559
33.531370
-26.826297
-126.677253
-102.832248
17.883086
20.118555
-14.158639
-14.158639
6.705740
148.285453
236.213906
84.947160
-87.929121
-113.264438
-7.452231
134.872638
151.266078
43.218403
-46.200363
-42.474581
23.099180
51.415123
1.489645
-52.906771
-43.219738
50.669967
123.695292
71.534345
-21.610203
-36.513330
49.179654
153.501547
168.404675
109.537321
39.492621
37.257152
116.988885
155.737017
118.479197
67.063407
41.728090
111.027634
187.778741
131.146856
-39.493956
-309.985723
-409.091522
-134.873973
73.769814
11.176678
-93.145215
-197.467109
-161.699603
-13.413482
-31.297236
-78.987244
-51.416458
21.608868
227.272029
292.845791
69.298876
-139.344911
-170.641479
-13.413482
131.146856
44.708715
-62.593804
-98.361310
-149.031944
-84.948495
-45.455207
-144.561006
-143.815850
-49.926145
52.160279
108.792164
-49.180989
-187.780076
-100.596779
-7.452231
84.947160
161.698268
57.376374
-33.532705
20.863711
46.944185
17.137929
-35.768174
-78.242088
-12.668326
64.827938
43.218403
-7.452231
-94.635528
-160.209290
-104.322561
-37.258487
-3.726449
35.021682
-11.923170
-73.025993
-38.748799
-5.961919
2.234802
22.354024
46.944185
102.085757
130.401700
96.124506
44.708715
-46.945520
-87.929121
11.176678
89.418098
81.221378
43.218403
-34.277861
-48.435832
17.883086
9.686365
-15.648952
8.196053
15.647617
49.179654
93.143880
75.260127
38.002308
22.354024
49.924810
117.734041
125.930761
61.847312
33.531370
64.827938
113.263103
135.617794
84.202004
29.805588
75.260127
146.795140
138.598420
-28.316610
-304.769628
-322.653382
-46.945520
57.376374
-13.413482
-64.829273
-180.328512
-156.483508
5.960584
-23.100515
-68.555055
-28.316610
2.234802
207.152807
266.020161
-37.258487
-157.973821
-75.261462
-23.100515
96.869662
86.437473
-70.790524
-131.148191
-115.499907
-38.003643
-36.513330
-131.893347
-82.713026
-20.865046
-5.961919
72.279502
-11.923170
-146.796475
-97.616154
-29.806923
73.769814
126.675918
4.470271
-1.490980
20.863711
-56.632553
7.450896
8.196053
-67.809898
51.415123
102.085757
23.844337
-9.687701
-99.851623
-143.070693
-136.364286
-154.993195
10.431522
142.324202
28.315275
-38.748799
-72.280837
-117.735376
-29.061766
58.121530
96.124506
116.988885
64.082781
56.631218
40.237777
-73.025993
-86.438808
0.744489
100.595444
162.443424
77.495596
-35.768174
-76.751775
-87.183964
-14.158639
67.063407
56.631218
43.218403
71.534345
70.789189
-4.471606
-78.242088
-40.984269
60.357000
138.598420
159.462799
102.085757
41.728090
44.708715
71.534345
70.044033
40.237777
63.337625
129.656543
131.892012
65.573094
-13.413482
-53.651927
-75.261462
-151.267413
-115.499907
32.786213
3.725114
-78.987244
-59.613178
-92.400059
-96.870997
-59.613178
-87.929121
-27.571454
73.769814
90.163255
119.224354
52.160279
-78.987244
-67.064742
-4.471606
42.473246
56.631218
-24.590828
-76.751775
-73.771149
-67.809898
-51.416458
-101.341936
-111.028969
-5.216762
13.412147
-15.648952
-2.981293
-73.771149
-121.461158
-29.806923
53.650592
63.337625
35.021682
5.960584
17.883086
4.470271
-44.710051
-28.316610
13.412147
20.118555
45.453872
43.218403
-49.180989
-95.380685
-73.771149
-134.873973
-130.403035
46.199028
122.950136
26.824962
-71.535680
-120.716002
-78.242088
17.137929
60.357000
82.711691
67.808563
40.982934
96.124506
81.221378
-68.555055
-132.638504
-20.865046
134.127481
169.894988
59.611843
-61.103491
-109.538656
-49.926145
73.769814
90.908411
20.118555
18.628242
55.886061
58.866687
13.412147
-41.729425
-18.629577
71.534345
145.304827
156.482173
79.731065
-9.687701
-11.923170
53.650592
123.695292
113.263103
66.318251
86.437473
95.379350
64.827938
46.944185
-75.261462
-240.686179
-160.954446
63.337625
101.340601
-23.100515
-146.796475
-187.034920
-89.419434
23.844337
-5.961919
-72.280837
-45.455207
56.631218
154.246704
92.398724
-95.380685
-154.993195
-29.061766
118.479197
116.243728
-9.687701
-117.735376
-145.306162
-52.161614
30.550744
-56.632553
-120.716002
-53.651927
15.647617
49.924810
-32.042392
-160.209290
-105.812874
-3.726449
43.218403
84.202004
-11.178013
-97.616154
-6.707075
53.650592
44.708715
-2.236137
-57.377709
10.431522
65.573094
40.982934
21.608868
-73.025993
-103.577405
-2.981293
11.921835
-29.061766
-51.416458
-65.574429
-26.826297
-17.884421
-38.003643
-26.826297
-46.200363
-10.432857
76.750440
71.534345
54.395748
48.434497
10.431522
19.373398
23.099180
8.196053
49.924810
55.140905
33.531370
45.453872
9.686365
-33.532705
-11.178013
5.960584
11.921835
38.002308
48.434497
29.805588
11.921835
-2.236137
-0.745824
42.473246
78.240753
79.731065
82.711691
73.769814
58.121530
64.082781
46.944185
38.002308
78.240753
92.398724
66.318251
36.511995
16.392773
15.647617
3.725114
-70.045368
-157.228664
-120.716002
17.883086
31.295901
-65.574429
-100.596779
-99.106467
