216.039907
214.093623
212.147340
202.415922
208.254772
208.254772
196.577071
190.738220
186.845653
175.167952
161.543967
147.919982
132.349714
122.618296
112.886879
103.155461
91.477760
66.176073
36.981820
27.250403
21.411552
9.733851
-7.782701
-35.030671
-52.547223
-60.332357
-73.956342
-83.687760
-93.419177
-118.720864
-140.129983
-142.076266
-155.700251
-165.431669
-173.216803
-190.733355
-194.625922
-198.518489
-206.303623
-214.088757
-219.927608
-225.766459
-225.766459
-225.766459
-225.766459
-223.820175
-223.820175
-216.035041
-204.357340
-204.357340
-194.625922
-186.840788
-188.787071
-175.163086
-155.700251
-144.022550
-132.344848
-118.720864
-103.150595
-83.687760
-72.010058
-58.386074
-42.815805
-23.352970
-3.890134
19.465268
33.089253
40.874387
52.552089
68.122357
89.531476
108.994311
122.618296
134.295998
145.973699
157.651400
173.221669
184.899370
192.684504
204.362205
206.308489
214.093623
229.663891
233.556459
233.556459
235.502742
235.502742
253.019294
249.126727
229.663891
229.663891
229.663891
225.771324
223.825041
214.093623
204.362205
182.953086
169.329101
157.651400
142.081132
126.510863
112.886879
101.209177
75.907491
54.498372
48.659522
35.035537
0.002433
-25.299253
-33.084387
-46.708372
-68.117491
-87.580327
-99.258028
-114.828296
-130.398565
-138.183699
-153.753967
-165.431669
-179.055653
-194.625922
-204.357340
-212.142474
-219.927608
-225.766459
-231.605309
-233.551593
-245.229294
-239.390443
-231.605309
-227.712742
-231.605309
-233.551593
-229.659026
-225.766459
-219.927608
-208.249907
-198.518489
-190.733355
-177.109370
-167.377952
-157.646534
-145.968833
-128.452281
-114.828296
-107.043162
-89.526610
-77.848909
-60.332357
-36.976955
-25.299253
-9.728985
11.680134
23.357835
40.874387
60.337223
75.907491
89.531476
99.262894
114.833162
128.457147
142.081132
161.543967
173.221669
182.953086
190.738220
198.523355
216.039907
227.717608
221.878757
223.825041
245.234160
256.911861
243.287876
239.395309
256.911861
262.750712
251.073010
241.341593
245.234160
239.395309
227.717608
214.093623
204.362205
186.845653
167.382818
157.651400
155.705117
147.919982
120.672013
95.370327
73.961208
56.444656
52.552089
38.928104
5.841283
-33.084387
-48.654656
-50.600939
-64.224924
-77.848909
-107.043162
-130.398565
-134.291132
-140.129983
-153.753967
-173.216803
-186.840788
-198.518489
-212.142474
-206.303623
-214.088757
-229.659026
-235.497876
-237.444160
-237.444160
-227.712742
-231.605309
-233.551593
-233.551593
-225.766459
-214.088757
-210.196190
-214.088757
-212.142474
-210.196190
-192.679638
-177.109370
-169.324236
-163.485385
-149.861400
-138.183699
-126.505998
-110.935729
-99.258028
-95.365461
-81.741476
-62.278641
-52.547223
-36.976955
-21.406686
-13.621552
3.895000
33.089253
42.820671
46.713238
64.229790
79.800058
101.209177
118.725729
124.564580
136.242281
149.866266
165.436534
182.953086
186.845653
200.469638
206.308489
210.201056
225.771324
243.287876
251.073010
245.234160
245.234160
258.858145
262.750712
254.965578
256.911861
254.965578
249.126727
243.287876
235.502742
223.825041
206.308489
184.899370
182.953086
179.060519
155.705117
132.349714
112.886879
93.424043
83.692625
72.014924
48.659522
15.572701
-15.567836
-33.084387
-42.815805
-62.278641
-77.848909
-95.365461
-118.720864
-134.291132
-136.237415
-144.022550
-161.539102
-179.055653
-192.679638
-194.625922
-200.464773
-210.196190
-216.035041
-225.766459
-229.659026
-223.820175
-225.766459
-227.712742
-227.712742
-223.820175
-216.035041
-210.196190
-204.357340
-196.572205
-192.679638
-190.733355
-184.894504
-175.163086
-167.377952
-157.646534
-147.915117
-134.291132
-124.559714
-116.774580
-110.935729
-97.311745
-83.687760
-72.010058
-62.278641
-52.547223
-42.815805
-29.191820
-9.728985
7.787567
21.411552
31.142970
44.766954
58.390939
73.961208
89.531476
99.262894
107.048028
120.672013
140.134848
159.597684
165.436534
173.221669
196.577071
206.308489
208.254772
219.932474
231.610175
243.287876
245.234160
235.502742
247.180443
254.965578
251.073010
249.126727
247.180443
251.073010
245.234160
231.610175
221.878757
200.469638
182.953086
171.275385
171.275385
157.651400
130.403431
110.940595
93.424043
75.907491
62.283506
44.766954
19.465268
-17.514119
-35.030671
-46.708372
-56.439790
-73.956342
-101.204312
-114.828296
-132.344848
-144.022550
-153.753967
-163.485385
-179.055653
-196.572205
-204.357340
-202.411056
-206.303623
-219.927608
-227.712742
-227.712742
-225.766459
-221.873892
-223.820175
-223.820175
-219.927608
-217.981324
-216.035041
-208.249907
-200.464773
-198.518489
-194.625922
-186.840788
-177.109370
-167.377952
-155.700251
-145.968833
-144.022550
-130.398565
-122.613431
-110.935729
-91.472894
-83.687760
-72.010058
-62.278641
-52.547223
-38.923238
-25.299253
-7.782701
7.787567
19.465268
35.035537
50.605805
60.337223
77.853775
93.424043
103.155461
118.725729
132.349714
145.973699
161.543967
181.006803
190.738220
196.577071
214.093623
225.771324
229.663891
237.449026
243.287876
249.126727
251.073010
254.965578
266.643279
262.750712
260.804428
258.858145
254.965578
249.126727
237.449026
225.771324
210.201056
190.738220
186.845653
177.114236
159.597684
142.081132
118.725729
97.316610
83.692625
70.068641
52.552089
19.465268
-15.567836
-33.084387
-40.869522
-56.439790
-72.010058
-99.258028
-120.667147
-132.344848
-138.183699
-149.861400
-157.646534
-177.109370
-198.518489
-200.464773
-206.303623
-210.196190
-217.981324
-231.605309
-231.605309
-227.712742
-227.712742
-223.820175
-221.873892
-221.873892
-216.035041
-210.196190
-208.249907
-200.464773
-200.464773
-200.464773
-188.787071
-179.055653
-173.216803
-163.485385
-149.861400
-144.022550
-136.237415
-118.720864
-114.828296
-105.096879
-83.687760
-81.741476
-75.902625
-56.439790
-36.976955
-25.299253
-13.621552
-1.943851
5.841283
21.411552
42.820671
54.498372
72.014924
83.692625
91.477760
101.209177
122.618296
144.027415
159.597684
163.490251
177.114236
184.899370
198.523355
219.932474
227.717608
231.610175
229.663891
235.502742
243.287876
249.126727
254.965578
262.750712
256.911861
247.180443
256.911861
253.019294
233.556459
216.039907
202.415922
192.684504
190.738220
182.953086
157.651400
140.134848
124.564580
107.048028
95.370327
73.961208
46.713238
19.465268
-11.675268
-29.191820
-42.815805
-52.547223
-73.956342
-103.150595
-122.613431
-128.452281
-136.237415
-149.861400
-167.377952
-184.894504
-200.464773
-204.357340
-208.249907
-219.927608
-227.712742
-231.605309
-227.712742
-225.766459
-221.873892
-221.873892
-223.820175
-219.927608
-217.981324
-212.142474
-204.357340
-200.464773
-192.679638
-188.787071
-188.787071
-169.324236
-157.646534
-155.700251
-151.807684
-138.183699
-124.559714
-112.882013
-101.204312
-91.472894
-83.687760
-79.795193
-64.224924
-44.762089
-33.084387
-17.514119
-1.943851
7.787567
23.357835
36.981820
50.605805
70.068641
83.692625
87.585192
97.316610
108.994311
126.510863
147.919982
155.705117
165.436534
179.060519
190.738220
204.362205
210.201056
223.825041
229.663891
231.610175
241.341593
256.911861
266.643279
258.858145
254.965578
262.750712
262.750712
258.858145
243.287876
227.717608
210.201056
194.630788
188.791937
190.738220
177.114236
161.543967
142.081132
122.618296
108.994311
83.692625
62.283506
29.196686
-5.836418
-29.191820
-46.708372
-56.439790
-72.010058
-95.365461
-122.613431
-140.129983
-142.076266
-147.915117
-161.539102
-188.787071
-212.142474
-206.303623
-202.411056
-212.142474
-217.981324
-225.766459
-227.712742
-229.659026
-231.605309
-229.659026
-233.551593
-233.551593
-227.712742
-221.873892
-212.142474
-210.196190
-206.303623
-206.303623
-198.518489
-186.840788
-182.948221
-167.377952
-151.807684
-145.968833
-136.237415
-120.667147
-112.882013
-114.828296
-107.043162
-87.580327
-73.956342
-66.171208
-56.439790
-36.976955
-9.728985
11.680134
21.411552
23.357835
36.981820
70.068641
91.477760
85.638909
81.746342
99.262894
134.295998
159.597684
161.543967
169.329101
186.845653
202.415922
212.147340
237.449026
245.234160
225.771324
221.878757
249.126727
282.213547
288.052398
264.696995
260.804428
274.428413
282.213547
276.374697
266.643279
249.126727
223.825041
217.986190
223.825041
225.771324
208.254772
179.060519
157.651400
138.188565
120.672013
95.370327
68.122357
38.928104
7.787567
-15.567836
-31.138104
-38.923238
-54.493506
-89.526610
-120.667147
-145.968833
-157.646534
-167.377952
-175.163086
-186.840788
-202.411056
-214.088757
-212.142474
-200.464773
-204.357340
-231.605309
-243.283011
-231.605309
-223.820175
-231.605309
-233.551593
-219.927608
-212.142474
-227.712742
-223.820175
-204.357340
-196.572205
-219.927608
-233.551593
-204.357340
-175.163086
-175.163086
-181.001937
-165.431669
-142.076266
-126.505998
-120.667147
-118.720864
-107.043162
-93.419177
-81.741476
-66.171208
-44.762089
-27.245537
-15.567836
11.680134
46.713238
56.444656
56.444656
64.229790
75.907491
95.370327
114.833162
120.672013
122.618296
136.242281
171.275385
202.415922
214.093623
202.415922
202.415922
227.717608
233.556459
219.932474
221.878757
221.878757
227.717608
249.126727
266.643279
280.267264
284.159831
284.159831
293.891248
299.730099
274.428413
233.556459
210.201056
192.684504
186.845653
177.114236
155.705117
138.188565
118.725729
97.316610
81.746342
56.444656
21.411552
-11.675268
-42.815805
-62.278641
-68.117491
-85.634043
-103.150595
-118.720864
-128.452281
-142.076266
-169.324236
-175.163086
-173.216803
-198.518489
-225.766459
-233.551593
-216.035041
-202.411056
-217.981324
-247.175578
-254.960712
-241.336727
-229.659026
-221.873892
-216.035041
-221.873892
-225.766459
-217.981324
-196.572205
-186.840788
-208.249907
-231.605309
-221.873892
-182.948221
-155.700251
-155.700251
-155.700251
-136.237415
-110.935729
-99.258028
-101.204312
-103.150595
-101.204312
-81.741476
-60.332357
-52.547223
-38.923238
-3.890134
25.304119
46.713238
62.283506
64.229790
48.659522
38.928104
77.853775
107.048028
103.155461
52.552089
36.981820
202.415922
319.192935
245.234160
161.543967
175.167952
239.395309
266.643279
247.180443
221.878757
212.147340
235.502742
286.106114
330.870636
350.333471
311.407800
266.643279
270.535846
262.750712
237.449026
227.717608
219.932474
188.791937
167.382818
184.899370
200.469638
181.006803
130.403431
77.853775
62.283506
35.035537
-27.245537
-44.762089
-35.030671
-77.848909
-173.216803
-227.712742
-192.679638
-147.915117
-181.001937
-264.692130
-282.208681
-204.357340
-132.344848
-120.667147
-161.539102
-241.336727
-315.295502
-311.402935
-196.572205
-93.419177
-144.022550
-272.477264
-270.530980
-110.935729
23.357835
0.002433
-124.559714
-194.625922
-130.398565
-36.976955
-77.848909
-243.283011
-354.221173
-369.791441
-280.262398
-83.687760
25.304119
-62.278641
-124.559714
-1.943851
132.349714
124.564580
-3.890134
-155.700251
-142.076266
42.820671
124.564580
15.572701
-36.976955
25.304119
89.531476
173.221669
216.039907
118.725729
68.122357
173.221669
317.246651
441.808798
478.788185
340.602054
206.308489
262.750712
311.407800
223.825041
241.341593
375.635157
465.164201
599.457765
780.462135
918.648267
905.024282
472.949335
-175.163086
-352.274889
-169.324236
-449.589067
-1045.151832
-1179.445397
-899.180566
-568.312363
-272.477264
-159.592818
-217.981324
-260.799562
-301.671517
-241.336727
-13.621552
-68.117491
-564.419796
-760.994434
-258.853279
305.568950
385.366575
214.093623
202.415922
424.292246
657.846272
692.879376
576.102363
325.031785
-64.224924
-295.832666
-200.464773
-128.452281
-363.952590
-665.626540
-638.378571
-288.047532
-15.567836
-107.043162
-328.919487
-381.469142
-414.555963
-554.688378
-611.130601
-634.486004
-716.229913
-576.097497
-58.386074
371.742590
369.796307
381.474008
700.664510
932.272252
733.751330
291.944965
-19.460403
-108.989446
-79.795193
87.585192
223.825041
52.552089
-210.196190
-184.894504
73.961208
291.944965
245.234160
-25.299253
-29.191820
455.432783
869.991178
829.119224
628.652019
507.982439
519.660140
801.871254
1128.846890
1148.309726
1000.392176
1074.350951
1594.008658
1858.703220
628.652019
-1535.615286
-2493.186791
-2212.921960
-2436.744568
-2975.865111
-2738.418518
-2066.950694
-1144.412293
264.696995
1393.541453
1545.351569
1010.123594
375.635157
367.850023
1019.855012
990.660758
-126.505998
-622.808302
221.878757
1113.276622
1305.958693
1062.673250
574.156079
-5.836418
-381.469142
-500.192439
-685.089376
-1370.181184
-2261.579049
-2251.847631
-1187.230531
-391.200560
-476.837036
-541.064393
-21.406686
611.135467
918.648267
883.615163
566.370945
79.800058
-144.022550
130.403431
350.333471
-23.352970
-607.238034
-644.217421
-79.795193
299.730099
-27.245537
-579.990064
-646.163705
-311.402935
-11.675268
136.242281
70.068641
-136.237415
-97.311745
395.097993
813.548956
595.565198
91.477760
83.692625
706.503361
1319.582678
1342.938080
932.272252
852.474627
1263.140455
1479.177929
1325.421529
1140.524592
891.400297
700.664510
914.755700
1154.148576
1087.974936
1185.289113
772.677001
-1387.697736
-3588.944428
-3602.568413
-2938.885723
-3444.919446
-3633.708950
-2432.852001
-990.655893
492.412170
2127.290350
2831.844994
2290.778168
1418.843139
926.433401
1066.565817
1226.161068
336.709487
-848.577194
-692.874510
301.676383
644.222287
284.159831
-280.262398
-977.031908
-1516.152450
-1621.251762
-1555.078121
-1667.962567
-1975.475368
-1940.442264
-947.837655
490.465887
1078.243518
829.119224
920.594551
1364.347199
1270.925589
749.321599
474.895618
91.477760
-737.639032
-977.031908
-264.692130
-36.976955
-704.552211
-879.717730
-325.026920
-264.692130
-805.758956
-1010.118728
-677.304242
-323.080636
-235.497876
-15.567836
679.255391
1177.503979
887.507730
568.317229
772.677001
661.738839
54.498372
-9.728985
659.792555
1200.859382
1212.537083
1047.102981
1233.946202
1720.517089
1642.665747
926.433401
589.726348
626.705735
309.461517
85.638909
398.990560
833.011791
1230.053635
817.441523
-1210.585934
-3022.575916
-2898.013769
-2687.815146
-3326.196149
-2876.604650
-1551.185554
-811.597806
447.647649
2518.493343
3219.155420
2298.563302
1379.917468
901.131715
815.495239
811.602672
-21.406686
-1111.325473
-1031.527847
-264.692130
42.820671
27.250403
-258.853279
-1060.722100
-1656.284866
-1463.602795
-1136.627159
-1255.350455
-1531.722719
-1304.007544
-235.497876
998.445893
1379.917468
1144.417159
1158.041143
1323.475245
1097.706353
655.899988
272.482129
-445.696499
-1329.309230
-1245.619037
-457.374201
-638.378571
-1496.689615
-1368.234901
-566.366079
-202.411056
-157.646534
-217.981324
-245.229294
91.477760
490.465887
712.342211
959.520222
782.408419
192.684504
212.147340
694.825659
519.660140
-50.600939
46.713238
757.106733
1389.648886
1387.702602
897.239148
799.924971
1179.450262
1208.644516
858.313477
640.329720
406.775694
198.523355
548.854393
1097.706353
1389.648886
1588.169807
663.685122
-1893.731459
-3413.778909
-2806.538442
-2773.451622
-3643.440368
-3026.468483
-1409.106855
-264.692130
1218.375933
2829.898711
2934.998022
1864.542071
1002.338460
733.751330
784.354702
469.056768
-574.151214
-1198.908232
-552.742095
186.845653
105.101744
-179.055653
-558.580945
-1311.792678
-1687.425403
-1401.321721
-1294.276126
-1492.797048
-1395.482871
-718.176196
457.379066
1370.186050
1358.508349
1080.189802
1183.342830
1220.322217
834.958075
274.428413
-282.208681
-840.792060
-1218.371068
-928.374819
-315.295502
-628.647153
-1514.206167
-1329.309230
-422.341097
-153.753967
-363.952590
-397.039411
-120.667147
406.775694
881.668880
1136.632024
1171.665128
745.429031
171.275385
188.791937
365.903740
-60.332357
-463.213051
-7.782701
916.701984
1504.479615
1486.963063
1142.470875
1058.780683
1340.991797
1309.851260
794.086120
350.333471
40.874387
-44.762089
578.048646
1267.033022
1453.876243
1570.653255
500.197304
-2209.029393
-3446.865729
-2598.286103
-3007.005648
-4044.374778
-2787.075607
-868.040029
118.725729
1654.343448
3147.142929
2857.146680
1761.389043
1103.545204
747.375315
560.532094
89.531476
-906.965700
-1187.230531
-317.241785
179.060519
-122.613431
-323.080636
-692.874510
-1434.408541
-1664.070000
-1467.495362
-1496.689615
-1401.321721
-969.246774
-190.733355
1072.404667
1788.637013
1377.971184
1144.417159
1325.421529
940.057386
325.031785
-87.580327
-667.572824
-1257.296739
-1313.738962
-749.316733
-313.349218
-910.858267
-1595.950076
-986.763326
-112.882013
-235.497876
-519.655274
-206.303623
305.568950
720.127345
1089.921219
1360.454632
1218.375933
601.404049
103.155461
68.122357
-11.675268
-484.622170
-694.820794
3.895000
1064.619533
1578.438390
1477.231645
1132.739457
1027.640146
1354.615782
1300.119842
496.304737
-33.084387
35.035537
317.246651
930.325968
1399.380303
1496.694481
1716.624522
611.135467
-2327.752690
-3674.580904
-2894.121202
-3431.295461
-4334.371027
-2674.191161
-478.783320
467.110484
1835.347818
3322.308448
3152.981779
1948.232264
955.627655
432.077380
348.387188
-54.493506
-1019.850146
-1111.325473
-110.935729
206.308489
-297.778950
-391.200560
-640.324854
-1588.164942
-2016.347322
-1691.317970
-1455.817660
-1193.069382
-628.647153
258.858145
1446.091108
2029.976173
1617.364061
1313.743827
1290.388425
749.321599
-1.943851
-400.931978
-650.056272
-1115.218040
-1557.024405
-1185.284247
-591.667766
-1049.044399
-1444.139959
-683.143092
-192.679638
-358.113740
-130.398565
309.461517
653.953705
920.594551
916.701984
1060.726966
1210.590799
576.102363
-138.183699
-247.175578
-455.427917
-759.048151
-482.675887
288.052398
1089.921219
1518.103600
1574.545823
1506.425898
1342.938080
1158.041143
903.077999
449.593932
122.618296
21.411552
196.577071
903.077999
1372.132334
1475.285362
1952.124831
881.668880
-2473.723956
-4052.159912
-3147.138063
-3431.295461
-4087.193016
-2631.372923
-790.188687
428.184813
2205.141692
3660.961785
3382.643238
1989.104218
760.999300
328.924352
381.474008
-11.675268
-1000.387310
-1327.362946
-502.138722
85.638909
-128.452281
-375.630292
-936.159953
-1862.590922
-1971.582800
-1504.474749
-1288.437275
-924.482252
-449.589067
291.944965
1769.174177
2469.836254
1658.236015
1136.632024
1101.598921
482.680753
-171.270519
-484.622170
-854.416044
-1346.825782
-1839.235519
-1342.933215
60.337223
-120.667147
-1693.264253
-1492.797048
1.948716
280.267264
-81.741476
99.262894
451.540216
759.053016
1150.256009
1483.070496
1337.099230
367.850023
-655.895123
-659.787690
-188.787071
-391.200560
-854.416044
-284.154965
1140.524592
1994.943069
1965.748816
1617.364061
1109.384055
827.172940
858.313477
451.540216
-89.526610
-103.150595
87.585192
716.234778
1703.000537
2160.377170
2403.662614
1516.157316
-1854.805788
-4301.284207
-3680.419755
-3659.010636
-4597.119306
-3318.411015
-1072.399802
371.742590
2269.369049
4034.648226
3937.334049
2452.319702
906.970566
165.436534
147.919982
-192.679638
-1158.036278
-1510.313600
-607.238034
239.395309
130.403431
-159.592818
-650.056272
-1767.223028
-2244.062497
-1736.082491
-1411.053139
-1136.627159
-539.118110
369.796307
1841.186669
2689.766295
2035.815023
1401.326587
1142.470875
354.226038
-315.295502
-579.990064
-1175.552830
-1773.061879
-1745.813909
-1070.453518
-217.981324
-253.014428
-1175.552830
-1261.189306
-196.572205
223.825041
-260.799562
-114.828296
636.437153
953.681371
1208.644516
1642.665747
1327.367812
365.903740
-369.791441
-743.477882
-803.812672
-813.544090
-951.730222
-402.878261
1004.284743
1989.104218
2100.042380
1833.401534
1360.454632
1002.338460
908.916849
507.982439
-206.303623
-455.427917
-108.989446
599.457765
1455.822526
1969.641383
2318.026138
2257.691348
-36.976955
-3548.072474
-4449.201756
-3680.419755
-4328.532176
-4252.627118
-1850.913221
77.853775
1270.925589
3345.663851
4581.553903
3505.259101
1597.901225
270.535846
-136.237415
-128.452281
-766.833285
-1574.540957
-1206.693366
-284.154965
-17.514119
-11.675268
-190.733355
-1233.941336
-2240.169930
-2057.219277
-1397.429154
-978.978191
-535.225543
122.618296
1274.818156
2516.547059
2545.741313
1671.860000
1163.879994
601.404049
-319.188069
-671.465391
-866.093746
-1771.115595
-2224.599662
-1315.685245
-274.423547
-241.336727
-879.717730
-1138.573442
-414.555963
307.515233
52.552089
-120.667147
459.325350
776.569568
980.929341
1574.545823
1457.768810
414.560828
-455.427917
-780.457270
-759.048151
-786.296120
-1023.742713
-609.184317
735.697614
1897.628891
2318.026138
2140.914335
1444.144825
813.548956
725.966196
661.738839
27.250403
-603.345467
-295.832666
601.404049
1321.528961
1810.046132
2222.658244
2405.608897
1169.718845
-2203.190543
-4766.445974
-4260.412252
-3643.440368
-4071.622748
-2884.389784
-714.283629
790.193553
2792.919323
4519.272830
3941.226616
2061.116709
529.391558
-126.505998
0.002433
-276.369831
-1307.900111
-1615.412911
-751.263016
52.552089
142.081132
-200.464773
-1029.581564
-2111.715216
-2210.975677
-1319.577812
-875.825163
-741.531599
-52.547223
912.809417
2115.612649
2909.696336
2076.686978
873.883746
599.457765
70.068641
-753.209300
-941.998804
-1395.482871
-2255.740198
-1989.099352
-589.721482
330.870636
-169.324236
-1175.552830
-908.911984
258.858145
447.647649
-54.493506
62.283506
511.875006
856.367194
1350.723215
1574.545823
885.561447
-315.295502
-992.602176
-891.395432
-735.692748
-916.697118
-844.684627
42.820671
1399.380303
2318.026138
2395.877480
1905.414026
1128.846890
482.680753
445.701365
385.366575
-301.671517
-558.580945
134.295998
934.218536
1613.471494
2172.054872
2485.406523
2240.174796
-29.191820
-3581.159294
-4649.668961
-3744.647112
-4170.883209
-4182.560910
-1919.033145
75.907491
1344.884364
3372.911820
4589.339037
3470.225998
1422.735706
184.899370
46.713238
-1.943851
-821.329224
-1613.466628
-1257.296739
-371.737725
-116.774580
-204.357340
-365.898874
-1329.309230
-2316.074988
-1868.429772
-984.817042
-747.370449
-367.845158
395.097993
1426.628273
2545.741313
2467.889971
1383.810035
864.152328
377.581441
-560.527229
-823.275508
-1002.333594
-1954.066249
-2063.058127
-953.676505
-352.274889
-369.791441
-455.427917
-722.068763
-455.427917
276.374697
225.771324
-5.836418
492.412170
801.871254
938.111103
1413.004288
1130.793174
62.283506
-511.870140
-751.263016
-1058.775817
-973.139341
-620.862019
-264.692130
550.800677
1632.934329
2195.410274
2199.302841
1835.347818
984.821908
251.073010
231.610175
103.155461
-377.576575
-258.853279
266.643279
868.044895
1866.488355
2460.104837
2543.795029
2432.856867
-9.728985
-3991.825123
-4850.136167
-3629.816383
-4219.540298
-4357.726429
-2022.186173
198.523355
1874.273489
3878.945542
4527.057964
3232.779405
1496.694481
268.589562
-182.948221
-323.080636
-1156.089994
-1998.830770
-1354.610916
-87.580327
130.403431
-243.283011
-535.225543
-1333.201797
-1994.938203
-1572.594673
-1082.131219
-906.965700
-289.993816
533.284125
1611.525210
2789.026756
2467.889971
1150.256009
759.053016
354.226038
-743.477882
-1045.151832
-1276.759574
-2380.302345
-2271.310467
-694.820794
25.304119
-274.423547
-507.977573
-391.200560
198.523355
511.875006
-7.782701
-145.968833
367.850023
537.176692
836.904358
1411.058005
967.305356
-204.357340
-648.109988
-576.097497
-831.060642
-1066.560951
-799.920105
-161.539102
821.334090
1882.058623
2279.100467
2080.579545
1619.310344
745.429031
179.060519
266.643279
-103.150595
-644.217421
-169.324236
544.961826
1002.338460
1825.616400
2376.414644
2485.406523
2428.964300
377.581441
-3265.861359
-4517.321680
-3672.634621
-4098.870718
-4375.242981
-2353.054376
-105.096879
1354.615782
3162.713197
4285.718804
3374.858104
1658.236015
601.404049
167.382818
-194.625922
-895.287999
-1648.499732
-1465.549078
-494.353588
-62.278641
-282.208681
-570.258646
-1226.156202
-1835.342952
-1523.937585
-1029.581564
-864.147462
-363.952590
506.036155
1457.768810
2296.617019
2236.282229
1399.380303
844.689492
284.159831
-638.378571
-1052.936966
-1333.201797
-2226.545945
-2181.781424
-716.229913
-9.728985
-297.778950
-256.906995
-116.774580
171.275385
607.242900
151.812550
-391.200560
73.961208
507.982439
720.127345
1103.545204
749.321599
-110.935729
-398.985694
-455.427917
-714.283629
-905.019417
-813.544090
-210.196190
766.838150
1609.578926
1991.050502
1905.414026
1654.343448
1230.053635
535.230408
5.841283
-328.919487
-556.634662
-120.667147
579.994930
836.904358
1342.938080
2109.773798
2493.191657
2763.725070
1486.963063
-2331.645257
-4743.090572
-3824.444737
-3507.200519
-4353.833862
-3162.708331
-692.874510
908.916849
2393.931196
4077.466464
4213.706313
2210.980543
239.395309
108.994311
367.850023
-593.614049
-1712.727089
-1675.747701
-784.349837
-142.076266
-235.497876
-513.816424
-986.763326
-1798.363565
-1821.718967
-955.622789
-529.386692
-488.514738
56.444656
1189.181680
2323.864988
2411.447748
1465.553944
803.817538
453.486499
-326.973203
-949.783938
-1296.222410
-2078.628396
-2312.182421
-1163.875128
-181.001937
-25.299253
91.477760
-25.299253
44.766954
716.234778
482.680753
-430.126231
-264.692130
260.804428
406.775694
807.710105
807.710105
130.403431
-247.175578
-342.543471
-544.956960
-698.713361
-710.391062
-406.770829
371.742590
1333.206663
1786.690729
1627.095478
1654.343448
1627.095478
794.086120
44.766954
-196.572205
-517.708991
-289.993816
385.366575
494.358454
858.313477
1763.335327
2144.806902
2582.720700
2794.865607
299.730099
-3686.258606
-4632.152410
-3174.386033
-3483.845117
-4381.081832
-2691.707713
-153.753967
1508.372182
3283.382777
4262.363401
3207.477719
1411.058005
245.234160
177.114236
350.333471
-945.891371
-2417.281733
-1638.768314
-64.224924
132.349714
-342.543471
-782.403553
-1432.462258
-1720.512223
-1222.263635
-727.907614
-685.089376
-441.803932
441.808798
1728.302223
2652.786908
2230.443378
978.983057
474.895618
301.676383
-564.419796
-1294.276126
-1755.545327
-2438.690852
-1911.248011
-204.357340
270.535846
-268.584697
-151.807684
182.953086
414.560828
611.135467
-31.138104
-712.337345
-122.613431
620.866884
755.160449
875.830029
469.056768
-371.737725
-346.436039
-60.332357
-583.882631
-990.655893
-646.163705
13.626418
903.077999
1630.988045
1611.525210
1403.272870
1518.103600
1237.838769
439.862515
-97.311745
-371.737725
-426.233664
173.221669
706.503361
603.350332
906.970566
1718.570805
2286.885601
2827.952427
2148.699469
-1087.970070
-3956.792019
-3898.403512
-3318.411015
-3814.713320
-3563.642742
-2002.723337
-120.667147
1961.856248
3729.081709
3927.602631
2615.807520
1072.404667
307.515233
260.804428
-114.828296
-1261.189306
-1897.624026
-1212.532217
-352.274889
-190.733355
-371.737725
-910.858267
-1621.251762
-1605.681494
-1039.312981
-696.767077
-373.684008
142.081132
854.420910
1928.769428
2512.654492
1804.207281
895.292865
467.110484
-293.886383
-1049.044399
-1191.123098
-1687.425403
-2284.934452
-1395.482871
-75.902625
3.895000
-17.514119
276.374697
-54.493506
-70.063775
430.131097
46.713238
-406.770829
40.874387
410.668261
718.181062
992.607042
340.602054
-330.865770
-260.799562
-494.353588
-858.308611
-556.634662
-186.840788
56.444656
727.912480
1533.673868
1794.475863
1549.244136
1243.677620
910.863133
469.056768
0.002433
-470.998186
-420.394813
266.643279
507.982439
498.251021
1307.904977
1992.996785
2047.492725
2576.881849
2238.228512
-873.878880
-4042.428495
-4192.292328
-3332.035000
-3736.861978
-3686.258606
-1874.268623
404.829411
2201.249125
3470.225998
3913.978646
3018.688215
1060.726966
-153.753967
75.907491
-225.766459
-1586.218658
-1987.153069
-1107.432906
-332.812054
-77.848909
-245.229294
-844.684627
-1411.053139
-1485.011914
-1163.875128
-667.572824
-254.960712
70.068641
856.367194
1996.889352
2370.575793
1741.926208
942.003670
194.630788
-554.688378
-971.193057
-1198.908232
-1751.652760
-2172.050006
-1315.685245
68.122357
208.254772
-153.753967
46.713238
11.680134
-21.406686
286.106114
9.733851
-251.068145
116.779446
404.829411
883.615163
1093.813786
130.403431
-525.494125
-289.993816
-457.374201
-770.725852
-636.432287
-340.597188
194.630788
877.776313
1428.574557
1691.322835
1529.781301
1288.442141
1099.652637
616.974317
-52.547223
-570.258646
-484.622170
175.167952
437.916231
498.251021
1226.161068
1905.414026
2218.765677
2724.799399
2201.249125
-665.626540
-3886.725811
-4528.999382
-3423.510327
-3413.778909
-3787.465350
-2068.896978
669.523973
2304.402153
3365.126686
4139.747538
3242.510823
961.466505
-352.274889
-167.377952
-358.113740
-1508.367316
-2055.272993
-1307.900111
-301.671517
46.713238
-196.572205
-687.035659
-1226.156202
-1488.904481
-1228.102485
-725.961330
-291.940099
214.093623
901.131715
1685.483985
2253.798781
1989.104218
936.164819
48.659522
-445.696499
-1019.850146
-1335.148081
-1442.193676
-1915.140578
-1648.499732
-173.216803
482.680753
38.928104
-107.043162
-173.216803
-99.258028
412.614545
243.287876
-276.369831
33.089253
463.217917
706.503361
957.573938
379.527725
-589.721482
-735.692748
-533.279259
-543.010677
-494.353588
-299.725233
138.188565
821.334090
1442.198541
1712.731954
1451.929959
1064.619533
961.466505
624.759452
-79.795193
-564.419796
-587.775198
-62.278641
700.664510
971.197923
1173.611412
1810.046132
2183.732573
2403.662614
2452.319702
360.064889
-3439.080595
-5000.000000
-3697.936307
-2950.563425
-3415.725193
-2654.728326
-276.369831
1909.306593
3275.597643
4100.821867
3491.635117
1276.764440
-352.274889
-266.638413
-70.063775
-938.106237
-2000.777054
-1811.987550
-478.783320
321.139218
-11.675268
-626.700869
-1267.028156
-1693.264253
-1302.061260
-574.151214
-253.014428
-64.224924
546.908110
1617.364061
2421.179166
2218.765677
1144.417159
-5.836418
-506.031289
-603.345467
-1041.259265
-1564.809539
-1887.892608
-1938.495980
-784.349837
667.577690
381.474008
-315.295502
-122.613431
-56.439790
323.085502
782.408419
11.680134
-416.502246
249.126727
502.143588
708.449644
630.598302
-478.783320
-920.589685
-474.890753
-375.630292
-231.605309
-132.344848
-118.720864
566.370945
1198.913098
1348.776931
1335.152946
908.916849
759.053016
940.057386
379.527725
-198.518489
-212.142474
-136.237415
463.217917
996.499609
833.011791
1169.718845
1848.971803
2205.141692
2590.505834
1290.388425
-2290.773302
-4470.610875
-3804.981902
-3069.286721
-3345.658985
-2999.220513
-1179.445397
1105.491488
2827.952427
3939.280332
3810.825618
1961.856248
101.209177
-243.283011
-81.741476
-710.391062
-1778.900729
-1994.938203
-936.159953
114.833162
175.167952
-288.047532
-926.428536
-1521.991301
-1492.797048
-936.159953
-391.200560
-54.493506
225.771324
1078.243518
2351.112958
2537.956178
1490.855630
507.982439
-89.526610
-718.176196
-1270.920723
-1490.850764
-1852.859504
-2333.591540
-1379.912602
404.829411
519.660140
-3.890134
461.271634
488.519603
268.589562
541.069259
62.283506
-447.642783
-128.452281
-35.030671
309.461517
694.825659
-122.613431
-581.936348
-62.278641
-182.948221
-459.320484
-225.766459
-77.848909
295.837532
813.548956
1043.210414
1243.677620
1163.879994
889.454014
871.937462
665.631406
194.630788
-188.787071
-441.803932
-79.795193
663.685122
949.788804
1255.355321
1843.132952
2193.463991
2479.567672
1823.670117
-1027.635280
-3982.093705
-4435.577771
-3645.386651
-3435.188028
-2940.832007
-1319.577812
648.114854
2347.220391
3695.994889
4024.916809
2703.390280
642.276003
-469.051902
-441.803932
-587.775198
-1399.375438
-1755.545327
-1047.098116
-243.283011
-7.782701
-134.291132
-714.283629
-1531.722719
-1753.599043
-1255.350455
-482.675887
169.329101
484.627036
1099.652637
2214.873110
2574.935566
1761.389043
663.685122
-264.692130
-967.300490
-1401.321721
-1471.387929
-1529.776435
-2059.165560
-1679.640268
210.201056
910.863133
157.651400
385.366575
622.813168
-77.848909
5.841283
307.515233
-186.840788
-326.973203
-140.129983
179.060519
794.086120
389.259142
-531.332976
-342.543471
-177.109370
-560.527229
-338.650904
89.531476
256.911861
560.532094
916.701984
1265.086739
1352.669498
940.057386
714.288495
706.503361
356.172322
-21.406686
-192.679638
-99.258028
328.924352
583.887497
848.582059
1599.847509
2160.377170
2417.286599
2230.443378
1.948716
-3326.196149
-4390.813250
-3497.469102
-3287.270478
-3378.745805
-2129.231768
21.411552
1987.157935
3530.560788
4200.082328
3152.981779
1043.210414
-194.625922
-231.605309
-410.663396
-1313.738962
-2070.843261
-1656.284866
-480.729603
157.651400
9.733851
-550.795811
-1344.879498
-1644.607165
-1064.614667
-447.642783
-120.667147
297.783816
854.420910
1662.128582
2413.394031
2131.182917
881.668880
-243.283011
-834.953209
-1146.358576
-1288.437275
-1403.268005
-1790.578431
-1829.504102
-558.580945
790.193553
591.672631
120.672013
387.312859
330.870636
116.779446
241.341593
-27.245537
-360.060023
-208.249907
35.035537
480.734469
605.296616
-188.787071
-585.828915
-237.444160
-340.597188
-480.729603
-132.344848
114.833162
430.131097
885.561447
1198.913098
1436.359691
1208.644516
673.416540
634.490869
601.404049
138.188565
-202.411056
-270.530980
50.605805
690.933092
1064.619533
1457.768810
2024.137322
2210.980543
2191.517707
1008.177310
-2222.653378
-4464.772025
-3958.738302
-3514.985653
-3577.266727
-2144.802036
-206.303623
1111.330338
2732.584533
4166.995507
3816.664469
1845.079236
58.390939
-387.307993
-428.179948
-1076.292369
-1667.962567
-1566.755823
-1039.312981
-404.824545
-29.191820
-217.981324
-881.664014
-1523.937585
-1395.482871
-624.754586
-17.514119
408.721978
819.387806
1224.214784
1901.521459
2154.538320
1222.268501
93.424043
-554.688378
-1130.788308
-1389.644020
-1204.747083
-1265.081873
-1630.983180
-1420.784557
-161.539102
844.689492
414.560828
-1.943851
504.089872
601.404049
299.730099
229.663891
-81.741476
-325.026920
-214.088757
-73.956342
295.837532
219.932474
-548.849527
-562.473512
-64.224924
-114.828296
-89.526610
99.262894
264.696995
799.924971
1070.458384
1008.177310
1177.503979
854.420910
332.816919
613.081750
702.610793
110.940595
-266.638413
-200.464773
346.440904
1045.156698
1253.409037
1461.661377
2070.848127
2469.836254
1691.322835
-1014.011295
-3828.337305
-4176.722060
-3501.361669
-3635.655233
-3008.951931
-1070.453518
797.978687
2399.770047
3744.651978
4063.842479
2800.704457
653.953705
-439.857649
-299.725233
-794.081254
-1847.020653
-1981.314218
-1278.705858
-457.374201
27.250403
-87.580327
-541.064393
-1119.110607
-1368.234901
-819.382941
-147.915117
73.961208
315.300368
881.668880
1782.798162
2341.381540
1547.297853
350.333471
-173.216803
-782.403553
-1290.383559
-1119.110607
-1342.933215
-2065.004411
-1847.020653
-377.576575
963.412789
784.354702
5.841283
387.312859
934.218536
513.821289
136.242281
-93.419177
-570.258646
-611.130601
-149.861400
323.085502
301.676383
-449.589067
-687.035659
36.981820
210.201056
-142.076266
-1.943851
305.568950
630.598302
953.681371
971.197923
1000.392176
838.850642
338.655770
414.560828
794.086120
426.238530
-186.840788
-171.270519
408.721978
924.487118
1006.231027
1235.892485
1963.802532
2477.621388
1907.360309
-317.241785
-3117.943810
-4153.366657
-3748.539679
-3653.171785
-3053.716453
-1422.730840
75.907491
1759.442760
3694.048606
4237.061715
3094.593273
1329.314096
-81.741476
-492.407305
-714.283629
-1535.615286
-1957.958816
-1496.689615
-823.275508
-165.431669
145.973699
-286.101249
-1004.279878
-1342.933215
-1012.065012
-381.469142
-60.332357
235.502742
897.239148
1601.793792
2055.277859
1876.219772
963.412789
29.196686
-663.680257
-1185.284247
-1267.028156
-1292.329843
-1728.297357
-1992.991920
-1237.833903
299.730099
1008.177310
443.755082
330.870636
850.528343
710.395928
395.097993
262.750712
-340.597188
-786.296120
-589.721482
-177.109370
219.932474
3.895000
-539.118110
-321.134352
107.048028
128.457147
200.469638
204.362205
254.965578
677.309107
920.594551
1025.693862
1066.565817
578.048646
354.226038
745.429031
638.383436
173.221669
-75.902625
-157.646534
511.875006
1381.863751
1339.045513
1395.487736
2107.827515
2152.592036
509.928722
-2366.678361
-4079.407882
-3690.151173
-3569.481593
-3583.105578
-1724.404790
208.254772
1050.995548
2631.377789
4213.706313
3816.664469
1913.199160
42.820671
-587.775198
-564.419796
-1235.887620
-1817.826400
-1510.313600
-1099.647771
-562.473512
108.994311
68.122357
-603.345467
-1319.577812
-1473.334212
-696.767077
114.833162
338.655770
601.404049
1158.041143
1831.455251
2119.505216
1449.983676
408.721978
-449.589067
-1216.424784
-1436.354825
-1224.209918
-1566.755823
-2154.533454
-1734.136208
-128.452281
1152.202293
887.507730
352.279755
698.718226
871.937462
539.122975
217.986190
-377.576575
-887.502865
-741.531599
-243.283011
301.676383
204.362205
-502.138722
-408.717112
214.093623
262.750712
177.114236
91.477760
36.981820
550.800677
967.305356
959.520222
1031.532713
698.718226
360.064889
796.032404
848.582059
188.791937
-134.291132
-103.150595
276.374697
953.681371
1282.603290
1621.256628
2292.724452
2203.195408
461.271634
-2279.095601
-3845.853856
-3635.655233
-3623.977532
-3627.870099
-2053.326709
-130.398565
1362.400916
3195.800017
4202.028611
3464.387147
1860.649504
212.147340
-529.386692
-595.560333
-1325.416663
-1987.153069
-1572.594673
-877.771447
-229.659026
196.577071
-159.592818
-819.382941
-1263.135589
-1292.329843
-696.767077
-153.753967
99.262894
718.181062
1465.553944
2002.728203
2170.108588
1366.293483
165.436534
-525.494125
-1095.755204
-1488.904481
-1381.858886
-1448.032526
-1794.470998
-1483.065630
-108.989446
1158.041143
918.648267
192.684504
435.969947
679.255391
377.581441
153.758833
-291.940099
-751.263016
-615.023168
-214.088757
317.246651
414.560828
-336.704621
-521.601558
85.638909
216.039907
128.457147
75.907491
-64.224924
375.635157
912.809417
924.487118
940.057386
706.503361
291.944965
529.391558
796.032404
576.102363
319.192935
62.283506
239.395309
926.433401
1259.247888
1494.748197
1940.447129
1874.273489
724.019912
-1701.049387
-3762.163664
-3598.675846
-3158.815764
-3586.998145
-2499.025642
-295.832666
1052.941832
2456.212269
3882.838110
3676.532054
2090.310963
476.841902
-221.873892
-348.382322
-1074.346085
-1866.483489
-1681.586552
-1049.044399
-428.179948
0.002433
-210.196190
-712.337345
-1136.627159
-1337.094364
-819.382941
-13.621552
258.858145
504.089872
1286.495858
2043.600157
2074.740694
1331.260379
348.387188
-486.568454
-1124.949457
-1317.631529
-1200.854516
-1307.900111
-1728.297357
-1884.000041
-644.217421
1257.301604
1185.289113
-13.621552
400.936844
1062.673250
519.660140
208.254772
-40.869522
-737.639032
-858.308611
-515.762707
66.176073
537.176692
-167.377952
-737.639032
52.552089
480.734469
179.060519
95.370327
7.787567
258.858145
786.300986
858.313477
953.681371
875.830029
315.300368
389.259142
840.796925
677.309107
321.139218
3.895000
89.531476
805.763821
1064.619533
1138.578308
1961.856248
2306.348436
1175.557695
-1169.713979
-3503.307952
-3785.519067
-2938.885723
-3215.257987
-3010.898215
-1111.325473
706.503361
2238.228512
3727.135426
3855.590140
2481.513956
722.073629
-297.778950
-249.121861
-572.204930
-1720.512223
-2100.037515
-1424.677124
-560.527229
48.659522
-99.258028
-716.229913
-1089.916354
-1226.156202
-842.738343
-19.460403
289.998681
358.118606
1002.338460
1854.810653
2185.678856
1574.545823
416.507112
-414.555963
-945.891371
-1304.007544
-1214.478501
-1278.705858
-1786.685864
-1732.189924
-616.969452
749.321599
1128.846890
476.841902
258.858145
708.449644
652.007421
171.275385
-190.733355
-539.118110
-720.122480
-552.742095
-60.332357
377.581441
54.498372
-443.750216
-157.646534
247.180443
241.341593
190.738220
97.316610
260.804428
724.019912
842.743209
850.528343
866.098611
420.399679
208.254772
615.028034
780.462135
480.734469
73.961208
5.841283
579.994930
1177.503979
1434.413407
1798.368431
2065.009276
1379.917468
-790.188687
-3178.278600
-3550.018757
-2917.476604
-3425.456610
-3310.625881
-1214.478501
805.763821
2066.955560
3195.800017
3622.036114
2868.824381
1179.450262
-196.572205
-291.940099
-589.721482
-1763.330461
-2016.347322
-1196.961949
-548.849527
-181.001937
-206.303623
-628.647153
-924.482252
-1115.218040
-947.837655
-227.712742
237.449026
387.312859
961.466505
1798.368431
2160.377170
1568.706972
435.969947
-309.456651
-747.370449
-1263.135589
-1377.966319
-1231.995053
-1547.292987
-1813.933833
-897.234282
698.718226
1154.148576
414.560828
249.126727
718.181062
632.544586
231.610175
-101.204312
-515.762707
-714.283629
-576.097497
-89.526610
432.077380
70.068641
-560.527229
-260.799562
159.597684
118.725729
155.705117
157.651400
330.870636
801.871254
924.487118
922.540834
883.615163
350.333471
118.725729
517.713856
653.953705
506.036155
317.246651
247.180443
620.866884
996.499609
1245.623903
1775.013028
1969.641383
1062.673250
-1004.279878
-3110.158676
-3442.973162
-2876.604650
-3133.514078
-2792.914457
-1167.767695
400.936844
2066.955560
3520.829370
3505.259101
2448.427135
1002.338460
-132.344848
-151.807684
-418.448530
-1615.412911
-1952.119965
-1243.672754
-626.700869
-130.398565
-110.935729
-727.907614
-1119.110607
-1080.184936
-731.800181
-108.989446
223.825041
360.064889
930.325968
1695.215402
1981.319084
1444.144825
430.131097
-350.328606
-840.792060
-1064.614667
-1002.333594
-1191.123098
-1475.280496
-1333.201797
-1035.420414
-128.452281
1101.598921
739.590181
-212.142474
418.453396
971.197923
408.721978
140.134848
-210.196190
-803.812672
-558.580945
-112.882013
54.498372
147.919982
-358.113740
-618.915735
107.048028
498.251021
297.783816
254.965578
289.998681
519.660140
827.172940
854.420910
764.891867
352.279755
-42.815805
344.494621
813.548956
780.462135
535.230408
202.415922
443.755082
1152.202293
1274.818156
1436.359691
2043.600157
1512.264749
-776.564702
-3151.030630
-3639.547800
-2888.282351
-3131.567795
-3295.055613
-1411.053139
704.557077
1800.314714
3063.452736
3915.924930
2981.708827
988.714475
-245.229294
-179.055653
-375.630292
-1488.904481
-1895.677742
-1313.738962
-776.564702
-253.014428
-42.815805
-550.795811
-1062.668384
-1253.404172
-1014.011295
-179.055653
389.259142
453.486499
905.024282
1642.665747
2004.674487
1675.752567
616.974317
-371.737725
-797.973822
-1123.003174
-1193.069382
-980.924475
-1091.862637
-1304.007544
-1189.176815
-597.506616
523.552707
986.768191
307.515233
210.201056
860.259761
807.710105
389.259142
58.390939
-552.742095
-891.395432
-634.486004
-214.088757
118.725729
-58.386074
-474.890753
-212.142474
362.011173
506.036155
362.011173
179.060519
251.073010
609.189183
831.065508
850.528343
579.994930
136.242281
196.577071
714.288495
998.445893
823.280373
363.957456
184.899370
646.168571
1263.140455
1658.236015
1915.145443
1475.285362
-474.890753
-2938.885723
-3620.084965
-2880.497217
-2970.026260
-3209.419137
-1850.913221
264.696995
2086.418395
3380.696954
3594.788145
2771.510204
1286.495858
-144.022550
-334.758337
-241.336727
-1311.792678
-2080.574679
-1477.226779
-618.915735
-17.514119
48.659522
-685.089376
-1249.511604
-1175.552830
-912.804551
-338.650904
293.891248
498.251021
856.367194
1677.698851
2179.840006
1753.603909
630.598302
-426.233664
-996.494743
-1198.908232
-1128.842025
-1029.581564
-1109.379189
-1175.552830
-1093.808921
-531.332976
550.800677
856.367194
122.618296
58.390939
681.201674
679.255391
412.614545
251.073010
-262.745846
-692.874510
-585.828915
-204.357340
85.638909
-165.431669
-603.345467
-323.080636
297.783816
523.552707
451.540216
326.978069
330.870636
486.573320
688.986809
856.367194
597.511482
103.155461
161.543967
587.780064
928.379685
996.499609
482.680753
198.523355
780.462135
1163.879994
1364.347199
2072.794411
1889.843757
-321.134352
-3018.683349
-3884.779527
-2936.939440
-2615.802655
-3176.332316
-2127.285484
186.845653
1808.099848
3084.861855
3904.247229
3061.506453
1113.276622
-282.208681
-293.886383
13.626418
-893.341715
-1940.442264
-1566.755823
-671.465391
-144.022550
-15.567836
-624.754586
-1416.891990
-1531.722719
-1089.916354
-272.477264
461.271634
616.974317
906.970566
1693.269119
2140.914335
1732.194790
657.846272
-484.622170
-1087.970070
-1222.263635
-1156.089994
-936.159953
-774.618419
-875.825163
-1144.412293
-941.998804
243.287876
1056.834399
251.073010
-381.469142
358.118606
881.668880
667.577690
439.862515
-31.138104
-609.184317
-724.015047
-404.824545
130.403431
81.746342
-716.229913
-743.477882
194.630788
685.094241
566.370945
387.312859
321.139218
519.660140
751.267882
825.226657
706.503361
179.060519
-163.485385
268.589562
854.420910
1095.760070
996.499609
677.309107
683.147958
1037.371564
1352.669498
1778.905595
1673.806283
-138.183699
-2755.935070
-3865.316692
-3193.848868
-2606.071237
-2685.868862
-2002.723337
-161.539102
1582.330957
2732.584533
3479.957415
3160.766914
1418.843139
-214.088757
-328.919487
7.787567
-605.291750
-1409.106855
-1385.751453
-873.878880
-389.254277
-260.799562
-729.853897
-1372.127468
-1642.660881
-1292.329843
-321.134352
560.532094
790.193553
965.359072
1545.351569
1965.748816
1669.913716
743.482748
-338.650904
-1084.077503
-1282.598425
-1025.688997
-685.089376
-644.217421
-817.436657
-941.998804
-805.758956
-186.840788
363.957456
145.973699
-103.150595
313.354084
735.697614
848.582059
776.569568
297.783816
-297.778950
-644.217421
-760.994434
-439.857649
-171.270519
-474.890753
-437.911365
101.209177
408.721978
652.007421
696.771943
402.883127
435.969947
546.908110
463.217917
593.618915
441.808798
11.680134
190.738220
644.222287
998.445893
1268.979306
881.668880
459.325350
899.185432
1335.152946
1558.975554
1858.703220
801.871254
-2026.078740
-4038.535928
-3581.159294
-2520.434761
-2617.748938
-2430.905718
-759.048151
1049.049265
2430.910583
3637.606383
3472.172281
1654.343448
-17.514119
-332.812054
48.659522
-175.163086
-1062.668384
-1463.602795
-1064.614667
-470.998186
-136.237415
-544.956960
-1473.334212
-1899.570309
-1514.206167
-609.184317
434.023664
986.768191
1033.478996
1298.173559
1862.595788
1922.930578
986.768191
-317.241785
-1058.775817
-1210.585934
-1054.883250
-650.056272
-373.684008
-363.952590
-513.816424
-1054.883250
-1181.391680
-235.497876
128.457147
-387.307993
134.295998
1078.243518
1017.908728
879.722596
850.528343
247.180443
-472.944469
-1074.346085
-1128.842025
-377.576575
-147.915117
-439.857649
-1.943851
511.875006
517.713856
537.176692
463.217917
344.494621
342.548337
272.482129
548.854393
906.970566
535.230408
181.006803
457.379066
821.334090
1062.673250
973.144206
548.854393
513.821289
908.916849
1446.091108
2092.257246
1656.289732
-920.589685
-3806.928186
-4194.238611
-2726.740817
-2210.975677
-2485.401657
-1475.280496
426.238530
1991.050502
3330.093582
3789.416499
2356.951809
132.349714
-751.263016
-54.493506
346.440904
-476.837036
-1290.383559
-1228.102485
-696.767077
-186.840788
-319.188069
-1304.007544
-2142.855753
-1979.367935
-975.085624
336.709487
1150.256009
1150.256009
1185.289113
1751.657625
2051.385292
1383.810035
85.638909
-1060.722100
-1518.098734
-1179.445397
-506.031289
-235.497876
-371.737725
-525.494125
-848.577194
-1050.990683
-533.279259
-60.332357
-258.853279
-151.807684
537.176692
1058.780683
1212.537083
901.131715
219.932474
-330.865770
-766.833285
-926.428536
-541.064393
-286.101249
-377.576575
-186.840788
239.395309
554.693244
661.738839
424.292246
243.287876
365.903740
367.850023
393.151709
597.511482
488.519603
200.469638
258.858145
609.189183
996.499609
1107.437771
910.863133
833.011791
934.218536
1076.297234
1521.996167
1907.360309
807.710105
-2181.781424
-4495.912561
-3828.337305
-2277.149317
-2224.599662
-1950.173681
-301.671517
1140.524592
2166.216021
3333.986149
3355.395268
1477.231645
-544.956960
-778.510986
219.932474
420.399679
-416.502246
-1019.850146
-1052.936966
-825.221791
-562.473512
-784.349837
-1562.863256
-2152.587170
-1872.322340
-531.332976
1093.813786
1685.483985
1352.669498
1270.925589
1527.835017
1434.413407
778.515852
-286.101249
-1278.705858
-1453.871377
-760.994434
-19.460403
159.597684
-216.035041
-807.705239
-1268.974440
-1405.214288
-975.085624
-169.324236
190.738220
270.535846
986.768191
1623.202911
1204.751949
541.069259
42.820671
-722.068763
-1212.532217
-1033.474131
-521.601558
42.820671
138.188565
-29.191820
360.064889
653.953705
288.052398
134.295998
272.482129
227.717608
354.226038
601.404049
607.242900
457.379066
210.201056
245.234160
819.387806
1296.227275
1294.280992
916.701984
511.875006
733.751330
1362.400916
1759.442760
1613.471494
-323.080636
-3614.246114
-4548.462217
-2757.881354
-1936.549697
-2156.479737
-1251.457888
186.845653
1467.500227
2855.200397
3427.407760
2417.286599
416.507112
-963.407923
-395.093127
727.912480
412.614545
-562.473512
-1014.011295
-1076.292369
-710.391062
-537.171826
-1288.437275
-2107.822649
-2177.888857
-1309.846394
412.614545
1660.182299
1504.479615
1095.760070
1282.603290
1440.252258
1058.780683
204.362205
-780.457270
-1257.296739
-829.114358
-13.621552
260.804428
-136.237415
-714.283629
-1191.123098
-1436.354825
-1391.590303
-928.374819
-52.547223
661.738839
1002.338460
1305.958693
1251.462754
657.846272
97.316610
-418.448530
-912.804551
-1006.226161
-778.510986
-167.377952
535.230408
430.131097
-36.976955
-13.621552
35.035537
48.659522
336.709487
398.990560
301.676383
521.606424
819.387806
928.379685
700.664510
251.073010
186.845653
566.370945
957.573938
1146.363442
922.540834
609.189183
796.032404
1354.615782
1998.835636
1463.607660
-1671.855134
-4694.433483
-4104.709568
-2183.727707
-1763.330461
-1350.718349
-270.530980
564.424662
1728.302223
3053.721318
3061.506453
1358.508349
-842.738343
-1253.404172
379.527725
1161.933711
344.494621
-365.898874
-930.321103
-1261.189306
-790.188687
-792.134971
-1775.008162
-2413.389166
-2096.144948
-655.895123
1379.917468
2166.216021
1416.896855
821.334090
963.412789
1103.545204
710.395928
-120.667147
-949.783938
-1204.747083
-511.870140
457.379066
646.168571
-52.547223
-1342.933215
-2370.570928
-1802.256132
-352.274889
212.147340
204.362205
391.205426
766.838150
1426.628273
1500.587048
395.097993
-687.035659
-1191.123098
-1126.895741
-163.485385
579.994930
251.073010
-151.807684
-229.659026
-31.138104
330.870636
23.357835
-470.998186
-70.063775
570.263512
971.197923
1276.764440
967.305356
328.924352
142.081132
291.944965
667.577690
1033.478996
977.036774
739.590181
597.511482
706.503361
1187.235397
1714.678238
1763.335327
60.337223
-3351.497835
-4704.164901
-2800.699592
-1543.400420
-1675.747701
-941.998804
173.221669
1126.900607
2314.133571
2802.650741
2020.244755
175.167952
-1354.610916
-443.750216
1278.710723
1008.177310
72.014924
-449.589067
-1181.391680
-1177.499113
-792.134971
-1516.152450
-2261.579049
-2101.983798
-1241.726470
537.176692
1948.232264
1695.215402
988.714475
780.462135
663.685122
599.457765
340.602054
-367.845158
-764.887001
-435.965082
140.134848
519.660140
278.320980
-749.316733
-1874.268623
-2259.632765
-1619.305478
-256.906995
706.503361
574.156079
558.585811
1249.516470
1317.636394
566.370945
-151.807684
-840.792060
-1126.895741
-576.097497
198.523355
687.040525
451.540216
-385.361709
-467.105618
81.746342
-64.224924
-348.382322
-50.600939
326.978069
819.387806
1286.495858
1117.169189
593.618915
89.531476
-124.559714
348.387188
881.668880
936.164819
922.540834
899.185432
938.111103
1169.718845
1233.946202
1506.425898
1448.037392
-1078.238652
-4381.081832
-4268.197386
-2158.426021
-1562.863256
-1195.015665
101.209177
716.234778
949.788804
1901.521459
2382.253495
1230.053635
-605.291750
-1091.862637
334.763203
1613.471494
1304.012410
295.837532
-801.866389
-1654.338582
-1592.057509
-1339.040648
-1650.446015
-1926.818279
-1702.995671
-531.332976
1397.434020
2140.914335
1212.537083
404.829411
229.663891
260.804428
572.209796
533.284125
-188.787071
-476.837036
23.357835
455.432783
441.808798
-169.324236
-1506.421033
-2502.918209
-1882.053757
-484.622170
97.316610
159.597684
583.887497
1047.102981
1099.652637
809.656389
147.919982
-609.184317
-834.953209
-398.985694
272.482129
554.693244
177.114236
-268.584697
-317.241785
-243.283011
-254.960712
-278.316114
-210.196190
171.275385
776.569568
1103.545204
1045.156698
745.429031
286.106114
140.134848
455.432783
663.685122
753.214166
967.305356
980.929341
868.044895
866.098611
751.267882
1136.632024
1954.071114
646.168571
-2929.154306
-4577.656470
-3073.179288
-1576.487240
-1041.259265
-328.919487
138.188565
334.763203
1253.409037
2298.563302
1981.319084
223.825041
-1167.767695
-375.630292
1418.843139
1819.777550
924.487118
-330.865770
-1580.379808
-1885.946324
-1321.524096
-1208.639650
-1630.983180
-1922.925712
-1331.255513
498.251021
1839.240385
1407.165438
587.780064
144.027415
-99.258028
457.379066
1072.404667
579.994930
-134.291132
-247.175578
105.101744
544.961826
58.390939
-1360.449767
-2356.946943
-2298.558436
-1049.044399
714.288495
1130.793174
270.535846
-79.795193
266.643279
593.618915
517.713856
-140.129983
-622.808302
-369.791441
192.684504
786.300986
797.978687
-192.679638
-1035.420414
-860.254895
-165.431669
274.428413
165.436534
112.886879
498.251021
760.999300
881.668880
881.668880
321.139218
-101.204312
272.482129
803.817538
1068.512100
1025.693862
751.267882
667.577690
638.383436
618.920601
1060.726966
1660.182299
1350.723215
-840.792060
-3594.783279
-3688.204889
-1827.557818
-1304.007544
-1124.949457
0.002433
282.213547
365.903740
1490.855630
1815.884982
747.375315
-391.200560
-603.345467
708.449644
1965.748816
1442.198541
295.837532
-683.143092
-1603.735210
-1611.520344
-1247.565321
-1500.582182
-1609.574061
-1309.846394
-535.225543
924.487118
1502.533331
622.813168
-27.245537
-44.762089
190.738220
848.582059
1080.189802
435.969947
-9.728985
77.853775
134.295998
-54.493506
-698.713361
-1798.363565
-2284.934452
-1185.284247
459.325350
862.206044
219.932474
-188.787071
-124.559714
130.403431
346.440904
235.502742
-52.547223
-138.183699
142.081132
667.577690
665.631406
-208.249907
-940.052520
-823.275508
-262.745846
241.341593
291.944965
77.853775
212.147340
519.660140
681.201674
794.086120
570.263512
124.564580
276.374697
873.883746
1158.041143
1043.210414
646.168571
260.804428
358.118606
724.019912
959.520222
1393.541453
1884.004907
727.912480
-2372.517211
-4133.903821
-2864.926949
-1333.201797
-883.610298
-202.411056
231.610175
72.014924
611.135467
1370.186050
1086.028652
97.316610
-665.626540
-144.022550
1449.983676
2123.397783
1255.355321
-157.646534
-1461.656511
-1967.690233
-1588.164942
-1228.102485
-1056.829533
-949.783938
-854.416044
-118.720864
881.668880
875.830029
128.457147
-319.188069
-128.452281
605.296616
1228.107351
1068.512100
445.701365
31.142970
-165.431669
-422.341097
-581.936348
-782.403553
-1440.247392
-1510.313600
-260.799562
581.941213
254.965578
46.713238
-77.848909
-443.750216
-280.262398
196.577071
410.668261
474.895618
225.771324
73.961208
424.292246
352.279755
-307.510368
-677.304242
-638.378571
-288.047532
219.932474
434.023664
457.379066
402.883127
214.093623
385.366575
764.891867
628.652019
348.387188
496.304737
803.817538
1041.264131
1084.082369
704.557077
202.415922
140.134848
523.552707
1222.268501
2072.794411
1413.004288
-1763.330461
-4174.775776
-3051.770169
-1082.131219
-513.816424
-177.109370
-91.472894
-432.072515
163.490251
1235.892485
1243.677620
167.382818
-868.040029
-299.725233
1609.578926
2460.104837
1555.082987
-85.634043
-1673.801418
-2090.306097
-1288.437275
-655.895123
-591.667766
-957.569072
-1268.974440
-389.254277
854.420910
690.933092
-212.142474
-622.808302
-383.415426
572.209796
1520.049883
1385.756318
435.969947
-305.564084
-321.134352
81.746342
46.713238
-776.564702
-1615.412911
-1407.160572
-225.766459
603.350332
437.916231
-276.369831
-932.267386
-714.283629
167.382818
519.660140
410.668261
258.858145
7.787567
276.374697
675.362824
155.705117
-434.018798
-519.655274
-507.977573
44.766954
564.424662
192.684504
-60.332357
64.229790
85.638909
500.197304
848.582059
613.081750
599.457765
708.449644
646.168571
792.139837
675.362824
311.407800
365.903740
515.767573
665.631406
1062.673250
1537.566435
1656.289732
-216.035041
-3499.415385
-3873.101826
-1323.470379
-132.344848
-198.518489
48.659522
-358.113740
-605.291750
352.279755
957.573938
480.734469
-245.229294
-233.551593
1047.102981
2214.873110
1796.422147
262.750712
-1399.375438
-1977.421651
-1159.982561
-449.589067
-313.349218
-402.878261
-1052.936966
-1124.949457
0.002433
373.688874
-282.208681
-469.051902
-134.291132
424.292246
1171.665128
1405.219154
751.267882
-225.766459
-583.882631
-256.906995
-268.584697
-620.862019
-525.494125
-258.853279
-17.514119
101.209177
-352.274889
-714.283629
-546.903244
-480.729603
-258.853279
245.234160
328.924352
319.192935
511.875006
305.568950
-171.270519
-397.039411
-266.638413
144.027415
344.494621
200.469638
105.101744
-46.708372
-79.795193
276.374697
416.507112
280.267264
391.205426
519.660140
537.176692
663.685122
702.610793
687.040525
727.912480
636.437153
581.941213
562.478378
385.366575
527.445274
1305.958693
1831.455251
363.957456
-2637.211774
-3590.890712
-1664.070000
-268.584697
-219.927608
-58.386074
-453.481634
-953.676505
-21.406686
932.272252
659.792555
-11.675268
-348.382322
492.412170
1893.736324
1771.120461
449.593932
-743.477882
-1640.714597
-1434.408541
-352.274889
-52.547223
-410.663396
-836.899492
-1124.949457
-500.192439
153.758833
-243.283011
-437.911365
-140.129983
79.800058
885.561447
1521.996167
757.106733
-235.497876
-437.911365
-311.402935
-165.431669
-120.667147
-206.303623
-319.188069
-365.898874
-134.291132
25.304119
-299.725233
-665.626540
-729.853897
-377.576575
344.494621
618.920601
254.965578
-81.741476
-221.873892
-73.956342
254.965578
274.428413
130.403431
-29.191820
-175.163086
140.134848
371.742590
11.680134
-35.030671
297.783816
420.399679
611.135467
667.577690
328.924352
311.407800
618.920601
811.602672
914.755700
650.061138
258.858145
332.816919
451.540216
488.519603
1130.793174
1813.938699
677.309107
-2164.264872
-3433.241744
-1677.693985
21.411552
-7.782701
-239.390443
-537.171826
-959.515356
-321.134352
642.276003
593.618915
-36.976955
-410.663396
356.172322
1829.508967
1878.166056
398.990560
-941.998804
-1518.098734
-1023.742713
29.196686
210.201056
-375.630292
-990.655893
-1228.102485
-515.762707
155.705117
-206.303623
-472.944469
-307.510368
-48.654656
786.300986
1241.731336
441.808798
-360.060023
-502.138722
-64.224924
535.230408
173.221669
-509.923857
-408.717112
-299.725233
-140.129983
202.415922
-239.390443
-751.263016
-554.688378
-315.295502
97.316610
373.688874
-77.848909
-253.014428
58.390939
274.428413
453.486499
103.155461
-336.704621
-33.084387
87.585192
52.552089
365.903740
103.155461
-142.076266
356.172322
533.284125
576.102363
646.168571
169.329101
177.114236
731.805047
751.267882
766.838150
735.697614
323.085502
348.387188
472.949335
362.011173
889.454014
1617.364061
1146.363442
-1066.560951
-3228.881972
-2430.905718
-64.224924
506.036155
15.572701
-463.213051
-1274.813291
-1105.486622
147.919982
768.784434
455.432783
-301.671517
-142.076266
1393.541453
1827.562684
667.577690
-414.555963
-1393.536587
-1342.933215
138.188565
663.685122
54.498372
-546.903244
-1358.503483
-1171.660263
-77.848909
-134.291132
-362.006307
0.002433
-235.497876
11.680134
823.280373
461.271634
-108.989446
-229.659026
-470.998186
112.886879
825.226657
216.039907
-449.589067
-467.105618
-299.725233
112.886879
27.250403
-455.427917
-365.898874
-389.254277
-437.911365
190.738220
253.019294
-291.940099
-186.840788
66.176073
167.382818
381.474008
173.221669
-167.377952
-107.043162
11.680134
243.287876
434.023664
243.287876
153.758833
280.267264
393.151709
568.317229
531.337841
280.267264
293.891248
560.532094
803.817538
823.280373
581.941213
258.858145
52.552089
270.535846
922.540834
1502.533331
1395.487736
-377.576575
-2923.315455
-2861.034382
-375.630292
883.615163
420.399679
-550.795811
-1650.446015
-1393.536587
167.382818
834.958075
443.755082
-118.720864
-278.316114
747.375315
1720.517089
1019.855012
-389.254277
-1305.953827
-1121.056890
210.201056
978.983057
289.998681
-809.651523
-1545.346704
-1185.284247
-7.782701
216.039907
-262.745846
-330.865770
-408.717112
-73.956342
661.738839
426.238530
-149.861400
-186.840788
-258.853279
138.188565
655.899988
-5.836418
-476.837036
-52.547223
0.002433
66.176073
64.229790
-544.956960
-406.770829
56.444656
-338.650904
-352.274889
-108.989446
-313.349218
120.672013
496.304737
-81.741476
-334.758337
-165.431669
33.089253
480.734469
397.044276
-23.352970
97.316610
216.039907
334.763203
591.672631
352.279755
161.543967
363.957456
393.151709
572.209796
762.945583
523.552707
457.379066
541.069259
383.420292
356.172322
474.895618
597.511482
992.607042
1358.508349
328.924352
-2210.975677
-3086.803273
-864.147462
957.573938
595.565198
-328.919487
-1368.234901
-1660.177433
-346.436039
657.846272
556.639527
237.449026
-182.948221
260.804428
1309.851260
945.896237
-223.820175
-836.899492
-864.147462
110.940595
908.916849
208.254772
-593.614049
-1039.312981
-1298.168693
-476.837036
214.093623
-192.679638
-289.993816
-239.390443
-369.791441
231.610175
467.110484
-167.377952
-157.646534
72.014924
44.766954
447.647649
363.957456
-391.200560
-430.126231
-72.010058
83.692625
256.911861
15.572701
-418.448530
-428.179948
-428.179948
-323.080636
103.155461
60.337223
-284.154965
-188.787071
-48.654656
-3.890134
188.791937
110.940595
-175.163086
-44.762089
340.602054
490.465887
389.259142
149.866266
27.250403
270.535846
554.693244
541.069259
424.292246
365.903740
471.003051
743.482748
749.321599
447.647649
212.147340
103.155461
342.548337
858.313477
1097.706353
1228.107351
581.941213
-1784.739580
-3121.836377
-1136.627159
988.714475
854.420910
-142.076266
-1212.532217
-1697.156820
-729.853897
410.668261
624.759452
297.783816
-225.766459
-3.890134
1049.049265
1167.772561
97.316610
-836.899492
-908.911984
62.283506
1002.338460
628.652019
-387.307993
-1230.048769
-1531.722719
-595.560333
428.184813
103.155461
-363.952590
-402.878261
-552.742095
-19.460403
574.156079
-48.654656
-455.427917
-66.171208
38.928104
395.097993
597.511482
-340.597188
-731.800181
-21.406686
352.279755
445.701365
251.073010
-412.609679
-578.043781
-369.791441
-233.551593
118.725729
44.766954
-348.382322
-212.142474
-128.452281
-120.667147
167.382818
-13.621552
-256.906995
122.618296
410.668261
424.292246
309.461517
15.572701
93.424043
439.862515
552.746960
578.048646
441.808798
291.944965
492.412170
661.738839
653.953705
579.994930
289.998681
186.845653
434.023664
578.048646
784.354702
1218.375933
675.362824
-1580.379808
-3049.823886
-1317.631529
1091.867503
1111.330338
-145.968833
-1370.181184
-1996.884487
-869.986313
741.536464
879.722596
247.180443
-247.175578
-188.787071
739.590181
1173.611412
293.891248
-725.961330
-903.073133
48.659522
1035.425280
624.759452
-410.663396
-1152.197427
-1461.656511
-581.936348
457.379066
145.973699
-373.684008
-587.775198
-784.349837
-60.332357
669.523973
108.994311
-465.159335
-387.307993
-21.406686
562.478378
432.077380
-251.068145
-233.551593
-56.439790
33.089253
441.808798
272.482129
-243.283011
-288.047532
-393.146844
-254.960712
210.201056
35.035537
-231.605309
-229.659026
-474.890753
-227.712742
305.568950
157.651400
-31.138104
-66.171208
-75.902625
397.044276
618.920601
299.730099
235.502742
147.919982
171.275385
657.846272
646.168571
348.387188
474.895618
430.131097
490.465887
831.065508
523.552707
29.196686
198.523355
593.618915
1031.532713
1358.508349
344.494621
-2039.702725
-2915.530321
-760.994434
1305.958693
971.197923
-336.704621
-1582.326091
-1954.066249
-502.138722
866.098611
729.858763
177.114236
-371.737725
-239.390443
905.024282
1021.801295
-91.472894
-673.411674
-613.076885
175.167952
1130.793174
492.412170
-912.804551
-1300.114977
-831.060642
-58.386074
247.180443
-233.551593
-548.849527
-521.601558
-367.845158
81.746342
200.469638
-163.485385
-323.080636
-194.625922
231.610175
486.573320
40.874387
-184.894504
9.733851
-103.150595
-7.782701
313.354084
210.201056
108.994311
-97.311745
-636.432287
-544.956960
35.035537
173.221669
27.250403
-274.423547
-587.775198
-344.489755
169.329101
371.742590
216.039907
-91.472894
-73.956342
325.031785
560.532094
476.841902
169.329101
5.841283
336.709487
642.276003
599.457765
566.370945
400.936844
184.899370
476.841902
770.730718
525.498991
233.556459
182.953086
434.023664
1012.069877
1325.421529
328.924352
-1922.925712
-2833.786412
-774.618419
1348.776931
1078.243518
-270.530980
-1560.916972
-2028.025023
-683.143092
908.916849
971.197923
198.523355
-484.622170
-301.671517
764.891867
934.218536
-33.084387
-655.895123
-585.828915
221.878757
1084.082369
546.908110
-764.887001
-1401.321721
-1070.453518
52.552089
626.705735
-108.989446
-690.928226
-729.853897
-564.419796
116.779446
284.159831
-233.551593
-157.646534
-130.398565
-225.766459
395.097993
363.957456
-268.584697
-62.278641
19.465268
-29.191820
439.862515
188.791937
-212.142474
19.465268
-362.006307
-453.481634
346.440904
206.308489
-305.564084
-330.865770
-720.122480
-470.998186
451.540216
358.118606
23.357835
77.853775
-77.848909
219.932474
613.081750
291.944965
177.114236
313.354084
321.139218
605.296616
620.866884
260.804428
330.870636
539.122975
611.135467
657.846272
319.192935
27.250403
249.126727
494.358454
848.582059
1257.301604
383.420292
-1792.524714
-2606.071237
-706.498495
1280.657007
1006.231027
-426.233664
-1504.474749
-1683.532836
-546.903244
838.850642
831.065508
-95.365461
-523.547841
-36.976955
731.805047
772.677001
-9.728985
-714.283629
-585.828915
381.474008
971.197923
282.213547
-679.250525
-1134.680875
-1037.366698
-42.815805
675.362824
50.605805
-589.721482
-799.920105
-796.027538
11.680134
321.139218
-373.684008
-245.229294
184.899370
64.229790
377.581441
239.395309
-467.105618
-99.258028
243.287876
25.304119
428.184813
410.668261
-179.055653
-315.295502
-552.742095
-350.328606
418.453396
256.911861
-214.088757
-408.717112
-759.048151
-282.208681
486.573320
278.320980
48.659522
-58.386074
-153.753967
414.560828
628.652019
196.577071
149.866266
124.564580
249.126727
801.871254
704.557077
233.556459
210.201056
309.461517
603.350332
821.334090
432.077380
17.518985
95.370327
640.329720
1148.309726
953.681371
-73.956342
-1804.202415
-2364.732077
-212.142474
1512.264749
521.606424
-737.639032
-1329.309230
-1518.098734
-342.543471
819.387806
507.982439
-151.807684
-362.006307
132.349714
860.259761
474.895618
-408.717112
-533.279259
-169.324236
482.680753
724.019912
-52.547223
-757.101867
-957.569072
-692.874510
293.891248
531.337841
-363.952590
-636.432287
-519.655274
-587.775198
-147.915117
42.820671
-264.692130
-108.989446
7.787567
58.390939
490.465887
142.081132
-576.097497
-140.129983
391.205426
319.192935
406.775694
124.564580
-488.514738
-451.535350
-87.580327
212.147340
303.622666
-120.667147
-531.332976
-504.085006
-272.477264
81.746342
266.643279
83.692625
-145.968833
-107.043162
210.201056
430.131097
295.837532
120.672013
97.316610
247.180443
593.618915
759.053016
560.532094
221.878757
72.014924
410.668261
819.387806
710.395928
289.998681
-70.063775
89.531476
825.226657
1253.409037
875.830029
-603.345467
-2462.046254
-1765.276744
905.024282
1385.756318
3.895000
-1037.366698
-1790.578431
-1179.445397
511.875006
799.924971
122.618296
-264.692130
-344.489755
393.151709
930.325968
159.597684
-546.903244
-457.374201
93.424043
729.858763
439.862515
-492.407305
-932.267386
-825.221791
-99.258028
515.767573
17.518985
-546.903244
-634.486004
-607.238034
-140.129983
-144.022550
-745.424166
-198.518489
725.966196
506.036155
23.357835
-330.865770
-593.614049
17.518985
753.214166
572.209796
132.349714
-262.745846
-554.688378
-184.894504
249.126727
120.672013
23.357835
-64.224924
-367.845158
-348.382322
-124.559714
-110.935729
-35.030671
77.853775
58.390939
58.390939
36.981820
73.961208
227.717608
243.287876
254.965578
377.581441
395.097993
465.164201
578.048646
480.734469
328.924352
227.717608
315.300368
665.631406
562.478378
44.766954
70.068641
467.110484
790.193553
1078.243518
315.300368
-1671.855134
-2181.781424
-165.431669
1401.326587
764.891867
-687.035659
-1730.243641
-1549.239271
-56.439790
957.573938
599.457765
-210.196190
-667.572824
-105.096879
957.573938
759.053016
-344.489755
-696.767077
-235.497876
430.131097
636.437153
-48.654656
-879.717730
-1004.279878
-358.113740
451.540216
402.883127
-367.845158
-868.040029
-782.403553
-179.055653
136.242281
-319.188069
-360.060023
112.886879
221.878757
303.622666
79.800058
-414.555963
9.733851
523.552707
223.825041
159.597684
101.209177
-422.341097
-373.684008
79.800058
114.833162
70.068641
-25.299253
-295.832666
-393.146844
-291.940099
-42.815805
227.717608
190.738220
-21.406686
-157.646534
-138.183699
126.510863
381.474008
379.527725
286.106114
212.147340
237.449026
430.131097
550.800677
535.230408
519.660140
434.023664
332.816919
350.333471
274.428413
85.638909
136.242281
410.668261
790.193553
1076.297234
297.783816
-1451.925093
-1915.140578
-305.564084
1161.933711
891.400297
-465.159335
-1558.970688
-1459.710228
-323.080636
706.503361
636.437153
-221.873892
-543.010677
93.424043
661.738839
469.056768
-118.720864
-521.601558
-371.737725
299.730099
737.643897
132.349714
-971.193057
-1138.573442
-340.597188
330.870636
453.486499
-75.902625
-844.684627
-772.672135
-155.700251
-52.547223
-153.753967
-177.109370
-212.142474
177.114236
432.077380
-36.976955
-286.101249
-48.654656
163.490251
521.606424
513.821289
-235.497876
-527.440408
-136.237415
95.370327
179.060519
66.176073
-245.229294
-291.940099
-227.712742
-107.043162
194.630788
85.638909
-249.121861
-75.902625
124.564580
50.605805
72.014924
140.134848
247.180443
295.837532
214.093623
336.709487
447.647649
326.978069
385.366575
548.854393
519.660140
430.131097
270.535846
75.907491
99.262894
344.494621
597.511482
743.482748
620.866884
-315.295502
-1599.842643
-1195.015665
628.652019
1146.363442
165.436534
-854.416044
-1483.065630
-1035.420414
177.114236
611.135467
291.944965
-278.316114
-616.969452
151.812550
864.152328
249.126727
-391.200560
-260.799562
58.390939
352.279755
295.837532
-254.960712
-778.510986
-747.370449
-101.204312
303.622666
-33.084387
-348.382322
-459.320484
-511.870140
-204.357340
-105.096879
-253.014428
48.659522
95.370327
-184.894504
58.390939
87.585192
-223.820175
91.477760
387.312859
282.213547
225.771324
-167.377952
-453.481634
15.572701
280.267264
103.155461
-5.836418
-289.993816
-352.274889
-11.675268
-11.675268
-46.708372
130.403431
-60.332357
-204.357340
-54.493506
0.002433
208.254772
375.635157
241.341593
256.911861
235.502742
107.048028
352.279755
552.746960
488.519603
579.994930
543.015543
336.709487
241.341593
27.250403
-7.782701
410.668261
729.858763
712.342211
249.126727
-912.804551
-1617.359195
-564.419796
975.090490
1033.478996
-149.861400
-1226.156202
-1333.201797
-375.630292
500.197304
422.345963
1.948716
-422.341097
-535.225543
305.568950
794.086120
-7.782701
-435.965082
-93.419177
167.382818
432.077380
85.638909
-712.337345
-665.626540
-309.456651
-95.365461
270.535846
-13.621552
-620.862019
-535.225543
-295.832666
-110.935729
79.800058
-130.398565
-212.142474
1.948716
62.283506
110.940595
-89.526610
-340.597188
60.337223
414.560828
282.213547
114.833162
-221.873892
-270.530980
184.899370
231.610175
-1.943851
-188.787071
-451.535350
-200.464773
282.213547
151.812550
-87.580327
-136.237415
-210.196190
-15.567836
212.147340
171.275385
204.362205
184.899370
116.779446
305.568950
379.527725
214.093623
247.180443
414.560828
521.606424
558.585811
404.829411
229.663891
192.684504
206.308489
330.870636
480.734469
484.627036
342.548337
-328.919487
-1237.833903
-799.920105
618.920601
811.602672
-112.882013
-747.370449
-953.676505
-560.527229
212.147340
360.064889
54.498372
-253.014428
-509.923857
-46.708372
609.189183
247.180443
-321.134352
-239.390443
46.713238
354.226038
297.783816
-358.113740
-735.692748
-408.717112
64.229790
149.866266
-245.229294
-605.291750
-529.386692
-217.981324
79.800058
48.659522
-325.026920
-350.328606
40.874387
254.965578
157.651400
-173.216803
-375.630292
0.002433
453.486499
385.366575
-42.815805
-414.555963
-286.101249
249.126727
482.680753
219.932474
-282.208681
-638.378571
-323.080636
288.052398
315.300368
-27.245537
-212.142474
-210.196190
-29.191820
85.638909
13.626418
91.477760
307.515233
381.474008
342.548337
206.308489
42.820671
173.221669
471.003051
591.672631
537.176692
328.924352
72.014924
118.725729
400.936844
504.089872
451.540216
297.783816
62.283506
-7.782701
-371.737725
-943.945088
-346.436039
650.061138
328.924352
-354.221173
-665.626540
-871.932596
-225.766459
517.713856
237.449026
-101.204312
-297.778950
-412.609679
237.449026
574.156079
-58.386074
-360.060023
-163.485385
99.262894
375.635157
128.457147
-402.878261
-601.399183
-412.609679
147.919982
280.267264
-297.778950
-628.647153
-599.452900
-293.886383
208.254772
52.552089
-268.584697
-72.010058
-108.989446
-89.526610
206.308489
-31.138104
-163.485385
173.221669
126.510863
-56.439790
-89.526610
-132.344848
120.672013
270.535846
5.841283
-101.204312
-108.989446
-190.733355
-21.406686
177.114236
62.283506
-192.679638
-223.820175
9.733851
68.122357
-15.567836
85.638909
198.523355
251.073010
278.320980
182.953086
173.221669
262.750712
352.279755
484.627036
435.969947
284.159831
291.944965
198.523355
120.672013
284.159831
393.151709
461.271634
439.862515
101.209177
-266.638413
-644.217421
-743.477882
52.552089
630.598302
36.981820
-560.527229
-694.820794
-546.903244
140.134848
447.647649
-35.030671
-256.906995
-126.505998
60.337223
313.354084
79.800058
-363.952590
-278.316114
73.961208
307.515233
206.308489
-233.551593
-506.031289
-426.233664
-89.526610
256.911861
5.841283
-474.890753
-504.085006
-400.931978
-181.001937
60.337223
-196.572205
-284.154965
107.048028
107.048028
-83.687760
-46.708372
-62.278641
85.638909
196.577071
-79.795193
-153.753967
23.357835
27.250403
40.874387
40.874387
-87.580327
-144.022550
-107.043162
91.477760
266.643279
11.680134
-313.349218
-231.605309
17.518985
202.415922
184.899370
-11.675268
11.680134
214.093623
254.965578
270.535846
288.052398
208.254772
243.287876
363.957456
377.581441
362.011173
317.246651
186.845653
114.833162
157.651400
214.093623
338.655770
441.808798
241.341593
-17.514119
-140.129983
-443.750216
-494.353588
60.337223
332.816919
7.787567
-389.254277
-665.626540
-408.717112
219.932474
241.341593
-11.675268
-21.406686
-169.324236
-73.956342
256.911861
13.626418
-247.175578
-75.902625
-46.708372
25.304119
140.134848
-186.840788
-445.696499
-256.906995
-40.869522
25.304119
-112.882013
-377.576575
-410.663396
-216.035041
-95.365461
-175.163086
-210.196190
-85.634043
-25.299253
23.357835
44.766954
-120.667147
-48.654656
229.663891
97.316610
-136.237415
-44.762089
0.002433
-5.836418
52.552089
-66.171208
-202.411056
-181.001937
-66.171208
196.577071
291.944965
-64.224924
-325.026920
-138.183699
81.746342
145.973699
149.866266
97.316610
93.424043
188.791937
231.610175
188.791937
202.415922
237.449026
293.891248
422.345963
395.097993
221.878757
145.973699
122.618296
173.221669
311.407800
293.891248
190.738220
192.684504
182.953086
142.081132
-21.406686
-358.113740
-418.448530
-46.708372
239.395309
108.994311
-311.402935
-646.163705
-424.287380
144.027415
356.172322
167.382818
-91.472894
-231.605309
-130.398565
97.316610
179.060519
21.411552
-214.088757
-241.336727
-35.030671
56.444656
-70.063775
-303.617801
-398.985694
-103.150595
155.705117
-46.708372
-299.725233
-395.093127
-416.502246
-163.485385
64.229790
-54.493506
-101.204312
-89.526610
-186.840788
-56.439790
149.866266
81.746342
-36.976955
-38.923238
5.841283
44.766954
-15.567836
-95.365461
-101.204312
-81.741476
-56.439790
-36.976955
-21.406686
-13.621552
-25.299253
21.411552
40.874387
-19.460403
-9.728985
27.250403
54.498372
163.490251
216.039907
182.953086
202.415922
182.953086
163.490251
270.535846
336.709487
321.139218
301.676383
235.502742
140.134848
73.961208
105.101744
278.320980
408.721978
288.052398
40.874387
-77.848909
25.304119
153.758833
70.068641
-159.592818
-245.229294
-124.559714
-25.299253
-91.472894
-202.411056
-264.692130
-204.357340
44.766954
175.167952
54.498372
-54.493506
-105.096879
-40.869522
132.349714
73.961208
-153.753967
-190.733355
-173.216803
-132.344848
25.304119
-89.526610
-375.630292
-237.444160
36.981820
25.304119
-128.452281
-352.274889
-398.985694
-140.129983
-15.567836
-132.344848
-182.948221
-114.828296
-19.460403
64.229790
58.390939
-87.580327
-210.196190
-44.762089
221.878757
249.126727
29.196686
-297.778950
-369.791441
-27.245537
188.791937
58.390939
-73.956342
-184.894504
-140.129983
153.758833
198.523355
-38.923238
-122.613431
-15.567836
198.523355
338.655770
149.866266
-31.138104
97.316610
284.159831
352.279755
321.139218
253.019294
190.738220
147.919982
188.791937
251.073010
208.254772
132.349714
142.081132
212.147340
212.147340
97.316610
-3.890134
23.357835
128.457147
126.510863
-21.406686
-132.344848
-138.183699
-132.344848
-95.365461
-107.043162
-159.592818
-110.935729
-44.762089
17.518985
56.444656
-73.956342
-85.634043
73.961208
17.518985
-54.493506
-52.547223
-229.659026
-142.076266
108.994311
-91.472894
-286.101249
-223.820175
-202.411056
15.572701
124.564580
-221.873892
-381.469142
-266.638413
-198.518489
-46.708372
15.572701
-149.861400
-231.605309
-188.787071
-91.472894
35.035537
27.250403
-31.138104
25.304119
42.820671
-48.654656
-81.741476
-48.654656
-62.278641
-33.084387
40.874387
-5.836418
-116.774580
-93.419177
-5.836418
31.142970
35.035537
3.895000
7.787567
107.048028
188.791937
192.684504
138.188565
114.833162
202.415922
276.374697
233.556459
171.275385
147.919982
169.329101
221.878757
208.254772
147.919982
93.424043
89.531476
231.610175
346.440904
181.006803
-68.117491
-89.526610
73.961208
225.771324
204.362205
44.766954
-73.956342
