194.294201
-234.601957
-112.650760
142.619965
60.974673
-45.474253
-26.871529
144.686935
-171.559389
-199.463477
184.992839
99.213607
89.912245
-78.545765
-202.563931
-24.804559
152.954813
65.108612
-166.391966
33.070585
60.974673
-69.244402
-15.503197
41.338463
3.099528
-104.382883
-3.101380
-22.737590
284.207372
47.539371
-518.810255
90.945730
236.667075
-9.302288
-78.545765
-33.072437
110.581939
-87.847127
-7.235319
-31.005467
-44.440769
171.557538
-104.382883
-40.306830
88.878760
20.668769
-29.971983
-179.827267
240.801014
-47.541223
-151.923180
263.537678
-75.445310
-37.206376
-32.038952
24.802707
107.481485
-0.000926
7.233467
-203.597416
222.198289
258.370254
-295.577556
-142.621817
76.476943
372.053573
81.644367
-391.691635
14.467860
138.486027
115.749363
56.840734
-192.229084
52.706795
210.829957
-68.210917
-133.320455
106.448000
97.146638
-84.746673
57.874218
-49.608192
-78.545765
219.097835
10.333921
-94.048035
-172.592874
32.037100
345.182971
-34.105922
-187.061660
-62.010009
99.213607
-15.503197
-3.101380
-12.402742
156.055267
118.849817
-349.318761
145.720420
81.644367
111.615424
16.534830
-291.443617
227.365713
75.443459
138.486027
-68.210917
-74.411826
183.959354
28.936646
179.825415
-144.688787
110.581939
144.686935
-161.224542
225.298743
71.309520
35.137555
131.251634
84.744821
25.836192
4.133013
94.046184
1.032559
130.218149
118.849817
42.371948
16.534830
-13.436227
134.352088
145.720420
-55.809101
-120.918638
40.304978
243.901468
101.280577
-128.153031
-4.134865
-90.947581
174.657992
112.648909
-317.280735
76.476943
99.213607
21.702253
83.711336
-176.726813
-160.191057
74.409974
175.691477
-110.583791
-190.162114
26.869677
68.209066
42.371948
-112.650760
-111.617276
25.836192
96.113153
71.309520
-137.454394
-209.798324
138.486027
122.983756
-129.186516
40.304978
-24.804559
90.945730
89.912245
-161.224542
86.811791
76.476943
-32.038952
10.333921
114.715878
87.845275
-96.115005
78.543913
172.591022
22.735738
-46.507738
-20.670620
300.743128
161.222690
-205.664385
201.528595
33.070585
-101.282428
159.155721
25.836192
183.959354
167.423599
-62.010009
-116.784699
66.142096
204.629049
-157.090603
-25.838044
336.915093
-0.000926
-330.716036
-94.048035
416.493416
-40.306830
-187.061660
24.802707
-231.501503
67.175581
153.988297
-99.215459
-263.539529
-43.407284
13.434376
-21.704105
41.338463
-208.764839
-152.956664
77.510428
20.668769
-313.146796
-149.856210
263.537678
29.970131
-84.746673
-183.961206
-199.463477
148.820874
177.758446
-53.742131
-195.329538
51.673310
98.180123
-5.168349
99.213607
-37.206376
-17.570166
170.524053
83.711336
-9.302288
-9.302288
-21.704105
122.983756
207.729503
72.343005
-22.737590
-103.349398
93.012699
87.845275
-23.771074
-15.503197
-133.320455
118.849817
182.925870
-90.947581
-267.673468
-173.626359
6.199982
47.539371
-180.860752
-247.003774
-127.119546
-41.340315
-165.358481
-244.936804
-114.717730
-290.410132
-89.914096
-319.347704
-289.376647
-13.436227
-330.716036
-26.871529
-320.381189
-394.792089
-16.536681
-173.626359
6.199982
-195.329538
-416.495268
-230.468018
171.557538
152.954813
-146.755756
-110.583791
-217.032717
80.610882
208.762988
78.543913
-137.454394
95.079668
459.899774
87.845275
50.639825
135.385572
255.269800
183.959354
207.729503
454.732351
314.178429
172.591022
181.892385
329.680700
405.125084
362.752211
227.365713
141.586481
332.781154
465.067198
221.164804
150.887843
418.560386
286.274342
114.715878
138.486027
181.892385
303.843582
137.452542
-91.981066
133.318603
450.598412
114.715878
-129.186516
-115.751214
-21.704105
162.256175
-58.909555
-40.306830
-110.583791
-140.554848
95.079668
-155.023634
-161.224542
-137.454394
-262.506045
-11.369258
-248.037259
-376.189364
-131.253485
-121.952123
-38.239860
-233.568472
-328.649067
-152.956664
-184.994691
-320.381189
-225.300595
-136.420909
-232.534988
-184.994691
-76.478795
-195.329538
-197.396507
-68.210917
-240.802866
-148.822725
-133.320455
-222.200141
-96.115005
-88.880612
-31.005467
-66.143948
-33.072437
-5.168349
-122.985607
-87.847127
-175.693328
-86.813642
165.356629
36.171039
18.601799
-2.067895
-41.340315
52.706795
67.175581
-27.905013
-77.512280
181.892385
49.606341
-144.688787
187.059808
213.930411
4.133013
-10.335773
138.486027
54.773764
-18.603651
161.222690
-51.675162
80.610882
198.428140
-14.469712
208.762988
12.400891
-74.411826
149.854359
24.802707
-13.436227
64.075127
143.653450
-118.851669
23.769223
238.734044
-68.210917
31.003616
-138.487878
34.104070
232.533136
-210.831809
-116.784699
56.840734
115.749363
-32.038952
-178.793782
-108.516821
56.840734
98.180123
-102.315913
-118.851669
-137.454394
-48.574708
-76.478795
-177.760298
90.945730
105.414516
-260.439075
-302.811949
1.032559
167.423599
-155.023634
-368.954971
-49.608192
161.222690
-31.005467
-437.164962
-156.057119
196.361171
-89.914096
-171.559389
-130.220001
-22.737590
-131.253485
-272.840892
-45.474253
12.400891
-35.139406
-70.277887
-33.072437
-82.679703
-199.463477
-160.191057
-22.737590
158.122236
-117.818184
-170.525905
101.280577
-54.775616
-10.335773
-29.971983
-86.813642
60.974673
-36.172891
-97.148489
12.400891
71.309520
19.635284
-70.277887
2.066044
170.524053
3.099528
-35.139406
-20.670620
-22.737590
66.142096
37.204524
169.490568
70.276035
12.400891
-23.771074
-76.478795
132.285118
97.146638
-8.268804
2.066044
99.213607
139.519511
-1.034411
105.414516
88.878760
-49.608192
89.912245
50.639825
104.381031
21.702253
-31.005467
187.059808
-12.402742
69.242550
58.907703
-69.244402
181.892385
14.467860
31.003616
-24.804559
-38.239860
182.925870
-46.507738
173.624507
40.304978
-72.344856
189.126778
-76.478795
-26.871529
-51.675162
113.682393
98.180123
-80.612734
191.193747
-16.536681
-130.220001
47.539371
120.916786
-3.101380
-60.976524
122.983756
-74.411826
-79.579249
77.510428
-29.971983
113.682393
27.903162
-134.353939
-84.746673
111.615424
99.213607
-284.209224
-49.608192
160.189206
-4.134865
-40.306830
-40.306830
-31.005467
35.137555
31.003616
-175.693328
-25.838044
79.577398
-76.478795
-114.717730
-91.981066
129.184664
66.142096
-149.856210
-134.353939
-89.914096
112.648909
12.400891
-150.889695
82.677852
-66.143948
-220.133171
38.238009
129.184664
-44.440769
-127.119546
-44.440769
-64.076978
-32.038952
38.238009
11.367406
52.706795
-50.641677
-94.048035
41.338463
-65.110463
-87.847127
104.381031
143.653450
69.242550
-18.603651
-258.372106
-109.550306
255.269800
122.983756
-21.704105
-85.780158
-71.311371
145.720420
119.883302
-31.005467
-0.000926
4.133013
1.032559
117.816332
25.836192
-161.224542
165.356629
140.552996
-98.181974
45.472402
136.419057
182.925870
-212.898778
-111.617276
134.352088
54.773764
206.696018
-163.291512
-56.842585
274.906010
10.333921
-13.436227
60.974673
13.434376
-122.985607
-147.789241
203.595564
175.691477
46.505887
-7.235319
-253.204682
135.385572
209.796472
-2.067895
-101.282428
-189.128630
152.954813
82.677852
-33.072437
79.577398
77.510428
51.673310
-32.038952
-81.646219
-13.436227
150.887843
-42.373799
-149.856210
152.954813
155.021782
2.066044
-113.684245
-41.340315
211.863442
29.970131
-119.885153
135.385572
63.041642
-222.200141
58.907703
305.910551
-55.809101
-99.215459
-9.302288
60.974673
165.356629
-115.751214
-7.235319
107.481485
9.300437
52.706795
9.300437
12.400891
50.639825
178.791931
59.941188
-73.378341
12.400891
29.970131
37.204524
14.467860
113.682393
2.066044
-68.210917
247.001922
134.352088
-113.684245
-107.483337
51.673310
268.705101
125.050725
-141.588332
-160.191057
113.682393
126.084210
-13.436227
7.233467
9.300437
23.769223
-147.789241
48.572856
218.064350
-166.391966
-179.827267
45.472402
147.787389
99.213607
-115.751214
-189.128630
-57.876070
143.653450
70.276035
-156.057119
-97.148489
-43.407284
-124.019092
1.032559
78.543913
-83.713188
-181.894237
-78.545765
14.467860
-157.090603
-105.416367
12.400891
-191.195599
-182.927721
-89.914096
59.941188
-22.737590
-373.088910
-147.789241
125.050725
12.400891
-276.974831
-379.289818
-63.043494
72.343005
-82.679703
-255.271652
-211.865293
27.903162
42.371948
-174.659843
-250.104228
-144.688787
-65.110463
-76.478795
-141.588332
-67.177433
-43.407284
-119.885153
-45.474253
-42.373799
-41.340315
-67.177433
-120.918638
60.974673
59.941188
-91.981066
22.735738
189.126778
73.376489
-51.675162
72.343005
64.075127
95.079668
163.289660
155.021782
155.021782
95.079668
217.030865
212.896926
146.753904
227.365713
215.997381
143.653450
149.854359
348.283425
379.287966
142.619965
64.075127
287.307826
394.790237
169.490568
79.577398
187.059808
268.705101
270.772071
170.524053
174.657992
117.816332
24.802707
96.113153
143.653450
147.787389
23.769223
-67.177433
21.702253
160.189206
94.046184
-134.353939
-103.349398
-42.373799
24.802707
-41.340315
-234.601957
-120.918638
-72.344856
-55.809101
-22.737590
-155.023634
-232.534988
-237.702411
-184.994691
-116.784699
-144.688787
-265.606499
-217.032717
-82.679703
-171.559389
-274.907861
-301.778464
-150.889695
-1.034411
-304.878918
-386.524211
-47.541223
-60.976524
-244.936804
-164.324996
-66.143948
-110.583791
-82.679703
-41.340315
-100.248944
-133.320455
-117.818184
-63.043494
94.046184
102.314061
-130.220001
-60.976524
124.017241
65.108612
35.137555
38.238009
-22.737590
-33.072437
176.724961
177.758446
-25.838044
-4.134865
2.066044
89.912245
124.017241
111.615424
133.318603
-73.378341
-47.541223
165.356629
284.207372
151.921328
-138.487878
45.472402
269.738586
211.863442
24.802707
-83.713188
189.126778
263.537678
57.874218
71.309520
137.452542
130.218149
179.825415
217.030865
174.657992
101.280577
138.486027
198.428140
196.361171
230.466167
169.490568
135.385572
244.934953
259.403739
169.490568
160.189206
259.403739
303.843582
215.997381
124.017241
162.256175
245.968437
165.356629
93.012699
215.997381
220.131319
67.175581
15.501345
48.572856
124.017241
52.706795
-69.244402
14.467860
25.836192
-46.507738
-46.507738
-51.675162
-128.153031
-202.563931
-171.559389
-136.420909
-125.052577
-121.952123
-163.291512
-251.137713
-282.142254
-206.697870
-209.798324
-248.037259
-219.099686
-209.798324
-205.664385
-222.200141
-239.769381
-218.066202
-192.229084
-170.525905
-200.496961
-233.568472
-208.764839
-114.717730
-100.248944
-143.655302
-58.909555
-28.938498
-29.971983
-40.306830
-110.583791
-69.244402
47.539371
88.878760
3.099528
24.802707
139.519511
91.979214
-9.302288
16.534830
171.557538
117.816332
-105.416367
-135.387424
-71.311371
-27.905013
4.133013
20.668769
-90.947581
-199.463477
-108.516821
-65.110463
-168.458935
-201.530446
-43.407284
60.974673
18.601799
5.166498
-72.344856
-128.153031
-35.139406
75.443459
101.280577
68.209066
99.213607
101.280577
43.405432
18.601799
71.309520
126.084210
37.204524
-20.670620
89.912245
115.749363
32.037100
-1.034411
-9.302288
-9.302288
58.907703
114.715878
74.409974
32.037100
33.070585
46.505887
40.304978
107.481485
179.825415
148.820874
165.356629
237.700560
223.231774
107.481485
128.151179
239.767529
191.193747
262.504193
440.263565
525.009312
394.790237
-192.229084
-531.212072
-165.358481
86.811791
-60.976524
47.539371
110.581939
-347.251792
-456.801172
-143.655302
-379.289818
-713.105382
-344.151338
29.970131
24.802707
109.548454
-23.771074
-495.040107
-426.830115
58.907703
133.318603
101.280577
237.700560
169.490568
69.242550
181.892385
106.448000
-147.789241
-18.603651
284.207372
209.796472
44.438917
171.557538
147.787389
-163.291512
-124.019092
71.309520
-112.650760
-290.410132
-144.688787
-21.704105
-13.436227
56.840734
-32.038952
-195.329538
-71.311371
111.615424
101.280577
82.677852
189.126778
240.801014
317.278883
445.430988
330.714184
191.193747
330.714184
577.717033
559.114308
352.417364
383.421905
529.143251
730.672771
819.552457
217.030865
-532.245557
-379.289818
152.954813
13.434376
-130.220001
11.367406
-363.787547
-585.986762
-180.860752
-318.314220
-946.672929
-749.277348
-134.353939
28.936646
184.992839
196.361171
-343.117853
-512.609347
-7.235319
208.762988
111.615424
227.365713
293.508735
212.896926
311.077975
348.283425
32.037100
-142.621817
40.304978
236.667075
358.618272
157.088752
-340.017399
-372.055425
-14.469712
-26.871529
-243.903320
-195.329538
-120.918638
-271.807407
-436.131478
-362.754062
-139.521363
-55.809101
-40.306830
85.778306
53.740280
-50.641677
69.242550
151.921328
140.552996
285.240857
475.402045
505.373102
443.364019
358.618272
299.709643
289.374796
297.642673
380.321451
551.879915
850.556999
793.715339
-82.679703
-905.333540
-681.067356
-254.238167
-389.624665
-249.070743
-88.880612
-546.714343
-694.502658
-360.687093
-701.737051
-1287.722887
-840.224003
-108.516821
165.356629
435.096141
356.551302
-340.017399
-552.915251
-12.402742
217.030865
144.686935
316.245398
393.756752
278.006464
292.475250
162.256175
-281.108770
-465.069050
-166.391966
162.256175
168.457083
-213.932263
-644.895391
-565.317068
-267.673468
-391.691635
-595.288124
-456.801172
-189.128630
-14.469712
-138.487878
-546.714343
-719.306291
-352.419215
191.193747
413.392962
217.030865
-50.641677
-10.335773
223.231774
247.001922
83.711336
85.778306
341.049032
631.458238
644.893539
377.220997
132.285118
14.467860
171.557538
482.636438
808.184125
942.537139
147.787389
-1050.021401
-1150.269419
-486.772229
-548.781312
-741.009470
-267.673468
-243.903320
-603.556002
-472.303443
-657.297208
-1448.946503
-1343.531062
-244.936804
433.029172
622.156875
566.348701
-57.876070
-502.274500
-148.822725
152.954813
63.041642
183.959354
468.167652
526.042797
508.473556
263.537678
-378.256333
-700.703566
-278.008315
274.906010
377.220997
54.773764
-515.709801
-680.033871
-77.512280
255.269800
-167.425450
-319.347704
201.528595
619.056421
693.467321
479.535984
-89.914096
-293.510586
351.383879
1112.028633
1149.234083
676.931566
379.287966
430.962202
600.453696
620.089906
422.694325
374.120543
719.304439
1070.689244
1007.646676
706.902622
478.502499
378.254482
527.076281
1037.617733
1430.341926
770.978675
-529.145102
-836.090064
-269.740438
-264.573014
-457.834657
-81.646219
28.936646
-237.702411
-109.550306
-174.659843
-918.768842
-1116.164423
-289.376647
523.975827
873.293662
828.853819
264.571162
-296.611040
-177.760298
112.648909
37.204524
13.434376
237.700560
348.283425
296.609189
56.840734
-558.082674
-1099.628668
-941.505506
-331.749521
-38.239860
-252.171197
-685.201295
-1130.633209
-1071.724580
-409.260875
-208.764839
-680.033871
-627.326151
12.400891
232.533136
57.874218
-188.095145
-644.895391
-668.665540
145.720420
674.864596
309.011005
-212.898778
-380.323303
-302.811949
-121.952123
-60.976524
-196.363023
-141.588332
273.872525
616.989452
553.946884
283.173887
12.400891
-68.210917
474.368561
904.298204
-68.210917
-1250.517437
-899.132632
-352.419215
-701.737051
-546.714343
-108.516821
-640.761452
-875.362483
-134.353939
-240.802866
-1093.427759
-770.980527
203.595564
553.946884
743.074588
780.280038
107.481485
-392.725119
-3.101380
341.049032
196.361171
184.992839
284.207372
210.829957
157.088752
-7.235319
-495.040107
-813.353400
-519.843740
-37.206376
8.266952
-361.720578
-702.770535
-618.024788
-157.090603
148.820874
10.333921
-132.286970
164.323145
519.841888
534.310674
311.077975
-29.971983
-153.990149
295.575704
858.824876
756.509889
208.762988
-35.139406
88.878760
231.499651
228.399197
158.122236
240.801014
534.310674
845.389575
944.604108
782.347007
619.056421
523.975827
669.697173
1315.625122
1244.314677
-324.515128
-1295.990764
-560.149644
-122.985607
-394.792089
43.405432
230.466167
-529.145102
-522.944194
95.079668
-371.021940
-997.313680
-289.376647
687.266413
1043.818641
1202.975288
783.380492
-179.827267
-414.428298
142.619965
404.091600
325.546761
352.417364
270.772071
66.142096
-44.440769
-362.754062
-905.333540
-991.112772
-467.136019
23.769223
74.409974
-330.716036
-1192.642292
-1655.643447
-576.685399
731.706256
322.446307
-490.906168
-139.521363
300.743128
266.638132
159.155721
-372.055425
-725.507199
88.878760
967.340772
662.462780
-237.702411
-812.319916
-718.272806
-135.387424
244.934953
60.974673
-184.994691
44.438917
594.252788
830.920789
606.654605
275.939494
118.849817
726.538832
1426.207987
282.140403
-1633.940268
-1524.390887
-449.566779
-443.365871
-208.764839
362.752211
-447.499809
-1218.479410
-395.825573
-34.105922
-853.659304
-720.339775
436.129626
1099.626816
1273.252249
1100.660301
166.390114
-627.326151
-241.836350
440.263565
567.382185
498.138709
313.144944
-3.101380
-97.148489
-223.233625
-728.607653
-1010.748982
-624.225697
-62.010009
197.394656
-8.268804
-702.770535
-1243.283044
-712.071898
413.392962
631.458238
149.854359
224.265258
492.971285
364.819180
194.294201
-102.315913
-444.399355
-39.273345
719.304439
704.835653
20.668769
-596.321609
-682.100841
-304.878918
11.367406
43.405432
43.405432
250.102376
559.114308
761.677313
766.844736
613.888998
312.111460
501.239163
1507.853280
1257.749978
-1055.188825
-2225.093527
-994.213226
-226.334079
-359.653608
173.624507
15.501345
-1192.642292
-1050.021401
-33.072437
-426.830115
-1036.586100
-141.588332
1036.584248
1507.853280
1465.480407
569.449155
-646.962360
-667.632055
237.700560
707.936107
661.429295
399.957661
-26.871529
-203.597416
-209.798324
-625.259181
-1101.695637
-919.802326
-268.706953
203.595564
137.452542
-457.834657
-1106.863061
-929.103689
205.662533
914.633051
483.669923
143.653450
466.100683
616.989452
398.924176
64.075127
-312.113311
-180.860752
513.640980
780.280038
295.575704
-391.691635
-742.042955
-460.935111
40.304978
167.423599
100.247092
239.767529
569.449155
892.929872
1003.512737
863.992300
622.156875
567.382185
1301.156336
1888.175657
274.906010
-2079.372182
-1980.157649
-558.082674
-207.731355
93.012699
454.732351
-604.589487
-1413.808022
-483.671775
-81.646219
-913.601418
-662.464631
692.433836
1503.719341
1764.157491
1310.457699
-146.755756
-1038.653069
-383.423757
483.669923
690.366867
564.281731
54.773764
-453.700718
-412.361329
-544.647373
-1170.939113
-1315.626974
-640.761452
51.673310
183.959354
-297.644525
-1130.633209
-1375.569088
-379.289818
825.753365
831.954274
114.715878
23.769223
430.962202
512.607495
75.443459
-598.388579
-753.411287
-11.369258
686.232928
435.096141
-433.031023
-1109.963515
-986.978833
-258.372106
160.189206
-14.469712
-115.751214
249.068892
747.208527
978.709104
908.432143
685.199443
378.254482
713.103531
1807.563849
1224.678467
-1624.638905
-2889.624202
-1346.631516
-285.242708
-191.195599
349.316909
-109.550306
-1539.893158
-1277.388039
-4.134865
-233.568472
-846.424911
-5.168349
1355.931026
2064.901544
1789.994609
408.225538
-933.237628
-807.152492
236.667075
891.896387
856.757907
198.428140
-565.317068
-615.957819
-414.428298
-806.119007
-1236.048651
-957.007776
-253.204682
340.015547
335.881608
-371.021940
-1030.385191
-929.103689
75.443459
1208.142712
1157.501960
329.680700
207.729503
569.449155
373.087058
-188.095145
-455.767687
-209.798324
359.651757
582.884456
149.854359
-565.317068
-978.710955
-661.431146
9.300437
299.709643
230.466167
340.015547
734.806710
1060.354397
1127.530903
1065.521820
805.083671
766.844736
1720.751133
1806.530364
-913.601418
-3147.995382
-1923.315989
-240.802866
-80.612734
314.178429
258.370254
-1192.642292
-1565.730276
-329.682551
7.233467
-583.919792
-144.688787
1266.017856
2282.966820
2141.379414
829.887304
-659.364177
-1056.222309
-217.032717
863.992300
1135.798781
367.919634
-584.953277
-797.851129
-651.096299
-902.233086
-1182.307445
-936.338082
-456.801172
46.505887
456.799320
104.381031
-890.864754
-1169.905629
-182.927721
973.541680
1303.223306
930.135322
356.551302
11.367406
-18.603651
-124.019092
-383.423757
-369.988456
-47.541223
222.198289
201.528595
-318.314220
-1004.548073
-1009.715497
-384.457242
168.457083
449.564927
576.683548
609.755059
732.739740
1039.684702
1220.544528
919.800475
649.027478
1436.542835
1902.644443
-378.256333
-3180.033409
-2729.434071
-805.085523
-294.544071
96.113153
526.042797
-743.076439
-1902.646295
-875.362483
79.577398
-472.303443
-348.285276
1165.769838
2313.971362
2268.498034
1233.979830
-326.582097
-1178.173506
-620.091758
457.832805
973.541680
554.980369
-425.796630
-986.978833
-879.496422
-971.476562
-1317.693944
-1118.231393
-433.031023
149.854359
454.732351
243.901468
-627.326151
-1160.604266
-235.635442
1175.071201
1346.629664
725.505347
519.841888
449.564927
135.385572
-233.568472
-675.899933
-754.444771
-82.679703
469.201137
259.403739
-372.055425
-1010.748982
-1029.351707
-245.970289
379.287966
368.953119
383.421905
737.907164
1062.421366
1139.932720
1162.669384
1145.100144
893.963357
1227.778921
2010.126854
616.989452
-2629.186053
-3388.797322
-1411.741053
-362.754062
-128.153031
511.574010
-156.057119
-1611.203604
-1209.178048
8.266952
-153.990149
-368.954971
852.623968
2280.899851
2615.748900
1725.918556
108.514970
-1013.849436
-832.989610
100.247092
842.289121
772.012160
-163.291512
-1014.882921
-1050.021401
-939.438536
-1188.508354
-1178.173506
-607.689941
60.974673
470.234622
287.307826
-492.973137
-815.420370
56.840734
1047.952580
1027.282886
643.860055
666.596718
662.462780
303.843582
-191.195599
-681.067356
-794.750675
-251.137713
291.441765
143.653450
-479.537836
-970.443078
-797.851129
-135.387424
228.399197
160.189206
238.734044
674.864596
1109.961663
1220.544528
1212.276650
1310.457699
1125.463934
1133.731812
1859.238085
937.369715
-2496.900009
-4041.959665
-1892.311448
-121.952123
-64.076978
213.930411
-176.726813
-1652.542993
-1623.605421
-147.789241
107.481485
-368.954971
558.080823
2259.196672
2857.584324
1891.276111
134.352088
-1138.901087
-1050.021401
6.199982
884.661994
772.012160
-313.146796
-1304.258642
-1297.024249
-988.012318
-1212.278502
-1288.756371
-638.694483
72.343005
443.364019
385.488875
-413.394814
-1077.925489
-345.184822
1005.579706
1504.752826
1131.664842
516.741434
95.079668
66.142096
37.204524
-441.298901
-920.835811
-665.565085
129.184664
427.861748
-217.032717
-1055.188825
-1168.872144
-495.040107
327.613730
631.458238
428.895233
384.455390
810.251094
1289.788004
1482.016162
1498.551918
1205.042257
982.843043
1705.248862
1552.293123
-1533.692250
-4191.814949
-2887.557233
-560.149644
-17.570166
317.278883
313.144944
-1196.776231
-1941.918714
-572.551461
413.392962
44.438917
347.249940
1863.372024
2959.899312
2493.797703
784.413976
-896.032178
-1287.722887
-364.821032
717.237470
935.302746
49.606341
-1157.503812
-1511.989071
-1121.331847
-1022.117314
-1156.470327
-721.373260
46.505887
497.105224
445.430988
-297.644525
-916.701872
-83.713188
1336.294817
1538.857822
728.605802
200.495110
321.412822
505.373102
158.122236
-650.062815
-1119.264877
-673.832963
188.093293
404.091600
-324.515128
-1117.197908
-1043.820493
-189.128630
520.875373
537.411128
220.131319
253.202831
850.556999
1387.969053
1353.864057
1278.419673
1462.379953
1305.290275
1422.074049
1795.162032
-219.099686
-3872.468171
-4237.288277
-1337.330153
283.173887
232.533136
152.954813
-759.612195
-1842.704181
-1054.155340
311.077975
173.624507
-34.105922
1315.625122
2918.559923
3011.573548
1474.781769
-543.613888
-1505.788163
-831.956125
428.895233
926.001383
248.035407
-1005.581558
-1672.179202
-1355.932878
-992.146257
-1143.035026
-1044.853978
-211.865293
663.496264
768.911706
-76.478795
-1121.331847
-911.534449
782.347007
1995.658068
1436.542835
365.852665
69.242550
133.318603
18.601799
-252.171197
-718.272806
-968.376108
-415.461783
284.207372
52.706795
-798.884614
-1230.881227
-785.449313
152.954813
675.898081
485.736892
218.064350
415.459932
921.867444
1367.299358
1605.000844
1645.306748
1410.705717
1339.395271
1892.309596
1056.220458
-2579.578786
-5000.000000
-2964.035102
-160.191057
341.049032
346.216455
7.233467
-1607.069665
-2080.405667
-349.318761
656.261871
163.289660
634.558692
2364.612113
3279.246090
2388.382262
383.421905
-1306.325612
-1465.482258
-266.639984
890.862903
872.260178
-353.452700
-1691.815412
-1896.445387
-1264.986223
-994.213226
-994.213226
-497.107076
186.026324
535.344159
545.679006
62.008157
-593.221155
-389.624665
777.179583
1671.143866
1457.212529
596.319757
-32.038952
-212.898778
-351.385731
-619.058273
-745.143409
-548.781312
-202.563931
-86.813642
-336.916944
-702.770535
-800.951584
-387.557696
286.274342
658.328841
596.319757
515.707949
746.175042
1092.392423
1306.323760
1572.962818
1767.257945
1488.217071
1444.810712
1520.255097
-596.321609
-4015.089062
-4243.489185
-1516.123010
-41.340315
96.113153
389.622814
-407.193905
-1795.163884
-1353.865909
74.409974
410.292508
552.913399
1733.152949
2956.798857
2881.354473
1403.471324
-447.499809
-1346.631516
-934.271112
31.003616
672.797627
343.116001
-908.433994
-1854.072513
-1711.451622
-1261.885769
-1084.126397
-689.335234
-15.503197
485.736892
653.161417
306.944036
-329.682551
-329.682551
478.502499
1221.578013
1376.600721
1000.412283
300.743128
-284.209224
-398.926028
-298.678010
-550.848281
-981.811410
-813.353400
-141.588332
69.242550
-354.486185
-741.009470
-679.000387
-129.186516
519.841888
736.873679
591.152334
495.038255
692.433836
1159.568930
1611.201752
1841.668845
1678.378259
1280.486642
1460.312983
1233.979830
-1564.696792
-4617.610654
-3792.889847
-1025.217768
-13.436227
223.231774
385.488875
-865.027636
-1953.287046
-871.228545
480.569469
500.205679
749.275496
2044.231850
3025.008849
2628.150717
978.709104
-850.558850
-1423.109385
-627.326151
297.642673
529.143251
-146.755756
-1361.100302
-1945.019168
-1556.428914
-1136.834118
-947.706414
-430.964054
297.642673
678.998535
473.335076
-167.425450
-509.508893
64.075127
1063.454851
1515.087673
1163.702869
461.966744
-88.880612
-264.573014
-275.941346
-516.743286
-834.023095
-687.268264
-239.769381
-142.621817
-430.964054
-723.440230
-720.339775
-253.204682
347.249940
530.176735
419.593870
464.033713
680.032020
921.867444
1186.439532
1449.978136
1742.454312
1789.994609
1500.618887
1494.417979
766.844736
-2158.950505
-4539.065815
-3172.799015
-676.933417
-143.655302
-86.813642
103.347546
-853.659304
-1616.371028
-699.670081
317.278883
504.339617
1093.425908
2317.071816
3025.008849
2388.382262
612.855513
-939.438536
-1071.724580
-345.184822
125.050725
147.787389
-380.323303
-1368.334695
-1813.766609
-1445.846049
-1143.035026
-969.409593
-347.251792
356.551302
572.549609
379.287966
-72.344856
-305.912403
315.211914
1262.917402
1437.576319
846.423060
291.441765
77.510428
-46.507738
-321.414674
-712.071898
-919.802326
-732.741592
-344.151338
-168.458935
-392.725119
-752.377802
-711.038413
-79.579249
503.306133
484.703408
310.044490
476.435530
763.744282
964.240318
1143.033174
1309.424214
1566.761909
1750.722189
1549.192669
1431.375411
959.072894
-1471.683167
-4268.292818
-3791.856363
-1169.905629
-82.679703
-164.324996
2.066044
-507.441923
-1325.961821
-846.424911
207.729503
542.578552
870.193208
1936.749439
2950.597949
2713.929948
1040.718187
-748.243863
-1198.843201
-547.747827
16.534830
99.213607
-309.012857
-1223.646834
-1818.934033
-1463.415289
-986.978833
-972.510047
-744.109924
-2.067895
705.869138
801.983217
145.720420
-400.992997
194.294201
1270.151795
1429.308442
814.385033
307.977521
69.242550
-44.440769
-187.061660
-550.848281
-976.643986
-1027.284737
-583.919792
-97.148489
-171.559389
-706.904474
-808.185977
-165.358481
438.196595
478.502499
366.886150
497.105224
710.003077
935.302746
1213.310135
1286.687550
1281.520127
1529.556459
1565.728425
1409.672232
1332.160878
-272.840892
-3490.078824
-4417.114618
-2059.735972
-359.653608
-344.151338
-48.574708
-43.407284
-959.074746
-1069.657611
-78.545765
460.933259
579.784002
1381.768144
2655.021319
3067.381722
1813.764757
-186.028175
-1187.474869
-851.592335
-283.175739
-45.474253
-118.851669
-791.650221
-1658.743901
-1676.313141
-1118.231393
-955.974292
-851.592335
-206.697870
447.497958
574.616578
316.245398
2.066044
172.591022
911.532597
1284.620581
879.494571
426.828263
256.303285
45.472402
-214.965748
-450.600264
-756.511741
-969.409593
-806.119007
-388.591180
-224.267110
-498.140561
-706.904474
-342.084368
276.972979
500.205679
382.388420
431.995687
669.697173
835.054728
1005.579706
1215.377105
1308.390729
1468.580861
1606.034329
1451.011621
1403.471324
638.692631
-2159.983990
-4476.023247
-3204.837042
-715.172352
-167.425450
-345.184822
-181.894237
-575.651915
-990.079287
-472.303443
225.298743
560.147792
1105.827724
2056.633666
2831.747206
2486.563310
719.304439
-978.710955
-1064.490187
-296.611040
-24.804559
-172.592874
-580.819338
-1353.865909
-1706.284198
-1290.823341
-963.208685
-920.835811
-545.680858
90.945730
519.841888
626.290814
313.144944
-117.818184
239.767529
1219.511043
1394.169961
678.998535
235.633590
81.644367
-191.195599
-350.352246
-495.040107
-803.018553
-897.065663
-647.995845
-335.883460
-244.936804
-495.040107
-612.857365
-150.889695
415.459932
546.712491
428.895233
448.531443
643.860055
855.724422
1050.019549
1199.874834
1331.127393
1501.652372
1427.241472
1271.185279
1451.011621
446.464473
-2722.199678
-4621.744593
-2797.644062
-474.370412
-97.148489
-176.726813
-166.391966
-714.138867
-1011.782466
-395.825573
378.254482
741.007618
1086.191515
1976.021858
2940.263102
2488.630279
413.392962
-1228.814258
-1047.954432
-206.697870
21.702253
-205.664385
-727.574169
-1466.515743
-1670.112233
-1194.709262
-855.726274
-769.947042
-512.609347
-78.545765
525.009312
888.795933
348.283425
-240.802866
343.116001
1263.950886
1266.017856
723.438378
292.475250
-46.507738
-273.874377
-366.888001
-516.743286
-769.947042
-917.735357
-725.507199
-316.247250
-191.195599
-465.069050
-531.212072
-98.181974
377.220997
522.942342
492.971285
544.645521
667.630203
796.815793
954.938955
1129.597873
1386.935568
1587.431604
1297.022397
1023.148947
1348.696633
491.937801
-2516.536218
-4332.368871
-2757.338158
-605.622972
-42.373799
-55.809101
-250.104228
-878.462938
-1048.987916
-324.515128
467.134167
808.184125
1095.492877
1808.597334
2584.744358
2277.799397
621.123391
-867.094606
-938.405051
-283.175739
8.266952
-187.061660
-761.679164
-1447.913018
-1608.103150
-1200.910170
-812.319916
-634.560544
-465.069050
-143.655302
336.915093
616.989452
326.580246
19.635284
484.703408
1192.640441
1125.463934
565.315216
269.738586
73.376489
-215.999232
-330.716036
-415.461783
-719.306291
-950.806868
-789.583252
-396.859058
-194.296053
-371.021940
-520.877225
-222.200141
305.910551
614.922482
549.812945
437.163111
608.721574
787.514431
800.949732
991.110920
1322.859515
1452.045105
1254.649524
967.340772
1223.644982
1255.683009
-897.065663
-3772.220153
-3719.512432
-1519.223464
-295.577556
28.936646
172.591022
-502.274500
-1215.378956
-777.181435
106.448000
593.219303
930.135322
1447.911167
2153.781230
2466.927100
1527.489490
-160.191057
-1027.284737
-728.607653
-209.798324
-31.005467
-295.577556
-953.907322
-1494.419831
-1482.018014
-1117.197908
-742.042955
-452.667233
-200.496961
68.209066
296.609189
343.116001
169.490568
186.026324
750.308981
1214.343620
892.929872
394.790237
261.470708
20.668769
-348.285276
-471.269958
-547.747827
-652.129784
-592.187670
-500.207530
-481.604805
-495.040107
-510.542377
-272.840892
206.696018
451.631897
410.292508
364.819180
443.364019
633.525207
759.610343
829.887304
1086.191515
1369.366328
1353.864057
1061.387881
908.432143
1346.629664
1108.928178
-1400.372721
-3866.267262
-3143.861443
-945.639444
-67.177433
-110.583791
-377.222849
-940.472021
-1081.025943
-391.691635
361.718726
575.650063
640.759600
1237.080284
2194.087134
2420.420288
1351.797088
-186.028175
-962.175200
-642.828422
51.673310
208.762988
-398.926028
-1179.206991
-1445.846049
-1187.474869
-861.927182
-706.904474
-608.723426
-454.734203
-187.061660
255.269800
531.210220
272.839040
136.419057
695.534291
1082.057576
777.179583
425.794779
225.298743
-10.335773
-116.784699
-194.296053
-412.361329
-576.685399
-631.460090
-630.426605
-551.881766
-502.274500
-490.906168
-270.773922
145.720420
422.694325
445.430988
353.450848
316.245398
433.029172
632.491723
776.146099
896.030326
1069.655759
1219.511043
1223.644982
1017.981523
1022.115462
1352.830572
436.129626
-2212.691711
-3623.398353
-2233.361405
-554.982220
-145.722271
-199.463477
-542.580404
-1082.059427
-968.376108
-159.157573
478.502499
597.353242
744.108072
1417.940110
2101.073509
1920.213683
860.891846
-309.012857
-782.348859
-409.260875
147.787389
199.461625
-402.026482
-1158.537297
-1387.970904
-1107.896545
-827.822186
-630.426605
-453.700718
-451.633748
-403.059967
-5.168349
388.589329
451.631897
458.866290
549.812945
538.444613
527.076281
658.328841
594.252788
155.021782
-259.405590
-365.854517
-300.744979
-337.950429
-556.015705
-702.770535
-619.058273
-458.868141
-256.305136
-31.005467
34.104070
42.371948
187.059808
369.986604
502.272648
512.607495
384.455390
446.464473
843.322605
1178.171655
1221.578013
1127.530903
979.742588
1054.153488
1436.542835
807.150640
-1578.132093
-3309.218998
-2395.618506
-729.641138
-209.798324
-219.099686
-425.796630
-1008.682012
-1117.197908
-377.222849
253.202831
338.982062
514.674465
1178.171655
1836.501421
1776.559307
965.273802
12.400891
-484.705259
-357.586639
104.381031
313.144944
-137.454394
-865.027636
-1105.829576
-870.195060
-731.708107
-701.737051
-581.852823
-527.078133
-419.595722
-179.827267
-183.961206
-178.793782
317.278883
728.605802
647.993993
596.319757
654.194902
571.516124
365.852665
-13.436227
-319.347704
-307.979372
-253.204682
-261.472560
-281.108770
-430.964054
-547.747827
-460.935111
-285.242708
-73.378341
43.405432
20.668769
136.419057
323.479791
315.211914
278.006464
385.488875
635.592177
966.307287
1152.334537
1124.430449
999.378798
813.351549
921.867444
1393.136476
815.418518
-1399.339236
-2922.695713
-2168.251868
-808.185977
-250.104228
-148.822725
-446.466325
-971.476562
-950.806868
-407.193905
70.276035
232.533136
221.164804
620.089906
1497.518433
1807.563849
1058.287427
97.146638
-334.849975
-257.338621
108.514970
434.062656
280.073433
-355.519669
-868.128090
-858.826728
-668.665540
-646.962360
-668.665540
-548.781312
-359.653608
-408.227390
-611.823880
-324.515128
381.354936
633.525207
360.685241
194.294201
316.245398
554.980369
640.759600
338.982062
-63.043494
-260.439075
-294.544071
-90.947581
143.653450
-38.239860
-372.055425
-414.428298
-298.678010
-177.760298
-125.052577
-207.731355
-181.894237
40.304978
215.997381
340.015547
413.392962
382.388420
482.636438
783.380492
963.206833
846.423060
585.984910
512.607495
899.130780
1254.649524
511.574010
-1162.671236
-2024.597492
-1357.999848
-392.725119
-10.335773
-31.005467
-326.582097
-695.536142
-772.014011
-537.412980
-213.932263
-64.076978
-102.315913
159.155721
835.054728
1134.765296
691.400352
146.753904
-100.248944
-153.990149
49.606341
416.493416
459.899774
78.543913
-306.945888
-433.031023
-362.754062
-269.740438
-293.510586
-336.916944
-263.539529
-202.563931
-391.691635
-750.310832
-716.205837
-32.038952
494.004770
267.671617
-106.449852
-77.512280
172.591022
328.647215
205.662533
-15.503197
-10.335773
117.816332
276.972979
448.531443
237.700560
-312.113311
-523.977679
-236.668927
81.644367
63.041642
-177.760298
-208.764839
14.467860
155.021782
128.151179
79.577398
96.113153
227.365713
440.263565
606.654605
573.583094
291.441765
106.448000
414.426447
879.494571
745.141557
-100.248944
-845.391427
-790.616736
-259.405590
97.146638
165.356629
41.338463
-229.434534
-444.399355
-440.265416
-319.347704
-318.314220
-452.667233
-395.825573
36.171039
478.502499
517.774919
234.600106
-79.579249
-229.434534
-139.521363
96.113153
291.441765
298.676158
121.950271
-20.670620
20.668769
84.744821
-19.637136
-212.898778
-258.372106
-124.019092
-62.010009
-205.664385
-398.926028
-433.031023
-234.601957
23.769223
75.443459
-97.148489
-254.238167
-215.999232
2.066044
215.997381
201.528595
45.472402
23.769223
137.452542
170.524053
74.409974
-54.775616
-159.157573
-186.028175
-81.646219
65.108612
80.610882
-44.440769
-156.057119
-107.483337
83.711336
198.428140
151.921328
117.816332
159.155721
207.729503
235.633590
202.562079
144.686935
169.490568
234.600106
376.187512
649.027478
652.127932
117.816332
-420.629207
-439.231932
-138.487878
66.142096
87.845275
44.438917
-12.402742
-142.621817
-291.443617
-269.740438
-130.220001
-117.818184
-184.994691
-48.574708
209.796472
261.470708
63.041642
-159.157573
-222.200141
-184.994691
-161.224542
-94.048035
35.137555
76.476943
-9.302288
-50.641677
31.003616
93.012699
3.099528
-111.617276
-118.851669
-79.579249
-55.809101
-38.239860
-78.545765
-175.693328
-192.229084
-64.076978
77.510428
66.142096
-66.143948
-140.554848
-110.583791
-83.713188
-77.512280
-75.445310
-109.550306
-125.052577
-82.679703
-27.905013
45.472402
91.979214
32.037100
-35.139406
-13.436227
11.367406
-5.168349
-20.670620
16.534830
84.744821
81.644367
62.008157
122.983756
161.222690
109.548454
58.907703
128.151179
271.805555
257.336769
91.979214
105.414516
309.011005
431.995687
364.819180
98.180123
-172.592874
-130.220001
94.046184
186.026324
166.390114
122.983756
74.409974
45.472402
-43.407284
-176.726813
-217.032717
-200.496961
-221.166656
-182.927721
-39.273345
43.405432
-40.306830
-167.425450
-193.262568
-158.124088
-159.157573
-141.588332
-42.373799
51.673310
64.075127
39.271494
52.706795
67.175581
8.266952
-58.909555
-66.143948
-25.838044
12.400891
13.434376
-37.206376
-124.019092
-221.166656
-255.271652
-151.923180
15.501345
71.309520
-43.407284
-204.630900
-242.869835
-149.856210
-37.206376
41.338463
72.343005
51.673310
6.199982
-17.570166
-6.201834
-14.469712
-49.608192
-46.507738
6.199982
24.802707
-12.402742
-39.273345
-4.134865
-5.168349
-51.675162
57.874218
178.791931
70.276035
10.333921
122.983756
120.916786
96.113153
230.466167
304.877066
196.361171
91.979214
192.227232
437.163111
521.908858
261.470708
-111.617276
-211.865293
-1.034411
190.160263
149.854359
42.371948
32.037100
45.472402
3.099528
-78.545765
-142.621817
-157.090603
-173.626359
-166.391966
-42.373799
77.510428
34.104070
-82.679703
-121.952123
-116.784699
-143.655302
-191.195599
-172.592874
-69.244402
-0.000926
-18.603651
-20.670620
6.199982
-26.871529
-101.282428
-96.115005
-18.603651
22.735738
13.434376
10.333921
26.869677
-11.369258
-122.985607
-174.659843
-129.186516
-86.813642
-88.880612
-85.780158
-51.675162
-42.373799
-86.813642
-130.220001
-99.215459
-33.072437
-23.771074
-24.804559
32.037100
64.075127
-6.201834
-90.947581
-100.248944
-51.675162
-15.503197
-8.268804
47.539371
124.017241
57.874218
-87.847127
-55.809101
81.644367
47.539371
-0.000926
167.423599
243.901468
96.113153
73.376489
241.834499
283.173887
139.519511
70.276035
186.026324
329.680700
366.886150
321.412822
196.361171
-36.172891
-184.994691
-58.909555
143.653450
164.323145
80.610882
40.304978
47.539371
42.371948
-49.608192
-159.157573
-147.789241
-110.583791
-157.090603
-119.885153
48.572856
98.180123
-35.139406
-151.923180
-148.822725
-121.952123
-155.023634
-178.793782
-119.885153
-51.675162
-49.608192
-53.742131
-29.971983
-35.139406
-85.780158
-108.516821
-42.373799
44.438917
34.104070
-14.469712
2.066044
34.104070
-4.134865
-82.679703
-115.751214
-99.215459
-85.780158
-86.813642
-71.311371
-51.675162
-100.248944
-184.994691
-180.860752
-102.315913
-50.641677
-32.038952
-6.201834
18.601799
3.099528
-24.804559
-13.436227
-9.302288
-32.038952
10.333921
127.117695
182.925870
88.878760
-43.407284
-57.876070
28.936646
36.171039
-4.134865
108.514970
254.236315
169.490568
-28.938498
-40.306830
90.945730
179.825415
165.356629
106.448000
170.524053
278.006464
191.193747
126.084210
332.781154
440.263565
136.419057
-180.860752
-101.282428
150.887843
199.461625
82.677852
22.735738
39.271494
-7.235319
-124.019092
-169.492420
-116.784699
-119.885153
-191.195599
-128.153031
38.238009
53.740280
-82.679703
-175.693328
-145.722271
-96.115005
-103.349398
-110.583791
-57.876070
-15.503197
-51.675162
-80.612734
-15.503197
32.037100
-65.110463
-153.990149
-90.947581
1.032559
-10.335773
-60.976524
-46.507738
-18.603651
-47.541223
-73.378341
-34.105922
-15.503197
-74.411826
-113.684245
-67.177433
-4.134865
-10.335773
-64.076978
-90.947581
-90.947581
-95.081520
-91.981066
-49.608192
-3.101380
-13.436227
-43.407284
-28.938498
-12.402742
-33.072437
-29.971983
36.171039
103.347546
88.878760
17.568314
-10.335773
16.534830
39.271494
58.907703
89.912245
93.012699
72.343005
91.979214
165.356629
164.323145
38.238009
-49.608192
-12.402742
122.983756
239.767529
224.265258
172.591022
199.461625
235.633590
235.633590
206.696018
99.213607
-36.172891
-49.608192
82.677852
194.294201
149.854359
36.171039
-11.369258
-13.436227
-71.311371
-165.358481
-173.626359
-121.952123
-125.052577
-129.186516
-47.541223
35.137555
-18.603651
-138.487878
-149.856210
-99.215459
-130.220001
-157.090603
-81.646219
-6.201834
-3.101380
-35.139406
-22.737590
49.606341
47.539371
-66.143948
-124.019092
-86.813642
-59.943040
-57.876070
-31.005467
2.066044
-20.670620
-71.311371
-29.971983
66.142096
44.438917
-103.349398
-218.066202
-174.659843
-32.038952
36.171039
-13.436227
-73.378341
-89.914096
-79.579249
-44.440769
-14.469712
-14.469712
-24.804559
-32.038952
1.032559
32.037100
-4.134865
-37.206376
-7.235319
11.367406
17.568314
41.338463
48.572856
79.577398
94.046184
-14.469712
-51.675162
106.448000
190.160263
91.979214
19.635284
26.869677
48.572856
93.012699
113.682393
91.979214
78.543913
88.878760
142.619965
256.303285
284.207372
134.352088
48.572856
189.126778
272.839040
82.677852
-124.019092
-57.876070
139.519511
175.691477
99.213607
69.242550
38.238009
-59.943040
-172.592874
-189.128630
-110.583791
-125.052577
-227.367564
-167.425450
38.238009
90.945730
-28.938498
-99.215459
-84.746673
-124.019092
-200.496961
-172.592874
-56.842585
-9.302288
-48.574708
-49.608192
19.635284
38.238009
-47.541223
-121.952123
-89.914096
-18.603651
17.568314
23.769223
11.367406
-27.905013
-93.014551
-116.784699
-64.076978
-22.737590
-77.512280
-151.923180
-131.253485
-32.038952
31.003616
44.438917
58.907703
41.338463
-73.378341
-188.095145
-166.391966
-63.043494
-3.101380
-11.369258
-4.134865
50.639825
71.309520
51.673310
55.807249
51.673310
-27.905013
-84.746673
-8.268804
65.108612
5.166498
-26.871529
78.543913
153.988297
126.084210
117.816332
116.782848
35.137555
-0.000926
73.376489
89.912245
18.601799
-51.675162
-11.369258
167.423599
290.408280
229.432682
129.184664
127.117695
173.624507
207.729503
250.102376
269.738586
105.414516
-186.028175
-222.200141
36.171039
166.390114
55.807249
-28.938498
-1.034411
37.204524
-12.402742
-112.650760
-119.885153
-107.483337
-200.496961
-206.697870
-41.340315
29.970131
-96.115005
-192.229084
-132.286970
-56.842585
-74.411826
-101.282428
-40.306830
32.037100
8.266952
-62.010009
-58.909555
-10.335773
-53.742131
-129.186516
-74.411826
26.869677
25.836192
-2.067895
17.568314
21.702253
-23.771074
-91.981066
-110.583791
-64.076978
-48.574708
-79.579249
-78.545765
-45.474253
-20.670620
4.133013
33.070585
49.606341
-1.034411
-122.985607
-188.095145
-126.086062
-44.440769
-1.034411
28.936646
37.204524
23.769223
7.233467
9.300437
44.438917
62.008157
15.501345
-23.771074
15.501345
59.941188
12.400891
-25.838044
10.333921
19.635284
28.936646
95.079668
133.318603
109.548454
74.409974
2.066044
-24.804559
87.845275
197.394656
148.820874
13.434376
-7.235319
85.778306
176.724961
213.930411
178.791931
135.385572
180.858900
295.575704
327.613730
113.682393
-221.166656
-266.639984
-12.402742
116.782848
31.003616
-15.503197
25.836192
40.304978
-38.239860
-140.554848
-136.420909
-122.985607
-232.534988
-265.606499
-94.048035
41.338463
-29.971983
-143.655302
-125.052577
-48.574708
-65.110463
-94.048035
-22.737590
39.271494
-12.402742
-82.679703
-40.306830
49.606341
8.266952
-112.650760
-100.248944
-7.235319
13.434376
22.735738
67.175581
64.075127
-15.503197
-120.918638
-115.751214
5.166498
25.836192
-74.411826
-95.081520
-58.909555
-89.914096
-118.851669
-69.244402
8.266952
27.903162
-15.503197
-29.971983
-13.436227
-53.742131
-98.181974
-71.311371
-25.838044
-1.034411
17.568314
71.309520
133.318603
86.811791
-13.436227
-12.402742
45.472402
40.304978
-5.168349
-19.637136
34.104070
89.912245
47.539371
-12.402742
54.773764
169.490568
151.921328
34.104070
24.802707
111.615424
107.481485
55.807249
87.845275
108.514970
22.735738
-3.101380
157.088752
290.408280
219.097835
119.883302
132.285118
188.093293
234.600106
169.490568
-85.780158
-255.271652
-113.684245
80.610882
98.180123
17.568314
-47.541223
-38.239860
-42.373799
-136.420909
-173.626359
-143.655302
-212.898778
-249.070743
-73.378341
118.849817
68.209066
-146.755756
-248.037259
-177.760298
-114.717730
-110.583791
-52.708647
38.238009
56.840734
-5.168349
-25.838044
52.706795
56.840734
-82.679703
-129.186516
-17.570166
49.606341
18.601799
-16.536681
-9.302288
-18.603651
-109.550306
-134.353939
7.233467
75.443459
-35.139406
-113.684245
-78.545765
-43.407284
-67.177433
-95.081520
-58.909555
-23.771074
-65.110463
-75.445310
12.400891
48.572856
-49.608192
-127.119546
-38.239860
105.414516
97.146638
-9.302288
4.133013
73.376489
12.400891
-63.043494
15.501345
96.113153
40.304978
-10.335773
55.807249
130.218149
58.907703
-47.541223
66.142096
214.963896
112.648909
-41.340315
3.099528
169.490568
248.035407
138.486027
13.434376
55.807249
133.318603
122.983756
121.950271
96.113153
28.936646
94.046184
273.872525
298.676158
148.820874
137.452542
255.269800
73.376489
-287.309678
-242.869835
78.543913
151.921328
27.903162
-48.574708
-65.110463
-108.516821
-264.573014
-319.347704
-132.286970
-93.014551
-261.472560
-195.329538
71.309520
126.084210
-73.378341
-232.534988
-172.592874
-96.115005
-148.822725
-118.851669
39.271494
105.414516
16.534830
-59.943040
56.840734
176.724961
13.434376
-163.291512
-64.076978
47.539371
15.501345
-23.771074
-20.670620
-5.168349
-70.277887
-173.626359
-97.148489
49.606341
-5.168349
-111.617276
-66.143948
24.802707
4.133013
-91.981066
-110.583791
-85.780158
-140.554848
-159.157573
1.032559
162.256175
112.648909
-66.143948
-133.320455
-36.172891
19.635284
7.233467
52.706795
80.610882
12.400891
-34.105922
41.338463
145.720420
85.778306
-72.344856
-49.608192
109.548454
171.557538
158.122236
108.514970
-34.105922
-130.220001
-36.172891
130.218149
207.729503
147.787389
51.673310
37.204524
119.883302
243.901468
213.930411
23.769223
-43.407284
104.381031
271.805555
251.135861
72.343005
21.702253
193.260717
443.364019
504.339617
54.773764
-561.183129
-544.647373
-28.938498
220.131319
127.117695
-55.809101
-183.961206
-177.760298
-222.200141
-293.510586
-198.429992
-212.898778
-359.653608
-165.358481
218.064350
270.772071
-29.971983
-314.180281
-275.941346
-82.679703
-13.436227
35.137555
122.983756
111.615424
22.735738
-24.804559
57.874218
133.318603
-33.072437
-207.731355
-87.847127
78.543913
80.610882
6.199982
-77.512280
-89.914096
-86.813642
-148.822725
-82.679703
55.807249
3.099528
-84.746673
-59.943040
-46.507738
-49.608192
-88.880612
-175.693328
-138.487878
-14.469712
47.539371
119.883302
127.117695
-20.670620
-114.717730
-84.746673
-28.938498
75.443459
120.916786
39.271494
3.099528
24.802707
28.936646
65.108612
56.840734
-24.804559
-16.536681
57.874218
79.577398
80.610882
35.137555
-52.708647
-33.072437
101.280577
197.394656
179.825415
87.845275
25.836192
65.108612
130.218149
139.519511
103.347546
75.443459
146.753904
256.303285
234.600106
140.552996
110.581939
130.218149
207.729503
316.245398
399.957661
470.234622
189.126778
-566.350552
-856.759759
-275.941346
172.591022
71.309520
-100.248944
-192.229084
-212.898778
-267.673468
-406.160421
-309.012857
-142.621817
-313.146796
-274.907861
264.571162
514.674465
124.017241
-315.213765
-310.046342
-38.239860
69.242550
84.744821
213.930411
227.365713
7.233467
-142.621817
-9.302288
161.222690
-56.842585
-362.754062
-150.889695
178.791931
76.476943
-113.684245
-146.755756
-202.563931
-269.740438
-233.568472
-44.440769
135.385572
6.199982
-210.831809
-80.612734
138.486027
64.075127
-76.478795
-6.201834
137.452542
181.892385
116.782848
-46.507738
-232.534988
-257.338621
-57.876070
208.762988
225.298743
-84.746673
-248.037259
-29.971983
137.452542
44.438917
-111.617276
-191.195599
-78.545765
148.820874
264.571162
184.992839
-93.014551
-283.175739
-35.139406
327.613730
330.714184
109.548454
-28.938498
17.568314
171.557538
241.834499
202.562079
128.151179
51.673310
122.983756
302.810097
301.776612
109.548454
-48.574708
-7.235319
214.963896
346.216455
310.044490
317.278883
376.187512
420.627355
197.394656
-575.651915
-1085.159882
-566.350552
81.644367
183.959354
114.715878
-129.186516
-417.528753
-452.667233
-450.600264
-302.811949
-78.545765
-222.200141
-134.353939
486.770377
670.730657
228.399197
-209.798324
-354.486185
-148.822725
134.352088
273.872525
334.848123
136.419057
-205.664385
-252.171197
-96.115005
-42.373799
-181.894237
-289.376647
-89.914096
83.711336
-27.905013
-114.717730
-193.262568
-334.849975
-297.644525
-96.115005
157.088752
261.470708
54.773764
-67.177433
50.639825
77.510428
40.304978
69.242550
91.979214
57.874218
-86.813642
-125.052577
39.271494
57.874218
-72.344856
-153.990149
-213.932263
-162.258027
-42.373799
17.568314
66.142096
-33.072437
-189.128630
-65.110463
135.385572
171.557538
131.251634
-5.168349
-88.880612
58.907703
196.361171
203.595564
164.323145
36.171039
-34.105922
96.113153
177.758446
85.778306
8.266952
17.568314
93.012699
182.925870
175.691477
147.787389
147.787389
91.979214
95.079668
157.088752
178.791931
250.102376
276.972979
208.762988
274.906010
453.698866
513.640980
102.314061
-801.985068
-1085.159882
-294.544071
262.504193
131.251634
-64.076978
-337.950429
-523.977679
-383.423757
-272.840892
-167.425450
-113.684245
-279.041800
-10.335773
659.362325
658.328841
77.510428
-274.907861
-281.108770
-72.344856
207.729503
341.049032
213.930411
-118.851669
-361.720578
-222.200141
67.175581
14.467860
-295.577556
-321.414674
-59.943040
49.606341
-24.804559
-128.153031
-250.104228
-282.142254
-137.454394
128.151179
319.345853
195.327686
-77.512280
-101.282428
55.807249
96.113153
51.673310
66.142096
54.773764
-37.206376
-47.541223
46.505887
9.300437
-202.563931
-266.639984
-36.172891
140.552996
-31.005467
-276.974831
-265.606499
-88.880612
104.381031
218.064350
125.050725
-56.842585
-115.751214
-0.000926
213.930411
241.834499
-7.235319
-136.420909
75.443459
337.948578
328.647215
44.438917
-193.262568
-146.755756
53.740280
220.131319
244.934953
84.744821
-56.842585
-22.737590
117.816332
257.336769
219.097835
68.209066
59.941188
141.586481
210.829957
303.843582
260.437224
139.519511
198.428140
397.890691
603.554151
281.106918
-853.659304
-1335.263184
-349.318761
414.426447
167.423599
-151.923180
-358.620124
-490.906168
-360.687093
-208.764839
-81.646219
-74.411826
-269.740438
-5.168349
673.831111
703.802168
22.735738
-450.600264
-295.577556
91.979214
301.776612
354.484333
167.423599
-234.601957
-383.423757
-194.296053
38.238009
32.037100
-329.682551
-431.997539
-5.168349
169.490568
-36.172891
-172.592874
-301.778464
-288.343163
1.032559
242.867983
348.283425
213.930411
-141.588332
-152.956664
133.318603
144.686935
3.099528
-8.268804
53.740280
149.854359
169.490568
43.405432
-88.880612
-283.175739
-525.011163
-379.289818
125.050725
340.015547
106.448000
-284.209224
-534.312526
-283.175739
183.959354
282.140403
227.365713
165.356629
-9.302288
48.572856
236.667075
147.787389
-15.503197
-79.579249
32.037100
300.743128
288.341311
-7.235319
-178.793782
-195.329538
-75.445310
125.050725
177.758446
91.979214
4.133013
1.032559
107.481485
190.160263
129.184664
43.405432
139.519511
311.077975
311.077975
239.767529
174.657992
133.318603
289.374796
406.158569
416.493416
387.555844
-490.906168
-1507.855132
-739.975985
485.736892
315.211914
-111.617276
-311.079826
-603.556002
-387.557696
-119.885153
-167.425450
-55.809101
-183.961206
-200.496961
610.788544
982.843043
179.825415
-521.910709
-398.926028
62.008157
369.986604
402.024630
130.218149
-269.740438
-394.792089
-205.664385
20.668769
18.601799
-332.783006
-460.935111
4.133013
254.236315
-4.134865
-232.534988
-374.122394
-313.146796
66.142096
340.015547
350.350394
151.921328
-163.291512
-136.420909
173.624507
202.562079
34.104070
-25.838044
12.400891
134.352088
153.988297
-31.005467
-209.798324
-395.825573
-517.776770
-184.994691
304.877066
294.542219
-51.675162
-310.046342
-303.845433
-17.570166
100.247092
-97.148489
-63.043494
198.428140
336.915093
373.087058
156.055267
-225.300595
-276.974831
20.668769
380.321451
479.535984
128.151179
-240.802866
-218.066202
-14.469712
74.409974
1.032559
-56.842585
34.104070
150.887843
198.428140
100.247092
-112.650760
-167.425450
54.773764
397.890691
550.846430
325.546761
2.066044
-84.746673
99.213607
318.312368
270.772071
134.352088
155.021782
343.116001
642.826570
95.079668
-1339.397123
-1397.272267
-12.402742
502.272648
219.097835
-59.943040
-526.044648
-575.651915
-226.334079
-81.646219
98.180123
10.333921
-275.941346
245.968437
952.871986
585.984910
-350.352246
-683.134326
-259.405590
249.068892
474.368561
334.848123
-169.492420
-504.341469
-384.457242
-79.579249
194.294201
-60.976524
-584.953277
-299.711495
291.441765
230.466167
-87.847127
-365.854517
-449.566779
-55.809101
366.886150
487.803862
319.345853
-172.592874
-377.222849
35.137555
304.877066
105.414516
-69.244402
-37.206376
55.807249
107.481485
17.568314
-157.090603
-322.448158
-488.839198
-332.783006
254.236315
470.234622
28.936646
-330.716036
-349.318761
-242.869835
-79.579249
101.280577
313.144944
402.024630
196.361171
1.032559
14.467860
29.970131
-15.503197
19.635284
176.724961
247.001922
99.213607
-60.976524
-143.655302
-199.463477
-127.119546
72.343005
256.303285
250.102376
15.501345
-131.253485
-73.378341
-14.469712
87.845275
217.030865
255.269800
294.542219
269.738586
141.586481
47.539371
37.204524
133.318603
258.370254
312.111460
291.441765
228.399197
272.839040
6.199982
-930.137174
-1144.068511
-89.914096
449.564927
153.988297
-71.311371
-408.227390
-557.049190
-229.434534
-101.282428
-51.675162
99.213607
-0.000926
181.892385
661.429295
420.627355
-306.945888
-472.303443
-125.052577
211.863442
397.890691
229.432682
-222.200141
-395.825573
-283.175739
-186.028175
-23.771074
-20.670620
-251.137713
-148.822725
142.619965
100.247092
-100.248944
-283.175739
-315.213765
16.534830
351.383879
327.613730
140.552996
-67.177433
-198.429992
-25.838044
221.164804
138.486027
-39.273345
-9.302288
36.171039
69.242550
65.108612
-166.391966
-303.845433
-116.784699
31.003616
-56.842585
-261.472560
-273.874377
54.773764
212.896926
-28.938498
-202.563931
-147.789241
21.702253
227.365713
297.642673
188.093293
-9.302288
-102.315913
77.510428
269.738586
173.624507
-51.675162
-106.449852
49.606341
150.887843
27.903162
-128.153031
-195.329538
-129.186516
81.644367
200.495110
105.414516
-59.943040
-113.684245
79.577398
265.604647
196.361171
98.180123
106.448000
141.586481
217.030865
233.566621
97.146638
-19.637136
54.773764
245.968437
346.216455
259.403739
112.648909
134.352088
73.376489
-509.508893
-908.433994
-373.088910
198.428140
139.519511
-35.139406
-242.869835
-412.361329
-230.468018
-68.210917
-41.340315
83.711336
58.907703
98.180123
465.067198
474.368561
-66.143948
-409.260875
-259.405590
55.807249
256.303285
201.528595
-99.215459
-350.352246
-324.515128
-147.789241
-2.067895
-49.608192
-273.874377
-234.601957
112.648909
197.394656
-51.675162
-270.773922
-288.343163
-24.804559
317.278883
376.187512
173.624507
-84.746673
-203.597416
-26.871529
184.992839
106.448000
-79.579249
-102.315913
22.735738
135.385572
81.644367
-128.153031
-268.706953
-220.133171
-64.076978
80.610882
-3.101380
-282.142254
-309.012857
9.300437
175.691477
11.367406
-136.420909
-52.708647
133.318603
231.499651
215.997381
80.610882
-86.813642
-55.809101
144.686935
257.336769
134.352088
-108.516821
-161.224542
11.367406
103.347546
20.668769
-78.545765
-106.449852
-26.871529
107.481485
144.686935
46.505887
-63.043494
-16.536681
174.657992
265.604647
192.227232
87.845275
48.572856
130.218149
221.164804
170.524053
96.113153
101.280577
124.017241
151.921328
172.591022
137.452542
84.744821
113.682393
77.510428
-315.213765
-664.531601
-407.193905
32.037100
136.419057
16.534830
-195.329538
-271.807407
-128.153031
-57.876070
-47.541223
9.300437
15.501345
116.782848
355.517818
341.049032
-35.139406
-324.515128
-205.664385
67.175581
163.289660
85.778306
-89.914096
-230.468018
-205.664385
-132.286970
-101.282428
-97.148489
-140.554848
-108.516821
45.472402
86.811791
-59.943040
-176.726813
-131.253485
25.836192
175.691477
219.097835
101.280577
-56.842585
-75.445310
-25.838044
20.668769
50.639825
-15.503197
-39.273345
76.476943
112.648909
-1.034411
-133.320455
-214.965748
-148.822725
38.238009
33.070585
-178.793782
-176.726813
7.233467
55.807249
101.280577
47.539371
-233.568472
-188.095145
192.227232
258.370254
114.715878
25.836192
-80.612734
-20.670620
96.113153
47.539371
50.639825
63.041642
-27.905013
15.501345
119.883302
-3.101380
-177.760298
-142.621817
-0.000926
93.012699
120.916786
72.343005
7.233467
26.869677
73.376489
95.079668
141.586481
160.189206
126.084210
124.017241
130.218149
96.113153
79.577398
65.108612
39.271494
113.682393
209.796472
155.021782
55.807249
7.233467
28.936646
105.414516
-103.349398
-487.805714
-378.256333
-7.235319
48.572856
4.133013
-76.478795
-254.238167
-191.195599
18.601799
67.175581
48.572856
-20.670620
-46.507738
142.619965
265.604647
56.840734
-208.764839
-202.563931
3.099528
144.686935
122.983756
-41.340315
-255.271652
-272.840892
-107.483337
-10.335773
-46.507738
-152.956664
-164.324996
13.434376
118.849817
13.434376
-106.449852
-107.483337
-7.235319
109.548454
144.686935
68.209066
-49.608192
-67.177433
-4.134865
45.472402
90.945730
34.104070
-74.411826
-16.536681
70.276035
9.300437
-80.612734
-134.353939
-95.081520
27.903162
54.773764
-7.235319
-115.751214
-279.041800
-195.329538
181.892385
294.542219
10.333921
-187.061660
-135.387424
14.467860
160.189206
174.657992
53.740280
-33.072437
-4.134865
111.615424
167.423599
15.501345
-162.258027
-78.545765
141.586481
208.762988
55.807249
-146.755756
-184.994691
-42.373799
114.715878
157.088752
77.510428
-9.302288
13.434376
126.084210
190.160263
116.782848
-7.235319
-3.101380
127.117695
220.131319
155.021782
3.099528
-35.139406
88.878760
201.528595
165.356629
85.778306
72.343005
36.171039
40.304978
131.251634
-52.708647
-451.633748
-391.691635
32.037100
171.557538
53.740280
-110.583791
-254.238167
-170.525905
-22.737590
-55.809101
-73.378341
-27.905013
26.869677
171.557538
192.227232
-21.704105
-178.793782
-138.487878
2.066044
115.749363
74.409974
-97.148489
-205.664385
-159.157573
-111.617276
-101.282428
-40.306830
-44.440769
-85.780158
29.970131
101.280577
-11.369258
-121.952123
-160.191057
-68.210917
125.050725
148.820874
39.271494
-1.034411
-33.072437
-32.038952
34.104070
33.070585
-40.306830
-56.842585
15.501345
57.874218
26.869677
-25.838044
-82.679703
-66.143948
9.300437
-6.201834
-31.005467
-82.679703
-204.630900
-105.416367
90.945730
33.070585
-32.038952
-2.067895
-56.842585
-15.503197
102.314061
75.443459
42.371948
45.472402
22.735738
44.438917
52.706795
3.099528
-19.637136
7.233467
40.304978
39.271494
19.635284
-2.067895
-38.239860
-27.905013
34.104070
86.811791
120.916786
87.845275
12.400891
17.568314
72.343005
74.409974
62.008157
73.376489
93.012699
91.979214
97.146638
87.845275
47.539371
74.409974
131.251634
122.983756
117.816332
126.084210
55.807249
-7.235319
43.405432
106.448000
-51.675162
-315.213765
-201.530446
77.510428
12.400891
-101.282428
-84.746673
-158.124088
-129.186516
-4.134865
-28.938498
-28.938498
-2.067895
-40.306830
107.481485
235.633590
14.467860
-183.961206
-112.650760
-22.737590
34.104070
59.941188
-64.076978
-206.697870
-170.525905
-64.076978
-17.570166
-21.704105
-88.880612
-128.153031
-9.302288
104.381031
25.836192
-109.550306
-146.755756
-69.244402
105.414516
180.858900
32.037100
-80.612734
-51.675162
-6.201834
71.309520
77.510428
-57.876070
-90.947581
17.568314
81.644367
47.539371
-75.445310
-147.789241
-50.641677
12.400891
-66.143948
-111.617276
-50.641677
13.434376
20.668769
22.735738
-6.201834
-59.943040
7.233467
99.213607
66.142096
-32.038952
-161.224542
-118.851669
184.992839
297.642673
55.807249
-168.458935
-186.028175
-4.134865
171.557538
100.247092
-47.541223
-43.407284
83.711336
214.963896
144.686935
-90.947581
-183.961206
-43.407284
181.892385
250.102376
79.577398
-88.880612
-65.110463
74.409974
166.390114
104.381031
-2.067895
28.936646
127.117695
153.988297
74.409974
-11.369258
10.333921
99.213607
155.021782
120.916786
19.635284
-32.038952
24.802707
106.448000
35.137555
-186.028175
-201.530446
18.601799
63.041642
-44.440769
-97.148489
-165.358481
-140.554848
-22.737590
-41.340315
-97.148489
-59.943040
-15.503197
80.610882
172.591022
51.673310
-156.057119
-141.588332
8.266952
53.740280
24.802707
-37.206376
-125.052577
-81.646219
-3.101380
-74.411826
-121.952123
-93.014551
-81.646219
6.199982
82.677852
-34.105922
-142.621817
-95.081520
-11.369258
42.371948
53.740280
22.735738
-7.235319
-13.436227
4.133013
-4.134865
-34.105922
-37.206376
-8.268804
47.539371
60.974673
-5.168349
-59.943040
-82.679703
-66.143948
23.769223
73.376489
17.568314
-29.971983
-35.139406
-21.704105
-43.407284
-107.483337
-50.641677
56.840734
-31.005467
-133.320455
-40.306830
36.171039
42.371948
126.084210
140.552996
22.735738
-24.804559
7.233467
16.534830
25.836192
25.836192
35.137555
109.548454
119.883302
