-8.652327
0.001938
4.329071
6.492637
4.329071
-2.161628
4.329071
2.165505
-2.161628
2.165505
4.329071
2.165505
-2.161628
-6.488761
0.001938
6.492637
0.001938
-8.652327
-4.325195
4.329071
4.329071
0.001938
-2.161628
-12.979460
0.001938
15.146903
4.329071
-6.488761
-6.488761
0.001938
8.656204
2.165505
2.165505
6.492637
-6.488761
-2.161628
0.001938
2.165505
0.001938
-2.161628
-2.161628
-2.161628
4.329071
2.165505
-2.161628
-4.325195
-8.652327
0.001938
4.329071
6.492637
2.165505
-8.652327
-6.488761
2.165505
12.983337
-2.161628
-12.979460
-2.161628
2.165505
4.329071
2.165505
-2.161628
-6.488761
4.329071
10.819770
2.165505
0.001938
4.329071
10.819770
2.165505
-4.325195
8.656204
-4.325195
-10.815894
6.492637
12.983337
0.001938
-6.488761
2.165505
-2.161628
-4.325195
2.165505
6.492637
0.001938
-4.325195
2.165505
6.492637
-6.488761
0.001938
4.329071
-2.161628
2.165505
6.492637
-4.325195
-10.815894
0.001938
6.492637
-4.325195
-6.488761
4.329071
2.165505
-2.161628
6.492637
-4.325195
-15.143027
0.001938
8.656204
8.656204
2.165505
-8.652327
-6.488761
2.165505
2.165505
-4.325195
0.001938
4.329071
2.165505
2.165505
0.001938
-2.161628
2.165505
4.329071
0.001938
-6.488761
-6.488761
6.492637
4.329071
-8.652327
2.165505
4.329071
-8.652327
-8.652327
6.492637
6.492637
-6.488761
-4.325195
0.001938
-6.488761
0.001938
4.329071
-8.652327
-12.979460
-8.652327
8.656204
2.165505
-12.979460
-10.815894
4.329071
8.656204
-10.815894
-6.488761
4.329071
0.001938
-2.161628
-4.325195
8.656204
12.983337
-6.488761
0.001938
8.656204
-2.161628
-2.161628
4.329071
2.165505
0.001938
2.165505
2.165505
-4.325195
6.492637
4.329071
-6.488761
6.492637
8.656204
-2.161628
-6.488761
4.329071
8.656204
-2.161628
4.329071
4.329071
0.001938
2.165505
0.001938
-2.161628
6.492637
2.165505
-4.325195
-4.325195
0.001938
4.329071
-4.325195
-2.161628
2.165505
-4.325195
6.492637
15.146903
4.329071
-8.652327
0.001938
6.492637
0.001938
6.492637
2.165505
-10.815894
0.001938
10.819770
12.983337
6.492637
4.329071
6.492637
-4.325195
-4.325195
2.165505
4.329071
4.329071
-6.488761
-6.488761
0.001938
0.001938
2.165505
-2.161628
-6.488761
-8.652327
2.165505
2.165505
-6.488761
-4.325195
4.329071
2.165505
0.001938
4.329071
6.492637
-2.161628
-6.488761
4.329071
2.165505
-6.488761
-4.325195
4.329071
2.165505
2.165505
2.165505
8.656204
6.492637
0.001938
-4.325195
2.165505
2.165505
-6.488761
0.001938
-2.161628
0.001938
0.001938
0.001938
-2.161628
-10.815894
-4.325195
0.001938
-2.161628
4.329071
0.001938
-4.325195
2.165505
10.819770
0.001938
-17.306593
4.329071
12.983337
-2.161628
-4.325195
-10.815894
2.165505
8.656204
2.165505
-2.161628
0.001938
4.329071
4.329071
-4.325195
-6.488761
-2.161628
0.001938
-2.161628
-2.161628
-6.488761
4.329071
8.656204
0.001938
-6.488761
-6.488761
-2.161628
0.001938
2.165505
4.329071
0.001938
-4.325195
-2.161628
4.329071
-2.161628
-4.325195
0.001938
2.165505
-2.161628
-2.161628
6.492637
-2.161628
-8.652327
-4.325195
-4.325195
2.165505
-6.488761
-6.488761
6.492637
6.492637
-2.161628
-4.325195
-4.325195
0.001938
4.329071
4.329071
-2.161628
-2.161628
2.165505
6.492637
8.656204
4.329071
0.001938
-4.325195
-2.161628
6.492637
0.001938
2.165505
2.165505
0.001938
2.165505
4.329071
4.329071
-2.161628
-8.652327
0.001938
17.310469
12.983337
-8.652327
-6.488761
2.165505
-2.161628
0.001938
2.165505
0.001938
0.001938
-4.325195
-4.325195
4.329071
6.492637
2.165505
-4.325195
-10.815894
-10.815894
4.329071
6.492637
-2.161628
-4.325195
-4.325195
-2.161628
0.001938
4.329071
10.819770
-2.161628
-4.325195
-2.161628
0.001938
6.492637
-2.161628
0.001938
4.329071
-2.161628
4.329071
8.656204
4.329071
4.329071
0.001938
0.001938
-4.325195
-2.161628
-2.161628
2.165505
0.001938
0.001938
-6.488761
-4.325195
4.329071
6.492637
8.656204
-6.488761
-6.488761
8.656204
2.165505
-15.143027
-12.979460
6.492637
12.983337
-4.325195
-2.161628
12.983337
2.165505
-12.979460
0.001938
10.819770
2.165505
-8.652327
-4.325195
0.001938
2.165505
0.001938
0.001938
2.165505
-2.161628
2.165505
10.819770
-4.325195
-6.488761
2.165505
0.001938
2.165505
-4.325195
2.165505
0.001938
-8.652327
2.165505
6.492637
2.165505
-4.325195
4.329071
2.165505
-6.488761
2.165505
0.001938
2.165505
0.001938
0.001938
2.165505
4.329071
-2.161628
-8.652327
0.001938
10.819770
8.656204
0.001938
-8.652327
2.165505
-2.161628
-6.488761
4.329071
0.001938
-4.325195
0.001938
-2.161628
6.492637
4.329071
0.001938
-2.161628
-6.488761
0.001938
0.001938
-4.325195
-2.161628
2.165505
-2.161628
-2.161628
4.329071
0.001938
-2.161628
-2.161628
-2.161628
-2.161628
-2.161628
6.492637
10.819770
-8.652327
-19.470159
-2.161628
8.656204
0.001938
-6.488761
-2.161628
0.001938
2.165505
10.819770
4.329071
-10.815894
-10.815894
2.165505
0.001938
0.001938
4.329071
2.165505
-6.488761
-2.161628
8.656204
8.656204
2.165505
-8.652327
-4.325195
6.492637
-2.161628
-10.815894
-8.652327
0.001938
6.492637
8.656204
6.492637
-2.161628
-10.815894
-2.161628
4.329071
-2.161628
-2.161628
-6.488761
-8.652327
2.165505
6.492637
0.001938
2.165505
4.329071
-2.161628
-4.325195
0.001938
8.656204
8.656204
2.165505
-8.652327
2.165505
19.474036
6.492637
-2.161628
10.819770
10.819770
-2.161628
-8.652327
-8.652327
-4.325195
2.165505
4.329071
-2.161628
-2.161628
4.329071
0.001938
-4.325195
0.001938
4.329071
2.165505
8.656204
0.001938
0.001938
2.165505
-6.488761
0.001938
4.329071
4.329071
4.329071
2.165505
-2.161628
-4.325195
6.492637
4.329071
-6.488761
-10.815894
-4.325195
-2.161628
0.001938
2.165505
0.001938
-4.325195
-2.161628
4.329071
6.492637
0.001938
-10.815894
-12.979460
-2.161628
4.329071
2.165505
0.001938
-2.161628
-4.325195
-4.325195
4.329071
6.492637
-4.325195
-8.652327
2.165505
2.165505
2.165505
0.001938
-4.325195
-2.161628
2.165505
10.819770
0.001938
-10.815894
2.165505
8.656204
0.001938
-2.161628
-2.161628
-2.161628
-6.488761
-2.161628
4.329071
4.329071
-4.325195
-2.161628
6.492637
10.819770
8.656204
0.001938
-8.652327
-6.488761
6.492637
6.492637
-2.161628
-2.161628
8.656204
0.001938
-10.815894
-4.325195
-2.161628
-6.488761
-6.488761
2.165505
4.329071
-12.979460
-10.815894
2.165505
-2.161628
-8.652327
2.165505
6.492637
-2.161628
-4.325195
4.329071
4.329071
-6.488761
-19.470159
-12.979460
12.983337
6.492637
-6.488761
-6.488761
-6.488761
6.492637
6.492637
-8.652327
-17.306593
-4.325195
0.001938
2.165505
0.001938
-8.652327
0.001938
12.983337
8.656204
-6.488761
-10.815894
-8.652327
-4.325195
8.656204
4.329071
-6.488761
-6.488761
0.001938
8.656204
6.492637
-2.161628
-4.325195
-6.488761
-6.488761
2.165505
6.492637
-2.161628
-8.652327
0.001938
17.310469
19.474036
12.983337
-4.325195
-19.470159
-2.161628
15.146903
15.146903
0.001938
0.001938
8.656204
4.329071
12.983337
21.637602
4.329071
-10.815894
-2.161628
15.146903
6.492637
-4.325195
10.819770
12.983337
2.165505
-2.161628
4.329071
4.329071
-4.325195
-8.652327
-6.488761
-2.161628
2.165505
6.492637
4.329071
2.165505
-2.161628
-8.652327
6.492637
0.001938
-8.652327
4.329071
6.492637
-2.161628
-2.161628
6.492637
4.329071
2.165505
0.001938
8.656204
6.492637
-4.325195
-10.815894
-17.306593
-12.979460
6.492637
10.819770
-4.325195
-8.652327
0.001938
-4.325195
-8.652327
-8.652327
-6.488761
-12.979460
-2.161628
19.474036
10.819770
-12.979460
-15.143027
-2.161628
-2.161628
-2.161628
10.819770
8.656204
-6.488761
-4.325195
4.329071
10.819770
8.656204
2.165505
-2.161628
-4.325195
-4.325195
8.656204
4.329071
-8.652327
-12.979460
-6.488761
-2.161628
-8.652327
-10.815894
-4.325195
-4.325195
-4.325195
-4.325195
-4.325195
-12.979460
-19.470159
-2.161628
0.001938
-8.652327
-4.325195
-6.488761
4.329071
6.492637
-2.161628
-17.306593
-36.778691
-19.470159
10.819770
12.983337
-8.652327
-25.960859
-10.815894
4.329071
12.983337
-8.652327
-54.087222
-75.722886
-49.760089
19.474036
67.072496
12.983337
-77.886452
-64.905054
19.474036
49.763965
21.637602
-54.087222
-99.522116
-36.778691
67.072496
97.362426
32.455434
-51.923655
-71.395753
-8.652327
75.726762
84.381028
19.474036
-28.124425
-49.760089
-17.306593
84.381028
90.871727
2.165505
-8.652327
75.726762
110.343824
56.254664
-12.979460
-17.306593
12.983337
25.964735
45.436832
51.927532
32.455434
51.927532
67.072496
54.091098
30.291868
6.492637
-2.161628
-2.161628
19.474036
28.128301
10.819770
12.983337
30.291868
45.436832
34.619001
4.329071
-19.470159
-34.615124
-17.306593
12.983337
10.819770
8.656204
17.310469
30.291868
34.619001
17.310469
-15.143027
-34.615124
-19.470159
2.165505
12.983337
17.310469
19.474036
6.492637
-21.633726
-36.778691
-25.960859
-6.488761
-10.815894
-25.960859
-10.815894
-12.979460
-32.451558
-43.269390
-45.432956
-47.596522
-45.432956
-21.633726
-6.488761
-25.960859
-49.760089
-62.741487
-73.559319
-77.886452
-51.923655
-28.124425
-47.596522
-62.741487
-54.087222
-47.596522
-51.923655
-64.905054
-69.232186
-56.250788
-47.596522
-45.432956
-34.615124
-23.797292
-15.143027
-6.488761
-4.325195
-8.652327
-28.124425
-17.306593
2.165505
-2.161628
0.001938
23.801169
43.273266
38.946133
19.474036
17.310469
25.964735
25.964735
21.637602
10.819770
17.310469
62.745364
95.198860
95.198860
84.381028
56.254664
17.310469
8.656204
38.946133
77.890328
86.544594
84.381028
75.726762
49.763965
34.619001
23.801169
0.001938
-8.652327
15.146903
60.581797
49.763965
-21.633726
-62.741487
-69.232186
-71.395753
-80.050018
-60.577921
-30.287991
-23.797292
-34.615124
-71.395753
-114.667081
-140.629877
-149.284143
-140.629877
-106.012815
-56.250788
-30.287991
-36.778691
-58.414354
-62.741487
-51.923655
-64.905054
-73.559319
-30.287991
12.983337
8.656204
28.128301
73.563196
67.072496
30.291868
32.455434
45.436832
36.782567
38.946133
51.927532
99.525992
175.250816
196.886480
181.741515
201.213613
188.232215
108.180258
97.362426
144.960887
177.414383
244.484941
322.373331
324.536897
315.882632
294.246968
190.395781
88.708160
134.143055
203.377179
203.377179
209.867878
227.176410
220.685710
136.306621
-90.867850
-324.533021
-385.112880
-352.659384
-328.860154
-240.153932
-147.120577
-190.391905
-352.659384
-540.889660
-709.647839
-748.592034
-657.722246
-512.763297
-289.915959
-62.741487
-28.124425
-188.228338
-365.640783
-447.856306
-387.276446
-196.882604
21.637602
240.157808
378.626057
296.410534
125.488789
36.782567
17.310469
56.254664
186.068648
337.518296
421.897385
395.934588
212.031445
2.165505
-32.451558
43.273266
93.035293
177.414383
272.611304
255.302773
166.596551
43.273266
-64.905054
25.964735
231.503542
285.592702
333.191163
478.150111
439.205916
246.648507
196.886480
244.484941
339.681862
525.748572
636.090458
664.216821
582.001298
103.853125
-519.253997
-633.923015
-328.860154
-60.577921
164.432984
237.994242
56.254664
-199.046170
-690.175742
-1332.754961
-1365.208457
-841.625389
-432.711341
-56.250788
220.685710
-75.722886
-573.343156
-841.625389
-1042.837064
-843.788956
-218.518268
73.563196
212.031445
601.473396
465.168713
-166.592674
-322.369455
-259.626029
-194.719037
346.172561
692.343185
413.243120
430.551651
499.785775
-69.232186
-328.860154
-38.942257
-151.447709
-121.157780
398.098155
350.499694
-23.797292
-69.232186
-443.529173
-789.699796
-311.551623
-30.287991
-244.481064
82.217461
378.626057
-6.488761
-125.484913
-15.143027
-214.191135
103.853125
776.722274
718.305981
560.365634
761.577309
452.187315
121.161656
538.729970
811.339336
800.521504
1138.037862
1205.108420
750.759477
419.733819
-82.213585
-683.685043
-365.640783
387.280323
458.678014
266.120605
82.217461
-441.365606
-863.261053
-1064.472728
-1360.881324
-1207.268110
-491.127633
-155.774842
-261.789596
-356.986517
-685.848609
-1021.201400
-874.078885
-597.142387
-372.131482
-69.232186
19.474036
-4.325195
237.994242
313.719065
21.637602
-10.815894
218.522144
315.882632
395.934588
376.462491
192.559347
318.046198
562.529201
365.644659
38.946133
-93.031417
-214.191135
-201.209737
36.782567
86.544594
-45.432956
-121.157780
-350.495818
-614.450918
-543.053227
-393.767146
-331.023720
-84.377151
181.741515
127.652355
-75.722886
-216.354701
-237.990365
67.072496
538.729970
750.759477
759.413743
781.049407
677.198220
454.350881
380.789624
558.202068
917.354090
1282.996810
1367.375900
1073.130870
527.912139
-62.741487
-389.440013
-276.934560
86.544594
326.700464
261.793472
-12.979460
-326.696587
-688.012175
-1140.197552
-1371.699156
-1125.052587
-696.666441
-463.001270
-499.781899
-705.320706
-832.971124
-748.592034
-672.867211
-672.867211
-527.908262
-307.224490
-196.882604
-15.143027
248.812074
298.574101
216.358578
179.577949
144.960887
214.195011
391.607456
415.406686
324.536897
404.588854
465.168713
281.265570
73.563196
-54.087222
-106.012815
-28.124425
4.329071
-121.157780
-207.700436
-233.663232
-363.477216
-497.618333
-469.491969
-352.659384
-244.481064
-214.191135
-246.644631
-186.064772
-41.105823
6.492637
21.637602
164.432984
380.789624
553.874935
627.436193
620.945493
627.436193
610.127662
560.365634
705.324583
1025.532409
1170.491358
1142.364995
1148.855694
1019.041710
534.402838
-60.577921
-356.986517
-140.629877
298.574101
365.644659
-28.124425
-348.332251
-439.202040
-726.956370
-1179.141747
-1287.320067
-1034.182798
-763.736999
-627.432316
-651.231547
-720.465671
-659.885812
-636.086582
-789.699796
-716.138538
-322.369455
-181.737639
-233.663232
25.964735
322.373331
352.663261
339.681862
233.667109
97.362426
350.499694
638.254025
467.332279
341.845429
452.187315
292.083401
71.399629
116.834524
95.198860
36.782567
90.871727
-131.975612
-469.491969
-415.402810
-311.551623
-415.402810
-391.603579
-315.878755
-400.257845
-389.440013
-296.406658
-365.640783
-313.715189
-19.470159
153.615152
203.377179
313.719065
359.153960
400.261721
607.964095
729.123813
612.291228
575.510599
735.614512
895.718426
1014.714577
1161.837092
1205.108420
1135.874295
997.406046
525.748572
-162.265541
-352.659384
60.581797
335.354729
151.451586
-214.191135
-556.034625
-610.123785
-530.071829
-954.130842
-1479.877476
-1287.320067
-880.569584
-794.026929
-640.413715
-573.343156
-837.298257
-828.643991
-577.670289
-590.651688
-450.019872
-142.793444
-250.971764
-116.830647
614.454794
755.086610
257.466339
162.269418
244.484941
259.629906
657.726122
800.521504
341.845429
292.083401
501.949342
199.050047
108.180258
324.536897
-140.629877
-614.450918
-248.808197
-47.596522
-322.369455
-445.692739
-698.830007
-843.788956
-274.770994
4.329071
-603.633086
-815.662593
-294.243091
-62.741487
-2.161628
162.269418
23.801169
49.763965
562.529201
726.960247
504.112908
601.473396
653.398989
465.168713
796.194371
1308.959607
1153.182827
880.573461
993.078913
1112.075065
1265.688279
1315.450306
523.585006
-581.997422
-564.688891
212.031445
415.406686
19.474036
-553.871059
-993.075037
-696.666441
-253.135330
-880.569584
-1769.795373
-1624.836424
-1155.342517
-854.606788
-337.514419
-354.822951
-1032.019232
-999.565736
-506.272598
-471.655536
-220.681834
43.273266
-411.075677
-233.663232
854.610664
971.443249
354.826827
352.663261
292.083401
199.050047
863.264930
982.261081
194.722914
153.615152
534.402838
281.265570
298.574101
393.771022
-404.584978
-765.900566
-177.410506
-205.536869
-653.395113
-584.160988
-735.610636
-951.967275
-400.257845
-225.008967
-832.971124
-746.428468
-192.555471
-164.429108
-4.325195
344.008995
108.180258
71.399629
681.525353
835.138567
584.164865
716.142415
778.885840
683.688919
1107.747932
1482.044919
1187.799889
1057.985905
1363.048767
1473.390653
1495.026317
1343.576669
367.808225
-599.305953
-324.533021
376.462491
305.064800
-272.607428
-910.859514
-1189.959579
-644.740847
-335.350853
-1324.100695
-2178.709421
-1821.720966
-1287.320067
-938.985877
-456.510571
-590.651688
-1198.613844
-1016.874267
-484.636934
-382.949314
-136.302745
-17.306593
-413.239243
-43.269390
1036.350241
1103.420800
527.912139
475.986545
395.934588
309.391933
811.339336
919.517656
307.228366
194.722914
445.696616
235.830675
149.288019
225.012843
-244.481064
-627.432316
-424.057075
-475.982669
-757.246300
-631.759449
-636.086582
-958.457975
-785.372663
-369.967915
-460.837704
-566.852457
-346.168685
-231.499666
-103.849249
259.629906
404.588854
320.209765
534.402838
819.993602
772.395141
772.395141
947.644019
869.755629
824.320735
1218.089818
1486.372051
1326.268138
1224.580518
1330.595271
1438.773591
1438.773591
880.573461
-253.135330
-696.666441
41.109700
471.659412
-272.607428
-1151.015384
-1250.539438
-742.101335
-391.603579
-993.075037
-2035.914039
-2120.293129
-1369.535590
-945.476576
-802.681194
-625.268750
-763.736999
-917.350213
-597.142387
-242.317498
-138.466311
-36.778691
-88.704284
-116.830647
439.205916
1032.023108
906.536258
603.636962
562.529201
443.533049
415.406686
657.726122
607.964095
248.812074
168.760117
270.447738
231.503542
192.559347
4.329071
-482.473368
-742.101335
-629.595883
-625.268750
-726.956370
-709.647839
-744.264902
-772.391265
-564.688891
-443.529173
-599.305953
-519.253997
-168.756241
-49.760089
64.908930
417.570252
543.057103
499.785775
713.978848
874.082762
789.703672
856.774231
975.770382
854.610664
934.662621
1321.941005
1410.647228
1254.870447
1291.651076
1408.483661
1466.899954
1293.814642
419.733819
-599.305953
-491.127633
322.373331
194.722914
-876.242452
-1423.624750
-988.747904
-356.986517
-523.581129
-1629.163557
-2302.032706
-1670.271319
-958.457975
-1027.692099
-1038.509931
-705.320706
-636.086582
-603.633086
-307.224490
-222.845400
-246.644631
-41.105823
41.109700
125.488789
651.235423
930.335488
675.034653
711.815282
837.302133
385.116756
36.782567
354.826827
670.707521
577.674166
225.012843
-216.354701
-216.354701
322.373331
378.626057
-499.781899
-1239.721606
-1034.182798
-441.365606
-313.715189
-768.064132
-1125.052587
-828.643991
-333.187287
-305.060923
-597.142387
-575.506723
-116.830647
253.139206
261.793472
242.321374
465.168713
772.395141
928.171922
869.755629
694.506751
657.726122
900.045558
1248.379748
1369.539466
1172.654924
975.770382
1140.201428
1622.676734
1921.248897
1514.498414
465.168713
-369.967915
-188.228338
493.295076
294.246968
-936.822311
-1707.051947
-1083.944826
-19.470159
-80.050018
-1427.951882
-2464.300185
-1932.062852
-819.989725
-733.447070
-1300.301465
-1302.465031
-763.736999
-218.518268
45.436832
-212.027568
-627.432316
-443.529173
112.507391
378.626057
443.533049
499.785775
549.547802
776.722274
1047.168073
770.231575
123.325223
-6.488761
315.882632
408.915987
328.864030
302.901233
93.035293
-127.648479
-51.923655
-112.503514
-553.871059
-878.406018
-861.097487
-757.246300
-720.465671
-698.830007
-597.142387
-417.566376
-389.440013
-540.889660
-471.655536
-62.741487
227.176410
212.031445
80.053895
-2.161628
378.626057
1168.327791
1477.717786
967.116117
447.860182
685.852485
1241.889049
1363.048767
1183.472756
1049.331640
1092.602968
1449.591423
1793.598479
1639.985265
1274.342545
765.904442
-322.369455
-1518.821671
-2159.237324
-2237.125714
-1880.137259
-1125.052587
-454.347005
-837.298257
-1988.315579
-2174.382288
-949.803709
-116.830647
-666.376511
-1122.889021
-2.161628
2241.456723
3487.670966
2247.947422
-56.250788
-655.558679
683.688919
1631.331000
822.157168
-789.699796
-1295.974332
-157.938409
763.740876
-131.975612
-1983.988446
-2931.630527
-2025.096207
-274.770994
222.849277
-709.647839
-1341.409227
-835.134690
430.551651
1445.264290
1205.108420
220.685710
-136.302745
393.771022
1003.896745
897.881992
32.455434
-789.699796
-778.881964
-118.994214
402.425288
322.373331
-369.967915
-1094.762658
-975.766506
-101.685682
569.019900
517.094307
56.254664
-19.470159
711.815282
1536.134078
1434.446458
279.102003
-603.633086
80.053895
1529.643379
2217.657493
1778.453515
869.755629
737.778079
1735.182187
2713.114197
1994.810154
-1408.479785
-4917.784477
-4311.985886
-1133.706853
-218.518268
-1224.576641
-1516.658105
-1414.970484
-993.075037
374.298924
763.740876
-867.588186
-1648.635655
177.414383
2697.969232
3786.243129
2886.199509
828.647867
-724.792804
-800.517628
90.871727
279.102003
-1109.907622
-2228.471448
-1386.844121
73.563196
253.139206
-984.420771
-2267.415643
-2131.110961
-696.666441
765.904442
1202.944854
454.350881
-335.350853
15.146903
1138.037862
1642.148832
869.755629
-114.667081
-43.269390
506.276475
432.715217
-227.172533
-1112.071189
-1704.888381
-1570.747264
-796.190495
82.217461
257.466339
-160.101975
-313.715189
84.381028
532.239271
491.131510
434.878784
646.908290
709.651716
871.919195
1088.275835
800.521504
419.733819
248.812074
36.782567
183.905082
651.235423
882.737027
1105.584366
1276.506111
1183.472756
1237.561916
1525.316246
1724.364355
575.510599
-2819.125074
-5000.000000
-2812.634375
-8.652327
-181.737639
-1073.126994
-1014.710701
-865.424620
-170.919807
982.261081
540.893537
-1092.599091
-1012.547135
1211.599119
3362.184116
3321.076354
1012.551011
-1081.781259
-1228.903774
-437.038474
-34.615124
-659.885812
-1832.538798
-1942.880684
-657.722246
486.804377
90.871727
-1391.171254
-1886.627958
-700.993574
774.558708
1427.955759
822.157168
-365.640783
-326.696587
1040.677374
1756.817851
858.937797
-398.094278
-553.871059
51.927532
263.957038
-199.046170
-1036.346365
-1733.014744
-1657.289920
-698.830007
263.957038
209.867878
-385.112880
-292.079525
408.915987
856.774231
646.908290
147.124453
147.124453
696.670317
1146.692127
1027.695976
402.425288
121.161656
623.109060
887.064160
430.551651
-32.451558
51.927532
822.157168
1601.041070
1514.498414
1101.257233
1157.509959
1665.948062
1717.873656
-638.250148
-4296.840922
-4742.535599
-1960.189215
-138.466311
-147.120577
-404.584978
-688.012175
-677.194343
272.611304
830.811434
-250.971764
-1187.796013
-168.756241
2102.988474
3617.484950
2726.095596
281.265570
-1363.044890
-1505.840273
-785.372663
-285.588826
-958.457975
-1841.193064
-1399.825519
-77.886452
534.402838
-274.770994
-1492.858874
-1639.981389
-527.908262
876.246328
1369.539466
800.521504
235.830675
298.574101
778.885840
1019.041710
415.406686
-344.005119
-365.640783
-207.700436
-307.224490
-393.767146
-755.082734
-1438.769714
-1607.527893
-819.989725
212.031445
564.692767
354.826827
201.213613
203.377179
300.737667
430.551651
551.711369
610.127662
599.309830
785.376539
923.844789
681.525353
527.912139
434.878784
34.619001
-86.540718
365.644659
1003.896745
1488.535618
1406.320095
1112.075065
1153.182827
1592.386805
1906.103932
-203.373303
-4212.461832
-4928.602309
-1841.193064
47.600399
-376.458614
-794.026929
-845.952522
-800.517628
175.250816
1265.688279
341.845429
-1278.665801
-579.833856
1940.720994
3613.157817
2773.694056
365.644659
-1250.539438
-1460.405378
-791.863362
-106.012815
-757.246300
-1986.152012
-1787.103904
-318.042322
588.491998
-179.574073
-1447.423980
-1542.620901
-523.581129
902.209125
1440.937157
478.150111
-188.228338
402.425288
1209.435553
1343.576669
454.350881
-525.744696
-545.216793
-190.391905
-99.522116
-328.860154
-908.695948
-1373.862722
-1218.085942
-501.945465
179.577949
257.466339
-15.143027
-71.395753
244.484941
627.436193
659.889689
534.402838
482.477244
478.150111
683.688919
733.450946
380.789624
307.228366
601.473396
718.305981
534.402838
279.102003
408.915987
906.536258
1276.506111
1453.918555
1486.372051
1652.966664
1700.565124
-274.770994
-3693.205898
-4446.127003
-2191.690820
-672.867211
-668.540078
-556.034625
-417.566376
-456.510571
147.124453
759.413743
69.236063
-904.368815
-244.481064
1823.888409
3204.243769
2455.649796
504.112908
-841.625389
-1166.160349
-900.041682
-612.287352
-1025.528533
-1713.542646
-1484.204609
-374.295048
352.663261
-255.298896
-1300.301465
-1252.703004
-337.514419
618.781927
1125.056463
659.889689
-86.540718
73.563196
923.844789
1408.483661
761.577309
-331.023720
-573.343156
-227.172533
-114.667081
-361.313650
-858.933921
-1363.044890
-1289.483633
-398.094278
300.737667
99.525992
-231.499666
-179.574073
175.250816
731.287380
917.354090
594.982697
294.246968
320.209765
707.488149
832.975000
324.536897
8.656204
391.607456
1122.892897
1399.829396
644.744724
-188.228338
93.035293
1213.762686
2042.408615
1919.085330
1529.643379
1144.528561
-681.521476
-3405.451567
-3872.781908
-2124.620261
-1127.216153
-1070.963427
-406.748544
246.648507
110.343824
43.273266
97.362426
-263.953162
-471.655536
222.849277
1826.051975
2918.653005
2087.843509
460.841580
-471.655536
-1010.383568
-1289.483633
-1166.160349
-1170.487481
-1289.483633
-930.331612
-259.626029
-77.886452
-610.123785
-1032.019232
-776.718398
-279.098127
149.288019
677.198220
1040.677374
796.194371
493.295076
675.034653
666.380388
199.050047
-82.213585
-131.975612
-279.098127
-525.744696
-690.175742
-692.339308
-882.733151
-1099.089790
-733.447070
-168.756241
136.306621
324.536897
339.681862
207.704312
274.774870
597.146263
776.722274
543.057103
361.317526
482.477244
527.912139
493.295076
465.168713
475.986545
815.666469
1144.528561
841.629266
272.611304
315.882632
1107.747932
1689.747292
1627.003867
1585.896106
928.171922
-1642.144955
-3985.287361
-3126.351502
-1282.992934
-1352.227059
-1270.011536
-123.321346
110.343824
95.198860
629.599759
261.793472
-681.521476
-553.871059
757.250176
2321.508680
2654.697905
1272.178978
-45.432956
-450.019872
-845.952522
-1146.688251
-1241.885172
-1596.710061
-1488.531741
-519.253997
106.016692
-173.083373
-778.881964
-1003.892869
-523.581129
75.726762
413.243120
726.960247
746.432344
592.819130
781.049407
817.830035
309.391933
-106.012815
-194.719037
-259.626029
-335.350853
-491.127633
-761.573433
-884.896717
-815.662593
-685.848609
-408.912110
-80.050018
160.105851
333.191163
333.191163
313.719065
536.566404
675.034653
556.038502
467.332279
443.533049
432.715217
428.388084
391.607456
460.841580
794.030805
1133.710729
910.863390
285.592702
214.195011
956.298285
1622.676734
1635.658133
1546.951910
1272.178978
-638.250148
-3416.269399
-3725.659394
-1743.832576
-854.606788
-1192.123145
-742.101335
23.801169
34.619001
162.269418
521.421439
-140.629877
-856.770354
220.685710
2109.479173
2780.184755
1756.817851
162.269418
-662.049379
-826.480425
-900.041682
-988.747904
-1358.717758
-1622.672858
-975.766506
54.091098
186.068648
-679.357910
-1267.847969
-845.952522
-36.778691
501.949342
744.268778
869.755629
653.398989
313.719065
612.291228
826.484301
127.652355
-430.547774
-333.187287
-244.481064
-344.005119
-540.889660
-742.101335
-900.041682
-913.023080
-527.908262
4.329071
235.830675
209.867878
220.685710
339.681862
450.023748
594.982697
670.707521
493.295076
426.224518
521.421439
469.495846
395.934588
424.060952
707.488149
1103.420800
932.499054
365.644659
257.466339
742.105212
1287.323943
1451.754989
1564.260442
1529.643379
-153.611276
-2955.429757
-3623.971773
-1916.917888
-932.495178
-1148.851817
-826.480425
-216.354701
17.310469
424.060952
456.514447
-413.239243
-770.227698
216.358578
1739.509320
2570.318815
1834.706241
250.975640
-560.361758
-549.543926
-566.852457
-934.658744
-1471.223210
-1592.382928
-926.004479
-56.250788
36.782567
-720.465671
-1235.394473
-804.844761
177.414383
796.194371
501.949342
168.760117
428.388084
564.692767
649.071857
770.231575
196.886480
-424.057075
-322.369455
-123.321346
-255.298896
-631.759449
-923.840912
-843.788956
-473.819102
-95.194983
-17.306593
-144.957010
-142.793444
125.488789
471.659412
506.276475
378.626057
424.060952
525.748572
646.908290
594.982697
270.447738
160.105851
352.663261
830.811434
1347.903802
1161.837092
417.570252
17.310469
506.276475
1417.137927
1542.624778
1192.127022
1228.907650
157.942285
-2412.374592
-3284.291849
-1758.977541
-1094.762658
-1618.345725
-1001.729303
125.488789
257.466339
212.031445
322.373331
-259.626029
-822.153292
118.998090
1804.416311
2293.382317
1499.353450
532.239271
-129.812045
-467.328403
-709.647839
-1092.599091
-1475.550343
-1466.896077
-837.298257
-58.414354
-43.269390
-785.372663
-1138.033985
-659.885812
-110.339948
244.484941
571.183466
610.127662
536.566404
737.778079
865.428496
549.547802
-8.652327
-359.150083
-268.280295
-196.882604
-439.202040
-607.960219
-638.250148
-670.703644
-508.436165
-313.715189
-305.060923
-112.503514
237.994242
365.644659
337.518296
305.064800
348.336128
575.510599
685.852485
571.183466
519.257873
413.243120
335.354729
694.506751
1109.911499
1023.368843
519.257873
45.436832
207.704312
1055.822339
1644.312398
1577.241840
1352.230935
376.462491
-1910.427188
-3243.184087
-2070.531102
-774.554831
-956.294408
-1198.613844
-750.755601
-43.269390
605.800529
510.603607
-454.347005
-1006.056435
-259.626029
1406.320095
2659.025037
1938.557428
112.507391
-530.071829
-225.008967
-214.191135
-543.053227
-1252.703004
-1737.341877
-1070.963427
-60.577921
30.291868
-700.993574
-1315.446430
-1040.673498
-118.994214
571.183466
791.867239
666.380388
259.629906
125.488789
551.711369
731.287380
320.209765
-77.886452
-259.626029
-337.514419
-294.243091
-281.261693
-534.398961
-826.480425
-729.119937
-376.458614
-69.232186
142.797320
123.325223
-4.325195
140.633754
430.551651
577.674166
575.510599
493.295076
506.276475
525.748572
434.878784
445.696616
599.309830
778.885840
891.391293
794.030805
406.752420
231.503542
759.413743
1334.922404
1291.651076
1233.234783
1023.368843
-819.989725
-3052.790245
-2542.188576
-733.447070
-744.264902
-1153.178950
-594.978820
-348.332251
-93.031417
501.949342
71.399629
-943.313010
-765.900566
748.595911
2327.999379
2338.817211
763.740876
-439.202040
-566.852457
-445.692739
-311.551623
-610.123785
-1456.078245
-1453.914679
-382.949314
196.886480
-300.733791
-1302.465031
-1657.289920
-612.287352
610.127662
850.283531
690.179618
391.607456
-30.287991
168.760117
698.833884
564.692767
17.310469
-289.915959
-248.808197
-47.596522
-175.246940
-633.923015
-854.606788
-720.465671
-393.767146
15.146903
168.760117
49.763965
0.001938
56.254664
255.302773
497.622209
525.748572
571.183466
735.614512
642.581157
382.953190
250.975640
376.462491
904.372691
1328.431705
1021.205277
346.172561
62.745364
549.547802
1365.212333
1490.699184
969.279683
237.994242
-1246.212305
-2377.757530
-1401.989086
-387.276446
-1272.175102
-1726.524045
-532.235395
300.737667
181.741515
-23.797292
-471.655536
-876.242452
-112.503514
1360.885200
2014.282252
1401.992962
218.522144
-367.804349
-38.942257
103.853125
-469.491969
-1001.729303
-1068.799861
-770.227698
-255.298896
-207.700436
-936.822311
-1436.606148
-1109.907622
-421.893509
400.261721
835.138567
484.640811
166.596551
240.157808
331.027597
406.752420
231.503542
-62.741487
62.745364
194.722914
-69.232186
-324.533021
-510.599731
-726.956370
-586.324555
-292.079525
-218.518268
-8.652327
199.050047
190.395781
246.648507
183.905082
95.198860
415.406686
726.960247
666.380388
478.150111
281.265570
393.771022
986.588214
1282.996810
878.409894
253.139206
-58.414354
497.622209
1592.386805
1810.907011
1053.658772
218.522144
-1062.309162
-2291.214874
-1687.579850
-504.109032
-910.859514
-1427.951882
-742.101335
-103.849249
73.563196
138.470187
-240.153932
-819.989725
-549.543926
861.101363
2022.936517
1603.204637
374.298924
-222.845400
-203.373303
-125.484913
-149.284143
-599.305953
-1155.342517
-923.840912
-216.354701
-23.797292
-594.978820
-1291.647199
-1272.175102
-731.283503
-49.760089
726.960247
772.395141
151.451586
118.998090
404.588854
350.499694
348.336128
153.615152
-237.990365
-88.704284
136.306621
-54.087222
-242.317498
-534.398961
-711.811406
-354.822951
-173.083373
-192.555471
103.853125
175.250816
121.161656
339.681862
339.681862
354.826827
588.491998
469.495846
374.298924
582.001298
612.291228
802.685071
1107.747932
774.558708
242.321374
121.161656
426.224518
1189.963455
1620.513168
1226.744084
560.365634
-765.900566
-2256.597811
-1724.360478
-313.715189
-642.577281
-1356.554191
-854.606788
-287.752392
-106.012815
93.035293
-207.700436
-906.532381
-739.937769
605.800529
1886.631834
1780.617081
491.131510
-356.986517
-218.518268
-90.867850
-212.027568
-354.822951
-746.428468
-930.331612
-346.168685
199.050047
-376.458614
-1501.513140
-1672.434885
-746.428468
261.793472
722.633114
519.257873
38.946133
-108.176382
220.685710
631.763325
454.350881
-218.518268
-354.822951
192.559347
430.551651
28.128301
-402.421411
-603.633086
-659.885812
-352.659384
140.633754
233.667109
-60.577921
-181.737639
106.016692
382.953190
382.953190
387.280323
385.116756
320.209765
512.767174
815.666469
900.045558
783.212973
532.239271
259.629906
240.157808
603.636962
1153.182827
1408.483661
1155.346393
865.428496
261.793472
-1464.732511
-2483.772283
-1209.431676
-168.756241
-664.212945
-750.755601
-315.878755
-393.767146
-346.168685
-144.957010
-703.157140
-1103.416923
-136.302745
1302.468908
1914.758198
1337.085970
190.395781
-411.075677
-363.477216
-147.120577
-4.325195
-400.257845
-913.023080
-450.019872
294.246968
-49.760089
-960.621541
-1475.550343
-1490.695308
-642.577281
551.711369
649.071857
58.418231
-201.209737
-99.522116
493.295076
787.540106
12.983337
-475.982669
30.291868
465.168713
471.659412
123.325223
-594.978820
-926.004479
-536.562528
-15.143027
346.172561
240.157808
-196.882604
-93.031417
279.102003
305.064800
337.518296
259.629906
140.633754
523.585006
926.008355
1029.859542
971.443249
536.566404
-2.161628
-38.942257
439.205916
1081.785136
1486.372051
1334.922404
943.316886
315.882632
-1246.212305
-2280.397042
-1194.286712
-194.719037
-618.778051
-607.960219
-125.484913
-376.458614
-521.417563
-326.696587
-787.536229
-1090.435525
-305.060923
962.788984
1869.323303
1352.230935
-41.105823
-437.038474
-309.388056
-313.715189
155.778719
54.091098
-774.554831
-538.726094
166.596551
-147.120577
-765.900566
-1302.465031
-1486.368175
-365.640783
711.815282
415.406686
-93.031417
-385.112880
-337.514419
406.752420
566.856334
-90.867850
-229.336100
116.834524
463.005147
742.105212
257.466339
-694.502875
-765.900566
-270.443861
10.819770
209.867878
10.819770
-346.168685
-93.031417
276.938437
341.845429
309.391933
131.979488
192.559347
662.053255
986.588214
1032.023108
897.881992
482.477244
151.451586
300.737667
562.529201
839.465699
1237.561916
1151.019260
685.852485
-21.633726
-1356.554191
-1791.431037
-677.194343
-263.953162
-772.391265
-564.688891
-125.484913
-231.499666
-350.495818
-540.889660
-893.550983
-739.937769
19.474036
1073.130870
1555.606176
724.796680
-116.830647
-201.209737
-305.060923
-166.592674
95.198860
-287.752392
-605.796652
-253.135330
75.726762
-216.354701
-947.640143
-1272.175102
-752.919167
-123.321346
142.797320
346.172561
136.306621
-298.570224
-88.704284
170.923683
28.128301
0.001938
17.310469
147.124453
365.644659
237.994242
-62.741487
-322.369455
-527.908262
-352.659384
147.124453
268.284171
41.109700
51.927532
101.689559
77.890328
227.176410
296.410534
240.157808
346.172561
651.235423
1006.060312
988.751781
398.098155
-151.447709
17.310469
711.815282
1350.067368
1438.773591
852.447098
359.153960
-45.432956
-1079.617693
-1518.821671
-668.540078
-356.986517
-588.488121
23.801169
285.592702
-618.778051
-943.313010
-560.361758
-713.974972
-618.778051
164.432984
681.525353
880.573461
735.614512
106.016692
-339.677986
-380.785747
-227.172533
88.708160
147.124453
-229.336100
-341.841552
-192.555471
-385.112880
-553.871059
-523.581129
-607.960219
-456.510571
-30.287991
177.414383
75.726762
-237.990365
-465.164837
-231.499666
80.053895
114.670957
246.648507
378.626057
194.722914
62.745364
-32.451558
-248.808197
-222.845400
-34.615124
108.180258
328.864030
305.064800
38.946133
4.329071
64.908930
123.325223
300.737667
352.663261
413.243120
716.142415
811.339336
467.332279
51.927532
-110.339948
218.522144
887.064160
1267.851846
1068.803737
677.198220
361.317526
-246.644631
-1070.963427
-1159.669649
-512.763297
-175.246940
-155.774842
12.983337
-190.391905
-737.774202
-794.026929
-601.469520
-592.815254
-378.622181
190.395781
781.049407
837.302133
335.354729
-58.414354
-324.533021
-506.272598
-199.046170
188.232215
34.619001
-235.826799
-188.228338
-294.243091
-584.160988
-581.997422
-437.038474
-276.934560
-34.615124
110.343824
54.091098
-131.975612
-292.079525
-365.640783
-287.752392
-60.577921
157.942285
434.878784
575.510599
188.232215
-318.042322
-400.257845
-242.317498
-25.960859
274.774870
341.845429
108.180258
101.689559
285.592702
248.812074
90.871727
-8.652327
199.050047
735.614512
1053.658772
837.302133
190.395781
-393.767146
-199.046170
558.202068
1032.023108
977.933949
666.380388
424.060952
341.845429
-62.741487
-926.004479
-1146.688251
-508.436165
-118.994214
84.381028
346.172561
-45.432956
-778.881964
-936.822311
-700.993574
-558.198192
-309.388056
289.919835
625.272626
333.191163
140.633754
116.834524
-274.770994
-482.473368
-49.760089
164.432984
-77.886452
-77.886452
-43.269390
-326.696587
-581.997422
-607.960219
-365.640783
-97.358550
-17.306593
71.399629
12.983337
-385.112880
-517.090430
-173.083373
-56.250788
-108.176382
242.321374
493.295076
261.793472
-30.287991
-207.700436
-261.789596
-183.901205
34.619001
354.826827
417.570252
227.176410
170.923683
192.559347
108.180258
110.343824
339.681862
603.636962
739.941645
646.908290
220.685710
-218.518268
-177.410506
309.391933
733.450946
789.703672
692.343185
592.819130
495.458643
380.789624
-408.912110
-1495.022441
-1157.506083
134.143055
540.893537
305.064800
49.763965
-688.012175
-1148.851817
-445.692739
41.109700
-361.313650
-376.458614
162.269418
445.696616
363.481093
103.853125
-354.822951
-748.592034
-417.566376
333.191163
426.224518
-71.395753
-311.551623
-242.317498
-333.187287
-447.856306
-361.313650
-201.209737
6.492637
162.269418
82.217461
-331.023720
-752.919167
-575.506723
-45.432956
140.633754
75.726762
136.306621
127.652355
-38.942257
15.146903
93.035293
-86.540718
-95.194983
246.648507
497.622209
385.116756
216.358578
151.451586
54.091098
116.834524
415.406686
636.090458
683.688919
586.328431
186.068648
-318.042322
-244.481064
331.027597
618.781927
633.926892
709.651716
649.071857
318.046198
99.525992
-62.741487
-765.900566
-1073.126994
-67.068620
659.889689
0.001938
-575.506723
-385.112880
-484.636934
-588.488121
-136.302745
-112.503514
-491.127633
-123.321346
590.655564
434.878784
-263.953162
-447.856306
-253.135330
-101.685682
142.797320
233.667109
-160.101975
-465.164837
-205.536869
-77.886452
-404.584978
-458.674137
-114.667081
93.035293
71.399629
-32.451558
-326.696587
-569.016024
-328.860154
30.291868
56.254664
19.474036
62.745364
-25.960859
-114.667081
-2.161628
54.091098
-4.325195
118.998090
302.901233
250.975640
151.451586
190.395781
177.414383
151.451586
300.737667
523.585006
670.707521
618.781927
348.336128
-8.652327
-190.391905
106.016692
521.421439
545.220670
385.116756
367.808225
344.008995
157.942285
36.782567
-231.499666
-685.848609
-527.908262
179.577949
402.425288
-21.633726
-419.729942
-562.525324
-521.417563
-203.373303
32.455434
-142.793444
-279.098127
-38.942257
203.377179
-8.652327
-363.477216
-298.570224
-69.232186
-12.979460
99.525992
86.544594
-268.280295
-374.295048
-69.232186
-77.886452
-309.388056
-155.774842
41.109700
-90.867850
-229.336100
-279.098127
-432.711341
-411.075677
-99.522116
80.053895
86.544594
103.853125
8.656204
-108.176382
-36.778691
49.763965
15.146903
67.072496
227.176410
218.522144
103.853125
147.124453
194.722914
155.778719
272.611304
495.458643
556.038502
482.477244
335.354729
47.600399
-82.213585
192.559347
450.023748
415.406686
361.317526
359.153960
305.064800
183.905082
12.983337
-147.120577
-196.882604
-192.555471
-183.901205
-38.942257
60.581797
-166.592674
-356.986517
-296.406658
-283.425260
-315.878755
-199.046170
-77.886452
-82.213585
-41.105823
41.109700
4.329071
-73.559319
-112.503514
-162.265541
-155.774842
-118.994214
-160.101975
-201.209737
-149.284143
-84.377151
-125.484913
-153.611276
-69.232186
-80.050018
-212.027568
-268.280295
-240.153932
-149.284143
-43.269390
-38.942257
-157.938409
-209.864002
-12.979460
157.942285
67.072496
-21.633726
19.474036
47.600399
101.689559
205.540746
175.250816
136.306621
272.611304
372.135358
372.135358
365.644659
201.213613
12.983337
99.525992
289.919835
337.518296
283.429136
240.157808
244.484941
237.994242
177.414383
112.507391
114.670957
168.760117
296.410534
272.611304
-82.213585
-408.912110
-365.640783
-108.176382
25.964735
-121.157780
-298.570224
-279.098127
-222.845400
-248.808197
-253.135330
-244.481064
-237.990365
-47.596522
203.377179
116.834524
-179.574073
-322.369455
-302.897357
-225.008967
-71.395753
62.745364
-49.760089
-186.064772
-90.867850
-17.306593
-155.774842
-315.878755
-302.897357
-134.139178
58.418231
97.362426
-121.157780
-305.060923
-216.354701
-23.797292
60.581797
41.109700
75.726762
153.615152
147.124453
95.198860
56.254664
36.782567
125.488789
300.737667
391.607456
391.607456
365.644659
190.395781
-8.652327
21.637602
168.760117
279.102003
356.990393
372.135358
294.246968
194.722914
114.670957
-6.488761
-38.942257
54.091098
164.432984
212.031445
149.288019
51.927532
-80.050018
-237.990365
-248.808197
-160.101975
-136.302745
-103.849249
43.273266
45.436832
-199.046170
-339.677986
-281.261693
-207.700436
-149.284143
-71.395753
17.310469
-4.325195
-123.321346
-183.901205
-196.882604
-199.046170
-142.793444
-80.050018
-60.577921
-77.886452
-144.957010
-212.027568
-194.719037
-142.793444
-114.667081
-67.068620
-41.105823
-86.540718
-88.704284
-34.615124
-21.633726
-64.905054
-69.232186
43.273266
170.923683
192.559347
127.652355
82.217461
123.325223
233.667109
307.228366
237.994242
108.180258
71.399629
123.325223
168.760117
196.886480
175.250816
160.105851
222.849277
276.938437
235.830675
101.689559
4.329071
88.708160
212.031445
181.741515
75.726762
67.072496
73.563196
-6.488761
-38.942257
-10.815894
-82.213585
-233.663232
-222.845400
-43.269390
-60.577921
-157.938409
-47.596522
-43.269390
-190.391905
-114.667081
2.165505
-179.574073
-305.060923
-86.540718
-8.652327
-162.265541
-177.410506
-121.157780
-199.046170
-212.027568
-75.722886
-129.812045
-313.715189
-209.864002
-17.306593
-77.886452
-175.246940
-121.157780
-101.685682
-75.722886
86.544594
114.670957
-36.778691
-2.161628
110.343824
77.890328
54.091098
30.291868
-2.161628
121.161656
294.246968
281.265570
110.343824
10.819770
45.436832
101.689559
190.395781
225.012843
164.432984
205.540746
326.700464
292.083401
103.853125
17.310469
88.708160
129.815922
170.923683
216.358578
166.596551
43.273266
-75.722886
-82.213585
-45.432956
-56.250788
12.983337
116.834524
77.890328
-62.741487
-175.246940
-179.574073
-140.629877
-110.339948
-138.466311
-112.503514
-4.325195
8.656204
-77.886452
-170.919807
-244.481064
-216.354701
-80.050018
28.128301
-36.778691
-177.410506
-190.391905
-173.083373
-190.391905
-192.555471
-194.719037
-110.339948
-32.451558
-43.269390
-97.358550
-131.975612
-97.358550
-67.068620
-12.979460
84.381028
99.525992
106.016692
157.942285
131.979488
56.254664
73.563196
151.451586
183.905082
177.414383
134.143055
64.908930
51.927532
103.853125
116.834524
97.362426
147.124453
240.157808
212.031445
58.418231
-49.760089
-21.633726
80.053895
166.596551
138.470187
36.782567
21.637602
80.053895
88.708160
-23.797292
-190.391905
-168.756241
71.399629
188.232215
58.418231
-73.559319
-106.012815
-127.648479
-118.994214
-64.905054
-4.325195
-10.815894
-69.232186
-49.760089
-25.960859
-125.484913
-194.719037
-153.611276
-129.812045
-103.849249
8.656204
-71.395753
-318.042322
-248.808197
-6.488761
-23.797292
-164.429108
-136.302745
-23.797292
-38.942257
-62.741487
-41.105823
-125.484913
-138.466311
45.436832
181.741515
114.670957
-17.306593
8.656204
177.414383
253.139206
131.979488
23.801169
77.890328
177.414383
177.414383
88.708160
15.146903
38.946133
123.325223
153.615152
69.236063
-10.815894
8.656204
58.418231
62.745364
36.782567
47.600399
60.581797
8.656204
-45.432956
10.819770
93.035293
62.745364
-12.979460
-90.867850
-73.559319
99.525992
188.232215
71.399629
-121.157780
-118.994214
41.109700
54.091098
-15.143027
-125.484913
-142.793444
60.581797
173.087250
62.745364
-121.157780
-129.812045
-47.596522
-142.793444
-121.157780
2.165505
-77.886452
-164.429108
-123.321346
-106.012815
-170.919807
-186.064772
-110.339948
-32.451558
38.946133
45.436832
-54.087222
-131.975612
-123.321346
-51.923655
58.418231
160.105851
144.960887
34.619001
23.801169
58.418231
19.474036
23.801169
101.689559
140.633754
97.362426
58.418231
17.310469
-2.161628
155.778719
212.031445
-69.232186
-168.756241
138.470187
287.756269
34.619001
-170.919807
-49.760089
19.474036
-34.615124
108.180258
95.198860
-136.302745
-136.302745
60.581797
188.232215
110.343824
28.128301
2.165505
-93.031417
-75.722886
17.310469
64.908930
43.273266
-47.596522
4.329071
32.455434
-80.050018
-69.232186
34.619001
80.053895
-56.250788
-212.027568
-58.414354
118.998090
25.964735
-112.503514
-179.574073
-175.246940
-21.633726
140.633754
12.983337
-229.336100
-179.574073
23.801169
19.474036
-69.232186
-25.960859
23.801169
17.310469
32.455434
47.600399
69.236063
82.217461
-10.815894
-93.031417
-38.942257
97.362426
136.306621
-51.923655
-131.975612
-2.161628
30.291868
75.726762
23.801169
-106.012815
77.890328
168.760117
-49.760089
-127.648479
41.109700
177.414383
49.763965
-8.652327
106.016692
12.983337
-95.194983
2.165505
84.381028
21.637602
15.146903
41.109700
-160.101975
-121.157780
244.484941
155.778719
-203.373303
-127.648479
54.091098
69.236063
153.615152
121.161656
-129.812045
-162.265541
90.871727
136.306621
-118.994214
-162.265541
17.310469
8.656204
4.329071
43.273266
38.946133
67.072496
-168.756241
-322.369455
19.474036
225.012843
75.726762
-71.395753
-77.886452
-10.815894
-28.124425
64.908930
60.581797
-225.008967
-103.849249
194.722914
67.072496
-99.522116
-67.068620
62.745364
71.399629
-23.797292
60.581797
32.455434
-114.667081
-4.325195
41.109700
-86.540718
32.455434
222.849277
80.053895
-155.774842
-71.395753
73.563196
28.128301
17.310469
-17.306593
-23.797292
93.035293
-10.815894
-138.466311
10.819770
114.670957
32.455434
-38.942257
21.637602
67.072496
19.474036
-30.287991
-15.143027
-17.306593
-86.540718
-25.960859
23.801169
15.146903
114.670957
41.109700
-75.722886
-10.815894
58.418231
43.273266
-80.050018
-84.377151
54.091098
38.946133
-47.596522
-103.849249
-45.432956
93.035293
-12.979460
-82.213585
8.656204
15.146903
-45.432956
-112.503514
4.329071
147.124453
84.381028
-41.105823
-75.722886
108.180258
123.325223
-142.793444
-56.250788
112.507391
-30.287991
-17.306593
41.109700
-56.250788
-51.923655
51.927532
34.619001
-54.087222
60.581797
45.436832
-129.812045
-25.960859
10.819770
-36.778691
30.291868
-25.960859
-23.797292
64.908930
25.964735
-12.979460
19.474036
21.637602
-162.265541
-38.942257
268.284171
4.329071
-127.648479
56.254664
-67.068620
-75.722886
108.180258
64.908930
-6.488761
-21.633726
-67.068620
-2.161628
41.109700
-60.577921
-15.143027
77.890328
-8.652327
-21.633726
56.254664
56.254664
-90.867850
-164.429108
19.474036
80.053895
45.436832
56.254664
-77.886452
-97.358550
36.782567
-4.325195
-30.287991
-10.815894
-41.105823
34.619001
4.329071
-38.942257
45.436832
56.254664
23.801169
-15.143027
118.998090
86.544594
-80.050018
77.890328
-127.648479
-218.518268
253.139206
216.358578
-207.700436
-177.410506
192.559347
82.217461
-112.503514
82.217461
-38.942257
-103.849249
101.689559
-36.778691
-73.559319
103.853125
17.310469
-19.470159
49.763965
-106.012815
-17.306593
