-88.315078
-123.980840
95.108840
98.505579
-67.934643
-22.078663
33.967534
-45.855838
5.095250
57.744708
-56.046056
-1.698228
78.125144
-64.537904
-42.459099
91.712101
-3.396598
-79.823230
16.983838
30.570795
-18.681924
20.380577
8.491990
-52.649316
0.000142
42.459382
5.095250
-10.190076
8.491990
-15.285185
-28.872142
91.712101
49.252860
-176.630298
-79.823230
156.250146
137.568080
-81.521600
-149.456384
1.698511
81.521883
64.538187
-25.475403
-96.806926
20.380577
113.790906
-28.872142
-95.108557
56.046339
54.347969
-30.570512
27.174055
-23.777033
-81.521600
10.190359
59.443078
74.728405
-10.190076
-120.584101
-15.285185
67.934926
32.269164
6.793620
-57.744425
-22.078663
59.443078
39.062643
-42.459099
-142.662906
35.665903
224.184930
-3.396598
-220.787908
-32.268881
168.138733
-23.777033
-35.665620
112.092536
-86.616709
-95.108557
37.364273
20.380577
59.443078
8.491990
-35.665620
1.698511
-45.855838
-23.777033
33.967534
27.174055
35.665903
-1.698228
-54.347686
-10.190076
64.538187
-22.078663
-98.505296
42.459382
95.108840
62.839817
-49.252577
-180.027037
6.793620
113.790906
3.396881
27.174055
25.475686
-59.442795
-61.141165
-11.888446
27.174055
40.761012
20.380577
-8.491707
-8.491707
-3.396598
-8.491707
-27.173772
-15.285185
49.252860
22.078947
-66.236273
-28.872142
57.744708
69.633296
-22.078663
-110.393883
-83.219970
35.665903
134.171341
88.315361
1.698511
-96.806926
-178.328668
3.396881
180.027321
113.790906
-5.094967
-168.138450
-139.266167
151.155037
190.217538
-62.839534
-169.836820
-15.285185
67.934926
49.252860
78.125144
-5.094967
-103.600405
-112.092253
28.872425
181.725690
5.095250
-93.410187
0.000142
-79.823230
3.396881
168.138733
-30.570512
-76.426491
74.728405
-117.187362
-125.679210
200.407756
171.535472
-86.616709
-161.344972
-69.633013
59.443078
161.345255
28.872425
-127.377579
39.062643
-5.094967
-139.266167
86.616992
140.964819
-49.252577
-149.456384
-37.363990
152.853407
98.505579
-39.062360
-146.059645
-149.456384
91.712101
166.440364
113.790906
-56.046056
-246.263452
18.682207
115.489275
-47.554208
42.459382
79.823513
-74.728121
-45.855838
84.918622
-66.236273
-118.885731
90.013731
112.092536
-1.698228
-54.347686
-59.442795
-10.190076
5.095250
90.013731
59.443078
-69.633013
-39.062360
-47.554208
-1.698228
56.046339
61.141448
-57.744425
-79.823230
147.758298
1.698511
-173.233559
-23.777033
69.633296
61.141448
100.203949
35.665903
-270.040627
-113.790623
263.247432
50.951230
-123.980840
113.790906
71.331665
-180.027037
-71.331382
16.983838
69.633296
144.361559
-47.554208
-101.902035
-16.983555
25.475686
33.967534
-32.268881
11.888729
10.190359
6.793620
71.331665
-50.950947
-115.488992
-37.363990
129.076232
176.630581
-95.108557
-190.217255
-56.046056
159.646885
171.535472
-163.043341
-49.252577
86.616992
-57.744425
28.872425
-30.570512
-86.616709
71.331665
164.741994
-1.698228
-197.010734
5.095250
78.125144
-28.872142
18.682207
-30.570512
-16.983555
39.062643
108.695797
71.331665
-149.456384
-166.440081
8.491990
137.568080
64.538187
59.443078
-52.649316
-208.899321
8.491990
163.043624
93.410470
-135.869428
-61.141165
91.712101
-18.681924
88.315361
-45.855838
-163.043341
-1.698228
76.426774
157.948516
64.538187
-122.282471
-203.804212
-11.888446
259.850692
93.410470
-263.247149
-123.980840
146.059928
95.108840
122.282754
-13.586815
-281.929214
-108.695514
234.375148
139.266450
-118.885731
-62.839534
79.823513
45.856121
-152.853124
-16.983555
130.774602
-108.695514
40.761012
120.584384
-95.108557
22.078947
3.396881
-130.774319
42.459382
139.266450
-101.902035
-103.600405
210.597974
22.078947
-176.630298
-11.888446
-15.285185
40.761012
106.997427
49.252860
-137.567797
-171.535189
217.391452
137.568080
-219.089539
-61.141165
28.872425
64.538187
134.171341
-105.298774
-103.600405
108.695797
-22.078663
-147.758015
66.236556
152.853407
-84.918339
-3.396598
96.807209
-123.980840
28.872425
42.459382
-181.725407
27.174055
202.106126
95.108840
-180.027037
-176.630298
166.440364
140.964819
-88.315078
-57.744425
-6.793337
40.761012
105.299058
-118.885731
-129.075949
127.377863
62.839817
-8.491707
23.777316
-78.124861
-98.505296
130.774602
54.347969
-123.980840
122.282754
39.062643
-156.249863
-3.396598
42.459382
108.695797
0.000142
-142.662906
78.125144
96.807209
-59.442795
-64.537904
-23.777033
-30.570512
40.761012
193.614277
16.983838
-129.075949
-86.616709
-122.282471
139.266450
270.040910
-142.662906
-270.040627
96.807209
181.725690
25.475686
-61.141165
-168.138450
32.269164
191.915908
-125.679210
-159.646602
113.790906
183.424060
-8.491707
-222.486278
-22.078663
125.679493
1.698511
-52.649316
-78.124861
118.886014
168.138733
-152.853124
-215.692799
132.472971
159.646885
-168.138450
-23.777033
134.171341
13.587098
-47.554208
-135.869428
-13.586815
142.663189
154.551776
-6.793337
-207.200951
-190.217255
37.364273
263.247432
25.475686
-142.662906
32.269164
25.475686
-52.649316
56.046339
91.712101
-219.089539
-144.361276
156.250146
161.345255
166.440364
-154.551493
-283.627584
30.570795
197.011017
185.122429
-74.728121
-270.040627
-169.836820
271.739280
225.883300
-224.184647
35.665903
-1.698228
-83.219970
62.839817
-37.363990
135.869711
-76.426491
-71.331382
181.725690
-137.567797
-120.584101
103.600688
168.138733
-23.777033
-156.249863
-25.475403
10.190359
130.774602
-25.475403
-83.219970
130.774602
-20.380294
-108.695514
44.157751
49.252860
-135.869428
118.886014
135.869711
-234.374865
-3.396598
69.633296
151.155037
39.062643
-337.975412
-74.728121
193.614277
280.231128
-142.662906
-383.831391
208.899604
300.611563
-159.646602
-169.836820
139.266450
-62.839534
-81.521600
130.774602
-78.124861
90.013731
151.155037
-290.421062
-105.298774
360.054500
22.078947
-251.358561
-20.380294
-35.665620
91.712101
212.296343
-25.475403
-191.915625
-69.633013
115.489275
67.934926
100.203949
-52.649316
-482.336829
-73.029752
650.475703
152.853407
-363.450956
-49.252577
10.190359
154.551776
27.174055
-339.673781
20.380577
263.247432
61.141448
-163.043341
-35.665620
59.443078
-10.190076
132.472971
-222.486278
-44.157468
343.070803
-300.611280
-20.380294
337.975695
-332.880303
-118.885731
365.149608
59.443078
-237.771604
-52.649316
10.190359
-106.997144
259.850692
210.597974
-307.404758
-205.502582
22.078947
258.152323
227.581670
-264.945518
-98.505296
40.761012
-62.839534
207.201234
-73.029752
-247.961822
185.122429
164.741994
-190.217255
-1.698228
249.660475
-108.695514
-100.203666
-13.586815
-234.374865
157.948516
332.880586
-178.328668
-174.931929
278.532758
91.712101
-300.611280
-123.980840
57.744708
151.155037
178.328951
-86.616709
-149.456384
-132.472688
91.712101
371.943087
-110.393883
-444.972697
33.967534
264.945801
66.236556
163.043624
-28.872142
-467.051502
-64.537904
295.516454
32.269164
105.299058
-25.475403
-327.785194
151.155037
18.682207
-326.086824
555.367005
478.940372
-716.711835
-219.089539
327.785477
-455.162915
142.663189
708.220270
-166.440081
-336.277042
-123.980840
54.347969
283.627867
-130.774319
-156.249863
157.948516
-225.883017
-3.396598
455.163198
69.633296
-344.768890
-256.453670
11.888729
154.551776
426.290914
-88.315078
-482.336829
105.299058
152.853407
-57.744425
59.443078
151.155037
-106.997144
-91.711818
-159.646602
-88.315078
450.068089
-37.363990
-270.040627
190.217538
93.410470
-30.570512
-181.725407
-326.086824
181.725690
373.641456
-37.363990
-83.219970
5.095250
-37.363990
-237.771604
140.964819
348.165912
-275.135736
-276.834105
180.027321
305.706672
-210.597691
-59.442795
383.831674
-241.168344
-380.434652
-62.839534
181.725690
502.717547
229.280039
-436.480849
-451.766176
61.141448
234.375148
166.440364
27.174055
-100.203666
-149.456384
125.679493
173.233842
-300.611280
-152.853124
129.076232
71.331665
149.456668
73.030035
-180.027037
-59.442795
198.709386
-244.565083
-174.931929
387.228413
-50.950947
-135.869428
166.440364
-73.029752
-59.442795
106.997427
90.013731
-18.681924
-230.978126
-363.450956
169.837103
728.600706
-47.554208
-675.950965
-200.407473
453.464828
665.761030
-130.774319
-641.983572
-329.483563
-5.094967
411.005588
319.293629
-264.945518
-101.902035
164.741994
-33.967251
195.312647
-37.363990
-495.923786
-6.793337
433.084393
154.551776
-304.008019
-241.168344
241.168627
377.038196
-88.315078
-236.073235
-45.855838
-212.296060
-98.505296
302.309933
399.117001
22.078947
-433.084110
-88.315078
329.483847
-27.173772
-186.820516
-22.078663
32.269164
-8.491707
20.380577
95.108840
-161.344972
-90.013448
193.614277
207.201234
-74.728121
-320.991715
106.997427
234.375148
-49.252577
-422.893892
-227.581387
567.255592
230.978409
-129.075949
88.315361
-295.516171
-455.162915
239.470257
436.481132
-86.616709
-91.711818
45.856121
-112.092253
5.095250
79.823513
-241.168344
22.078947
371.943087
-18.681924
-276.834105
-208.899321
1.698511
394.021892
219.089822
-129.075949
-45.855838
-497.622155
98.505579
575.747440
-446.671067
-106.997144
407.608849
37.364273
-320.991715
-6.793337
421.195806
-81.521600
-378.736282
-210.597691
244.565366
295.516454
-123.980840
-186.820516
203.804495
232.676779
-375.339543
-59.442795
222.486561
-190.217255
47.554491
354.959391
76.426774
-455.162915
-171.535189
232.676779
147.758298
100.203949
-392.323239
-54.347686
271.739280
-42.459099
234.375148
198.709386
-205.502582
-497.622155
157.948516
271.739280
-288.722693
95.108840
74.728405
-42.459099
161.345255
343.070803
-324.388455
-575.747157
336.277325
157.948516
-86.616709
-115.488992
-37.363990
125.679493
169.837103
336.277325
-395.719978
-181.725407
310.801781
-270.040627
-254.755300
45.856121
159.646885
103.600688
115.489275
45.856121
-66.236273
-40.760729
45.856121
90.013731
-241.168344
-349.863999
54.347969
402.513740
190.217538
-176.630298
-290.421062
33.967534
336.277325
-39.062360
20.380577
71.331665
-460.258024
-368.546065
319.293629
577.445810
129.076232
-307.404758
-314.198237
67.934926
241.168627
168.138733
-365.149325
-478.940089
540.081679
407.608849
-130.774319
-365.149325
-504.415634
436.481132
609.714833
169.837103
-200.407473
-708.219987
-314.198237
409.307218
657.269182
-208.899321
-560.461831
241.168627
159.646885
8.491990
-39.062360
10.190359
8.491990
-157.948233
258.152323
-45.855838
-395.719978
-129.075949
339.674064
489.130590
-193.613994
-270.040627
27.174055
-32.268881
-16.983555
334.578955
149.456668
-575.747157
-390.624870
205.502865
446.671350
164.741994
-40.760729
-1.698228
-25.475403
-132.472688
-324.388455
5.095250
285.326237
246.263735
-73.029752
-151.154754
-40.760729
-232.676495
100.203949
163.043624
49.252860
-137.567797
-105.298774
348.165912
215.693082
32.269164
-546.874874
-497.622155
241.168627
377.038196
334.578955
-71.331382
-519.700960
-191.915625
608.016463
312.500150
-278.532475
-468.749872
-168.138450
684.443096
208.899604
-446.671067
-434.782479
-164.741711
621.603420
531.589830
-368.546065
-405.910196
247.962105
266.644171
-37.363990
-27.173772
-579.143897
-489.130307
777.853424
670.856139
-78.124861
-395.719978
-592.730854
79.823513
560.462114
1.698511
-429.687371
115.489275
596.127876
-215.692799
-820.312382
317.595259
696.331683
-123.980840
-50.950947
-283.627584
-608.016180
44.157751
368.546348
251.358844
314.198520
11.888729
-183.423777
8.491990
-135.869428
-207.200951
40.761012
207.201234
-278.532475
-326.086824
195.312647
205.502865
242.866996
103.600688
176.630581
-6.793337
-619.904767
-254.755300
275.136019
368.546348
6.793620
-270.040627
96.807209
100.203949
-234.374865
-13.586815
309.103411
-8.491707
-225.883017
-93.410187
-6.793337
263.247432
256.453953
-169.836820
-501.018894
-159.646602
784.646903
93.410470
-818.614012
230.978409
213.994713
-93.410187
358.356130
-129.075949
-453.464545
-35.665620
692.934944
287.024606
-867.866731
-555.366722
444.972980
589.334397
52.649600
-178.328668
-98.505296
-123.980840
-261.548779
-115.488992
344.769173
334.578955
353.261021
-115.488992
-796.535207
-57.744425
253.057214
-20.380294
253.057214
-35.665620
-385.529761
344.769173
548.573527
-268.342257
-529.891178
-383.831391
344.769173
679.347987
-49.252577
-146.059645
-312.499867
-434.782479
315.896890
490.828960
49.252860
-336.277042
-44.157468
-106.997144
-451.766176
738.790923
541.780048
-872.961840
-266.643888
878.057232
-100.203666
-1095.448259
558.763744
884.850710
-273.437366
-309.103128
-195.312364
-103.600405
-35.665620
232.676779
295.516454
-90.013448
-246.263452
-106.997144
-129.075949
349.864282
640.285486
-596.127593
-640.285203
572.350701
687.839835
-307.404758
-1146.399347
61.141448
886.549080
-20.380294
-174.931929
18.682207
147.758298
-3.396598
-180.027037
-28.872142
-275.135736
15.285468
419.497436
88.315361
22.078947
332.880586
-346.467260
-827.105860
351.562651
382.133305
-616.508028
93.410470
652.174073
-169.836820
-33.967251
433.084393
-203.804212
-458.559654
113.790906
307.405042
-78.124861
-356.657477
-234.374865
-22.078663
151.155037
487.432221
197.011017
-558.763461
-140.964536
641.983855
35.665903
-518.002591
-50.950947
166.440364
324.388738
-10.190076
-618.206398
-91.711818
626.698529
331.182216
-611.412919
-414.402044
366.847978
13.587098
-23.777033
455.163198
-1.698228
-397.418348
-84.918339
-86.616709
198.709386
648.777334
-40.760729
-657.268899
-195.312364
132.472971
-140.964536
-281.929214
307.405042
533.288200
83.220253
-96.806926
-295.516171
83.220253
159.646885
-315.896607
95.108840
93.410470
-217.391169
69.633296
188.519169
47.554491
-186.820516
-213.994430
181.725690
298.913193
-108.695514
-288.722693
230.978409
565.557223
-244.565083
-889.945536
-57.744425
638.587116
213.994713
-91.711818
249.660475
113.790906
-509.510742
-137.567797
25.475686
-242.866713
71.331665
259.850692
149.456668
-64.537904
210.597974
123.981123
-161.344972
-168.138450
-606.317810
-144.361276
589.334397
336.277325
-35.665620
-302.309650
-373.641173
346.467543
723.505597
-213.994430
-838.994447
-239.469974
436.481132
358.356130
42.459382
-259.850409
-271.738997
421.195806
280.231128
-472.146611
332.880586
543.478418
-748.980858
-740.489010
154.551776
514.606134
129.076232
-343.070520
100.203949
516.304504
144.361559
-295.516171
-320.991715
213.994713
300.611563
-587.635745
-438.179219
609.714833
295.516454
-444.972697
-47.554208
521.399613
6.793620
-570.652049
120.584384
511.209395
-22.078663
-497.622155
-399.116718
264.945801
397.418631
259.850692
71.331665
-438.179219
-427.989001
203.804495
579.144180
16.983838
-664.062377
-288.722693
394.021892
198.709386
-249.660192
164.741994
579.144180
-212.296060
-509.510742
16.983838
-96.806926
287.024606
339.674064
-375.339543
-190.217255
101.902318
246.263735
191.915908
-195.312364
-258.152040
-16.983555
207.201234
101.902318
-37.363990
-118.885731
62.839817
117.187645
-246.263452
207.201234
168.138733
-400.815087
78.125144
161.345255
-127.377579
-96.806926
52.649600
-86.616709
-191.915625
358.356130
298.913193
-73.029752
39.062643
-157.948233
-344.768890
229.280039
353.261021
-327.785194
-142.662906
220.788191
-11.888446
-125.679210
-151.154754
-16.983555
203.804495
224.184930
-88.315078
118.886014
168.138733
-562.160200
-298.912910
54.347969
154.551776
302.309933
-154.551493
-140.964536
117.187645
146.059928
61.141448
-64.537904
-229.279756
-152.853124
354.959391
198.709386
-44.157468
3.396881
-188.518886
-157.948233
-61.141165
185.122429
237.771887
-208.899321
-212.296060
50.951230
74.728405
1.698511
-132.472688
101.902318
414.402327
166.440364
-81.521600
-224.184647
-239.469974
110.394166
105.299058
-142.662906
-164.741711
88.315361
343.070803
151.155037
-149.456384
-349.863999
-50.950947
327.785477
-6.793337
-140.964536
25.475686
-25.475403
37.364273
-18.681924
-74.728121
59.443078
67.934926
67.934926
-44.157468
-137.567797
-11.888446
168.138733
134.171341
-254.755300
-224.184647
215.693082
108.695797
-164.741711
-16.983555
28.872425
-73.029752
108.695797
213.994713
-45.855838
-234.374865
-127.377579
69.633296
156.250146
-8.491707
-200.407473
-157.948233
81.521883
225.883300
132.472971
5.095250
-168.138450
-151.154754
84.918622
110.394166
1.698511
-56.046056
-45.855838
76.426774
95.108840
-47.554208
-67.934643
-15.285185
35.665903
-11.888446
-120.584101
6.793620
16.983838
-83.219970
32.269164
100.203949
67.934926
100.203949
180.027321
-27.173772
-319.293346
-147.758015
98.505579
61.141448
93.410470
73.030035
-83.219970
59.443078
212.296343
20.380577
-101.902035
-135.869428
-166.440081
45.856121
186.820799
100.203949
-22.078663
-113.790623
-54.347686
101.902318
130.774602
-27.173772
-161.344972
-180.027037
-23.777033
203.804495
137.568080
-33.967251
-13.586815
40.761012
-18.681924
-56.046056
39.062643
13.587098
-110.393883
-90.013448
5.095250
96.807209
52.649600
-39.062360
56.046339
98.505579
-1.698228
-105.298774
-139.266167
-44.157468
27.174055
-15.285185
-28.872142
35.665903
10.190359
-120.584101
-45.855838
71.331665
-61.141165
-130.774319
-64.537904
-52.649316
-11.888446
18.682207
-40.760729
-57.744425
-13.586815
-5.094967
-18.681924
-11.888446
-42.459099
-54.347686
-13.586815
59.443078
103.600688
27.174055
-32.268881
20.380577
50.951230
16.983838
-3.396598
88.315361
193.614277
193.614277
186.820799
183.424060
151.155037
112.092536
57.744708
83.220253
100.203949
44.157751
1.698511
11.888729
129.076232
168.138733
95.108840
18.682207
-44.157468
-23.777033
20.380577
-8.491707
-96.806926
-122.282471
-81.521600
-176.630298
-229.279756
-122.282471
-129.075949
-288.722693
-349.863999
-249.660192
-195.312364
-203.804212
-161.344972
-120.584101
-103.600405
-100.203666
-50.950947
23.777316
8.491990
-59.442795
-74.728121
-27.173772
-1.698228
-6.793337
6.793620
1.698511
-16.983555
-28.872142
-11.888446
37.364273
78.125144
83.220253
101.902318
151.155037
180.027321
259.850692
334.578955
246.263735
66.236556
78.125144
225.883300
256.453953
230.978409
215.693082
212.296343
275.136019
383.831674
424.592545
397.418631
417.799066
434.782763
473.845264
475.543633
35.665903
-653.872160
-832.200969
-591.032484
-579.143897
-822.010751
-951.086842
-774.456402
-388.926500
-129.075949
-37.363990
88.315361
101.902318
-39.062360
66.236556
351.562651
305.706672
100.203949
-18.681924
-86.616709
101.902318
273.437649
59.443078
-181.725407
-324.388455
-514.605851
-534.986287
-344.768890
-229.279756
-215.692799
-244.565083
-232.676495
-5.094967
315.896890
309.103411
74.728405
49.252860
74.728405
96.807209
200.407756
139.266450
5.095250
-23.777033
1.698511
147.758298
353.261021
378.736565
263.247432
276.834388
472.146894
613.111572
643.682225
529.891461
273.437649
122.282754
244.565366
534.986570
706.521901
711.617010
234.375148
-584.239005
-684.442813
-220.787908
-337.975412
-900.135754
-998.641191
-861.073252
-883.152057
-504.415634
96.807209
106.997427
-207.200951
-180.027037
191.915908
546.875157
545.176787
222.486561
1.698511
-6.793337
98.505579
215.693082
181.725690
6.793620
-253.056931
-444.972697
-326.086824
-54.347686
-54.347686
-339.673781
-536.684656
-536.684656
-319.293346
10.190359
-71.331382
-414.402044
-378.736282
-122.282471
40.761012
220.788191
283.627867
91.712101
66.236556
251.358844
395.720261
467.051785
273.437649
-56.046056
-30.570512
198.709386
159.646885
59.443078
39.062643
-67.934643
35.665903
298.913193
446.671350
689.538205
743.886032
314.198520
79.823513
536.684939
1008.831692
998.641474
747.282771
30.570795
-808.423794
-716.711835
-152.853124
-433.084110
-1097.146629
-1214.334132
-1151.494456
-876.358579
-227.581387
168.138733
88.315361
-159.646602
-190.217255
270.040910
849.184948
737.092554
117.187645
-101.902035
-18.681924
132.472971
404.212109
310.801781
-130.774319
-378.736282
-361.752586
-213.994430
16.983838
-100.203666
-546.874874
-608.016180
-351.562368
-171.535189
57.744708
103.600688
-388.926500
-681.046073
-315.896607
-59.442795
-193.613994
-213.994430
1.698511
186.820799
417.799066
633.492007
584.239289
438.179502
263.247432
79.823513
93.410470
129.076232
-86.616709
-229.279756
-54.347686
73.030035
83.220253
195.312647
431.386023
718.410488
779.551794
518.002874
404.212109
721.807227
1047.894193
1287.364308
1178.668653
-27.173772
-1314.537939
-1117.527064
-385.529761
-798.233577
-1552.309685
-1472.486313
-1258.491742
-971.467277
-152.853124
494.225699
407.608849
57.744708
74.728405
480.638742
905.231145
857.676796
327.785477
-115.488992
-146.059645
157.948516
392.323522
222.486561
-157.948233
-414.402044
-534.986287
-431.385740
-106.997144
-173.233559
-580.842266
-641.983572
-460.258024
-304.008019
-1.698228
261.549062
64.538187
-140.964536
-88.315078
-278.532475
-407.608566
-81.521600
139.266450
56.046339
105.299058
297.214824
490.828960
689.538205
501.019177
8.491990
-181.725407
-173.233559
-191.915625
-62.839534
66.236556
-61.141165
-152.853124
79.823513
494.225699
913.722993
1002.038213
703.125161
541.780048
640.285486
805.027338
1190.557240
1545.516490
767.663207
-939.198255
-1627.037948
-825.407491
-390.624870
-1277.173808
-2010.869481
-1813.858605
-1268.681960
-523.097699
270.040910
686.141465
484.035481
106.997427
270.040910
947.690386
1289.062678
791.440381
67.934926
-229.279756
-20.380294
360.054500
356.657760
-67.934643
-461.956393
-609.714550
-526.494439
-251.358561
-125.679210
-448.369436
-828.804230
-903.532493
-650.475420
-105.298774
244.565366
49.252860
-176.630298
69.633296
394.021892
441.576241
422.894175
309.103411
66.236556
-45.855838
57.744708
173.233842
163.043624
-54.347686
-332.880303
-300.611280
-100.203666
-83.219970
-147.758015
-98.505296
6.793620
156.250146
356.657760
490.828960
577.445810
720.108858
884.850710
969.769191
850.883318
655.570812
728.600706
1263.587134
1610.054535
546.875157
-1273.777068
-1740.828712
-876.358579
-927.309667
-1992.187415
-2138.247202
-1608.355882
-1272.078699
-618.206398
502.717547
1161.684957
855.978427
400.815370
604.619724
1289.062678
1472.486596
743.886032
-93.410187
-354.959108
-91.711818
144.361559
50.951230
-208.899321
-518.002591
-799.931946
-737.092271
-307.404758
-227.581387
-706.521618
-1073.369454
-1022.418366
-613.111289
81.521883
597.826245
468.750155
163.043624
343.070803
706.521901
823.709404
645.380595
227.581670
-236.073235
-366.847695
-125.679210
47.554491
-49.252577
-341.372151
-536.684656
-400.815087
-127.377579
27.174055
-32.268881
-101.902035
13.587098
319.293629
658.967551
752.377880
716.712118
789.742012
995.244735
1115.828977
935.801798
706.521901
944.293647
1674.592580
1419.837138
-555.366722
-2077.105896
-1559.103163
-929.008037
-1841.032519
-2610.393954
-2138.247202
-1503.056966
-949.388472
113.790906
1227.921372
1416.440399
915.421363
713.315379
1229.619742
1681.386059
1170.176805
188.519169
-385.529761
-380.434652
-103.600405
-6.793337
-208.899321
-478.940089
-748.980858
-927.309667
-652.173790
-229.279756
-419.497153
-959.578690
-1216.032502
-998.641191
-278.532475
618.206681
879.755601
490.828960
455.163198
774.456685
893.342558
835.597991
478.940372
-217.391169
-681.046073
-563.858570
-237.771604
-73.029752
-247.961822
-621.603137
-613.111289
-188.518886
84.918622
81.521883
56.046339
74.728405
232.676779
601.222985
816.915926
762.568098
720.108858
849.184948
1100.543651
1143.002891
884.850710
779.551794
1380.774637
2005.774655
806.725708
-1645.720014
-2474.524385
-1555.706424
-1613.450991
-2719.089609
-2700.407544
-1844.429259
-1306.046091
-424.592262
1137.907782
2109.375201
1723.845299
973.165930
1066.576259
1715.353451
1615.149644
623.301790
-285.325954
-672.554225
-585.937375
-307.404758
-242.866713
-414.402044
-662.364008
-985.054234
-1036.005323
-504.415634
-185.122146
-594.429223
-969.768908
-959.578690
-725.203683
33.967534
1069.972998
1272.078982
716.712118
538.383309
728.600706
743.886032
584.239289
154.551776
-531.589547
-878.056949
-667.459116
-353.260738
-174.931929
-242.866713
-546.874874
-602.921071
-256.453670
96.807209
285.326237
314.198520
217.391452
348.165912
754.076250
932.405059
837.296361
794.837121
869.565384
1002.038213
1088.655064
961.277343
961.277343
1725.543669
1876.698564
-290.421062
-2768.342328
-2686.820587
-1574.388490
-2195.991768
-3108.016251
-2408.287970
-1362.092288
-730.298792
562.160484
2248.641510
2644.361629
1654.212145
895.040928
1251.698547
1732.337147
1171.875175
-10.190076
-844.089556
-1036.005323
-747.282488
-387.228130
-295.516171
-463.654763
-823.709121
-1176.970000
-954.483581
-264.945518
-101.902035
-529.891178
-740.489010
-613.111289
-371.942804
343.070803
1292.459417
1436.820834
805.027338
343.070803
409.307218
599.524615
485.733851
-76.426491
-796.535207
-1058.084128
-777.853141
-331.181933
-64.537904
-239.469974
-628.396615
-652.173790
-180.027037
337.975695
546.875157
433.084393
264.945801
453.464828
867.867014
985.054517
755.774619
563.858853
630.095268
866.168644
1098.845281
1071.671368
1042.799084
1725.543669
2044.837156
-15.285185
-2905.910267
-3230.298863
-1936.141218
-2326.766229
-3430.706477
-2671.535260
-1156.589565
-341.372151
805.027338
2571.331736
3223.505668
2160.326290
1054.687671
1131.114304
1506.453989
939.198538
-246.263452
-1120.923803
-1358.695549
-1024.116735
-507.812373
-288.722693
-388.926500
-689.537921
-1063.179236
-1002.037930
-405.910196
-112.092253
-460.258024
-759.171076
-580.842266
-8.491707
866.168644
1521.739315
1416.440399
889.945819
582.540919
468.750155
232.676779
-174.931929
-553.668352
-786.344989
-927.309667
-872.961840
-533.287917
-163.043341
-84.918339
-247.961822
-356.657477
-217.391169
157.948516
467.051785
577.445810
592.731137
616.508311
689.538205
742.187663
691.236574
575.747440
587.636028
781.250164
995.244735
1086.956694
1168.478435
1791.780084
2231.657813
375.339826
-2865.149396
-3802.649423
-2432.065145
-2250.339596
-3293.138539
-2854.959178
-1246.603155
-118.885731
1027.513758
2756.454024
3622.622527
2661.345326
1221.127893
867.867014
1202.445828
818.614295
-375.339543
-1368.885767
-1621.942839
-1260.190112
-689.537921
-261.548779
-168.138450
-463.654763
-973.165647
-1061.480867
-472.146611
-59.442795
-336.277042
-567.255309
-295.516171
47.554491
446.671350
1256.793655
1808.763780
1306.046374
337.975695
-76.426491
69.633296
25.475686
-453.464545
-966.372168
-1141.304239
-1030.910214
-737.092271
-180.027037
237.771887
66.236556
-363.450956
-304.008019
309.103411
740.489293
665.761030
468.750155
455.163198
490.828960
516.304504
616.508311
636.888747
477.242003
414.402327
813.519186
1414.742029
1492.867032
1401.155072
2051.630634
1863.111607
-1136.209130
-4147.418454
-3661.684745
-2151.834159
-2866.847766
-3552.989089
-1988.790676
-157.948233
803.328969
2150.136072
3671.875245
3653.193180
2056.725743
730.299075
691.236574
813.519186
-50.950947
-1233.016198
-1739.130342
-1581.181968
-1020.719996
-388.926500
-83.219970
-127.377579
-550.271613
-1115.828694
-971.467277
-190.217255
6.793620
-426.290631
-392.323239
47.554491
431.386023
1058.084411
1640.625188
1394.361594
585.937658
100.203949
-49.252577
-285.325954
-616.508028
-957.880320
-1059.782497
-849.184665
-643.681942
-417.798783
54.347969
382.133305
132.472971
-147.758015
25.475686
331.182216
484.035481
534.986570
519.701243
412.703958
320.991998
387.228413
529.891461
512.907765
377.038196
558.763744
1112.432238
1508.152358
1433.424095
1509.850728
2189.198573
1689.877907
-1448.709139
-4446.331506
-4042.119538
-2438.858623
-2797.214612
-3203.124949
-1664.402079
156.250146
1251.698547
2618.886085
3923.233948
3607.337200
1888.587152
468.750155
237.771887
305.706672
-363.450956
-1343.410223
-1807.065127
-1547.214576
-857.676513
-224.184647
73.030035
20.380577
-482.336829
-1192.255327
-1132.812391
-341.372151
-15.285185
-191.915625
40.761012
568.953962
650.475703
589.334397
1046.195823
1521.739315
1075.068107
-115.488992
-889.945536
-859.374883
-567.255309
-460.258024
-574.048788
-748.980858
-816.915642
-499.320525
236.073518
754.076250
465.353416
-195.312364
-382.133021
-6.793337
461.956676
613.111572
354.959391
45.856121
134.171341
545.176787
779.551794
706.521901
538.383309
585.937658
1036.005606
1491.168662
1436.820834
1236.413220
1761.209431
1876.698564
-641.983572
-4059.103234
-4458.220093
-2659.646673
-2404.891231
-3011.209183
-1810.461866
105.299058
1139.606152
2185.801834
3598.845352
3853.600794
2357.337165
507.812656
-185.122146
66.236556
-188.518886
-1132.812391
-1693.274363
-1486.073270
-954.483581
-438.179219
11.888729
225.883300
-166.440081
-1037.703692
-1375.679245
-689.537921
13.587098
83.220253
78.125144
394.021892
844.089839
1107.337129
1068.274628
985.054517
837.296361
96.807209
-838.994447
-1075.067824
-891.643905
-808.423794
-675.950965
-450.067806
-329.483563
-181.725407
118.886014
426.290914
540.081679
222.486561
-237.771604
-297.214541
-1.698228
270.040910
324.388738
242.866996
280.231128
502.717547
635.190377
608.016463
658.967551
755.774619
867.867014
1129.415934
1370.584419
1277.174091
1384.171376
1953.125197
985.054517
-2415.081449
-4811.480973
-3751.698334
-2223.165682
-2620.584172
-2556.046126
-742.187379
888.247449
1742.527365
2890.625223
3901.155143
3328.804584
1385.869746
-163.043341
-276.834105
-37.363990
-628.396615
-1409.646638
-1530.230880
-1195.652066
-798.233577
-336.277042
110.394166
117.187645
-606.317810
-1411.345007
-1192.255327
-222.486278
314.198520
375.339826
531.589830
755.774619
973.165930
1251.698547
1076.766476
290.421345
-358.355847
-684.442813
-1049.592279
-1114.130325
-640.285203
-239.469974
-178.328668
-88.315078
74.728405
213.994713
310.801781
169.837103
-105.298774
-234.374865
-336.277042
-399.116718
-84.918339
329.483847
385.530044
361.752869
526.494722
754.076250
855.978427
672.554508
443.274611
597.826245
935.801798
1112.432238
1234.714850
1168.478435
1178.668653
1847.826281
1304.348005
-2070.312417
-4896.399454
-3962.296166
-2172.214594
-2426.970036
-2428.668405
-757.472706
720.108858
1508.152358
2753.057285
3986.073624
3527.513828
1462.296379
-266.643888
-424.592262
-71.331382
-545.176504
-1365.489028
-1598.165665
-1323.029787
-961.277060
-507.812373
50.951230
202.106126
-533.287917
-1406.249898
-1126.018912
-67.934643
472.146894
574.049071
781.250164
849.184948
838.994730
1127.717565
1036.005606
44.157751
-808.423794
-913.722710
-927.309667
-983.355865
-670.855856
-220.787908
130.774602
371.943087
300.611563
161.345255
236.073518
125.679493
-297.214541
-524.796069
-504.415634
-472.146611
-212.296060
259.850692
563.858853
653.872443
686.141465
781.250164
893.342558
718.410488
407.608849
460.258307
699.728422
818.614295
1061.481150
1187.160501
1083.559955
1683.084428
2017.663242
-456.861284
-4106.657583
-4604.279880
-2647.758086
-2202.785247
-2761.548850
-1628.736318
298.913193
1261.888764
2129.755637
3658.288289
4149.117107
2387.907818
127.377863
-475.543350
-49.252577
-388.926500
-1319.633048
-1677.989036
-1469.089574
-1227.921089
-849.184665
-154.551493
346.467543
-54.347686
-1030.910214
-1229.619458
-319.293346
478.940372
621.603420
776.155055
908.627885
531.589830
304.008302
733.695814
782.948533
-190.217255
-1161.684674
-1273.777068
-855.978144
-353.260738
40.761012
232.676779
285.326237
193.614277
22.078947
100.203949
237.771887
-208.899321
-837.296078
-832.200969
-448.369436
-142.662906
254.755584
665.761030
743.886032
687.839835
771.059946
912.024624
884.850710
519.701243
173.233842
212.296343
461.956676
811.820817
1149.796370
1112.432238
1217.731154
2172.214877
1908.967587
-1404.551529
-4512.567921
-4084.578778
-2505.095038
-2656.249934
-2693.614065
-996.942821
665.761030
1458.899639
2659.646956
4133.831780
3931.725796
1830.842585
-86.616709
-463.654763
-298.912910
-867.866731
-1684.782515
-1818.953714
-1438.518921
-1105.638477
-635.190094
134.171341
465.353416
-159.646602
-978.260756
-861.073252
-16.983555
470.448524
502.717547
648.777334
757.472989
551.970266
640.285486
1013.926801
392.323522
-1056.385758
-1521.739032
-782.948250
-343.070520
-494.225416
-315.896607
239.470257
519.701243
365.149608
183.424060
166.440364
-90.013448
-670.855856
-842.391187
-421.195523
-229.279756
-302.309650
71.331665
677.649617
905.231145
825.407774
754.076250
733.695814
638.587116
380.434935
222.486561
387.228413
635.190377
838.994730
1112.432238
1178.668653
1202.445828
1920.856174
1880.095303
-1015.624887
-4466.711941
-4553.328792
-2666.440151
-2435.461884
-2673.233630
-1029.211844
923.913211
1637.228449
2491.508364
4014.945907
4120.244823
2024.456721
-186.820516
-764.266184
-550.271613
-976.562386
-1645.720014
-1644.021644
-1219.429241
-1000.339561
-687.839552
91.712101
599.524615
30.570795
-981.657495
-1039.402062
-178.328668
409.307218
551.970266
816.915926
903.532776
429.687654
198.709386
611.413202
621.603420
-237.771604
-964.673799
-973.165647
-827.105860
-713.315096
-266.643888
341.372434
533.288200
207.201234
-64.537904
47.554491
117.187645
-215.692799
-585.937375
-658.967268
-630.094985
-412.703674
219.089822
869.565384
1002.038213
755.774619
580.842549
592.731137
667.459400
616.508311
353.261021
90.013731
98.505579
399.117001
862.771905
1212.636045
1197.350719
1351.902354
2077.106179
1482.676814
-1839.334150
-4707.880427
-4047.214647
-2438.858623
-2634.171129
-2372.622208
-268.342257
1258.492025
1655.910514
2860.054570
4273.098089
3573.369808
1180.367023
-482.336829
-648.777051
-667.459116
-1283.967286
-1683.084145
-1438.518921
-1166.779783
-1025.815105
-461.956393
356.657760
512.907765
-241.168344
-978.260756
-796.535207
-64.537904
390.625153
660.665921
1005.434953
918.818102
370.244717
361.752869
796.535490
234.375148
-1153.192826
-1560.801533
-859.374883
-450.067806
-421.195523
-20.380294
472.146894
550.271896
358.356130
198.709386
130.774602
-127.377579
-699.728139
-983.355865
-645.380312
-290.421062
-137.567797
273.437649
849.184948
1034.307236
838.994730
669.157769
631.793638
601.222985
409.307218
118.886014
16.983838
183.424060
531.589830
990.149626
1246.603438
1056.386041
1236.413220
2212.975748
1645.720297
-1878.396651
-4848.845104
-4179.687477
-2613.790693
-2715.692870
-2119.565136
134.171341
1504.755619
1735.733886
2875.339897
4257.812762
3554.687742
1255.095286
-478.940089
-985.054234
-1149.796087
-1496.263488
-1584.578708
-1285.665656
-1049.592279
-917.119450
-441.575958
290.421345
541.780048
-44.157468
-840.692817
-849.184665
-185.122146
310.801781
670.856139
1192.255610
1238.111590
444.972980
-118.885731
169.837103
298.913193
-448.369436
-1241.508046
-1226.222719
-782.948250
-409.306935
20.380577
511.209395
718.410488
458.559937
15.285468
-176.630298
-151.154754
-411.005305
-854.279774
-840.692817
-427.989001
-57.744425
385.530044
945.992016
1156.589848
864.470275
482.337112
366.847978
473.845264
434.782763
67.934926
-244.565083
-103.600405
402.513740
949.388755
1224.524633
1148.098000
1129.415934
1815.557258
2350.543686
443.274611
-3259.171146
-4887.907606
-3588.654851
-2598.505367
-2499.999929
-1086.956411
806.725708
1440.217574
1970.108893
3406.929586
4030.231234
2635.869781
519.701243
-799.931946
-1151.494456
-1266.983590
-1406.249898
-1300.950982
-1056.385758
-929.008037
-794.836837
-327.785194
319.293629
441.576241
-288.722693
-991.847713
-735.393901
30.570795
625.000159
1127.717565
1440.217574
1120.924086
309.103411
-324.388455
-346.467260
-144.361276
-558.763461
-1367.187397
-1358.695549
-516.304221
64.538187
298.913193
681.046356
835.597991
397.418631
-134.171058
-280.230845
-285.325954
-533.287917
-891.643905
-847.486296
-305.706389
287.024606
750.679511
1085.258324
1061.481150
731.997445
434.782763
292.119715
213.994713
103.600688
-163.043341
-327.785194
20.380577
645.380595
1075.068107
1221.127893
1222.826263
1300.951265
1893.682260
2376.019231
609.714833
-3097.826033
-5000.000000
-3795.855944
-2583.220040
-2460.937428
-1241.508046
653.872443
1356.997463
1815.557258
3248.981212
4067.595365
2809.103482
619.905050
-822.010751
-1137.907499
-1159.986304
-1399.456420
-1424.931964
-1083.559672
-910.325971
-935.801515
-470.448241
388.926783
599.524615
-151.154754
-815.217273
-551.969983
96.807209
501.019177
883.152340
1234.714850
988.451256
217.391452
-341.372151
-361.752586
-276.834105
-562.160200
-1015.624887
-1025.815105
-541.779765
-49.252577
390.625153
791.440381
755.774619
271.739280
-134.171058
-309.103128
-453.464545
-584.239005
-692.934661
-711.616726
-366.847695
251.358844
789.742012
1051.290932
952.785495
613.111572
346.467543
220.788191
78.125144
-10.190076
-22.078663
-66.236273
84.918622
567.255592
1039.402345
1241.508329
1277.174091
1209.239306
1324.728440
2012.568133
1776.494757
-1188.858588
-4631.453794
-4794.497277
-2854.959178
-2180.706442
-1917.459152
-317.594976
1161.684957
1589.674100
2430.367058
3760.190465
3678.668724
1779.891496
-371.942804
-1277.173808
-1098.844998
-1063.179236
-1362.092288
-1326.426526
-1005.434670
-895.040645
-699.728139
-18.681924
570.652332
300.611563
-538.383026
-810.122164
-212.296060
426.290914
713.315379
1019.021910
1187.160501
708.220270
-42.459099
-441.575958
-555.366722
-650.475420
-822.010751
-962.975429
-791.440098
-247.961822
304.008302
625.000159
772.758316
623.301790
135.869711
-353.260738
-536.684656
-519.700960
-609.714550
-726.902053
-528.192808
-28.872142
480.638742
822.011034
925.611581
757.472989
507.812656
319.293629
117.187645
-33.967251
-10.190076
28.872425
-16.983555
130.774602
541.780048
886.549080
1069.972998
1246.603438
1294.157787
1387.568116
2015.964873
1873.301825
-915.421080
-4330.842372
-4719.769014
-2978.940160
-2253.736335
-1944.633066
-434.782479
1034.307236
1535.326272
2282.608902
3581.861656
3739.810030
2014.266503
-149.456384
-1107.336846
-1046.195540
-1132.812391
-1435.122182
-1358.695549
-1049.592279
-979.959125
-805.027055
-69.633013
643.682225
450.068089
-358.355847
-650.475420
-217.391169
234.375148
519.701243
906.929515
1098.845281
638.587116
-113.790623
-482.336829
-365.149325
-202.105842
-460.258024
-922.214558
-920.516189
-421.195523
49.252860
383.831674
698.030053
591.032767
-16.983555
-400.815087
-271.738997
-151.154754
-360.054216
-570.652049
-494.225416
-127.377579
373.641456
737.092554
740.489293
514.606134
353.261021
203.804495
23.777316
25.475686
140.964819
88.315361
22.078947
258.152323
618.206681
827.106143
969.769191
1197.350719
1326.426810
1273.777351
1577.785512
1864.809977
163.043624
-3289.741799
-4879.415757
-3483.355935
-2260.529814
-2199.388508
-1134.510760
733.695814
1572.690403
1942.934979
3080.842620
3812.839923
2659.646956
473.845264
-898.437384
-1056.385758
-1086.956411
-1421.535225
-1455.502617
-1075.067824
-828.804230
-776.154772
-371.942804
334.578955
512.907765
-159.646602
-735.393901
-422.893892
185.122429
492.527329
823.709404
1226.223002
1049.592563
244.565366
-441.575958
-613.111289
-523.097699
-594.429223
-854.279774
-895.040645
-514.605851
-20.380294
354.959391
709.918640
801.630599
380.434935
-112.092253
-232.676495
-246.263452
-480.638459
-730.298792
-718.410205
-400.815087
96.807209
596.127876
857.676796
789.742012
563.858853
334.578955
118.886014
-20.380294
0.000142
54.347969
64.538187
164.741994
351.562651
560.462114
822.011034
1071.671368
1176.970284
1115.828977
1185.462132
1759.511061
1769.701279
-565.556940
-3879.076055
-4617.866837
-2924.592333
-2053.328721
-1949.728175
-575.747157
1061.481150
1450.407791
1863.111607
3187.839906
3651.494810
2138.247485
56.046339
-966.372168
-1022.418366
-1163.383044
-1486.073270
-1399.456420
-1024.116735
-912.024341
-813.518903
-178.328668
591.032767
635.190377
-49.252577
-473.844981
-193.613994
185.122429
363.451239
675.951248
952.785495
540.081679
-329.483563
-691.236291
-317.594976
16.983838
-242.866713
-660.665638
-757.472706
-526.494439
-40.760729
485.733851
667.459400
344.769173
-122.282471
-310.801498
-203.804212
-118.885731
-254.755300
-460.258024
-529.891178
-280.230845
285.326237
731.997445
704.823531
434.782763
268.342540
139.266450
-16.983555
33.967534
237.771887
280.231128
229.280039
324.388738
541.780048
726.902336
830.502882
855.978427
823.709404
782.948533
903.532776
1535.326272
1720.448560
-421.195523
-3631.114092
-4305.366828
-2573.029823
-1761.209147
-1768.002626
-458.559654
1036.005606
1227.921372
1559.103447
2933.084464
3476.562740
2005.774655
-61.141165
-1069.972715
-1086.956411
-1124.320542
-1287.364025
-1076.766193
-691.236291
-667.459116
-716.711835
-154.551493
636.888747
633.492007
-193.613994
-735.393901
-482.336829
-106.997144
129.076232
609.714833
1037.703975
713.315379
-6.793337
-290.421062
-163.043341
-108.695514
-317.594976
-657.268899
-801.630316
-572.350418
-212.296060
140.964819
553.668635
648.777334
180.027321
-237.771604
-210.597691
-135.869428
-259.850409
-444.972697
-495.923786
-264.945518
108.695797
411.005588
596.127876
604.619724
385.530044
166.440364
95.108840
83.220253
154.551776
270.040910
271.739280
236.073518
256.453953
341.372434
560.462114
857.676796
995.244735
917.119733
845.788209
1210.937676
1871.603455
1025.815388
-1951.426544
-4089.673887
-3332.201040
-2061.820569
-2058.423830
-1379.075984
305.706672
937.500168
927.309950
2058.424113
3383.152411
2854.959461
1002.038213
-353.260738
-711.616726
-842.391187
-1131.114021
-1163.383044
-925.611298
-893.342275
-1054.687388
-798.233577
-23.777033
489.130590
173.233842
-409.306935
-380.434652
32.269164
263.247432
602.921354
1085.258324
937.500168
140.964819
-400.815087
-385.529761
-185.122146
-91.711818
-326.086824
-784.646620
-917.119450
-512.907482
54.347969
448.369719
584.239289
400.815370
0.000142
-222.486278
-108.695514
-18.681924
-242.866713
-516.304221
-472.146611
-157.948233
247.962105
562.160484
604.619724
444.972980
254.755584
78.125144
3.396881
144.361559
302.309933
251.358844
176.630581
264.945801
404.212109
528.193091
704.823531
869.565384
895.040928
774.456685
805.027338
1504.755619
2024.456721
281.929497
-2985.733639
-4179.687477
-2804.008090
-1976.902088
-2024.456438
-840.692817
716.712118
974.864300
1236.413220
2708.899675
3583.560026
2393.002927
407.608849
-735.393901
-1015.624887
-1195.652066
-1358.695549
-1216.032502
-922.214558
-845.787926
-845.787926
-370.244434
458.559937
728.600706
86.616992
-521.399330
-399.116718
-64.537904
144.361559
548.573527
930.706690
698.030053
42.459382
-322.690085
-198.709103
42.459382
-74.728121
-609.714550
-940.896624
-665.760747
-273.437366
-83.219970
242.866996
572.350701
348.165912
-93.410187
-22.078663
237.771887
42.459382
-368.546065
-492.527046
-368.546065
-166.440081
115.489275
378.736565
511.209395
453.464828
215.693082
49.252860
161.345255
331.182216
327.785477
239.470257
236.073518
266.644171
215.693082
283.627867
596.127876
855.978427
837.296361
769.361576
854.280057
1278.872460
1776.494757
762.568098
-2068.614047
-3875.679316
-3063.858641
-1929.347739
-1762.907517
-954.483581
373.641456
765.964837
1037.703975
2218.070856
3031.589901
2287.704011
721.807227
-543.478135
-1032.608583
-978.260756
-937.499885
-962.975429
-820.312382
-675.950965
-701.426509
-499.320525
122.282754
518.002874
132.472971
-504.415634
-551.969983
-134.171058
205.502865
484.035481
794.837121
788.043642
297.214824
-241.168344
-349.863999
-137.567797
-127.377579
-482.336829
-781.249881
-704.823248
-383.831391
-6.793337
334.578955
511.209395
366.847978
27.174055
-110.393883
49.252860
64.538187
-193.613994
-394.021609
-463.654763
-383.831391
-27.173772
377.038196
529.891461
492.527329
297.214824
47.554491
83.220253
310.801781
346.467543
246.263735
183.424060
164.741994
273.437649
429.687654
502.717547
645.380595
796.535490
723.505597
602.921354
872.962123
1652.513775
1672.894211
-502.717264
-3181.046144
-3434.103217
-2109.374918
-1727.241755
-1509.850445
-297.214541
511.209395
567.255592
1316.236592
2573.030106
2729.280110
1560.801816
103.600688
-718.410205
-771.059663
-708.219987
-835.597708
-832.200969
-708.219987
-818.614012
-891.643905
-341.372151
399.117001
365.149608
-288.722693
-495.923786
-103.600405
154.551776
253.057214
609.714833
864.470275
506.114286
-64.537904
-309.103128
-309.103128
-246.263452
-263.247149
-477.241720
-674.252595
-536.684656
-174.931929
151.155037
368.546348
319.293629
27.174055
-106.997144
15.285468
120.584384
66.236556
-157.948233
-448.369436
-528.192808
-312.499867
61.141448
382.133305
436.481132
305.706672
263.247432
326.087107
407.608849
484.035481
348.165912
28.872425
-66.236273
100.203949
181.725690
191.915908
404.212109
670.856139
735.394184
738.790923
844.089839
1098.845281
1577.785512
1606.657796
-127.377579
-2829.483634
-3695.652137
-2484.714603
-1613.450991
-1373.980876
-456.861284
524.796352
771.059946
1266.983873
2347.146947
2705.502936
1718.750190
152.853407
-898.437384
-988.450973
-784.646620
-847.486296
-845.787926
-624.999876
-580.842266
-618.206398
-236.073235
375.339826
444.972980
-159.646602
-599.524332
-448.369436
-178.328668
64.538187
565.557223
947.690386
660.665921
91.712101
-178.328668
-171.535189
-120.584101
-193.613994
-497.622155
-883.152057
-900.135754
-427.989001
132.472971
434.782763
478.940372
312.500150
23.777316
-18.681924
183.424060
173.233842
-132.472688
-438.179219
-619.904767
-538.383026
-28.872142
472.146894
485.733851
297.214824
247.962105
220.788191
239.470257
385.530044
378.736565
169.837103
91.712101
171.535472
215.693082
270.040910
399.117001
484.035481
458.559937
421.195806
489.130590
716.712118
1102.242021
1584.578991
1294.157787
-672.554225
-2894.021680
-3016.304292
-1723.845016
-1260.190112
-1199.048805
-395.719978
312.500150
543.478418
1224.524633
2167.119768
2207.880639
1205.842567
-84.918339
-754.075967
-594.429223
-429.687371
-616.508028
-660.665638
-509.510742
-611.412919
-694.633030
-270.040627
230.978409
123.981123
-402.513457
-606.317810
-305.706389
123.981123
489.130590
815.217556
876.358862
429.687654
-234.374865
-450.067806
-151.154754
-79.823230
-555.366722
-934.103146
-786.344989
-402.513457
37.364273
536.684939
832.201252
618.206681
67.934926
-224.184647
-59.442795
32.269164
-285.325954
-630.094985
-709.918357
-602.921071
-219.089539
351.562651
706.521901
711.617010
568.953962
388.926783
276.834388
307.405042
217.391452
-45.855838
-176.630298
-164.741711
-117.187362
103.600688
455.163198
687.839835
750.679511
675.951248
606.318093
696.331683
777.853424
883.152340
1263.587134
940.896907
-1056.385758
-2924.592333
-2550.951018
-1316.236309
-1165.081413
-1095.448259
-246.263452
293.818085
392.323522
1058.084411
1958.220306
1927.649653
935.801798
-79.823230
-371.942804
-181.725407
-281.929214
-655.570529
-760.869445
-709.918357
-847.486296
-828.804230
-341.372151
135.869711
49.252860
-336.277042
-324.388455
105.299058
399.117001
475.543633
636.888747
686.141465
297.214824
-173.233559
-324.388455
-317.594976
-382.133021
-439.877588
-497.622155
-584.239005
-456.861284
0.000142
429.687654
501.019177
278.532758
-6.793337
-90.013448
71.331665
137.568080
-45.855838
-280.230845
-497.622155
-579.143897
-234.374865
287.024606
434.782763
310.801781
310.801781
324.388738
239.470257
220.788191
227.581670
134.171341
23.777316
13.587098
123.981123
295.516454
363.451239
302.309933
368.546348
567.255592
638.587116
630.095268
738.790923
906.929515
1248.301807
1421.535508
130.774602
-2255.434705
-3128.396686
-2065.217308
-1423.233594
-1443.614030
-585.937375
377.038196
414.402327
723.505597
1791.780084
2248.641510
1501.358880
329.483847
-482.336829
-587.635745
-443.274328
-579.143897
-631.793355
-409.306935
-477.241720
-776.154772
-560.461831
16.983838
146.059928
-278.532475
-562.160200
-295.516171
113.790906
283.627867
514.606134
876.358862
750.679511
86.616992
-261.548779
-32.268881
54.347969
-375.339543
-847.486296
-891.643905
-611.412919
-312.499867
27.174055
490.828960
653.872443
234.375148
-101.902035
84.918622
203.804495
-127.377579
-417.798783
-407.608566
-344.768890
-270.040627
-23.777033
360.054500
570.652332
399.117001
129.076232
164.741994
281.929497
120.584384
-64.537904
-42.459099
42.459382
113.790906
242.866996
414.402327
506.114286
443.274611
370.244717
478.940372
621.603420
579.144180
470.448524
484.035481
883.152340
1501.358880
861.073535
-1474.184683
-2982.336899
-2233.355900
-1333.220005
-1368.885767
-782.948250
217.391452
234.375148
236.073518
1331.521918
2229.959444
1768.002909
616.508311
-297.214541
-555.366722
-392.323239
-436.480849
-611.412919
-509.510742
-475.543350
-757.472706
-716.711835
-112.092253
217.391452
-181.725407
-560.461831
-331.181933
45.856121
208.899604
523.097982
961.277343
832.201252
144.361559
-310.801498
-222.486278
-54.347686
-300.611280
-771.059663
-849.184665
-506.114003
-249.660192
-62.839534
370.244717
602.921354
229.280039
-118.885731
61.141448
261.549062
27.174055
-314.198237
-394.021609
-312.499867
-241.168344
-86.616709
215.693082
409.307218
312.500150
159.646885
178.328951
271.739280
229.280039
79.823513
-6.793337
13.587098
90.013731
200.407756
302.309933
337.975695
320.991998
337.975695
465.353416
633.492007
682.744726
635.190377
597.826245
669.157769
1100.543651
1404.551812
140.964819
-2207.880356
-2994.225487
-1941.236326
-1384.171093
-1390.964572
-482.336829
417.799066
337.975695
574.049071
1635.530079
2104.280092
1399.456703
302.309933
-433.084110
-499.320525
-353.260738
-482.336829
-553.668352
-412.703674
-574.048788
-871.263470
-597.825962
-37.363990
59.443078
-229.279756
-337.975412
-113.790623
156.250146
387.228413
682.744726
861.073535
584.239289
-69.633013
-558.763461
-529.891178
-331.181933
-390.624870
-533.287917
-506.114003
-336.277042
0.000142
472.146894
696.331683
426.290914
-16.983555
-270.040627
-246.263452
-103.600405
-95.108557
-236.073235
-348.165629
-370.244434
-202.105842
181.725690
438.179502
412.703958
320.991998
229.280039
91.712101
33.967534
56.046339
54.347969
40.761012
44.157751
156.250146
416.100697
538.383309
436.481132
366.847978
293.818085
178.328951
210.597974
341.372434
417.799066
514.606134
686.141465
1093.750172
1567.595295
771.059946
-1467.391204
-2751.358632
-2092.391222
-1470.787944
-1491.168379
-833.899339
64.538187
202.106126
448.369719
1418.138769
2080.502918
1684.782798
660.665921
-237.771604
-499.320525
-409.306935
-543.478135
-675.950965
-497.622155
-468.749872
-765.964554
-720.108575
-123.980840
268.342540
18.682207
-343.070520
-271.738997
1.698511
166.440364
438.179502
777.853424
670.856139
110.394166
-341.372151
-380.434652
-200.407473
-210.597691
-485.733568
-638.586833
-450.067806
-174.931929
81.521883
375.339826
397.418631
113.790906
-95.108557
-95.108557
6.793620
57.744708
-66.236273
-219.089539
-198.709103
-140.964536
-54.347686
134.171341
180.027321
117.187645
208.899604
225.883300
62.839817
96.807209
239.470257
168.138733
98.505579
163.043624
190.217538
224.184930
285.326237
304.008302
324.388738
354.959391
378.736565
475.543633
540.081679
487.432221
511.209395
759.171359
1207.540937
1253.396916
-142.662906
-2209.578725
-2715.692870
-1776.494474
-1311.141200
-1132.812391
-302.309650
288.722976
314.198520
794.837121
1642.323558
1830.842585
1158.288218
123.981123
-526.494439
-422.893892
-261.548779
-455.162915
-433.084110
-251.358561
-541.779765
-884.850427
-611.412919
-101.902035
6.793620
-249.660192
-371.942804
-139.266167
191.915908
465.353416
782.948533
898.437667
438.179502
-246.263452
-557.065092
-485.733568
-377.037913
-380.434652
-485.733568
-524.796069
-247.961822
285.326237
662.364291
599.524615
212.296343
-224.184647
-424.592262
-290.421062
-100.203666
-135.869428
-215.692799
-176.630298
-91.711818
106.997427
326.087107
275.136019
90.013731
56.046339
52.649600
-27.173772
1.698511
117.187645
139.266450
149.456668
256.453953
341.372434
351.562651
329.483847
271.739280
210.597974
164.741994
110.394166
147.758298
354.959391
584.239289
628.396898
630.095268
925.611581
1504.755619
1430.027356
-288.722693
-2505.095038
-2934.782550
-1874.999912
-1341.711853
-1097.146629
-137.567797
521.399613
411.005588
796.535490
1718.750190
1830.842585
939.198538
-103.600405
-648.777051
-534.986287
-290.421062
-332.880303
-292.119432
-168.138450
-480.638459
-832.200969
-514.605851
-22.078663
-91.711818
-431.385740
-431.385740
-105.298774
253.057214
577.445810
845.788209
815.217556
354.959391
-180.027037
-417.798783
-434.782479
-416.100414
-400.815087
-421.195523
-472.146611
-385.529761
-22.078663
458.559937
681.046356
368.546348
-232.676495
-484.035198
-239.469974
-37.363990
-35.665620
39.062643
39.062643
-140.964536
-79.823230
254.755584
327.785477
67.934926
-151.154754
-195.312364
-76.426491
135.869711
278.532758
298.913193
273.437649
207.201234
197.011017
293.818085
368.546348
266.644171
47.554491
-37.363990
45.856121
181.725690
424.592545
704.823531
723.505597
587.636028
670.856139
974.864300
1351.902354
1019.021910
-949.388472
-3058.763532
-2921.195593
-1557.404794
-1103.940107
-687.839552
399.117001
740.489293
477.242003
993.546365
1732.337147
1499.660510
504.415917
-507.812373
-879.755318
-523.097699
-213.994430
-193.613994
-16.983555
13.587098
-499.320525
-815.217273
-443.274328
-61.141165
-232.676495
-572.350418
-455.162915
22.078947
363.451239
584.239289
833.899622
767.663207
213.994713
-312.499867
-453.464545
-478.940089
-545.176504
-433.084110
-166.440081
-91.711818
-178.328668
1.698511
443.274611
574.049071
154.551776
-334.578672
-439.877588
-329.483563
-261.548779
-49.252577
288.722976
261.549062
-81.521600
-90.013448
232.676779
327.785477
95.108840
-180.027037
-246.263452
-61.141165
129.076232
215.693082
341.372434
371.943087
180.027321
57.744708
174.932212
271.739280
198.709386
62.839817
27.174055
125.679493
247.962105
448.369719
708.220270
730.299075
580.842549
630.095268
891.644189
1292.459417
1229.619742
-443.274328
-2795.516242
-3175.951035
-1813.858605
-1114.130325
-811.820534
241.168627
879.755601
611.413202
786.345272
1462.296379
1435.122465
540.081679
-523.097699
-1007.133039
-574.048788
0.000142
37.364273
33.967534
168.138733
-202.105842
-811.820534
-747.282488
-280.230845
-298.912910
-657.268899
-609.714550
-125.679210
300.611563
551.970266
801.630599
874.660492
453.464828
-151.154754
-365.149325
-332.880303
-482.336829
-557.065092
-244.565083
22.078947
-105.298774
-217.391169
81.521883
441.576241
307.405042
-210.597691
-434.782479
-242.866713
-98.505296
-13.586815
251.358844
324.388738
-11.888446
-200.407473
3.396881
213.994713
156.250146
-122.282471
-307.404758
-120.584101
183.424060
293.818085
404.212109
485.733851
232.676779
-47.554208
-3.396598
130.774602
205.502865
242.866996
164.741994
144.361559
319.293629
492.527329
657.269182
772.758316
563.858853
295.516454
416.100697
801.630599
1243.206698
886.549080
-1154.891196
-3060.461902
-2544.157539
-1109.035216
-789.741729
-429.687371
504.415917
608.016463
273.437649
757.472989
1377.377898
1088.655064
112.092536
-798.233577
-813.518903
5.095250
424.592545
191.915908
137.568080
56.046339
-613.111289
-1076.766193
-684.442813
-254.755300
-463.654763
-745.584119
-484.035198
100.203949
543.478418
764.266468
852.581687
686.141465
134.171341
-353.260738
-288.722693
-40.760729
-157.948233
-377.037913
-395.719978
-360.054216
-281.929214
-106.997144
93.410470
217.391452
52.649600
-353.260738
-395.719978
23.777316
225.883300
161.345255
178.328951
93.410470
-66.236273
-3.396598
95.108840
39.062643
-50.950947
-232.676495
-344.768890
-105.298774
224.184930
351.562651
409.307218
373.641456
205.502865
151.155037
171.535472
98.505579
100.203949
149.456668
61.141448
25.475686
219.089822
461.956676
618.206681
657.269182
601.222985
594.429506
621.603420
604.619724
898.437667
1217.731154
6.793620
-2449.048841
-3248.980929
-1764.605887
-635.190094
-551.969983
6.793620
657.269182
523.097982
506.114286
969.769191
1064.877889
443.274611
-585.937375
-1086.956411
-273.437366
750.679511
691.236574
281.929497
156.250146
-315.896607
-920.516189
-867.866731
-473.844981
-448.369436
-752.377597
-805.027055
-219.089539
519.701243
765.964837
779.551794
772.758316
387.228413
-195.312364
-305.706389
18.682207
67.934926
-411.005305
-781.249881
-446.671067
127.377863
215.693082
39.062643
13.587098
-56.046056
-283.627584
-363.450956
-81.521600
261.549062
166.440364
-181.725407
-161.344972
146.059928
210.597974
84.918622
33.967534
-33.967251
-152.853124
-117.187362
117.187645
285.326237
217.391452
78.125144
44.157751
84.918622
156.250146
159.646885
13.587098
-64.537904
50.951230
181.725690
268.342540
378.736565
426.290914
378.736565
358.356130
417.799066
504.415917
467.051785
317.595259
387.228413
791.440381
1255.095286
1003.736583
-743.885749
-2753.057002
-2703.804283
-1188.858588
-546.874874
-427.989001
222.486561
448.369719
127.377863
377.038196
884.850710
750.679511
103.600688
-580.842266
-545.176504
497.622438
1192.255610
764.266468
193.614277
-217.391169
-867.866731
-1195.652066
-823.709121
-502.717264
-641.983572
-803.328686
-499.320525
261.549062
862.771905
866.168644
562.160484
212.296343
-135.869428
-213.994430
76.426774
346.467543
254.755584
-191.915625
-692.934661
-708.219987
-146.059645
249.660475
40.761012
-287.024323
-365.149325
-293.817802
-10.190076
366.847978
373.641456
18.682207
-249.660192
-232.676495
95.108840
414.402327
200.407756
-276.834105
-336.277042
-83.219970
137.568080
366.847978
399.117001
110.394166
-100.203666
-71.331382
62.839817
241.168627
193.614277
-71.331382
-57.744425
203.804495
365.149608
497.622438
501.019177
254.755584
106.997427
152.853407
290.421345
568.953962
618.206681
329.483847
317.595259
652.174073
1075.068107
1143.002891
-312.499867
-2578.124931
-2822.690156
-1214.334132
-421.195523
-295.516171
264.945801
353.261021
11.888729
266.644171
630.095268
519.701243
120.584384
-448.369436
-390.624870
664.062660
1222.826263
655.570812
103.600688
-315.896607
-1000.339561
-1268.681960
-886.548797
-482.336829
-354.959108
-380.434652
-202.105842
365.149608
725.203966
458.559937
47.554491
-161.344972
-298.912910
-234.374865
173.233842
558.763744
487.432221
-45.855838
-489.130307
-312.499867
118.886014
91.712101
-346.467260
-614.809658
-523.097699
-227.581387
84.918622
270.040910
249.660475
64.538187
-113.790623
-30.570512
271.739280
322.690368
-15.285185
-298.912910
-249.660192
-13.586815
217.391452
326.087107
281.929497
161.345255
10.190359
-120.584101
-5.094967
256.453953
213.994713
-81.521600
-132.472688
125.679493
331.182216
377.038196
320.991998
166.440364
28.872425
76.426774
298.913193
565.557223
670.856139
465.353416
268.342540
421.195806
640.285486
859.375166
1143.002891
270.040910
-2022.758068
-3002.717335
-1440.217291
-54.347686
-198.709103
-234.374865
83.220253
13.587098
101.902318
394.021892
285.326237
-15.285185
-322.690085
-353.260738
604.619724
1579.483882
1052.989302
-42.459099
-451.766176
-675.950965
-945.991733
-835.597708
-575.747157
-441.575958
-304.008019
-67.934643
295.516454
411.005588
22.078947
-275.135736
-181.725407
-120.584101
-35.665620
237.771887
366.847978
373.641456
343.070803
83.220253
-200.407473
-309.103128
-421.195523
-411.005305
-230.978126
-142.662906
-1.698228
224.184930
161.345255
-35.665620
-57.744425
-122.282471
-198.709103
-79.823230
23.777316
66.236556
146.059928
76.426774
-22.078663
144.361559
304.008302
249.660475
225.883300
251.358844
144.361559
-32.268881
-113.790623
-117.187362
-144.361276
-166.440081
-33.967251
215.693082
336.277325
266.644171
197.011017
234.375148
251.358844
222.486561
290.421345
465.353416
553.668635
512.907765
470.448524
409.307218
341.372434
558.763744
991.847996
456.861568
-1525.135771
-2768.342328
-1642.323275
-154.551493
-74.728121
-210.597691
27.174055
-42.459099
-20.380294
256.453953
190.217538
-20.380294
-188.518886
-253.056931
579.144180
1625.339861
1100.543651
-193.613994
-631.793355
-687.839552
-742.187379
-504.415634
-405.910196
-463.654763
-254.755300
-40.760729
147.758298
349.864282
-40.760729
-665.760747
-528.192808
44.157751
368.546348
506.114286
465.353416
292.119715
159.646885
-27.173772
-234.374865
-281.929214
-337.975412
-356.657477
-157.948233
54.347969
157.948516
132.472971
-164.741711
-400.815087
-215.692799
-54.347686
-108.695514
-71.331382
66.236556
202.106126
312.500150
230.978409
30.570795
-18.681924
3.396881
22.078947
173.233842
293.818085
174.932212
-10.190076
-57.744425
-6.793337
42.459382
54.347969
96.807209
157.948516
176.630581
164.741994
152.853407
152.853407
90.013731
-11.888446
130.774602
494.225699
640.285486
540.081679
524.796352
478.940372
290.421345
225.883300
427.989284
788.043642
475.543633
-1149.796087
-2433.763514
-1618.546100
-132.472688
236.073518
123.981123
-22.078663
-382.133021
-293.817802
105.299058
37.364273
-169.836820
-251.358561
-229.279756
516.304504
1484.375184
1188.858871
56.046339
-652.173790
-810.122164
-541.779765
-171.535189
-202.105842
-348.165629
-302.309650
-266.643888
-101.902035
134.171341
-64.537904
-438.179219
-441.575958
-86.616709
429.687654
664.062660
346.467543
22.078947
-40.760729
-180.027037
-200.407473
18.682207
-27.173772
-176.630298
-28.872142
79.823513
61.141448
22.078947
-298.912910
-580.842266
-300.611280
59.443078
69.633296
62.839817
103.600688
88.315361
144.361559
173.233842
57.744708
-22.078663
-40.760729
-13.586815
208.899604
360.054500
176.630581
-49.252577
-108.695514
-56.046056
64.538187
151.155037
144.361559
149.456668
135.869711
83.220253
110.394166
164.741994
113.790906
64.538187
125.679493
258.152323
385.530044
434.782763
427.989284
380.434935
263.247432
270.040910
460.258307
626.698529
855.978427
630.095268
-918.817819
-2398.097752
-1774.796104
-220.787908
276.834388
125.679493
-95.108557
-438.179219
-293.817802
156.250146
71.331665
-207.200951
-295.516171
-283.627584
387.228413
1302.649635
1020.720279
-69.633013
-652.173790
-686.141182
-356.657477
156.250146
174.932212
-188.518886
-298.912910
-270.040627
-213.994430
-79.823230
-268.342257
-648.777051
-482.336829
147.758298
553.668635
504.415917
176.630581
-151.154754
-259.850409
-171.535189
-3.396598
115.489275
90.013731
44.157751
84.918622
113.790906
59.443078
-130.774319
-395.719978
-460.258024
-186.820516
137.568080
185.122429
20.380577
-103.600405
-100.203666
-23.777033
73.030035
93.410470
-20.380294
-54.347686
127.377863
310.801781
314.198520
122.282754
-146.059645
-181.725407
54.347969
203.804495
183.424060
142.663189
57.744708
45.856121
149.456668
151.155037
123.981123
168.138733
134.171341
135.869711
312.500150
346.467543
202.106126
188.519169
188.519169
108.695797
164.741994
373.641456
536.684939
636.888747
820.312665
591.032767
-669.157486
-1903.872195
-1569.293381
-287.024323
312.500150
163.043624
-135.869428
-443.274328
-427.989001
-125.679210
-62.839534
-125.679210
-95.108557
-71.331382
348.165912
1022.418649
871.263753
-37.363990
-689.537921
-728.600423
-280.230845
251.358844
292.119715
49.252860
-42.459099
-171.535189
-305.706389
-246.263452
-295.516171
-478.940089
-450.067806
-207.200951
117.187645
351.562651
237.771887
-13.586815
-74.728121
-79.823230
-39.062360
151.155037
259.850692
164.741994
-22.078663
-215.692799
-197.010734
25.475686
20.380577
-249.660192
-411.005305
-247.961822
183.424060
468.750155
219.089822
-200.407473
-283.627584
-132.472688
56.046339
152.853407
23.777316
-100.203666
13.587098
186.820799
239.470257
137.568080
-67.934643
-115.488992
79.823513
232.676779
207.201234
106.997427
30.570795
57.744708
144.361559
142.663189
81.521883
64.538187
130.774602
271.739280
319.293629
219.089822
163.043624
164.741994
168.138733
239.470257
261.549062
213.994713
327.785477
592.731137
799.932229
538.383309
-647.078681
-1795.176540
-1353.600440
-27.173772
438.179502
105.299058
-334.578672
-665.760747
-463.654763
16.983838
27.174055
-168.138450
-186.820516
-105.298774
382.133305
961.277343
592.731137
-353.260738
-757.472706
-509.510742
83.220253
557.065375
365.149608
-149.456384
-317.594976
-229.279756
-96.806926
-1.698228
-169.836820
-439.877588
-404.211826
-106.997144
208.899604
271.739280
-64.537904
-337.975412
-193.613994
39.062643
159.646885
210.597974
117.187645
0.000142
-3.396598
-74.728121
-139.266167
39.062643
125.679493
-59.442795
-173.233559
-103.600405
-3.396598
33.967534
-59.442795
-154.551493
-79.823230
8.491990
27.174055
100.203949
120.584384
-1.698228
-10.190076
122.282754
154.551776
76.426774
16.983838
-8.491707
27.174055
79.823513
101.902318
168.138733
215.693082
174.932212
137.568080
125.679493
73.030035
20.380577
47.554491
134.171341
180.027321
173.233842
219.089822
290.421345
258.152323
161.345255
118.886014
152.853407
198.709386
275.136019
461.956676
647.078964
239.470257
-862.771622
-1368.885767
-531.589547
387.228413
309.103411
-203.804212
-545.176504
-660.665638
-450.067806
-176.630298
-168.138450
-190.217255
-67.934643
157.948516
574.049071
771.059946
198.709386
-550.271613
-553.668352
-35.665620
329.483847
354.959391
73.030035
-244.565083
-271.738997
-122.282471
-28.872142
-11.888446
-139.266167
-332.880303
-270.040627
-1.698228
57.744708
-135.869428
-254.755300
-146.059645
33.967534
108.695797
129.076232
123.981123
5.095250
-137.567797
-142.662906
-42.459099
134.171341
246.263735
39.062643
-239.469974
-197.010734
-39.062360
11.888729
52.649600
3.396881
-113.790623
-59.442795
37.364273
61.141448
88.315361
-20.380294
-168.138450
-11.888446
246.263735
249.660475
110.394166
-37.363990
-139.266167
-88.315078
47.554491
166.440364
242.866996
186.820799
113.790906
171.535472
202.106126
130.774602
86.616992
103.600688
173.233842
219.089822
108.695797
6.793620
69.633296
154.551776
227.581670
305.706672
249.660475
164.741994
220.788191
363.451239
558.763744
373.641456
-616.508028
-1396.059681
-820.312382
281.929497
546.875157
50.951230
-516.304221
-737.092271
-502.717264
-174.931929
-22.078663
5.095250
-137.567797
-147.758015
290.421345
574.049071
183.424060
-348.165629
-444.972697
-30.570512
572.350701
614.809942
10.190359
-417.798783
-400.815087
-224.184647
59.443078
166.440364
-95.108557
-247.961822
-142.662906
-44.157468
50.951230
-23.777033
-295.516171
-258.152040
0.000142
0.000142
-13.586815
83.220253
-59.442795
-208.899321
-76.426491
101.902318
297.214824
363.451239
11.888729
-344.768890
-283.627584
-62.839534
112.092536
147.758298
-52.649316
-190.217255
-61.141165
35.665903
61.141448
106.997427
16.983838
-78.124861
37.364273
118.886014
64.538187
-10.190076
-83.219970
-45.855838
86.616992
125.679493
113.790906
115.489275
66.236556
78.125144
178.328951
198.709386
164.741994
156.250146
122.282754
108.695797
129.076232
100.203949
105.299058
188.519169
190.217538
137.568080
135.869711
125.679493
147.758298
217.391452
232.676779
287.024606
480.638742
353.261021
-458.559654
-1090.353150
-611.412919
283.627867
416.100697
-76.426491
-546.874874
-784.646620
-630.094985
-173.233559
123.981123
79.823513
-86.616709
-130.774319
132.472971
411.005588
154.551776
-353.260738
-373.641173
64.538187
443.274611
470.448524
135.869711
-312.499867
-473.844981
-242.866713
135.869711
305.706672
59.443078
-280.230845
-329.483563
-161.344972
6.793620
15.285468
-115.488992
-146.059645
-32.268881
-20.380294
-73.029752
-47.554208
-115.488992
-203.804212
-59.442795
130.774602
207.201234
246.263735
40.761012
-322.690085
-237.771604
140.964819
213.994713
62.839817
-39.062360
-79.823230
-30.570512
-11.888446
-96.806926
-18.681924
123.981123
47.554491
-3.396598
67.934926
8.491990
-59.442795
37.364273
118.886014
154.551776
137.568080
18.682207
0.000142
78.125144
32.269164
5.095250
140.964819
215.693082
163.043624
110.394166
37.364273
10.190359
112.092536
220.788191
251.358844
249.660475
225.883300
205.502865
213.994713
154.551776
54.347969
67.934926
215.693082
412.703958
394.021892
-205.502582
-1000.339561
-895.040645
100.203949
660.665921
298.913193
-309.103128
-716.711835
-696.331400
-275.135736
-3.396598
-37.363990
-127.377579
-237.771604
-95.108557
382.133305
343.070803
-270.040627
-371.942804
73.030035
390.625153
489.130590
230.978409
-310.801498
-531.589547
-310.801498
67.934926
399.117001
236.073518
-297.214541
-380.434652
-90.013448
15.285468
-8.491707
-101.902035
-268.342257
-227.581387
-42.459099
1.698511
16.983838
-25.475403
-168.138450
-86.616709
200.407756
314.198520
156.250146
-181.725407
-431.385740
-239.469974
169.837103
334.578955
205.502865
-47.554208
-173.233559
-25.475403
142.663189
112.092536
44.157751
-8.491707
-86.616709
-35.665620
37.364273
-78.124861
-147.758015
-11.888446
185.122429
280.231128
171.535472
-50.950947
-118.885731
-27.173772
59.443078
146.059928
210.597974
149.456668
52.649600
37.364273
113.790906
230.978409
249.660475
157.948516
132.472971
142.663189
113.790906
125.679493
132.472971
95.108840
129.076232
208.899604
258.152323
341.372434
387.228413
156.250146
-443.274328
-937.499885
-596.127593
295.516454
563.858853
-5.094967
-585.937375
-757.472706
-523.097699
-76.426491
151.155037
59.443078
-147.758015
-304.008019
-123.980840
251.358844
163.043624
-220.787908
-207.200951
108.695797
368.546348
390.625153
32.269164
-387.228130
-397.418348
-117.187362
210.597974
394.021892
123.981123
-319.293346
-371.942804
-135.869428
62.839817
110.394166
-71.331382
-278.532475
-222.486278
-47.554208
33.967534
18.682207
-105.298774
-146.059645
69.633296
276.834388
205.502865
-86.616709
-356.657477
-297.214541
106.997427
405.910479
298.913193
-30.570512
-271.738997
-229.279756
45.856121
213.994713
130.774602
-33.967251
-125.679210
-96.806926
13.587098
40.761012
-56.046056
-59.442795
93.410470
232.676779
237.771887
66.236556
-193.613994
-244.565083
11.888729
254.755584
266.644171
146.059928
33.967534
5.095250
118.886014
268.342540
275.136019
157.948516
33.967534
-20.380294
18.682207
96.807209
146.059928
183.424060
193.614277
217.391452
264.945801
266.644171
230.978409
213.994713
171.535472
-149.456384
-653.872160
-643.681942
11.888729
419.497436
84.918622
-426.290631
-623.301507
-506.114003
-224.184647
23.777316
90.013731
-56.046056
-287.024323
-236.073235
105.299058
205.502865
-45.855838
-166.440081
1.698511
215.693082
256.453953
44.157751
-188.518886
-224.184647
-129.075949
96.807209
300.611563
101.902318
-259.850409
-263.247149
-74.728121
33.967534
106.997427
10.190359
-146.059645
-101.902035
-147.758015
-297.214541
-115.488992
149.456668
84.918622
-39.062360
-64.537904
-76.426491
-22.078663
-18.681924
-11.888446
197.011017
224.184930
-64.537904
-125.679210
23.777316
20.380577
35.665903
90.013731
30.570795
50.951230
59.443078
-54.347686
-11.888446
49.252860
-78.124861
-27.173772
149.456668
78.125144
-37.363990
-33.967251
-18.681924
93.410470
156.250146
39.062643
5.095250
45.856121
20.380577
66.236556
127.377863
112.092536
156.250146
171.535472
100.203949
103.600688
105.299058
86.616992
213.994713
317.595259
212.296343
78.125144
25.475686
73.030035
215.693082
300.611563
263.247432
-6.793337
-585.937375
-781.249881
-115.488992
497.622438
297.214824
-253.056931
-635.190094
-635.190094
-232.676495
57.744708
8.491990
-98.505296
-247.961822
-302.309650
49.252860
315.896890
23.777316
-229.279756
-66.236273
146.059928
213.994713
123.981123
-112.092253
-239.469974
-113.790623
