30.538372
-56.019474
10.171820
122.187856
5.080182
-173.127149
-25.469646
183.287513
10.171820
-183.310425
-15.286370
122.187856
25.446734
15.263458
10.171820
-86.569303
-40.744560
106.912942
137.462771
-30.561284
-157.852235
-56.019474
76.363114
15.263458
20.355096
137.462771
-5.103094
-157.852235
30.538372
132.371133
-30.561284
-162.943873
-112.027493
40.721648
208.745703
183.287513
-117.119131
-280.051548
-56.019474
147.646047
147.646047
91.638028
-81.477665
-310.601376
-132.394045
330.945016
300.395187
-152.760597
-218.951891
61.088200
76.363114
-106.935855
-132.394045
50.904924
188.379151
20.355096
-224.043529
-117.119131
142.554409
157.829323
30.538372
-66.202751
-147.668959
-183.310425
-40.744560
127.279495
137.462771
132.371133
66.179838
-224.043529
-295.326462
117.096218
290.211911
35.630010
-147.668959
-152.760597
-61.111113
142.554409
198.562427
-50.927836
-152.760597
5.080182
40.721648
10.171820
76.363114
61.088200
-71.294389
-61.111113
55.996562
25.446734
-50.927836
-10.194732
101.821304
91.638028
-81.477665
-106.935855
10.171820
-5.103094
-25.469646
127.279495
127.279495
-112.027493
-168.035511
-0.011456
81.454752
50.904924
5.080182
55.996562
91.638028
-152.760597
-285.143186
55.996562
371.678120
183.287513
-208.768615
-259.684996
-86.569303
132.371133
198.562427
66.179838
-183.310425
-229.135167
112.004580
213.837341
55.996562
-76.386027
-193.493701
-117.119131
193.470789
224.020617
-127.302407
-183.310425
-25.469646
122.187856
86.546390
-40.744560
-56.019474
-122.210769
10.171820
188.379151
96.729666
-132.394045
-300.418100
-56.019474
259.662083
193.470789
-66.202751
-127.302407
15.263458
-71.294389
-117.119131
101.821304
142.554409
-0.011456
5.080182
-10.194732
-86.569303
25.446734
40.721648
-71.294389
30.538372
122.187856
-61.111113
-188.402063
91.638028
224.020617
-40.744560
-157.852235
-30.561284
101.821304
86.546390
-96.752579
-122.210769
112.004580
112.004580
-25.469646
71.271476
-15.286370
-315.693014
-61.111113
356.403206
50.904924
-280.051548
101.821304
218.928979
-224.043529
-224.043529
183.287513
203.654065
-122.210769
-91.660941
152.737685
40.721648
-112.027493
-91.660941
66.179838
117.096218
-168.035511
-106.935855
264.753721
127.279495
-259.684996
-213.860253
96.729666
213.837341
91.638028
-127.302407
-122.210769
101.821304
50.904924
-173.127149
-45.836198
198.562427
152.737685
-30.561284
-198.585339
-152.760597
91.638028
127.279495
25.446734
-66.202751
-81.477665
45.813286
91.638028
-117.119131
-188.402063
71.271476
183.287513
142.554409
-10.194732
-188.402063
-162.943873
-91.660941
188.379151
315.670102
-71.294389
-239.318444
-40.744560
40.721648
25.446734
147.646047
127.279495
-198.585339
-188.402063
203.654065
178.195875
-142.577321
-86.569303
96.729666
35.630010
50.904924
50.904924
-178.218787
-76.386027
254.570445
127.279495
-274.959910
-361.517756
50.904924
453.144328
234.203893
-203.676977
-269.868272
-56.019474
81.454752
45.813286
55.996562
15.263458
-117.119131
76.363114
168.012599
-112.027493
-157.852235
-5.103094
122.187856
157.829323
-178.218787
-330.967928
55.996562
305.486826
224.020617
-117.119131
-361.517756
-0.011456
269.845359
20.355096
-183.310425
-91.660941
101.821304
50.904924
-76.386027
35.630010
40.721648
-0.011456
40.721648
-40.744560
-71.294389
-40.744560
-45.836198
35.630010
132.371133
147.646047
-106.935855
-300.418100
66.179838
422.594500
15.263458
-442.983965
-127.302407
254.570445
117.096218
-86.569303
-25.469646
-45.836198
-81.477665
162.920961
218.928979
-56.019474
-193.493701
-198.585339
-203.676977
280.028635
641.534935
-45.836198
-555.000001
-162.943873
198.562427
50.904924
-50.927836
183.287513
71.271476
-305.509738
-137.485683
269.845359
137.462771
-183.310425
-45.836198
20.355096
-35.652922
142.554409
76.363114
-224.043529
-142.577321
132.371133
30.538372
-61.111113
76.363114
91.638028
66.179838
-101.844217
-152.760597
91.638028
132.371133
-10.194732
-208.768615
-147.668959
280.028635
173.104237
-224.043529
-25.469646
147.646047
-66.202751
-101.844217
76.363114
198.562427
-142.577321
-468.442155
20.355096
554.977089
392.044672
-315.693014
-743.390608
-56.019474
626.260021
203.654065
-183.310425
-106.935855
-127.302407
30.538372
280.028635
-0.011456
-290.234824
-0.011456
96.729666
-10.194732
147.646047
20.355096
-218.951891
10.171820
213.837341
-5.103094
-96.752579
61.088200
30.538372
-106.935855
-198.585339
-61.111113
325.853378
361.494844
-218.951891
-478.625431
66.179838
371.678120
-61.111113
-315.693014
244.387169
280.028635
-351.334480
-101.844217
320.761740
-20.378008
-264.776634
55.996562
208.745703
-193.493701
-280.051548
320.761740
437.869414
-249.501720
-336.059566
71.271476
61.088200
157.829323
198.562427
-259.684996
-371.701032
76.363114
305.486826
81.454752
-50.927836
-56.019474
-117.119131
-61.111113
61.088200
25.446734
-122.210769
86.546390
254.570445
-152.760597
-295.326462
76.363114
183.287513
30.538372
-15.286370
-20.378008
-76.386027
-50.927836
117.096218
183.287513
-91.660941
-300.418100
40.721648
330.945016
71.271476
-336.059566
-188.402063
239.295531
122.187856
10.171820
-71.294389
-300.418100
122.187856
351.311568
-71.294389
-142.577321
-157.852235
-142.577321
305.486826
218.928979
-193.493701
-66.202751
-61.111113
-142.577321
264.753721
259.662083
-330.967928
-127.302407
269.845359
-208.768615
-208.768615
274.936997
152.737685
-45.836198
-15.286370
-30.561284
-152.760597
-122.210769
208.745703
224.020617
-106.935855
-157.852235
-20.378008
-35.652922
-45.836198
188.379151
178.195875
-229.135167
-193.493701
183.287513
208.745703
-101.844217
-188.402063
-0.011456
86.546390
96.729666
112.004580
-0.011456
-193.493701
-162.943873
50.904924
188.379151
203.654065
-35.652922
-381.884308
-198.585339
427.686138
412.411224
-285.143186
-351.334480
127.279495
86.546390
101.821304
86.546390
-371.701032
-66.202751
249.478807
-147.668959
91.638028
402.227948
-91.660941
-371.701032
-168.035511
35.630010
142.554409
96.729666
76.363114
106.912942
-142.577321
-249.501720
101.821304
229.112255
-71.294389
-208.768615
-30.561284
127.279495
61.088200
-112.027493
-61.111113
183.287513
55.996562
50.904924
25.446734
-488.808707
-10.194732
504.060709
-117.119131
-162.943873
117.096218
5.080182
-86.569303
-157.852235
117.096218
218.928979
-117.119131
-81.477665
-15.286370
-56.019474
96.729666
40.721648
-0.011456
132.371133
-193.493701
-325.876290
381.861396
397.136310
-432.800689
-346.242842
234.203893
178.195875
-76.386027
-81.477665
259.662083
198.562427
-417.525775
-152.760597
295.303549
-112.027493
-106.935855
193.470789
-71.294389
-40.744560
254.570445
-86.569303
-20.378008
183.287513
-346.242842
-137.485683
147.646047
76.363114
208.745703
-193.493701
-157.852235
305.486826
112.004580
-392.067584
-71.294389
504.060709
-142.577321
-453.167241
-25.469646
285.120273
381.861396
-341.151204
-280.051548
514.243985
-152.760597
-488.808707
346.219930
310.578464
-203.676977
-239.318444
-112.027493
193.470789
371.678120
30.538372
-336.059566
-244.410082
142.554409
239.295531
50.904924
-157.852235
-152.760597
137.462771
-20.378008
15.263458
325.853378
-117.119131
-356.426118
-188.402063
147.646047
483.694157
-66.202751
-407.342498
76.363114
183.287513
112.004580
50.904924
-412.434136
-173.127149
493.877433
-5.103094
-468.442155
198.562427
315.670102
-234.226805
30.538372
173.104237
-351.334480
-81.477665
300.395187
55.996562
35.630010
-127.302407
-208.768615
71.271476
122.187856
137.462771
101.821304
-188.402063
-193.493701
10.171820
81.454752
178.195875
-122.210769
-142.577321
361.494844
-178.218787
-580.458191
325.853378
463.327604
-224.043529
-0.011456
137.462771
-346.242842
-91.660941
183.287513
137.462771
-15.286370
-295.326462
325.853378
137.462771
-707.749142
366.586482
534.610537
-600.824744
-66.202751
473.510880
-168.035511
-366.609394
208.745703
213.837341
25.446734
55.996562
-448.075603
-112.027493
585.526917
86.546390
-336.059566
-300.418100
86.546390
448.052690
40.721648
-188.402063
-157.852235
-5.103094
341.128292
-152.760597
-346.242842
193.470789
157.829323
101.821304
15.263458
-381.884308
-40.744560
432.777776
-15.286370
-162.943873
168.012599
-234.226805
-300.418100
397.136310
-40.744560
-386.975946
610.985107
290.211911
-626.282934
-162.943873
-5.103094
162.920961
224.020617
-259.684996
76.363114
91.638028
-157.852235
40.721648
-50.927836
91.638028
35.630010
5.080182
112.004580
-422.617413
-45.836198
504.060709
40.721648
-106.935855
-198.585339
-137.485683
25.446734
101.821304
422.594500
-101.844217
-376.792670
-30.561284
-86.569303
330.945016
285.120273
-290.234824
-122.210769
-15.286370
-25.469646
55.996562
249.478807
208.745703
-488.808707
-412.434136
234.203893
580.435279
356.403206
-712.840780
-463.350517
672.084764
280.028635
-519.358535
-336.059566
117.096218
198.562427
392.044672
142.554409
-570.274915
-147.668959
381.861396
-40.744560
-112.027493
168.012599
-56.019474
-249.501720
285.120273
213.837341
-402.250860
-81.477665
147.646047
55.996562
-122.210769
-45.836198
412.411224
-244.410082
-422.617413
392.044672
193.470789
-147.668959
-157.852235
25.446734
162.920961
-112.027493
-15.286370
-147.668959
147.646047
453.144328
-682.290952
-254.593358
982.674683
290.211911
-926.689577
-728.115694
565.160365
621.168383
76.363114
-203.676977
-402.250860
-244.410082
162.920961
779.009162
15.263458
-860.498283
-96.752579
371.678120
20.355096
-61.111113
198.562427
112.004580
-208.768615
-397.159222
152.737685
738.276058
-178.218787
-590.641467
-300.418100
-20.378008
1013.224511
488.785795
-753.573884
-621.191296
-86.569303
712.817868
330.945016
-575.366553
-157.852235
168.012599
81.454752
178.195875
183.287513
-336.059566
-366.609394
534.610537
188.379151
-529.541811
122.187856
274.936997
-168.035511
15.263458
193.470789
-188.402063
-397.159222
346.219930
356.403206
-422.617413
-285.143186
86.546390
432.777776
376.769758
-269.868272
-498.991983
-122.210769
371.678120
132.371133
-96.752579
71.271476
-137.485683
-81.477665
173.104237
-91.660941
20.355096
366.586482
-392.067584
-600.824744
570.252003
539.702175
-488.808707
-112.027493
376.769758
-346.242842
-203.676977
442.961052
117.096218
-361.517756
-234.226805
152.737685
106.912942
346.219930
-40.744560
-509.175259
468.419242
45.813286
-626.282934
142.554409
274.936997
162.920961
-224.043529
-427.709051
417.502862
381.861396
-224.043529
-112.027493
-50.927836
-96.752579
-208.768615
-10.194732
290.211911
371.678120
234.203893
-397.159222
-534.633449
-198.585339
468.419242
300.395187
-529.541811
290.211911
371.678120
-651.741124
-25.469646
697.542954
30.538372
-707.749142
-509.175259
376.769758
977.583045
-35.652922
-885.956473
30.538372
677.176402
-208.768615
-1140.538375
656.809849
1359.455897
-712.840780
-784.123713
15.263458
371.678120
269.845359
-213.860253
-66.202751
-244.410082
351.311568
682.268040
-600.824744
-448.075603
549.885451
-106.935855
-763.757160
259.662083
921.575027
15.263458
-600.824744
-244.410082
549.885451
50.904924
-621.191296
325.853378
25.446734
-259.684996
544.793813
-0.011456
-376.792670
-152.760597
-0.011456
254.570445
198.562427
-157.852235
-575.366553
30.538372
809.558990
346.219930
-555.000001
-437.892327
336.036654
-264.776634
-10.194732
794.284076
-397.159222
-473.533793
157.829323
142.554409
341.128292
203.654065
-162.943873
-677.199314
-269.868272
682.268040
850.292095
-478.625431
-1104.896908
580.435279
549.885451
-504.083621
-76.386027
320.761740
76.363114
-218.951891
81.454752
208.745703
76.363114
-305.509738
-514.266897
269.845359
442.961052
147.646047
-203.676977
-723.024056
101.821304
829.925542
193.470789
-442.983965
-386.975946
86.546390
112.004580
40.721648
122.187856
96.729666
407.319586
-667.016038
-1395.120276
992.857959
1379.822449
-600.824744
-692.474228
-30.561284
336.036654
106.912942
20.355096
91.638028
-381.884308
-152.760597
66.179838
188.379151
244.387169
-122.210769
137.462771
-76.386027
-290.234824
-15.286370
-91.660941
183.287513
91.638028
-81.477665
285.120273
-45.836198
-351.334480
320.761740
208.745703
-875.773197
-565.183277
758.642610
957.216493
-20.378008
-422.617413
-483.717069
-376.792670
621.168383
157.829323
-488.808707
25.446734
346.219930
157.829323
-310.601376
590.618555
-45.836198
-1272.920963
244.387169
763.734248
5.080182
-330.967928
-45.836198
213.837341
76.363114
412.411224
-249.501720
-723.024056
371.678120
305.486826
-641.557848
-101.844217
794.284076
254.570445
-295.326462
-442.983965
35.630010
631.351659
-835.040093
-336.059566
1369.639173
-45.836198
-641.557848
-234.226805
-178.218787
549.885451
437.869414
-188.402063
-142.577321
-346.242842
-386.975946
269.845359
371.678120
351.311568
-152.760597
-549.908363
621.168383
386.953034
-1140.538375
-412.434136
758.642610
488.785795
101.821304
-478.625431
-234.226805
305.486826
-157.852235
10.171820
213.837341
-127.302407
-371.701032
101.821304
967.399769
5.080182
-1629.335625
-310.601376
2041.735393
504.060709
-1741.351662
-493.900345
799.375714
565.160365
-448.075603
-860.498283
575.343641
840.108818
-30.561284
-168.035511
-560.091639
-768.848798
168.012599
982.674683
458.235966
-274.959910
-748.482246
-463.350517
845.200457
610.985107
-641.557848
-539.725087
229.112255
529.518899
-229.135167
-274.959910
330.945016
-519.358535
137.462771
1084.507444
-356.426118
-758.665522
-234.226805
-40.744560
784.100800
728.092782
-941.964491
-1043.797252
651.718211
891.025199
168.012599
-524.450173
-682.290952
224.020617
453.144328
356.403206
-320.784652
-1344.203896
448.052690
1593.671247
-376.792670
-987.789234
264.753721
463.327604
-229.135167
-101.844217
35.630010
-96.752579
351.311568
162.920961
-850.315007
-50.927836
1053.957616
-285.143186
-524.450173
259.662083
50.904924
157.829323
30.538372
-290.234824
-290.234824
183.287513
473.510880
290.211911
-25.469646
-1145.630013
-631.374572
1751.512026
926.666665
-1517.319589
-952.147767
412.411224
891.025199
636.443297
-442.983965
-809.581903
-213.860253
259.662083
529.518899
468.419242
-539.725087
-723.024056
168.012599
738.276058
483.694157
-1155.813289
-534.633449
1384.914088
157.829323
-1008.155786
-198.585339
728.092782
218.928979
-850.315007
71.271476
687.359678
-112.027493
-152.760597
-269.868272
-122.210769
274.936997
-40.744560
81.454752
346.219930
-162.943873
-621.191296
712.817868
178.195875
-1670.068729
575.343641
1221.981671
-173.127149
437.869414
-549.908363
-1349.295534
432.777776
626.260021
-152.760597
621.168383
91.638028
-733.207332
-300.418100
96.729666
595.710193
249.478807
-493.900345
-295.326462
106.912942
218.928979
448.052690
40.721648
-468.442155
-565.183277
-254.593358
947.033217
524.427261
-845.223369
81.454752
687.359678
-616.099658
-320.784652
407.319586
106.912942
-178.218787
-320.784652
40.721648
-198.585339
575.343641
626.260021
-748.482246
-45.836198
213.837341
-101.844217
-106.935855
-264.776634
50.904924
132.371133
122.187856
-5.103094
610.985107
504.060709
-1395.120276
-850.315007
891.025199
203.654065
-168.035511
274.936997
229.112255
76.363114
-112.027493
142.554409
-504.083621
-789.215351
371.678120
356.403206
147.646047
468.419242
193.470789
-626.282934
-697.565866
310.578464
794.284076
218.928979
-1196.546393
-427.709051
1201.615118
448.052690
-432.800689
-672.107676
-56.019474
504.060709
366.586482
-132.394045
-45.836198
188.379151
-947.056129
-478.625431
891.025199
621.168383
-315.693014
-168.035511
427.686138
-295.326462
-488.808707
259.662083
417.502862
-575.366553
-768.848798
544.793813
1145.607100
590.618555
-738.298970
-1440.945018
-142.577321
1293.264603
509.152347
-748.482246
-366.609394
376.769758
-208.768615
-162.943873
519.335623
188.379151
274.936997
-702.657504
-758.665522
931.758303
458.235966
-529.541811
-661.924400
71.271476
784.100800
280.028635
-178.218787
-264.776634
-351.334480
254.570445
468.419242
-407.342498
-336.059566
10.171820
-5.103094
432.777776
498.969071
-35.652922
-651.741124
-168.035511
539.702175
-91.660941
-422.617413
-61.111113
376.769758
117.096218
-295.326462
315.670102
106.912942
-453.167241
-157.852235
371.678120
264.753721
-310.601376
-244.410082
142.554409
193.470789
-483.717069
-346.242842
728.092782
738.276058
76.363114
-707.749142
-1211.821307
229.112255
1323.814431
-173.127149
-575.366553
-91.660941
341.128292
631.351659
-437.892327
-117.119131
-66.202751
-901.231387
371.678120
921.575027
30.538372
-315.693014
-0.011456
40.721648
-748.482246
580.435279
997.949597
-1552.961055
-468.442155
1547.846504
351.311568
-570.274915
-336.059566
-509.175259
76.363114
779.009162
-71.294389
-101.844217
10.171820
-254.593358
-229.135167
570.252003
341.128292
-1242.371135
392.044672
1262.714775
-458.258879
-1109.988546
-325.876290
1028.499426
300.395187
-753.573884
157.829323
351.311568
-295.326462
320.761740
106.912942
-682.290952
-15.286370
407.319586
106.912942
-91.660941
40.721648
-427.709051
117.096218
972.491407
-656.832762
-488.808707
448.052690
-157.852235
-81.477665
-336.059566
386.953034
835.017180
-198.585339
-147.668959
-147.668959
-341.151204
40.721648
-35.652922
-315.693014
249.478807
392.044672
10.171820
86.546390
-96.752579
162.920961
127.279495
-580.458191
-356.426118
458.235966
478.602518
-458.258879
-422.617413
616.076745
341.128292
-534.633449
203.654065
173.104237
-682.290952
239.295531
66.179838
-203.676977
560.068727
-305.509738
-132.394045
560.068727
-458.258879
-514.266897
468.419242
631.351659
-20.378008
-697.565866
-962.331044
397.136310
1542.754866
-76.386027
-921.597939
-300.418100
5.080182
600.801831
463.327604
-325.876290
-626.282934
-117.119131
651.718211
157.829323
-575.366553
-71.294389
554.977089
208.745703
-646.649486
-183.310425
692.451316
-30.561284
-733.207332
-198.585339
641.534935
921.575027
-295.326462
-1384.937000
168.012599
804.467352
-86.569303
152.737685
-122.210769
45.813286
-381.884308
-885.956473
712.817868
733.184420
86.546390
-81.477665
-636.466210
-320.784652
763.734248
753.550972
-1140.538375
-794.306989
1186.340204
361.494844
-1048.888890
-193.493701
1003.041235
20.355096
-519.358535
381.861396
178.195875
-183.310425
-437.892327
-45.836198
626.260021
-565.183277
-580.458191
809.558990
707.726230
81.454752
-519.358535
-626.282934
-45.836198
488.785795
458.235966
-911.414663
-621.191296
1242.348223
427.686138
-376.792670
193.470789
-45.836198
-529.541811
-636.466210
239.295531
891.025199
-106.935855
-529.541811
137.462771
412.411224
458.235966
-290.234824
-555.000001
-203.676977
-66.202751
549.885451
137.462771
-213.860253
-274.959910
40.721648
493.877433
-386.975946
112.004580
371.678120
-285.143186
45.813286
-442.983965
-437.892327
524.427261
626.260021
234.203893
-631.374572
-972.514320
570.252003
1013.224511
-76.386027
-397.159222
-773.940436
-249.501720
504.060709
336.036654
244.387169
-249.501720
71.271476
361.494844
-580.458191
-56.019474
473.510880
-611.008020
-341.151204
458.235966
386.953034
437.869414
-442.983965
-870.681559
422.594500
901.208475
157.829323
-916.506301
-906.323025
595.710193
987.766321
-96.752579
-468.442155
162.920961
137.462771
-672.107676
-534.633449
789.192438
829.925542
-356.426118
-50.927836
-137.485683
-448.075603
422.594500
-20.378008
-259.684996
117.096218
-66.202751
330.945016
132.371133
-218.951891
-96.752579
-417.525775
-20.378008
717.909506
152.737685
-493.900345
-371.701032
198.562427
651.718211
-224.043529
-483.717069
168.012599
-20.378008
142.554409
142.554409
-132.394045
-142.577321
-478.625431
71.271476
768.825886
168.012599
-234.226805
-234.226805
-290.234824
152.737685
341.128292
244.387169
-361.517756
-641.557848
585.526917
468.419242
-432.800689
-249.501720
-71.294389
264.753721
50.904924
-218.951891
147.646047
397.136310
229.112255
-667.016038
-478.625431
453.144328
173.104237
-96.752579
-20.378008
-81.477665
117.096218
96.729666
-305.509738
66.179838
442.961052
-213.860253
-555.000001
-15.286370
631.351659
371.678120
-269.868272
-325.876290
-96.752579
407.319586
71.271476
-437.892327
234.203893
132.371133
-402.250860
-25.469646
81.454752
91.638028
280.028635
203.654065
71.271476
-371.701032
-600.824744
142.554409
534.610537
-127.302407
122.187856
310.578464
-621.191296
-386.975946
402.227948
458.235966
-234.226805
-412.434136
168.012599
5.080182
305.486826
646.626573
-203.676977
-712.840780
-397.159222
86.546390
422.594500
55.996562
-249.501720
259.662083
173.104237
-61.111113
173.104237
-208.768615
-473.533793
-20.378008
320.761740
106.912942
-56.019474
96.729666
178.195875
-35.652922
-269.868272
-147.668959
10.171820
244.387169
157.829323
-392.067584
-173.127149
605.893469
147.646047
-560.091639
203.654065
290.211911
-488.808707
-173.127149
320.761740
259.662083
-234.226805
-493.900345
244.387169
412.411224
-112.027493
45.813286
5.080182
-274.959910
-259.684996
-50.927836
330.945016
66.179838
-239.318444
71.271476
168.012599
66.179838
-35.652922
-132.394045
76.363114
25.446734
-290.234824
-152.760597
15.263458
-40.744560
300.395187
366.586482
-193.493701
-112.027493
-15.286370
-61.111113
147.646047
-183.310425
-249.501720
76.363114
259.662083
244.387169
-25.469646
-137.485683
-0.011456
218.928979
-137.485683
-356.426118
244.387169
427.686138
25.446734
-224.043529
-290.234824
-56.019474
468.419242
290.211911
-127.302407
-259.684996
-193.493701
269.845359
142.554409
-71.294389
-106.935855
-244.410082
106.912942
229.112255
25.446734
-356.426118
-208.768615
361.494844
106.912942
-162.943873
-305.509738
-218.951891
193.470789
239.295531
122.187856
-213.860253
-162.943873
173.104237
-0.011456
15.263458
45.813286
-152.760597
-142.577321
40.721648
137.462771
50.904924
132.371133
325.853378
132.371133
-417.525775
-290.234824
295.303549
122.187856
-224.043529
-137.485683
122.187856
137.462771
-0.011456
112.004580
40.721648
-218.951891
-81.477665
162.920961
-10.194732
-203.676977
-0.011456
173.104237
25.446734
-198.585339
-61.111113
193.470789
132.371133
-101.844217
-132.394045
112.004580
142.554409
-127.302407
-152.760597
137.462771
249.478807
-40.744560
-290.234824
-35.652922
315.670102
101.821304
-295.326462
-132.394045
218.928979
147.646047
-15.286370
25.446734
20.355096
-96.752579
-20.378008
76.363114
71.271476
71.271476
-203.676977
-112.027493
224.020617
61.088200
-91.660941
-71.294389
61.088200
106.912942
-101.844217
-188.402063
-106.935855
-61.111113
-208.768615
-239.318444
-40.744560
-30.561284
-178.218787
-168.035511
112.004580
91.638028
-295.326462
-325.876290
-101.844217
76.363114
61.088200
-168.035511
-157.852235
30.538372
35.630010
5.080182
30.538372
66.179838
71.271476
15.263458
61.088200
178.195875
168.012599
203.654065
300.395187
249.478807
188.379151
280.028635
412.411224
392.044672
249.478807
290.211911
468.419242
366.586482
224.020617
244.387169
315.670102
412.411224
234.203893
-35.652922
61.088200
224.020617
71.271476
-157.852235
-249.501720
-305.509738
-366.609394
-458.258879
-590.641467
-672.107676
-733.207332
-768.848798
-712.840780
-661.924400
-611.008020
-529.541811
-448.075603
-290.234824
-91.660941
-15.286370
-71.294389
-40.744560
10.171820
-0.011456
-50.927836
-127.302407
-157.852235
-132.394045
-15.286370
45.813286
-10.194732
61.088200
162.920961
183.287513
234.203893
381.861396
386.953034
254.570445
351.311568
575.343641
621.168383
442.961052
351.311568
402.227948
442.961052
529.518899
595.710193
570.252003
570.252003
687.359678
921.575027
1048.865978
982.674683
799.375714
300.395187
-71.294389
193.470789
229.112255
-626.282934
-1395.120276
-1160.904927
-962.331044
-1461.311570
-1629.335625
-1216.912945
-1201.638031
-1471.494846
-901.231387
35.630010
96.729666
-224.043529
132.371133
712.817868
733.184420
610.985107
570.252003
249.478807
-81.477665
-0.011456
10.171820
-229.135167
-229.135167
-101.844217
-320.784652
-285.143186
315.670102
351.311568
-152.760597
-127.302407
285.120273
254.570445
-50.927836
-61.111113
-234.226805
-570.274915
-519.358535
-386.975946
-432.800689
-509.175259
-473.533793
-295.326462
-96.752579
183.287513
432.777776
366.586482
356.403206
784.100800
941.941579
809.558990
947.033217
1186.340204
1099.782358
860.475371
1145.607100
1415.463916
1323.814431
1435.830468
1150.698738
341.128292
122.187856
666.993126
509.152347
-1008.155786
-1817.726232
-1171.088203
-1145.630013
-2051.941582
-2092.674686
-1486.769760
-1827.909508
-2148.682704
-1171.088203
-198.585339
-453.167241
-758.665522
-10.194732
748.459334
763.734248
753.550972
840.108818
483.694157
239.295531
554.977089
600.801831
269.845359
61.088200
-50.927836
-112.027493
285.120273
651.718211
203.654065
-300.418100
-0.011456
427.686138
157.829323
-280.051548
-442.983965
-651.741124
-824.856817
-829.948455
-789.215351
-911.414663
-1130.355098
-997.972510
-585.549829
-198.585339
-45.836198
-91.660941
81.454752
549.885451
1053.957616
1155.790376
1003.041235
1165.973652
1369.639173
1400.189002
1496.930124
1558.029780
1481.655210
1527.479952
1827.886596
2174.117982
1843.161510
773.917524
295.303549
804.467352
509.152347
-1186.363117
-2057.033220
-1537.686141
-1766.809852
-2902.245132
-2790.229096
-1950.108821
-2438.906072
-2958.253151
-1761.718214
-483.717069
-717.932418
-957.239406
137.462771
1033.591064
840.108818
860.475371
1221.981671
931.758303
605.893469
911.391751
926.666665
539.702175
453.144328
473.510880
417.502862
656.809849
824.833904
366.586482
137.462771
432.777776
234.203893
-290.234824
-224.043529
-315.693014
-1293.287515
-1812.634594
-1165.996565
-1018.339062
-1985.750287
-2225.057275
-1232.187859
-870.681559
-1211.821307
-605.916382
310.578464
218.928979
173.104237
1155.790376
1787.153492
1435.830468
1339.089345
1756.603664
1904.261166
1761.695302
1654.770903
1700.595645
1736.237111
1690.412369
1756.603664
2219.942724
2505.074454
1471.471934
147.646047
432.777776
1120.148910
-285.143186
-2403.264606
-2352.348225
-1726.076748
-3009.169531
-3884.931272
-2688.396335
-2347.256587
-3834.014892
-3564.158076
-1120.171822
-336.059566
-1272.920963
-702.657504
1033.591064
1461.288658
1196.523480
1776.970216
2031.552117
1298.356241
1008.132873
1456.197020
1552.938142
1094.690720
697.542954
463.327604
417.502862
733.184420
641.534935
-249.501720
-549.908363
-25.469646
-193.493701
-1003.064148
-1155.813289
-896.139749
-1288.195877
-1827.909508
-1700.618558
-1313.654067
-1318.745706
-1507.136313
-1283.104239
-784.123713
-310.601376
15.263458
127.279495
397.136310
1003.041235
1466.380296
1491.838486
1568.213057
1914.444442
2067.193583
2031.552117
2153.751430
2352.325313
2230.126000
1965.360823
2270.859104
2561.082472
1670.045817
356.403206
274.936997
809.558990
-320.784652
-2342.164949
-2525.463918
-1985.750287
-3049.902635
-4012.222223
-3111.002291
-2433.814434
-3391.042383
-3477.600230
-1583.510883
-524.450173
-1069.255442
-779.032075
784.100800
1425.647192
1140.515462
1654.770903
2107.926688
1502.021762
1150.698738
1583.487971
1614.037799
1074.324168
819.742266
672.084764
397.136310
509.152347
605.893469
106.912942
-381.884308
-320.784652
-239.318444
-504.083621
-789.215351
-1043.797252
-1201.638031
-1267.829325
-1471.494846
-1598.785797
-1430.761742
-1247.462773
-1420.578466
-1542.777779
-885.956473
-40.744560
-0.011456
-117.119131
570.252003
1384.914088
1568.213057
1690.412369
2102.835050
2235.217638
2194.484534
2428.699883
2540.715920
2321.775485
2031.552117
2077.376859
2443.974797
2026.460479
539.702175
-285.143186
427.686138
407.319586
-1680.252006
-3034.627721
-2082.491410
-1990.841925
-3686.357389
-3788.190149
-2362.531501
-2657.846507
-3864.564720
-2703.671249
-519.358535
-626.282934
-1379.845362
-76.386027
1486.746848
1323.814431
1201.615118
2077.376859
2082.468497
1283.081327
1415.463916
1939.902633
1629.312713
1033.591064
784.100800
626.260021
610.985107
616.076745
-71.294389
-697.565866
-305.509738
-96.752579
-1023.430700
-1649.702177
-982.697596
-763.757160
-1700.618558
-2051.941582
-1323.837344
-1053.980528
-1517.319589
-1339.112258
-667.016038
-600.824744
-565.183277
147.646047
758.642610
753.550972
865.567009
1507.113400
1995.910651
2082.468497
2281.042381
2555.990834
2586.540662
2428.699883
2357.416951
2571.265748
2942.955324
2387.966779
600.801831
-229.135167
692.451316
534.610537
-1858.459337
-3391.042383
-2474.547538
-2225.057275
-3752.548683
-4017.313861
-2627.296679
-2713.854525
-3925.664376
-2790.229096
-280.051548
-183.310425
-1308.562429
-183.310425
1792.245130
1832.978234
1313.631155
1863.528062
2092.651773
1333.997707
1201.615118
1792.245130
1685.320731
880.841923
381.861396
549.885451
921.575027
779.009162
-0.011456
-453.167241
-147.668959
-183.310425
-824.856817
-1043.797252
-835.040093
-1232.187859
-2011.208477
-1929.742269
-1374.753724
-1588.602521
-2041.758306
-1639.518901
-967.422682
-880.864835
-692.474228
178.195875
738.276058
605.893469
972.491407
1899.169528
2219.942724
1970.452461
2041.735393
2632.365404
2846.214202
2311.592209
1929.719357
2245.400914
2464.341350
2174.117982
1960.269185
1288.172965
30.538372
-208.768615
381.861396
-611.008020
-2846.237114
-3212.835052
-2270.882017
-2983.711341
-4236.254296
-3630.349370
-2769.862544
-3513.241696
-3579.432990
-1466.403208
-71.294389
-753.573884
-641.557848
1237.256585
2230.126000
1827.886596
2062.101945
2550.899196
1944.994271
1502.021762
2031.552117
2062.101945
1181.248566
585.526917
498.969071
488.785795
529.518899
274.936997
-432.800689
-880.864835
-758.665522
-789.215351
-1206.729669
-1466.403208
-1771.901490
-2382.898053
-2352.348225
-1461.311570
-1222.004583
-1960.292097
-1934.833907
-692.474228
15.263458
-137.485683
280.028635
1125.240548
1242.348223
1283.081327
2097.743411
2627.273766
2057.010307
1583.487971
2230.126000
2876.764030
2382.875141
1685.320731
1776.970216
2148.659792
2301.408933
2235.217638
1359.455897
-15.286370
-259.684996
300.395187
-667.016038
-2830.962200
-3355.400917
-2820.778924
-3691.449027
-4714.868270
-3803.465063
-2846.237114
-3727.090493
-3874.747996
-1486.769760
407.319586
-10.194732
30.538372
1776.970216
2749.473079
2403.241693
2637.457042
3029.513171
2265.767466
1456.197020
1710.778921
1838.069872
1104.873996
427.686138
5.080182
-310.601376
-162.943873
35.630010
-437.892327
-1115.080184
-1186.363117
-957.239406
-1008.155786
-1227.096221
-1471.494846
-1970.475373
-2260.698741
-1731.168386
-1150.721651
-1369.662086
-1639.518901
-1023.430700
-264.776634
-5.103094
442.961052
1104.873996
1201.615118
1160.882014
1853.344786
2606.907214
2438.883159
1995.910651
2118.109964
2545.807558
2550.899196
2072.285221
1736.237111
1761.695302
2031.552117
2209.759448
1471.471934
-50.927836
-636.466210
86.546390
-417.525775
-2657.846507
-3579.432990
-2815.687286
-3238.293242
-4623.218786
-4159.879725
-2780.045820
-3182.285224
-3813.648339
-2051.941582
295.303549
432.777776
-106.935855
1288.172965
2988.780066
2729.106527
2240.309276
2825.847650
2769.839631
1761.695302
1471.471934
1792.245130
1359.455897
498.969071
-0.011456
-168.035511
-66.202751
-213.860253
-870.681559
-1120.171822
-814.673541
-1064.163804
-1782.084766
-1736.260024
-1216.912945
-1588.602521
-2413.447882
-2240.332189
-1283.104239
-1003.064148
-1344.203896
-911.414663
66.179838
254.570445
290.211911
1252.531499
1955.177547
1496.930124
1323.814431
2133.384878
2566.174110
2143.568154
1817.703320
2016.277203
2209.759448
1950.085909
1547.846504
1624.221075
1939.902633
2006.093927
1802.428406
936.849941
-264.776634
-325.876290
76.363114
-1318.745706
-3457.233677
-3569.249714
-2881.878580
-3925.664376
-4887.983963
-3808.556701
-2897.153494
-3477.600230
-3126.277206
-779.032075
845.200457
524.427261
758.642610
2540.715920
3441.935851
2785.114545
2698.556699
3100.796103
2352.325313
1364.547535
1400.189002
1339.089345
554.977089
-117.119131
-509.175259
-621.191296
-386.975946
-534.633449
-1089.621994
-1201.638031
-1028.522338
-1206.729669
-1461.311570
-1308.562429
-1349.295534
-1950.108821
-2158.865980
-1456.219932
-875.773197
-1216.912945
-1400.211914
-488.808707
412.411224
407.319586
600.801831
1496.930124
1787.153492
1476.563572
1812.611682
2499.982816
2489.799540
1868.619700
1695.504007
2214.851086
2352.325313
1629.312713
1089.599082
1466.380296
1960.269185
1995.910651
1323.814431
-0.011456
-667.016038
-112.027493
-463.350517
-2622.205041
-3803.465063
-3177.193586
-3426.683849
-4577.394044
-4159.879725
-2785.137458
-2902.245132
-3452.142039
-1822.817870
733.184420
1165.973652
544.793813
1705.687283
3411.386023
3228.087054
2566.174110
3024.421533
2851.305840
1507.113400
1008.132873
1349.272621
947.033217
-0.011456
-524.450173
-473.533793
-330.967928
-626.282934
-1109.988546
-1125.263460
-1084.530356
-1502.044675
-1659.885453
-1446.036656
-1664.977091
-2031.575029
-1934.833907
-1690.435282
-1410.395190
-1018.339062
-829.948455
-555.000001
295.303549
947.033217
977.583045
1313.631155
1853.344786
1878.802976
1766.786940
1939.902633
2123.201602
1914.444442
1491.838486
1552.938142
2021.368841
1883.894614
1130.332186
1038.682702
1649.679265
1990.819013
2077.376859
1354.364259
-300.418100
-748.482246
173.104237
-733.207332
-3355.400917
-4032.588775
-3238.293242
-4012.222223
-5000.000000
-3895.114548
-2627.296679
-3121.185568
-3243.384880
-896.139749
1603.854523
1588.579609
1003.041235
2418.516607
3930.733102
3421.569299
2790.206183
3090.612827
2438.883159
1018.316149
646.626573
901.208475
427.686138
-463.350517
-1048.888890
-1135.446737
-773.940436
-590.641467
-906.323025
-1115.080184
-1115.080184
-1191.454755
-1099.805270
-952.147767
-1262.737687
-1827.909508
-2036.666668
-1736.260024
-1115.080184
-835.040093
-1135.446737
-992.880872
20.355096
814.650628
1064.140892
1420.555554
1700.595645
1659.862541
1873.711338
2433.791521
2479.616264
1909.352804
1364.547535
1379.822449
1827.886596
1756.603664
1008.132873
636.443297
1013.224511
1563.121419
1955.177547
1573.304695
91.638028
-779.032075
-25.469646
-35.652922
-2189.415808
-3727.090493
-3314.667813
-3436.867125
-4490.836197
-4144.604811
-2851.328752
-2861.512028
-3314.667813
-1705.710196
977.583045
1726.053835
1099.782358
1843.161510
3447.027489
3620.143182
2978.596790
2988.780066
2657.823595
1379.822449
656.809849
819.742266
580.435279
-259.684996
-1038.705614
-1400.211914
-1043.797252
-514.266897
-768.848798
-1374.753724
-1369.662086
-1079.438718
-1064.163804
-1099.805270
-1109.988546
-1410.395190
-1802.451318
-1771.901490
-1120.171822
-514.266897
-789.215351
-1130.355098
-280.051548
911.391751
1094.690720
1018.316149
1537.663228
1792.245130
1685.320731
2001.002289
2367.600227
2057.010307
1369.639173
1221.981671
1695.504007
1888.986252
1252.531499
610.985107
865.567009
1588.579609
2031.552117
1634.404351
213.837341
-768.848798
-137.485683
15.263458
-1965.383735
-3609.982818
-3319.759451
-3401.225659
-4455.194731
-4103.871707
-2693.487973
-2673.121421
-3238.293242
-1807.542956
860.475371
1832.978234
1237.256585
1639.495989
3156.804121
3548.860250
2902.222220
2800.389459
2571.265748
1354.364259
432.777776
656.809849
687.359678
-198.585339
-1084.530356
-1318.745706
-901.231387
-458.258879
-717.932418
-1186.363117
-1176.179841
-1023.430700
-1059.072166
-1008.155786
-982.697596
-1349.295534
-1751.534938
-1680.252006
-1165.996565
-723.024056
-809.581903
-926.689577
-295.326462
636.443297
987.766321
1099.782358
1532.571590
1756.603664
1644.587627
1883.894614
2214.851086
1939.902633
1430.738830
1298.356241
1476.563572
1486.746848
1155.790376
809.558990
799.375714
1201.615118
1812.611682
2021.368841
911.391751
-631.374572
-478.625431
371.678120
-921.597939
-3279.026346
-3655.807561
-3116.093930
-3839.106530
-4343.178694
-3279.026346
-2576.380299
-3121.185568
-2586.563575
-117.119131
1726.053835
1517.296676
1227.073309
2494.891178
3716.884304
3385.927833
2724.014889
2566.174110
1868.619700
733.184420
412.411224
631.351659
224.020617
-779.032075
-1446.036656
-1155.813289
-412.434136
-397.159222
-1074.347080
-1267.829325
-957.239406
-962.331044
-1043.797252
-941.964491
-1196.546393
-1715.893472
-1894.100803
-1496.953037
-845.223369
-667.016038
-1043.797252
-911.414663
325.853378
1237.256585
1135.423824
1262.714775
1720.962197
1766.786940
1812.611682
2184.301258
2184.301258
1629.312713
1176.156928
1201.615118
1522.388314
1461.288658
850.292095
560.068727
997.949597
1675.137455
2118.109964
1598.762885
25.446734
-707.749142
86.546390
-101.844217
-2245.423827
-3625.257732
-3355.400917
-3630.349370
-4343.178694
-3798.373425
-2810.595648
-2897.153494
-2978.619703
-1303.470791
1089.599082
1838.069872
1308.539517
1832.978234
3279.003434
3538.676973
2871.672392
2673.098509
2291.225657
1089.599082
285.120273
473.510880
519.335623
-305.509738
-1298.379153
-1390.028638
-544.816725
-157.852235
-799.398627
-1222.004583
-977.605958
-972.514320
-1155.813289
-947.056129
-906.323025
-1568.235969
-2087.583048
-1731.168386
-921.597939
-621.191296
-1104.896908
-1130.355098
50.904924
1099.782358
1120.148910
1109.965634
1614.037799
1787.153492
1705.687283
2011.185565
2225.034362
1715.870559
1059.049254
1099.782358
1573.304695
1598.762885
972.491407
575.343641
952.124855
1461.288658
1888.986252
2072.285221
1018.316149
-570.274915
-519.358535
341.128292
-794.306989
-3090.635739
-3752.548683
-3441.958763
-3869.656358
-4052.955327
-3207.743414
-2764.770906
-3111.002291
-2342.164949
-5.103094
1710.778921
1588.579609
1323.814431
2398.150055
3492.852231
3314.644900
2795.297821
2433.791521
1634.404351
712.817868
463.327604
565.160365
147.646047
-763.757160
-1379.845362
-1084.530356
-386.975946
-402.250860
-952.147767
-1155.813289
-1074.347080
-947.056129
-784.123713
-957.239406
-1430.761742
-1598.785797
-1588.602521
-1588.602521
-1186.363117
-758.665522
-926.689577
-891.048111
106.912942
1053.957616
1176.156928
1145.607100
1471.471934
1817.703320
1955.177547
1970.452461
1873.711338
1614.037799
1354.364259
1232.164947
1298.356241
1339.089345
1043.774340
651.718211
738.276058
1364.547535
2092.651773
1919.536080
397.136310
-758.665522
-5.103094
529.518899
-1354.387172
-3472.508592
-3472.508592
-3116.093930
-3869.656358
-3961.305842
-2912.428408
-2657.846507
-3121.185568
-2077.399772
473.510880
1853.344786
1252.531499
1089.599082
2525.441006
3630.326458
3156.804121
2464.341350
2240.309276
1578.396333
656.809849
498.969071
697.542954
173.104237
-931.781215
-1379.845362
-743.390608
-188.402063
-529.541811
-1018.339062
-1160.904927
-1303.470791
-1145.630013
-605.916382
-819.765179
-1807.542956
-2046.849944
-1379.845362
-967.422682
-952.147767
-972.514320
-906.323025
-427.709051
483.694157
1155.790376
1288.172965
1242.348223
1252.531499
1563.121419
2143.568154
2143.568154
1430.738830
1033.591064
1267.806413
1461.288658
1400.189002
1267.806413
997.949597
784.100800
997.949597
1680.229093
2337.050399
1746.420388
-61.111113
-789.215351
239.295531
183.287513
-2082.491410
-3716.907217
-3477.600230
-3401.225659
-3951.122566
-3660.899199
-2841.145476
-2856.420390
-2897.153494
-1318.745706
1018.316149
1832.978234
1165.973652
1384.914088
2912.405496
3594.684992
2942.955324
2331.958761
1950.085909
1257.623137
616.076745
509.152347
504.060709
-117.119131
-1099.805270
-1349.295534
-611.008020
-132.394045
-616.099658
-1232.187859
-1237.279497
-809.581903
-575.366553
-896.139749
-1405.303552
-1446.036656
-1339.112258
-1527.502865
-1446.036656
-936.872853
-855.406645
-1013.247424
-402.250860
641.534935
1069.232530
936.849941
1125.240548
1690.412369
2006.093927
1894.077890
1720.962197
1700.595645
1598.762885
1293.264603
1191.431842
1369.639173
1323.814431
885.933561
641.534935
1033.591064
1700.595645
2001.002289
1288.172965
-101.844217
-478.625431
310.578464
-61.111113
-2163.957618
-3406.317297
-3105.910653
-3279.026346
-3879.839634
-3421.592211
-2718.946163
-3044.810997
-2932.794961
-1069.255442
926.666665
1272.898051
835.017180
1466.380296
2856.397478
3299.369986
2759.656355
2316.683847
1944.994271
1339.089345
824.833904
702.634592
570.252003
-142.577321
-1043.797252
-1181.271479
-565.183277
-305.509738
-850.315007
-1318.745706
-1140.538375
-819.765179
-824.856817
-1013.247424
-1186.363117
-1298.379153
-1395.120276
-1349.295534
-1084.530356
-896.139749
-962.331044
-824.856817
-178.218787
504.060709
768.825886
850.292095
1160.882014
1619.129437
1812.611682
1802.428406
1792.245130
1680.229093
1527.479952
1486.746848
1440.922106
1303.447879
1206.706757
1053.957616
794.284076
931.758303
1629.312713
1995.910651
1084.507444
-295.326462
-351.334480
473.510880
-274.959910
-2454.180986
-3253.568156
-2764.770906
-3192.468500
-3879.839634
-3304.484537
-2657.846507
-2978.619703
-2749.495991
-1028.522338
733.184420
1109.965634
794.284076
1395.097364
2805.481097
3279.003434
2561.082472
2102.835050
2016.277203
1456.197020
804.467352
712.817868
672.084764
-25.469646
-911.414663
-926.689577
-315.693014
-320.784652
-1053.980528
-1298.379153
-901.231387
-870.681559
-1171.088203
-1176.179841
-1069.255442
-1257.646049
-1527.502865
-1395.120276
-967.422682
-794.306989
-926.689577
-794.306989
-66.202751
600.801831
682.268040
738.276058
1232.164947
1624.221075
1578.396333
1537.663228
1736.237111
1705.687283
1374.730811
1242.348223
1410.372278
1456.197020
1252.531499
1018.316149
921.575027
1064.140892
1496.930124
1888.986252
1405.280640
-15.286370
-575.366553
249.478807
40.721648
-2051.941582
-3324.851089
-2912.428408
-2973.528065
-3655.807561
-3441.958763
-2815.687286
-2866.603666
-2759.679268
-1374.753724
448.052690
1079.415806
779.009162
1150.698738
2459.249711
3161.895759
2698.556699
2158.843068
1944.994271
1588.579609
1053.957616
758.642610
666.993126
203.654065
-646.649486
-972.514320
-488.808707
-300.418100
-850.315007
-1247.462773
-1120.171822
-936.872853
-896.139749
-967.422682
-1135.446737
-1308.562429
-1339.112258
-1196.546393
-987.789234
-906.323025
-967.422682
-758.665522
-188.402063
315.670102
554.977089
712.817868
972.491407
1344.180983
1603.854523
1685.320731
1690.412369
1542.754866
1405.280640
1461.288658
1440.922106
1232.164947
1191.431842
1201.615118
921.575027
824.833904
1349.272621
1939.902633
1512.205038
122.187856
-463.350517
305.486826
224.020617
-1741.351662
-3111.002291
-2739.312715
-2780.045820
-3574.341352
-3457.233677
-2739.312715
-2769.862544
-2841.145476
-1619.152349
193.470789
987.766321
697.542954
860.475371
2169.026344
3156.804121
2729.106527
2001.002289
1873.711338
1771.878578
1252.531499
794.284076
728.092782
427.686138
-509.175259
-1033.613976
-417.525775
5.080182
-789.215351
-1624.243987
-1344.203896
-641.557848
-656.832762
-1272.920963
-1502.044675
-1140.538375
-1028.522338
-1252.554411
-1094.713632
-799.398627
-875.773197
-875.773197
-315.693014
402.227948
600.801831
407.319586
560.068727
1344.180983
1858.436424
1502.021762
1232.164947
1552.938142
1690.412369
1415.463916
1262.714775
1323.814431
1323.814431
1165.973652
952.124855
1003.041235
1344.180983
1634.404351
1593.671247
809.558990
-264.776634
-193.493701
320.761740
-779.032075
-2601.838489
-2942.978237
-2637.479955
-3111.002291
-3411.408935
-3029.536083
-2805.504010
-2759.679268
-2118.132876
-758.665522
463.327604
733.184420
560.068727
1293.264603
2611.998852
2963.321876
2316.683847
1848.253148
1792.245130
1619.129437
1176.156928
809.558990
560.068727
20.355096
-621.191296
-692.474228
-412.434136
-509.175259
-931.781215
-1211.821307
-1227.096221
-926.689577
-697.565866
-992.880872
-1323.837344
-1216.912945
-1069.255442
-1069.255442
-962.331044
-875.773197
-835.040093
-600.824744
-188.402063
269.845359
626.260021
789.192438
982.674683
1303.447879
1558.029780
1598.762885
1537.663228
1461.288658
1384.914088
1359.455897
1272.898051
1165.973652
1277.989689
1272.898051
941.941579
901.208475
1471.471934
2011.185565
1481.655210
20.355096
-493.900345
397.136310
198.562427
-1883.917527
-3075.360825
-2606.930127
-2744.404353
-3518.333334
-3263.751432
-2642.571593
-2795.320734
-2780.045820
-1614.060711
30.538372
779.009162
448.052690
570.252003
1965.360823
3054.971361
2647.640319
1868.619700
1807.520044
1878.802976
1395.097364
870.658647
799.375714
524.427261
-442.983965
-992.880872
-392.067584
-30.561284
-809.581903
-1471.494846
-1160.904927
-697.565866
-661.924400
-921.597939
-1227.096221
-1211.821307
-1008.155786
-1038.705614
-1053.980528
-860.498283
-916.506301
-1028.522338
-534.633449
173.104237
427.686138
351.311568
504.060709
1079.415806
1573.304695
1517.296676
1328.906069
1481.655210
1608.946161
1446.013744
1257.623137
1272.898051
1323.814431
1267.806413
1059.049254
947.033217
1155.790376
1537.663228
1695.504007
1115.057272
-20.378008
-274.959910
407.319586
-142.577321
-2041.758306
-2820.778924
-2382.898053
-2668.029783
-3279.026346
-3009.169531
-2617.113403
-2800.412372
-2606.930127
-1374.753724
15.263458
453.144328
198.562427
682.268040
2113.018326
2825.847650
2281.042381
1726.053835
1832.978234
1914.444442
1435.830468
921.575027
845.200457
458.235966
-463.350517
-621.191296
35.630010
-193.493701
-1150.721651
-1130.355098
-667.016038
-997.972510
-1216.912945
-819.765179
-916.506301
-1532.594503
-1588.602521
-1048.888890
-723.024056
-921.597939
-1186.363117
-860.498283
-96.752579
290.211911
305.486826
544.793813
962.308131
1094.690720
1104.873996
1379.822449
1639.495989
1354.364259
947.033217
1160.882014
1507.113400
1272.898051
1003.041235
1211.798395
1354.364259
1099.782358
1028.499426
1578.396333
2046.827031
1237.256585
-269.868272
-341.151204
626.260021
-96.752579
-2194.507446
-2902.245132
-2352.348225
-2612.021765
-3324.851089
-3105.910653
-2576.380299
-2708.762887
-2698.579611
-1466.403208
168.012599
590.618555
152.737685
646.626573
2163.934706
2892.038944
2286.134019
1659.862541
1812.611682
1985.727375
1349.272621
702.634592
753.550972
473.510880
-555.000001
-829.948455
-71.294389
-81.477665
-1003.064148
-1308.562429
-860.498283
-529.541811
-626.282934
-972.514320
-1130.355098
-957.239406
-952.147767
-1120.171822
-911.414663
-661.924400
-982.697596
-1079.438718
-381.884308
193.470789
112.004580
66.179838
458.235966
911.391751
1089.599082
1125.240548
1277.989689
1461.288658
1446.013744
1344.180983
1395.097364
1451.105382
1354.364259
1283.081327
1288.172965
1206.706757
1053.957616
1191.431842
1649.679265
1461.288658
259.662083
-417.525775
193.470789
320.761740
-1155.813289
-2454.180986
-2321.798397
-2163.957618
-2769.862544
-3044.810997
-2668.029783
-2550.922108
-2703.671249
-2082.491410
-692.474228
152.737685
25.446734
112.004580
1155.790376
2270.859104
2291.225657
1680.229093
1614.037799
1909.352804
1639.495989
1028.499426
860.475371
814.650628
183.287513
-432.800689
-162.943873
188.379151
-453.167241
-1379.845362
-1242.371135
-402.250860
-402.250860
-1344.203896
-1670.068729
-977.605958
-682.290952
-1150.721651
-1211.821307
-768.848798
-763.757160
-947.056129
-488.808707
203.654065
234.203893
-127.302407
71.271476
906.300113
1308.539517
906.300113
723.001144
1257.623137
1670.045817
1425.647192
1130.332186
1242.348223
1461.288658
1496.930124
1390.005726
1313.631155
1252.531499
1216.890033
1461.288658
1700.595645
947.033217
-193.493701
-173.127149
341.128292
-519.358535
-2092.674686
-2515.280642
-2245.423827
-2617.113403
-3111.002291
-2892.061856
-2566.197022
-2622.205041
-2306.523483
-1160.904927
-81.477665
168.012599
162.920961
773.917524
1822.794958
2372.691865
2026.460479
1542.754866
1603.854523
1710.778921
1313.631155
896.116837
809.558990
453.144328
-157.852235
-239.318444
20.355096
-198.585339
-748.482246
-967.422682
-809.581903
-667.016038
-753.573884
-1028.522338
-1171.088203
-1109.988546
-1023.430700
-997.972510
-921.597939
-891.048111
-1003.064148
-860.498283
-336.059566
25.446734
-40.744560
-10.194732
407.319586
804.467352
977.583045
1099.782358
1181.248566
1257.623137
1384.914088
1425.647192
1339.089345
1303.447879
1364.547535
1369.639173
1308.539517
1206.706757
1048.865978
1150.698738
1593.671247
1496.930124
427.686138
-224.043529
300.395187
448.052690
-855.406645
-2123.224514
-2113.041238
-1995.933563
-2617.113403
-2937.886599
-2601.838489
-2591.655213
-2759.679268
-2118.132876
-972.514320
-315.693014
-213.860253
-30.561284
794.284076
1894.077890
2240.309276
1720.962197
1435.830468
1807.520044
1883.894614
1318.722793
1008.132873
962.308131
437.869414
-208.768615
-122.210769
213.837341
-168.035511
-860.498283
-1059.072166
-860.498283
-611.008020
-697.565866
-1186.363117
-1425.670104
-1125.263460
-941.964491
-1048.888890
-952.147767
-896.139749
-1115.080184
-875.773197
-117.119131
173.104237
-45.836198
61.088200
534.610537
926.666665
1140.515462
1140.515462
1008.132873
1084.507444
1328.906069
1415.463916
1344.180983
1272.898051
1232.164947
1277.989689
1405.280640
1395.097364
1125.240548
1079.415806
1563.121419
1598.762885
504.060709
-218.951891
346.219930
417.502862
-1033.613976
-2158.865980
-1995.933563
-2031.575029
-2734.221077
-2968.436427
-2657.846507
-2586.563575
-2668.029783
-2174.140894
-1089.621994
-280.051548
-173.127149
-66.202751
829.925542
1955.177547
2133.384878
1578.396333
1481.655210
1944.994271
1888.986252
1191.431842
941.941579
982.674683
432.777776
-168.035511
25.446734
218.928979
-361.517756
-941.964491
-835.040093
-544.816725
-621.191296
-926.689577
-1094.713632
-997.972510
-972.514320
-1125.263460
-1059.072166
-829.948455
-962.331044
-1155.813289
-763.757160
-188.402063
-76.386027
-213.860253
-5.103094
509.152347
835.017180
835.017180
850.292095
1028.499426
1201.615118
1252.531499
1267.806413
1313.631155
1277.989689
1145.607100
1201.615118
1471.471934
1446.013744
1023.407788
921.575027
1527.479952
1832.978234
941.941579
-101.844217
96.729666
616.076745
-285.143186
-1792.268042
-2067.216496
-1787.176404
-2367.623139
-2942.978237
-2612.021765
-2393.081329
-2744.404353
-2581.471937
-1456.219932
-427.709051
-269.868272
-325.876290
310.578464
1502.021762
2107.926688
1720.962197
1344.180983
1705.687283
1934.810995
1435.830468
1084.507444
1145.607100
738.276058
-50.927836
-76.386027
361.494844
-30.561284
-870.681559
-1033.613976
-672.107676
-524.450173
-819.765179
-1216.912945
-1201.638031
-875.773197
-855.406645
-1115.080184
-967.422682
-656.832762
-865.589921
-1018.339062
-392.067584
168.012599
-76.386027
-320.784652
152.737685
738.276058
784.100800
646.626573
799.375714
1104.873996
1242.348223
1196.523480
1211.798395
1344.180983
1313.631155
1160.882014
1323.814431
1629.312713
1435.830468
936.849941
1130.332186
1904.261166
1659.862541
239.295531
-280.051548
544.793813
427.686138
-1211.821307
-2174.140894
-1807.542956
-1960.292097
-2820.778924
-2841.145476
-2367.623139
-2545.830470
-2800.412372
-2077.399772
-880.864835
-310.601376
-351.334480
-193.493701
728.092782
1832.978234
1939.902633
1298.356241
1303.447879
1909.352804
1761.695302
1059.049254
997.949597
1094.690720
407.319586
-112.027493
269.845359
381.861396
-392.067584
-936.872853
-661.924400
-371.701032
-626.282934
-1084.530356
-1155.813289
-875.773197
-799.398627
-1074.347080
-1120.171822
-763.757160
-717.932418
-1023.430700
-819.765179
-152.760597
-25.469646
-402.250860
-244.410082
483.694157
773.917524
483.694157
504.060709
997.949597
1257.623137
1094.690720
1048.865978
1328.906069
1446.013744
1211.798395
1186.340204
1558.029780
1624.221075
1150.698738
891.025199
1349.272621
1878.802976
1313.631155
55.996562
-157.852235
626.260021
310.578464
-1349.295534
-2092.674686
-1659.885453
-1945.017183
-2774.954182
-2683.304697
-2260.698741
-2612.021765
-2810.595648
-1883.917527
-753.573884
-458.258879
-565.183277
-203.676977
855.383733
1812.611682
1751.512026
1237.256585
1395.097364
1863.528062
1619.129437
1109.965634
1160.882014
1018.316149
234.203893
-71.294389
407.319586
397.136310
-488.808707
-1023.430700
-626.282934
-203.676977
-575.366553
-1216.912945
-1145.630013
-682.290952
-768.848798
-1130.355098
-977.605958
-641.557848
-860.498283
-1104.896908
-621.191296
-50.927836
-193.493701
-549.908363
-218.951891
514.243985
717.909506
432.777776
448.052690
936.849941
1221.981671
1074.324168
1053.957616
1379.822449
1420.555554
1094.690720
1196.523480
1695.504007
1644.587627
1048.865978
891.025199
1451.105382
1858.436424
1298.356241
188.379151
-112.027493
488.785795
285.120273
-1135.446737
-1965.383735
-1720.985110
-1965.383735
-2637.479955
-2550.922108
-2301.431845
-2652.754869
-2729.129439
-1878.825889
-911.414663
-555.000001
-514.266897
-213.860253
641.534935
1593.671247
1720.962197
1252.531499
1272.898051
1731.145473
1670.045817
1211.798395
1150.698738
1079.415806
493.877433
142.554409
397.136310
448.052690
-66.202751
-580.458191
-712.840780
-595.733105
-468.442155
-677.199314
-1079.438718
-1140.538375
-987.789234
-1048.888890
-1028.522338
-824.856817
-952.147767
-1176.179841
-865.589921
-336.059566
-178.218787
-259.684996
-188.402063
117.096218
529.518899
773.917524
697.542954
672.084764
936.849941
1150.698738
1201.615118
1272.898051
1288.172965
1120.148910
1089.599082
1364.547535
1512.205038
1277.989689
997.949597
1028.499426
1354.364259
1527.479952
941.941579
25.446734
-45.836198
392.044672
-157.852235
-1384.937000
-1802.451318
-1715.893472
-2143.591066
-2510.189004
-2337.073311
-2408.356244
-2724.037801
-2372.714777
-1466.403208
-850.315007
-605.916382
-432.800689
-10.194732
936.849941
1756.603664
1624.221075
1186.340204
1420.555554
1797.336768
1558.029780
1221.981671
1135.423824
773.917524
305.486826
280.028635
356.403206
91.638028
-371.701032
-712.840780
-667.016038
-336.059566
-386.975946
-952.147767
-1104.896908
-667.016038
-595.733105
-967.422682
-987.789234
-779.032075
-855.406645
-941.964491
-677.199314
-432.800689
-448.075603
-412.434136
-152.760597
173.104237
376.769758
412.411224
514.243985
829.925542
1155.790376
1165.973652
1089.599082
1237.256585
1379.822449
1323.814431
1267.806413
1323.814431
1308.539517
1160.882014
982.674683
921.575027
1150.698738
1379.822449
789.192438
-81.477665
61.088200
549.885451
-91.660941
-1288.195877
-1614.060711
-1496.953037
-1909.375717
-2286.156931
-2250.515465
-2352.348225
-2545.830470
-2255.607103
-1552.961055
-982.697596
-712.840780
-524.450173
-91.660941
753.550972
1481.655210
1405.280640
1048.865978
1323.814431
1771.878578
1583.487971
1145.607100
1028.499426
835.017180
442.961052
325.853378
336.036654
76.363114
-330.967928
-590.641467
-616.099658
-437.892327
-427.709051
-860.498283
-1109.988546
-799.398627
-570.274915
-840.131731
-992.880872
-712.840780
-585.549829
-748.482246
-692.474228
-361.517756
-259.684996
-356.426118
-244.410082
66.179838
330.945016
417.502862
417.502862
605.893469
926.666665
1069.232530
1018.316149
1109.965634
1272.898051
1242.348223
1171.065290
1237.256585
1303.447879
1247.439861
1053.957616
916.483389
1120.148910
1456.197020
1013.224511
50.904924
20.355096
590.618555
132.371133
-1109.988546
-1532.594503
-1364.570448
-1766.809852
-2230.148913
-2123.224514
-2184.324170
-2596.746851
-2362.531501
-1522.411227
-1028.522338
-870.681559
-641.557848
-229.135167
488.785795
1283.081327
1400.189002
1043.774340
1109.965634
1552.938142
1573.304695
1216.890033
1028.499426
824.833904
468.419242
361.494844
417.502862
193.470789
-188.402063
-386.975946
-483.717069
-498.991983
-392.067584
-519.358535
-926.689577
-931.781215
-590.641467
-672.107676
-921.597939
-763.757160
-646.649486
-901.231387
-819.765179
-361.517756
-341.151204
-570.274915
-397.159222
5.080182
224.020617
371.678120
478.602518
519.335623
743.367696
1109.965634
1227.073309
1104.873996
1079.415806
1115.057272
1135.423824
1247.439861
1277.989689
1130.332186
1008.132873
947.033217
1018.316149
1379.822449
1374.730811
463.327604
-117.119131
473.510880
661.901487
-534.633449
-1496.953037
-1349.295534
-1481.678122
-2169.049256
-2286.156931
-2174.140894
-2581.471937
-2668.029783
-1914.467355
-1262.737687
-1043.797252
-758.665522
-397.159222
127.279495
1018.316149
1552.938142
1211.798395
957.216493
1420.555554
1720.962197
1379.822449
1069.232530
906.300113
616.076745
473.510880
488.785795
310.578464
71.271476
-178.218787
-580.458191
-580.458191
-71.294389
-188.402063
-1064.163804
-1186.363117
-493.900345
-478.625431
-977.605958
-931.781215
-733.207332
-911.414663
-891.048111
-524.450173
-397.159222
-539.725087
-478.625431
-173.127149
178.195875
463.327604
468.419242
376.769758
631.351659
1048.865978
1181.248566
1023.407788
982.674683
1165.973652
1247.439861
1135.423824
1120.148910
1293.264603
1303.447879
972.491407
799.375714
1186.340204
1588.579609
1099.782358
112.004580
71.271476
692.451316
280.028635
-972.514320
-1440.945018
-1323.837344
-1792.268042
-2296.340207
-2148.682704
-2209.782360
-2688.396335
-2484.730814
-1634.427263
-1140.538375
-997.972510
-641.557848
-193.493701
361.494844
1130.332186
1451.105382
1099.782358
1023.407788
1466.380296
1593.671247
1216.890033
947.033217
779.009162
483.694157
376.769758
397.136310
147.646047
-162.943873
-310.601376
-437.892327
-392.067584
-188.402063
-453.167241
-967.422682
-840.131731
-422.617413
-626.282934
-1013.247424
-860.498283
-682.290952
-814.673541
-748.482246
-498.991983
-498.991983
-524.450173
-300.418100
-56.019474
112.004580
305.486826
417.502862
448.052690
677.176402
1033.591064
1069.232530
941.941579
1069.232530
1267.806413
1181.248566
1023.407788
1084.507444
1247.439861
1252.531499
1028.499426
840.108818
1003.041235
1384.914088
1201.615118
356.403206
35.630010
488.785795
397.136310
-631.374572
-1328.928982
-1308.562429
-1583.510883
-2113.041238
-2153.774342
-2092.674686
-2459.272624
-2489.822452
-1802.451318
-1196.546393
-987.789234
-723.024056
-325.876290
162.920961
926.666665
1390.005726
1099.782358
957.216493
1435.830468
1614.037799
1221.981671
992.857959
926.666665
570.252003
305.486826
432.777776
310.578464
-127.302407
-346.242842
-432.800689
-448.075603
-274.959910
-371.701032
-880.864835
-977.605958
-544.816725
-468.442155
-794.306989
-850.315007
-712.840780
-733.207332
-712.840780
-519.358535
-437.892327
-509.175259
-453.167241
-244.410082
35.630010
254.570445
325.853378
376.769758
600.801831
855.383733
1013.224511
1099.782358
1074.324168
1064.140892
1160.882014
1160.882014
1028.499426
1043.774340
1176.156928
1038.682702
743.367696
794.284076
1201.615118
1277.989689
672.084764
61.088200
244.387169
621.168383
35.630010
-1028.522338
-1293.287515
-1216.912945
-1654.793815
-2016.300115
-1934.833907
-2158.865980
-2520.372280
-2072.308134
-1272.920963
-997.972510
-891.048111
-524.450173
-86.569303
565.160365
1293.264603
1318.722793
814.650628
936.849941
1537.663228
1466.380296
957.216493
748.459334
554.977089
274.936997
330.945016
386.953034
-15.286370
-356.426118
-392.067584
-361.517756
-198.585339
-157.852235
-605.916382
-891.048111
-585.549829
-376.792670
-656.832762
-875.773197
-845.223369
-875.773197
-824.856817
-575.366553
-549.908363
-667.016038
-514.266897
-193.493701
50.904924
198.562427
280.028635
381.861396
651.718211
911.391751
941.941579
911.391751
952.124855
1003.041235
1043.774340
1033.591064
885.933561
799.375714
977.583045
1109.965634
921.575027
799.375714
926.666665
1089.599082
1227.073309
967.399769
295.303549
162.920961
524.427261
117.096218
-931.781215
-1318.745706
-1293.287515
-1756.626576
-2067.216496
-1894.100803
-2174.140894
-2566.197022
-2031.575029
-1227.096221
-1038.705614
-865.589921
-386.975946
-61.111113
458.235966
1232.164947
1298.356241
773.917524
845.200457
1344.180983
1293.264603
921.575027
677.176402
412.411224
295.303549
448.052690
386.953034
25.446734
-137.485683
-208.768615
-315.693014
-173.127149
-127.302407
-555.000001
-835.040093
-580.458191
-453.167241
-728.115694
-885.956473
-845.223369
-829.948455
-702.657504
-539.725087
-575.366553
-580.458191
-356.426118
-117.119131
81.454752
239.295531
229.112255
325.853378
697.542954
885.933561
773.917524
779.009162
947.033217
977.583045
947.033217
957.216493
850.292095
768.825886
926.666665
977.583045
875.750285
865.567009
829.925542
850.292095
1181.248566
1257.623137
458.235966
-25.469646
504.060709
493.877433
-626.282934
-1283.104239
-1216.912945
-1603.877435
-2072.308134
-1883.917527
-1990.841925
-2550.922108
-2281.065293
-1410.395190
-1074.347080
-931.781215
-442.983965
-101.844217
213.837341
997.949597
1440.922106
1023.407788
773.917524
1165.973652
1354.364259
1064.140892
707.726230
412.411224
285.120273
386.953034
320.761740
66.179838
-15.286370
-132.394045
-336.059566
-147.668959
101.821304
-325.876290
-768.848798
-514.266897
-315.693014
-616.099658
-779.032075
-738.298970
-947.056129
-967.422682
-585.549829
-555.000001
-809.581903
-616.099658
-234.226805
-61.111113
127.279495
290.211911
244.387169
422.594500
875.750285
941.941579
692.451316
758.642610
936.849941
860.475371
850.292095
891.025199
646.626573
560.068727
845.200457
987.766321
855.383733
840.108818
891.025199
992.857959
1339.089345
1293.264603
458.235966
66.179838
529.518899
341.128292
-773.940436
-1308.562429
-1278.012601
-1751.534938
-2158.865980
-1909.375717
-1990.841925
-2464.364262
-2143.591066
-1278.012601
-896.139749
-733.207332
-280.051548
117.096218
498.969071
1145.607100
1379.822449
962.308131
799.375714
1109.965634
1135.423824
779.009162
478.602518
249.478807
96.729666
239.295531
269.845359
-25.469646
-147.668959
-5.103094
15.263458
-5.103094
86.546390
-106.935855
-498.991983
-488.808707
-336.059566
-509.175259
-835.040093
-1018.339062
-1059.072166
-941.964491
-758.665522
-773.940436
-835.040093
-616.099658
-249.501720
-0.011456
213.837341
376.769758
437.869414
580.435279
880.841923
992.857959
814.650628
707.726230
794.284076
840.108818
773.917524
656.809849
534.610537
483.694157
661.901487
855.383733
819.742266
733.184420
753.550972
906.300113
1262.714775
1405.280640
773.917524
106.912942
341.128292
600.801831
-193.493701
-1084.530356
-1206.729669
-1451.128294
-2016.300115
-1950.108821
-1695.526920
-2194.507446
-2438.906072
-1558.052693
-779.032075
-748.482246
-529.541811
-5.103094
300.395187
738.276058
1333.997707
1267.806413
748.459334
773.917524
1084.507444
947.033217
590.618555
249.478807
-35.652922
40.721648
264.753721
101.821304
-162.943873
-101.844217
-81.477665
-147.668959
122.187856
173.104237
-381.884308
-641.557848
-295.326462
-290.234824
-707.749142
-845.223369
-875.773197
-1028.522338
-855.406645
-585.549829
-712.840780
-789.215351
-412.434136
-76.386027
40.721648
254.570445
417.502862
468.419242
697.542954
947.033217
906.300113
748.459334
733.184420
763.734248
814.650628
768.825886
493.877433
310.578464
504.060709
723.001144
666.993126
682.268040
794.284076
773.917524
967.399769
1435.830468
1395.097364
621.168383
259.662083
646.626573
539.702175
-417.525775
-1115.080184
-1303.470791
-1649.702177
-1965.383735
-1848.276060
-1924.650631
-2372.714777
-2174.140894
-1201.638031
-687.382590
-723.024056
-376.792670
208.745703
468.419242
835.017180
1313.631155
1099.782358
539.702175
585.526917
891.025199
753.550972
315.670102
-81.477665
-203.676977
91.638028
336.036654
96.729666
-106.935855
157.829323
259.662083
106.912942
295.303549
366.586482
-213.860253
-555.000001
-203.676977
-218.951891
-809.581903
-1074.347080
-972.514320
-1028.522338
-1048.888890
-794.306989
-697.565866
-753.573884
-483.717069
20.355096
290.211911
320.761740
417.502862
610.985107
768.825886
850.292095
840.108818
697.542954
524.427261
488.785795
575.343641
554.977089
336.036654
168.012599
325.853378
590.618555
733.184420
758.642610
799.375714
936.849941
1089.599082
1349.272621
1537.663228
1115.057272
336.036654
285.120273
666.993126
25.446734
-1181.271479
-1451.128294
-1384.937000
-1929.742269
-2133.407790
-1705.710196
-1934.833907
-2382.898053
-1598.785797
-493.900345
-427.709051
-514.266897
61.088200
534.610537
768.825886
1135.423824
1125.240548
636.443297
458.235966
610.985107
585.526917
432.777776
122.187856
-305.509738
-122.210769
483.694157
412.411224
-10.194732
188.379151
437.869414
254.570445
341.128292
509.152347
-30.561284
-585.549829
-376.792670
-295.326462
-794.306989
-1135.446737
-1216.912945
-1288.195877
-1084.530356
-779.032075
-829.948455
-804.490265
-392.067584
-20.378008
249.478807
529.518899
554.977089
453.144328
728.092782
987.766321
799.375714
631.351659
585.526917
427.686138
392.044672
544.793813
371.678120
81.454752
208.745703
504.060709
590.618555
707.726230
906.300113
957.216493
1023.407788
1221.981671
1384.914088
1374.730811
911.391751
183.287513
101.821304
386.953034
-325.876290
-1527.502865
-1634.427263
-1384.937000
-1929.742269
-2133.407790
-1573.327607
-1700.618558
-2067.216496
-1176.179841
-112.027493
-203.676977
-351.334480
254.570445
661.901487
717.909506
921.575027
809.558990
351.311568
280.028635
442.961052
356.403206
224.020617
30.538372
-249.501720
40.721648
672.084764
529.518899
61.088200
376.769758
656.809849
315.670102
305.486826
427.686138
-213.860253
-824.856817
-565.183277
-478.625431
-1089.621994
-1374.753724
-1257.646049
-1206.729669
-967.422682
-651.741124
-600.824744
-473.533793
-66.202751
229.112255
448.052690
733.184420
717.909506
519.335623
748.459334
977.583045
656.809849
381.861396
417.502862
249.478807
86.546390
280.028635
325.853378
61.088200
147.646047
554.977089
758.642610
824.833904
967.399769
1079.415806
1155.790376
1196.523480
1176.156928
1288.172965
1125.240548
208.745703
-315.693014
162.920961
-25.469646
-1379.845362
-1914.467355
-1364.570448
-1598.785797
-2148.682704
-1593.694159
-1150.721651
-1700.618558
-1466.403208
-173.127149
249.478807
-193.493701
-30.561284
498.969071
646.626573
666.993126
641.534935
361.494844
157.829323
168.012599
152.737685
218.928979
234.203893
-117.119131
-162.943873
560.068727
855.383733
320.761740
254.570445
707.726230
488.785795
50.904924
208.745703
20.355096
-814.673541
-1038.705614
-656.832762
-845.223369
-1400.211914
-1359.478810
-1023.430700
-855.406645
-621.191296
-356.426118
-188.402063
61.088200
310.578464
473.510880
717.909506
799.375714
463.327604
371.678120
707.726230
605.893469
101.821304
91.638028
341.128292
137.462771
-20.378008
336.036654
519.335623
290.211911
397.136310
829.925542
987.766321
936.849941
997.949597
1145.607100
1160.882014
952.124855
850.292095
1038.682702
743.367696
-224.043529
-509.175259
35.630010
-315.693014
-1527.502865
-1583.510883
-977.605958
-1440.945018
-1889.009165
-1115.080184
-758.665522
-1420.578466
-1196.546393
-40.744560
193.470789
-285.143186
-157.852235
269.845359
386.953034
412.411224
290.211911
66.179838
55.996562
35.630010
-25.469646
300.395187
442.961052
-50.927836
-0.011456
885.933561
992.857959
295.303549
407.319586
885.933561
381.861396
-152.760597
132.371133
-10.194732
-880.864835
-1115.080184
-733.207332
-845.223369
-1252.554411
-1247.462773
-931.781215
-621.191296
-432.800689
-361.517756
-96.752579
295.303549
315.670102
254.570445
600.801831
728.092782
269.845359
132.371133
534.610537
442.961052
-40.744560
55.996562
376.769758
188.379151
25.446734
366.586482
610.985107
478.602518
478.602518
743.367696
885.933561
845.200457
819.742266
936.849941
1018.316149
748.459334
468.419242
717.909506
967.399769
249.478807
-570.274915
-162.943873
290.211911
-555.000001
-1384.937000
-916.506301
-702.657504
-1456.219932
-1446.036656
-656.832762
-860.498283
-1542.777779
-967.422682
20.355096
-137.485683
-611.008020
-274.959910
224.020617
244.387169
152.737685
183.287513
213.837341
122.187856
76.363114
310.578464
565.160365
310.578464
-40.744560
376.769758
926.666665
565.160365
91.638028
381.861396
468.419242
-81.477665
-188.402063
45.813286
-417.525775
-1038.705614
-814.673541
-458.258879
-712.840780
-1003.064148
-850.315007
-498.991983
-244.410082
-183.310425
-147.668959
55.996562
218.928979
193.470789
285.120273
448.052690
234.203893
-25.469646
208.745703
427.686138
137.462771
-20.378008
269.845359
356.403206
213.837341
356.403206
549.885451
442.961052
417.502862
626.260021
651.718211
539.702175
595.710193
672.084764
702.634592
748.459334
641.534935
524.427261
773.917524
987.766321
427.686138
-208.768615
91.638028
412.411224
-361.517756
-1115.080184
-850.315007
-799.398627
-1466.403208
-1466.403208
-840.131731
-1038.705614
-1603.877435
-1028.522338
-66.202751
-112.027493
-478.625431
-188.402063
274.936997
381.861396
336.036654
280.028635
239.295531
178.195875
66.179838
213.837341
498.969071
290.211911
-178.218787
152.737685
829.925542
585.526917
20.355096
234.203893
493.877433
66.179838
-162.943873
25.446734
-249.501720
-845.223369
-880.864835
-493.900345
-539.725087
-931.781215
-1003.064148
-641.557848
-234.226805
-203.676977
-300.418100
-71.294389
168.012599
132.371133
208.745703
432.777776
305.486826
-0.011456
147.646047
478.602518
320.761740
55.996562
203.654065
432.777776
361.494844
305.486826
448.052690
519.335623
437.869414
437.869414
605.893469
631.351659
458.235966
458.235966
702.634592
794.284076
605.893469
498.969071
646.626573
829.925542
712.817868
203.654065
-127.302407
76.363114
66.179838
-667.016038
-1120.171822
-870.681559
-1018.339062
-1496.953037
-1252.554411
-799.398627
-1201.638031
-1410.395190
-555.000001
45.813286
-280.051548
-366.609394
112.004580
305.486826
300.395187
417.502862
290.211911
25.446734
86.546390
244.387169
254.570445
254.570445
137.462771
15.263458
356.403206
753.550972
478.602518
152.737685
432.777776
453.144328
10.171820
-50.927836
45.813286
-468.442155
-936.872853
-667.016038
-514.266897
-875.773197
-1003.064148
-748.482246
-549.908363
-392.067584
-208.768615
-152.760597
-61.111113
178.195875
229.112255
208.745703
330.945016
259.662083
40.721648
188.379151
432.777776
224.020617
-0.011456
274.936997
519.335623
356.403206
336.036654
539.702175
539.702175
437.869414
554.977089
641.534935
478.602518
381.861396
514.243985
677.176402
621.168383
458.235966
488.785795
610.985107
651.718211
610.985107
310.578464
-127.302407
-127.302407
91.638028
-320.784652
-1074.347080
-1089.621994
-835.040093
-1145.630013
-1344.203896
-916.506301
-835.040093
-1196.546393
-824.856817
-10.194732
5.080182
-376.792670
-147.668959
290.211911
325.853378
254.570445
162.920961
35.630010
76.363114
157.829323
147.646047
249.478807
300.395187
96.729666
188.379151
702.634592
723.001144
249.478807
208.745703
407.319586
147.646047
-203.676977
-213.860253
-397.159222
-804.490265
-865.589921
-682.290952
-702.657504
-784.123713
-707.749142
-519.358535
-239.318444
-30.561284
-35.652922
15.263458
259.662083
305.486826
188.379151
239.295531
254.570445
45.813286
5.080182
203.654065
178.195875
10.171820
117.096218
371.678120
442.961052
422.594500
498.969071
554.977089
529.518899
565.160365
590.618555
458.235966
259.662083
300.395187
498.969071
493.877433
300.395187
330.945016
519.335623
519.335623
570.252003
728.092782
397.136310
-173.127149
-81.477665
269.845359
-269.868272
-1084.530356
-1043.797252
-804.490265
-1104.896908
-1227.096221
-865.589921
-860.498283
-1074.347080
-626.282934
61.088200
112.004580
-142.577321
-56.019474
208.745703
381.861396
320.761740
40.721648
-112.027493
-15.286370
5.080182
-0.011456
178.195875
213.837341
-25.469646
91.638028
656.809849
717.909506
218.928979
112.004580
361.494844
203.654065
-127.302407
-203.676977
-392.067584
-779.032075
-794.306989
-544.816725
-600.824744
-743.390608
-575.366553
-295.326462
-137.485683
-10.194732
106.912942
96.729666
117.096218
188.379151
183.287513
96.729666
-15.286370
-117.119131
-66.202751
127.279495
157.829323
45.813286
162.920961
427.686138
554.977089
539.702175
549.885451
554.977089
524.427261
524.427261
488.785795
336.036654
168.012599
127.279495
218.928979
336.036654
336.036654
290.211911
448.052690
621.168383
656.809849
794.284076
738.276058
178.195875
-147.668959
168.012599
101.821304
-809.581903
-1313.654067
-967.422682
-891.048111
-1272.920963
-1165.996565
-748.482246
-794.306989
-814.673541
-229.135167
285.120273
147.646047
-132.394045
-0.011456
346.219930
366.586482
-40.744560
-310.601376
-147.668959
-10.194732
-142.577321
-25.469646
325.853378
244.387169
112.004580
610.985107
1013.224511
595.710193
193.470789
392.044672
397.136310
-61.111113
-325.876290
-386.975946
-717.932418
-977.605958
-779.032075
-565.183277
-667.016038
-743.390608
-473.533793
-50.927836
117.096218
25.446734
25.446734
213.837341
229.112255
61.088200
35.630010
96.729666
-81.477665
-244.410082
25.446734
300.395187
132.371133
30.538372
386.953034
677.176402
595.710193
509.152347
590.618555
565.160365
381.861396
310.578464
356.403206
218.928979
-50.927836
-81.477665
218.928979
381.861396
229.112255
264.753721
641.534935
773.917524
590.618555
728.092782
896.116837
310.578464
-336.059566
-101.844217
91.638028
-707.749142
-1410.395190
-1094.713632
-789.215351
-1104.896908
-1109.988546
-560.091639
-412.434136
-600.824744
-249.501720
351.311568
330.945016
-91.660941
-193.493701
55.996562
137.462771
-132.394045
-432.800689
-356.426118
-157.852235
-183.310425
-30.561284
397.136310
483.694157
254.570445
488.785795
1008.132873
835.017180
234.203893
132.371133
213.837341
-152.760597
-555.000001
-580.458191
-646.649486
-947.056129
-931.781215
-514.266897
-244.410082
-366.609394
-371.701032
66.179838
422.594500
239.295531
5.080182
188.379151
244.387169
-117.119131
-244.410082
15.263458
-40.744560
-356.426118
-168.035511
310.578464
376.769758
224.020617
432.777776
738.276058
702.634592
565.160365
554.977089
493.877433
269.845359
55.996562
40.721648
112.004580
-35.652922
-224.043529
-30.561284
315.670102
392.044672
346.219930
575.343641
814.650628
697.542954
595.710193
814.650628
646.626573
-112.027493
-448.075603
-178.218787
-280.051548
-967.422682
-1216.912945
-840.131731
-723.024056
-835.040093
-575.366553
-218.951891
-244.410082
-300.418100
-5.103094
234.203893
55.996562
-295.326462
-412.434136
-239.318444
-173.127149
-417.525775
-544.816725
-234.226805
-15.286370
-15.286370
274.936997
702.634592
646.626573
407.319586
641.534935
835.017180
412.411224
-25.469646
-91.660941
-208.768615
-519.358535
-646.649486
-585.549829
-585.549829
-590.641467
-458.258879
-173.127149
76.363114
61.088200
-30.561284
157.829323
310.578464
40.721648
-178.218787
-66.202751
-132.394045
-386.975946
-325.876290
-71.294389
-45.836198
-61.111113
218.928979
514.243985
498.969071
448.052690
554.977089
616.076745
442.961052
188.379151
91.638028
142.554409
10.171820
-203.676977
-127.302407
91.638028
106.912942
86.546390
341.128292
616.076745
616.076745
595.710193
748.459334
809.558990
580.435279
397.136310
493.877433
346.219930
-203.676977
-565.183277
-351.334480
-249.501720
-717.932418
-936.872853
-595.733105
-412.434136
-529.541811
-422.617413
-162.943873
-234.226805
-448.075603
-330.967928
-76.386027
-147.668959
-498.991983
-636.466210
-351.334480
-137.485683
-290.234824
-325.876290
10.171820
152.737685
66.179838
310.578464
656.809849
504.060709
188.379151
280.028635
417.502862
193.470789
-76.386027
-188.402063
-249.501720
-280.051548
-264.776634
-193.493701
-96.752579
-101.844217
-173.127149
5.080182
244.387169
91.638028
-198.585339
-168.035511
-86.569303
-254.593358
-325.876290
-203.676977
-274.959910
-346.242842
-127.302407
96.729666
142.554409
157.829323
234.203893
341.128292
432.777776
386.953034
244.387169
188.379151
183.287513
55.996562
35.630010
162.920961
101.821304
-0.011456
188.379151
448.052690
437.869414
351.311568
442.961052
529.518899
514.243985
534.610537
524.427261
412.411224
305.486826
274.936997
366.586482
315.670102
-96.752579
-386.975946
-173.127149
-56.019474
-463.350517
-717.932418
-498.991983
-442.983965
-626.282934
-493.900345
-280.051548
-498.991983
-697.565866
-442.983965
-193.493701
-305.509738
-478.625431
-478.625431
-295.326462
-91.660941
-101.844217
-147.668959
20.355096
142.554409
127.279495
274.936997
524.427261
448.052690
203.654065
249.478807
392.044672
269.845359
35.630010
-66.202751
-122.210769
-178.218787
-168.035511
-122.210769
-101.844217
-157.852235
-203.676977
-76.386027
50.904924
-101.844217
-269.868272
-162.943873
-122.210769
-305.509738
-300.418100
-122.210769
-142.577321
-234.226805
-66.202751
162.920961
178.195875
152.737685
229.112255
315.670102
341.128292
274.936997
218.928979
224.020617
183.287513
81.454752
122.187856
254.570445
173.104237
117.096218
325.853378
473.510880
361.494844
351.311568
504.060709
498.969071
397.136310
432.777776
478.602518
371.678120
269.845359
300.395187
351.311568
168.012599
-198.585339
-351.334480
-193.493701
-208.768615
-590.641467
-748.482246
-565.183277
-524.450173
-580.458191
-468.442155
-376.792670
-488.808707
-544.816725
-351.334480
-193.493701
-249.501720
-427.709051
-432.800689
-173.127149
-10.194732
-91.660941
-86.569303
112.004580
168.012599
147.646047
356.403206
504.060709
285.120273
137.462771
269.845359
285.120273
86.546390
-40.744560
-91.660941
-147.668959
-157.852235
-142.577321
-91.660941
-25.469646
-76.386027
-152.760597
-30.561284
71.271476
-112.027493
-249.501720
-183.310425
-224.043529
-346.242842
-229.135167
-71.294389
-183.310425
-203.676977
15.263458
162.920961
198.562427
249.478807
259.662083
224.020617
285.120273
290.211911
188.379151
157.829323
142.554409
96.729666
152.737685
229.112255
198.562427
203.654065
341.128292
371.678120
310.578464
371.678120
402.227948
305.486826
315.670102
402.227948
366.586482
305.486826
305.486826
330.945016
356.403206
188.379151
-188.402063
-341.151204
-147.668959
-213.860253
-661.924400
-784.123713
-539.725087
-488.808707
-534.633449
-371.701032
-274.959910
-432.800689
-437.892327
-203.676977
-71.294389
-213.860253
-437.892327
-453.167241
-173.127149
15.263458
-91.660941
-122.210769
61.088200
173.104237
198.562427
386.953034
468.419242
244.387169
112.004580
224.020617
234.203893
76.363114
-81.477665
-178.218787
-183.310425
-112.027493
-66.202751
-66.202751
-25.469646
-76.386027
-147.668959
-30.561284
45.813286
-157.852235
-341.151204
-254.593358
-157.852235
-208.768615
-218.951891
-127.302407
-86.569303
-15.286370
86.546390
178.195875
254.570445
203.654065
117.096218
178.195875
274.936997
203.654065
96.729666
127.279495
183.287513
178.195875
198.562427
264.753721
264.753721
229.112255
290.211911
351.311568
341.128292
239.295531
183.287513
259.662083
346.219930
336.036654
315.670102
346.219930
346.219930
320.761740
392.044672
264.753721
-198.585339
-417.525775
-259.684996
-300.418100
-616.099658
-707.749142
-590.641467
-498.991983
-341.151204
-162.943873
-203.676977
-315.693014
-295.326462
-234.226805
-173.127149
-188.402063
-417.525775
-560.091639
-315.693014
-35.652922
-66.202751
-101.844217
66.179838
147.646047
173.104237
346.219930
427.686138
234.203893
66.179838
86.546390
147.646047
122.187856
-15.286370
-152.760597
-122.210769
-5.103094
-15.286370
-5.103094
71.271476
-40.744560
-193.493701
-45.836198
81.454752
-147.668959
-336.059566
-239.318444
-142.577321
-142.577321
-112.027493
-50.927836
-40.744560
-25.469646
50.904924
117.096218
152.737685
81.454752
-20.378008
50.904924
208.745703
178.195875
96.729666
157.829323
224.020617
229.112255
274.936997
310.578464
249.478807
193.470789
234.203893
274.936997
264.753721
213.837341
137.462771
183.287513
346.219930
376.769758
300.395187
325.853378
366.586482
315.670102
315.670102
274.936997
-50.927836
-392.067584
-371.701032
-254.593358
-392.067584
-575.366553
-560.091639
-417.525775
-249.501720
-142.577321
-142.577321
-224.043529
-351.334480
-386.975946
-269.868272
-183.310425
-376.792670
-580.458191
-407.342498
-86.569303
25.446734
20.355096
50.904924
61.088200
112.004580
269.845359
356.403206
229.112255
50.904924
-15.286370
71.271476
208.745703
168.012599
-35.652922
-117.119131
-15.286370
76.363114
81.454752
20.355096
-127.302407
-234.226805
-157.852235
-40.744560
-76.386027
-208.768615
-229.135167
-152.760597
-40.744560
66.179838
40.721648
-35.652922
-5.103094
35.630010
40.721648
71.271476
86.546390
25.446734
-20.378008
96.729666
234.203893
244.387169
178.195875
178.195875
193.470789
162.920961
168.012599
193.470789
168.012599
86.546390
86.546390
234.203893
305.486826
229.112255
178.195875
198.562427
239.295531
300.395187
366.586482
330.945016
224.020617
224.020617
274.936997
244.387169
76.363114
-193.493701
-356.426118
-274.959910
-203.676977
-315.693014
-437.892327
-407.342498
-295.326462
-208.768615
-178.218787
-269.868272
-442.983965
-488.808707
-366.609394
-264.776634
-274.959910
-341.151204
-351.334480
-168.035511
86.546390
122.187856
15.263458
-5.103094
35.630010
66.179838
117.096218
157.829323
40.721648
-66.202751
45.813286
203.654065
229.112255
106.912942
-5.103094
5.080182
86.546390
96.729666
10.171820
-132.394045
-229.135167
-218.951891
-106.935855
-20.378008
-66.202751
-168.035511
-142.577321
40.721648
122.187856
45.813286
-56.019474
-96.752579
-76.386027
-45.836198
10.171820
55.996562
55.996562
45.813286
132.371133
274.936997
320.761740
213.837341
86.546390
61.088200
76.363114
112.004580
142.554409
122.187856
86.546390
127.279495
259.662083
386.953034
397.136310
280.028635
152.737685
178.195875
300.395187
346.219930
295.303549
234.203893
218.928979
269.845359
361.494844
290.211911
-35.652922
-315.693014
-330.967928
-249.501720
-290.234824
-427.709051
-493.900345
-463.350517
-315.693014
-173.127149
-198.585339
-330.967928
-437.892327
-448.075603
