-0.000117
-14.037174
-8.422351
2.807295
2.807295
2.807295
-14.037174
-8.422351
-2.807528
-2.807528
2.807295
-5.614940
-8.422351
-8.422351
-5.614940
8.422118
5.614706
-5.614940
-0.000117
8.422118
-0.000117
-0.000117
5.614706
-8.422351
-11.229763
-2.807528
-5.614940
2.807295
5.614706
-16.844586
-8.422351
5.614706
5.614706
5.614706
-0.000117
-2.807528
-0.000117
2.807295
-2.807528
-5.614940
-11.229763
-11.229763
8.422118
2.807295
-16.844586
-8.422351
2.807295
2.807295
-0.000117
5.614706
-0.000117
-2.807528
2.807295
5.614706
5.614706
-5.614940
-2.807528
2.807295
8.422118
5.614706
-5.614940
-5.614940
8.422118
14.036941
19.651764
-0.000117
-11.229763
-2.807528
8.422118
22.459175
-0.000117
-19.651997
-11.229763
-0.000117
16.844352
11.229529
-5.614940
-5.614940
-2.807528
8.422118
19.651764
-5.614940
-16.844586
-5.614940
8.422118
14.036941
-0.000117
-5.614940
2.807295
2.807295
2.807295
-0.000117
5.614706
-2.807528
-5.614940
-5.614940
-2.807528
-2.807528
-2.807528
-8.422351
-2.807528
-2.807528
-2.807528
-2.807528
-8.422351
-11.229763
-2.807528
-5.614940
-2.807528
-5.614940
-19.651997
-8.422351
-2.807528
2.807295
14.036941
-11.229763
-22.459409
-8.422351
8.422118
14.036941
-8.422351
-14.037174
-2.807528
-0.000117
16.844352
2.807295
-14.037174
-0.000117
5.614706
16.844352
8.422118
-2.807528
-11.229763
-8.422351
16.844352
19.651764
2.807295
-11.229763
-5.614940
16.844352
22.459175
14.036941
-0.000117
-5.614940
11.229529
28.073998
22.459175
5.614706
-8.422351
-8.422351
5.614706
16.844352
16.844352
11.229529
-0.000117
-11.229763
-0.000117
14.036941
-2.807528
-16.844586
-16.844586
-5.614940
-0.000117
-2.807528
2.807295
-8.422351
-14.037174
11.229529
14.036941
-2.807528
-11.229763
-14.037174
-14.037174
5.614706
8.422118
-8.422351
-19.651997
-8.422351
2.807295
8.422118
-0.000117
-22.459409
-25.266820
-2.807528
5.614706
8.422118
-5.614940
-25.266820
-19.651997
-2.807528
14.036941
11.229529
-5.614940
-11.229763
-0.000117
2.807295
2.807295
2.807295
-16.844586
-14.037174
14.036941
22.459175
11.229529
-5.614940
-5.614940
2.807295
14.036941
14.036941
8.422118
11.229529
8.422118
5.614706
8.422118
8.422118
8.422118
-0.000117
-0.000117
11.229529
19.651764
25.266587
5.614706
-11.229763
-5.614940
14.036941
16.844352
-0.000117
-14.037174
-16.844586
5.614706
8.422118
5.614706
-2.807528
-11.229763
5.614706
19.651764
-0.000117
-5.614940
-11.229763
-8.422351
2.807295
11.229529
5.614706
-22.459409
-28.074232
-5.614940
11.229529
2.807295
-22.459409
-33.689055
-22.459409
-5.614940
14.036941
-2.807528
-28.074232
-19.651997
-11.229763
-2.807528
-5.614940
-11.229763
-8.422351
-16.844586
-2.807528
11.229529
-2.807528
-14.037174
-25.266820
-14.037174
-0.000117
8.422118
-0.000117
-14.037174
-8.422351
-2.807528
5.614706
11.229529
5.614706
-0.000117
-5.614940
11.229529
16.844352
11.229529
14.036941
-5.614940
2.807295
22.459175
28.073998
25.266587
5.614706
-5.614940
5.614706
25.266587
28.073998
16.844352
16.844352
19.651764
22.459175
30.881410
25.266587
11.229529
5.614706
14.036941
11.229529
5.614706
16.844352
16.844352
16.844352
14.036941
2.807295
2.807295
-0.000117
-0.000117
-2.807528
-8.422351
-11.229763
-5.614940
-5.614940
-8.422351
-11.229763
-19.651997
-14.037174
-8.422351
-8.422351
-14.037174
-16.844586
-8.422351
-14.037174
-19.651997
-16.844586
-16.844586
-25.266820
-42.111289
-28.074232
-8.422351
-16.844586
-22.459409
-36.496466
-19.651997
-8.422351
-11.229763
-16.844586
-33.689055
-28.074232
-11.229763
-2.807528
2.807295
-22.459409
-25.266820
-2.807528
11.229529
25.266587
14.036941
-11.229763
-11.229763
8.422118
42.111056
36.496233
2.807295
11.229529
28.073998
42.111056
47.725879
28.073998
28.073998
36.496233
39.303644
33.688821
44.918467
39.303644
25.266587
36.496233
42.111056
44.918467
42.111056
19.651764
16.844352
33.688821
36.496233
19.651764
-0.000117
-0.000117
8.422118
8.422118
2.807295
-5.614940
-25.266820
-19.651997
-19.651997
-33.689055
-30.881643
-36.496466
-50.533524
-56.148347
-50.533524
-39.303878
-53.340935
-72.992816
-75.800227
-67.377993
-56.148347
-67.377993
-75.800227
-72.992816
-67.377993
-61.763170
-67.377993
-61.763170
-58.955758
-56.148347
-47.726112
-44.918701
-53.340935
-47.726112
-36.496466
-19.651997
-8.422351
-0.000117
22.459175
22.459175
14.036941
33.688821
47.725879
64.570348
72.992582
67.377759
70.185171
81.414817
101.066697
115.103755
126.333401
115.103755
98.259286
103.874109
126.333401
129.140812
126.333401
106.681520
101.066697
120.718578
134.755635
123.525989
98.259286
70.185171
67.377759
72.992582
84.222228
58.955525
22.459175
16.844352
2.807295
8.422118
8.422118
-28.074232
-53.340935
-84.222462
-72.992816
-42.111289
-64.570581
-115.103989
-137.563281
-129.141046
-115.103989
-117.911400
-151.600338
-179.674453
-190.904099
-176.867042
-154.407750
-140.370692
-168.444807
-213.363391
-199.326334
-162.829984
-129.141046
-129.141046
-171.252219
-185.289276
-160.022573
-109.489166
-70.185404
-81.415051
-103.874343
-81.415051
-39.303878
-14.037174
5.614706
16.844352
14.036941
25.266587
64.570348
95.451874
112.296343
112.296343
117.911166
154.407516
196.518688
207.748334
188.096454
182.481631
213.363157
252.666918
263.896564
244.244684
227.400215
227.400215
224.592803
230.207626
244.244684
230.207626
202.133511
168.444573
134.755635
145.985281
160.022339
140.370458
109.488932
78.607405
53.340702
33.688821
25.266587
16.844352
-14.037174
-56.148347
-87.029874
-89.837285
-75.800227
-98.259520
-145.985515
-171.252219
-162.829984
-154.407750
-182.481865
-213.363391
-216.170803
-202.133745
-216.170803
-238.630095
-241.437506
-227.400449
-221.785626
-235.822683
-249.859741
-249.859741
-230.207860
-224.593037
-218.978214
-199.326334
-199.326334
-204.941157
-188.096688
-145.985515
-106.681754
-112.296577
-137.563281
-103.874343
-33.689055
8.422118
-0.000117
-28.074232
11.229529
70.185171
98.259286
129.140812
112.296343
115.103755
171.251985
230.207626
269.511387
241.437272
213.363157
233.015038
272.318799
320.044794
342.504086
314.429971
275.126210
277.933622
334.081852
359.348555
289.163268
216.170569
196.518688
238.629861
283.548445
269.511387
204.940923
123.525989
84.222228
106.681520
131.948224
120.718578
44.918467
-61.763170
-84.222462
-39.303878
-5.614940
-61.763170
-176.867042
-210.555980
-137.563281
-75.800227
-140.370692
-249.859741
-280.741267
-255.474564
-210.555980
-185.289276
-221.785626
-303.200559
-359.348789
-308.815382
-193.711511
-154.407750
-277.933856
-404.267373
-339.696909
-168.444807
-129.141046
-233.015272
-322.852440
-291.970913
-182.481865
-131.948458
-168.444807
-204.941157
-216.170803
-171.252219
-95.452108
-44.918701
-42.111289
-109.489166
-115.103989
2.807295
120.718578
92.644463
-5.614940
8.422118
137.563047
238.629861
199.326100
112.296343
157.214927
269.511387
334.081852
339.696675
320.044794
317.237383
306.007737
334.081852
409.881962
443.570900
393.037493
328.467029
353.733732
390.230082
311.622560
238.629861
275.126210
331.274440
325.659617
272.318799
230.207626
165.637162
72.992582
72.992582
137.563047
126.333401
16.844352
-72.992816
-81.415051
-70.185404
-95.452108
-140.370692
-179.674453
-193.711511
-207.748568
-218.978214
-218.978214
-233.015272
-258.281975
-322.852440
-331.274674
-261.089387
-249.859741
-303.200559
-356.541378
-331.274674
-258.281975
-272.319033
-364.963612
-387.422904
-263.896798
-171.252219
-247.052329
-339.696909
-272.319033
-185.289276
-235.822683
-289.163502
-199.326334
-131.948458
-224.593037
-252.667152
-109.489166
-19.651997
-120.718812
-213.363391
-84.222462
92.644463
58.955525
-61.763170
-25.266820
134.755635
216.170569
140.370458
103.874109
171.251985
235.822449
252.666918
283.548445
364.963378
387.422670
339.696675
331.274440
404.267139
460.415369
429.533843
384.615259
423.919020
513.756188
516.563599
395.844905
258.281741
249.859507
364.963378
432.341254
356.541144
247.052095
221.785392
174.059396
87.029640
84.222228
157.214927
157.214927
-8.422351
-151.600338
-140.370692
-81.415051
-87.029874
-176.867042
-252.667152
-247.052329
-221.785626
-224.593037
-266.704210
-294.778325
-291.970913
-317.237617
-342.504320
-317.237617
-289.163502
-300.393148
-362.156201
-373.385847
-283.548679
-230.207860
-308.815382
-440.763723
-387.422904
-193.711511
-140.370692
-289.163502
-387.422904
-258.281975
-134.755869
-204.941157
-266.704210
-196.518922
-154.407750
-218.978214
-233.015272
-103.874343
-0.000117
-92.644697
-193.711511
-87.029874
112.296343
120.718578
-36.496466
-33.689055
176.866808
283.548445
162.829750
67.377759
196.518688
356.541144
339.696675
277.933622
342.504086
432.341254
404.267139
381.807847
468.837604
536.215480
463.222781
384.615259
488.489484
617.630413
522.178422
291.970679
207.748334
350.926321
474.452427
429.533843
297.585502
188.096454
123.525989
117.911166
162.829750
193.711277
106.681520
-44.918701
-137.563281
-140.370692
-75.800227
-75.800227
-210.555980
-314.430205
-286.356090
-213.363391
-221.785626
-308.815382
-376.193258
-376.193258
-339.696909
-300.393148
-280.741267
-322.852440
-409.882196
-426.726665
-339.696909
-277.933856
-300.393148
-339.696909
-364.963612
-376.193258
-362.156201
-291.970913
-204.941157
-247.052329
-356.541378
-308.815382
-148.792927
-109.489166
-238.630095
-317.237617
-224.593037
-145.985515
-157.215161
-120.718812
-61.763170
-81.415051
-137.563281
-75.800227
72.992582
131.948224
67.377759
30.881410
129.140812
249.859507
272.318799
227.400215
216.170569
269.511387
322.852206
384.615259
451.993135
496.911719
491.296896
440.763489
435.148666
519.371011
614.823002
620.437825
539.022891
443.570900
376.193024
367.770790
404.267139
415.496785
395.844905
331.274440
230.207626
160.022339
174.059396
199.326100
162.829750
89.837051
-8.422351
-101.066931
-151.600338
-126.333635
-117.911400
-190.904099
-277.933856
-297.585736
-272.319033
-286.356090
-320.045028
-336.889497
-359.348789
-362.156201
-317.237617
-269.511621
-320.045028
-435.148900
-494.104541
-421.111842
-306.007971
-291.970913
-390.230316
-468.837838
-443.571134
-348.119143
-275.126444
-272.319033
-345.311732
-364.963612
-227.400449
-84.222462
-145.985515
-328.467263
-376.193258
-221.785626
-103.874343
-101.066931
-101.066931
-78.607639
-89.837285
-70.185404
28.073998
103.874109
89.837051
64.570348
115.103755
199.326100
258.281741
263.896564
249.859507
235.822449
269.511387
356.541144
418.304197
463.222781
513.756188
536.215480
502.526542
460.415369
519.371011
656.934174
704.660170
609.208179
440.763489
345.311498
409.881962
491.296896
463.222781
364.963378
289.163268
249.859507
213.363157
193.711277
188.096454
134.755635
47.725879
-53.340935
-145.985515
-179.674453
-145.985515
-154.407750
-269.511621
-353.733966
-317.237617
-286.356090
-350.926555
-404.267373
-379.000670
-356.541378
-348.119143
-331.274674
-334.082086
-401.459962
-449.185957
-429.534077
-390.230316
-376.193258
-390.230316
-421.111842
-451.993369
-412.689608
-350.926555
-353.733966
-393.037727
-367.771024
-244.244918
-129.141046
-160.022573
-314.430205
-390.230316
-289.163502
-143.178104
-115.103989
-157.215161
-131.948458
-87.029874
-64.570581
-39.303878
8.422118
61.762936
92.644463
131.948224
179.674219
224.592803
266.703976
272.318799
272.318799
294.778091
339.696675
412.689374
491.296896
536.215480
555.867360
564.289595
533.408068
505.333953
581.134064
690.623112
713.082404
589.556298
384.615259
320.044794
429.533843
539.022891
508.141365
356.541144
252.666918
218.977980
210.555746
224.592803
241.437272
171.251985
-19.651997
-188.096688
-176.867042
-87.029874
-101.066931
-269.511621
-418.304431
-390.230316
-283.548679
-280.741267
-401.459962
-499.719364
-446.378546
-336.889497
-283.548679
-320.045028
-412.689608
-474.452661
-466.030426
-404.267373
-362.156201
-398.652550
-454.800780
-471.645249
-463.223015
-463.223015
-418.304431
-342.504320
-311.622794
-297.585736
-221.785626
-182.481865
-280.741267
-376.193258
-308.815382
-148.792927
-103.874343
-129.141046
-131.948458
-112.296577
-70.185404
-36.496466
-16.844586
33.688821
117.911166
143.177870
92.644463
120.718578
303.200325
409.881962
322.852206
216.170569
280.741033
480.067250
592.363710
589.556298
581.134064
558.674772
533.408068
544.637714
640.089705
777.652869
774.845457
592.363710
384.615259
367.770790
513.756188
597.978533
539.022891
398.652316
280.741033
275.126210
314.429971
291.970679
185.289042
47.725879
-50.533524
-137.563281
-202.133745
-213.363391
-252.667152
-359.348789
-426.726665
-350.926555
-249.859741
-289.163502
-440.763723
-513.756422
-395.845139
-235.822683
-227.400449
-387.422904
-533.408302
-505.334187
-376.193258
-339.696909
-454.800780
-589.556532
-581.134298
-440.763723
-379.000670
-471.645249
-539.023125
-432.341488
-255.474564
-154.407750
-160.022573
-255.474564
-384.615493
-429.534077
-320.045028
-160.022573
-98.259520
-151.600338
-204.941157
-151.600338
-11.229763
75.799994
22.459175
-42.111289
39.303644
204.940923
258.281741
224.592803
244.244684
314.429971
336.889263
334.081852
379.000436
496.911719
586.748887
583.941475
581.134064
623.245236
651.319351
642.897117
654.126763
763.615811
788.882515
626.052648
516.563599
527.793245
502.526542
516.563599
659.741586
665.356409
409.881962
227.400215
272.318799
247.052095
42.111056
-160.022573
-263.896798
-350.926555
-432.341488
-440.763723
-440.763723
-544.637948
-732.734519
-794.497572
-617.630647
-435.148900
-488.489718
-654.126997
-609.208413
-328.467263
-148.792927
-185.289276
-221.785626
-145.985515
-92.644697
-134.755869
-176.867042
-140.370692
-188.096688
-395.845139
-626.052882
-670.971466
-499.719364
-398.652550
-555.867594
-729.927107
-642.897351
-404.267373
-362.156201
-572.712063
-614.823236
-306.007971
70.185171
213.363157
157.214927
160.022339
317.237383
513.756188
606.400767
606.400767
572.711829
533.408068
617.630413
774.845457
777.652869
583.941475
421.111608
513.756188
763.615811
903.986386
870.297448
797.304749
833.801099
889.949329
842.223333
640.089705
244.244684
-252.667152
-569.904652
-642.897351
-769.230868
-1083.660956
-1288.601996
-1005.053434
-342.504320
89.837051
112.296343
227.400215
718.697227
1224.031297
1274.564704
870.297448
474.452427
381.807847
331.274440
-22.459409
-550.252771
-926.445912
-1122.964717
-1257.720469
-1240.876000
-1013.475669
-814.149452
-797.304983
-721.504873
-370.578435
70.185171
238.629861
56.148113
-174.059630
-72.992816
224.592803
207.748334
-95.452108
-174.059630
-47.726112
-126.333635
-334.082086
-401.459962
-407.074785
-539.023125
-662.549231
-505.334187
-160.022573
-106.681754
-367.771024
-379.000670
25.266587
415.496785
409.881962
179.674219
162.829750
440.763489
724.312050
746.771342
586.748887
488.489484
558.674772
729.926873
833.801099
679.393466
381.807847
331.274440
662.548997
1030.319904
1069.623665
822.571453
685.008289
895.564152
1083.660722
724.312050
-165.637396
-1086.468368
-1454.239274
-1285.794584
-1122.964717
-1218.416708
-1288.601996
-875.912505
53.340702
1002.245789
1367.209284
1117.349660
861.875214
960.134616
1049.971784
617.630413
-297.585736
-1120.157306
-1375.631752
-1207.187062
-1064.009076
-1108.927660
-1224.031531
-1167.883301
-738.349342
-75.800227
311.622560
171.251985
-75.800227
25.266587
353.733732
454.800546
162.829750
-188.096688
-280.741267
-140.370692
5.614706
-58.955758
-395.845139
-791.690160
-923.638501
-640.089939
-297.585736
-353.733966
-592.363944
-387.422904
207.748334
505.333953
272.318799
-61.763170
-92.644697
75.799994
92.644463
-28.074232
19.651764
190.903865
356.541144
603.593356
867.490037
920.830855
713.082404
589.556298
777.652869
856.260391
435.148666
14.036941
275.126210
937.675324
1173.497890
901.178975
842.223333
1277.372116
1577.765147
1122.964483
44.918467
-1083.660956
-1836.047239
-2108.366154
-2018.528986
-1793.936066
-1504.772681
-932.060735
286.355856
1796.743244
2478.944238
1979.224991
1148.231187
797.304749
713.082404
115.103755
-1066.816487
-1996.069694
-2052.217924
-1510.387504
-909.601443
-533.408302
-418.304431
-379.000670
-218.978214
92.644463
294.778091
44.918467
-423.919254
-443.571134
72.992582
466.030192
345.311498
19.651764
-53.340935
134.755635
115.103755
-311.622794
-763.616045
-1038.742372
-1165.075890
-965.749673
-423.919254
25.266587
154.407516
241.437272
451.993135
578.326652
258.281741
-449.185957
-875.912505
-758.001222
-460.415603
-160.022573
238.629861
648.511940
976.979085
1221.223886
1330.712934
1128.579306
623.245236
230.207626
230.207626
286.355856
-25.266820
-233.015272
336.889263
1305.446231
1807.972890
1681.639372
1485.120567
1656.372669
1785.513598
1156.653421
-367.771024
-2150.477327
-3130.263940
-2897.248786
-2136.440269
-1608.646907
-1167.883301
-174.059630
1451.431629
2841.100322
2981.470897
1973.610168
729.926873
-145.985515
-544.637948
-822.571687
-1353.172460
-1850.084296
-1698.484075
-791.690160
213.363157
446.378312
-148.792927
-774.845691
-887.142151
-687.815935
-508.141599
-407.074785
-238.630095
252.666918
979.786497
1341.942580
946.097559
143.177870
-505.334187
-861.875448
-1145.424009
-1319.483522
-1111.735071
-670.971466
-317.237617
22.459175
536.215480
867.490037
502.526542
-238.630095
-600.786178
-541.830537
-631.667705
-996.631200
-1007.860846
-339.696909
440.763489
811.341807
965.749439
1103.312603
1013.475435
685.008289
435.148666
202.133511
-171.252219
-353.733966
50.533290
704.660170
864.682625
654.126763
895.564152
1608.646673
1937.113819
1459.853863
850.645568
808.534395
1061.201430
957.327205
196.518688
-1232.453766
-2678.270689
-3026.389715
-2147.669915
-1187.535182
-937.675558
-816.956864
235.822449
2077.484394
3079.730299
2389.107070
979.786497
-2.807528
-345.311732
-423.919254
-727.119696
-1316.676111
-1810.780535
-1692.869252
-786.075337
207.748334
227.400215
-620.438059
-1120.157306
-743.964165
-2.807528
451.993135
356.541144
157.214927
395.844905
861.875214
859.067802
89.837051
-892.756974
-1274.564938
-940.482970
-533.408302
-423.919254
-325.659851
-75.800227
28.073998
16.844352
190.903865
199.326100
-373.385847
-946.097793
-788.882749
-168.444807
106.681520
-235.822683
-477.260072
72.992582
788.882515
833.801099
541.830303
398.652316
350.926321
404.267139
502.526542
443.570900
266.703976
221.785392
474.452427
774.845457
715.889816
561.482183
853.452979
1364.401872
1608.646673
1642.335611
1633.913377
1532.846562
1238.068355
412.689374
-1148.231421
-2798.989383
-3562.605312
-3096.575002
-1939.921464
-1019.090492
-471.645249
617.630413
2403.144128
3441.886383
2790.566915
1280.179527
64.570348
-620.438059
-1027.512726
-1319.483522
-1440.202217
-1403.705867
-1201.572239
-592.363944
199.326100
300.392914
-510.949010
-1344.750226
-1364.402106
-609.208413
109.488932
308.815148
488.489484
1007.860612
1423.357514
1162.268244
182.481631
-864.682859
-1325.098345
-1381.246575
-1316.676111
-932.060735
-249.859741
277.933622
336.889263
193.711277
348.118909
482.874661
-145.985515
-1083.660956
-1313.868699
-836.608744
-300.393148
-137.563281
-182.481865
117.911166
676.586055
920.830855
881.527094
699.045347
303.200325
36.496233
165.637162
370.578201
435.148666
460.415369
530.600657
690.623112
797.304749
780.460280
932.060501
1313.868465
1532.846562
1490.735390
1434.587160
1417.742691
1392.475987
918.023444
-679.393700
-2900.056197
-4048.287501
-3427.849560
-2035.373455
-1049.972018
-536.215714
488.489484
2355.418132
3672.094126
3253.789813
1650.757846
-58.955758
-1142.616598
-1367.209518
-1215.609297
-1106.120248
-1162.268478
-1238.068589
-794.497572
143.177870
398.652316
-530.600891
-1594.609849
-1774.284186
-962.942262
238.629861
988.208731
1212.801651
1339.135169
1313.868465
918.023444
117.911166
-797.304983
-1569.343146
-2189.781088
-2195.395911
-1033.127549
510.948776
1137.001541
760.808400
238.629861
252.666918
468.837604
-101.066931
-1235.261177
-1734.980425
-1308.253876
-477.260072
325.659617
642.897117
494.104307
359.348555
440.763489
783.267692
937.675324
325.659617
-362.156201
-109.489166
575.519241
774.845457
595.171121
539.022891
715.889816
808.534395
656.934174
752.386165
1282.986939
1611.454085
1457.046452
1389.668576
1650.757846
1774.283952
1092.082957
-741.156753
-2998.315600
-4166.198784
-3641.212834
-2206.625557
-906.794032
-247.052329
409.881962
2001.684283
3585.064370
3388.545565
1636.720788
-258.281975
-1361.594695
-1350.365049
-833.801333
-679.393700
-884.334740
-1139.809186
-1038.742372
-297.585736
145.985281
-623.245470
-1765.861951
-1976.417814
-929.253324
676.586055
1608.646673
1558.113266
1308.253642
1114.542249
687.815701
-218.978214
-1628.298787
-2610.892813
-2172.936619
-937.675558
42.111056
685.008289
999.438377
895.564152
477.259838
-129.141046
-713.082638
-1111.735071
-1372.824341
-1221.224120
-474.452661
266.703976
471.645015
308.815148
207.748334
320.044794
373.385613
196.518688
174.059396
401.459728
533.408068
651.319351
777.652869
662.548997
426.726431
449.185723
620.437825
550.252537
367.770790
586.748887
1316.675877
1909.039704
1880.965589
1670.409726
1698.483841
1712.520899
1257.720235
-241.437506
-2804.604206
-4809.096018
-4503.088164
-2408.759185
-482.874895
171.251985
393.037493
1799.550655
3736.664591
3818.079524
1763.054306
-564.289829
-1777.091597
-1670.409960
-873.105094
-269.511621
-275.126444
-760.808634
-1069.623899
-609.208413
-117.911400
-760.808634
-1962.380756
-2271.196021
-1122.964717
721.504639
1951.150876
2094.328863
1687.254195
1041.549550
196.518688
-721.504873
-1617.069141
-2139.247681
-1987.647460
-1311.061288
-171.252219
1100.505191
1583.379970
999.438377
-39.303878
-870.297682
-1117.349894
-1044.357195
-1049.972018
-802.919806
-218.978214
168.444573
381.807847
539.022891
379.000436
-19.651997
-289.163502
-176.867042
415.496785
951.712382
847.838156
628.860059
659.741586
505.333953
308.815148
435.148666
567.097006
395.844905
213.363157
589.556298
1614.261496
2344.188486
2010.106518
1392.475987
1386.861164
1485.120567
1016.282846
-188.096688
-2192.588499
-4132.509846
-4517.125222
-3096.575002
-962.942262
460.415369
811.341807
1406.513045
2725.996450
3236.945344
2150.477093
303.200325
-1316.676111
-1810.780535
-1092.083191
-244.244918
89.837051
-160.022573
-943.290381
-1381.246575
-1080.853545
-1021.897903
-1527.231973
-1712.521132
-991.016377
437.956077
1765.861717
2290.847668
2029.758398
1193.149771
30.881410
-1055.586841
-1852.891708
-1987.647460
-1367.209518
-808.534629
-334.082086
662.548997
1403.705633
1221.223886
494.104307
-772.038280
-1850.084296
-1684.447017
-1019.090492
-558.675006
103.874109
558.674772
561.482183
614.823002
348.118909
-227.400449
-404.267373
-404.267373
-154.407750
729.926873
1288.601762
1167.883067
912.408621
350.926321
-126.333635
151.600104
463.222781
376.193024
379.000436
665.356409
1496.350213
2591.240698
2681.077866
1813.587713
1078.045899
713.082404
701.852758
404.267139
-1479.505978
-3986.524448
-4643.458739
-3071.308299
-654.126997
861.875214
628.860059
468.837604
1875.350766
3020.774658
2268.388376
614.823002
-755.193811
-1372.824341
-951.712616
-30.881643
429.533843
-92.644697
-1319.483522
-2012.914163
-1552.498677
-971.364496
-1120.157306
-1459.854097
-1019.090492
359.348555
1676.024549
1996.069460
1622.683731
920.830855
-134.755869
-861.875448
-1125.772129
-1642.335845
-1805.165712
-850.645802
207.748334
679.393466
853.452979
516.563599
-255.474564
-909.601443
-1224.031531
-979.786731
-390.230316
-165.637396
-143.178104
143.177870
300.392914
64.570348
-339.696909
-586.749121
-353.733966
160.022339
572.711829
976.979085
1207.186828
898.371563
466.030192
249.859507
-0.000117
-64.570581
390.230082
937.675324
1010.668023
797.304749
976.979085
1734.980191
2262.773553
1785.513598
887.141917
791.689926
1297.023996
960.134616
-685.008523
-2664.233631
-3837.731639
-3582.257192
-2161.706973
-699.045581
129.140812
808.534395
1760.246894
2521.055411
2439.640477
1353.172226
-193.711511
-1131.386952
-982.594142
-233.015272
320.044794
165.637162
-569.904652
-1254.913058
-1524.424562
-1574.957969
-1673.217371
-1645.143256
-1111.735071
-2.807528
1198.764594
1878.158177
1869.735943
1291.409173
334.081852
-494.104541
-999.438611
-1496.350447
-1574.957969
-850.645802
-87.029874
289.163268
597.978533
609.208179
126.333401
-640.089939
-1451.431863
-1344.750226
-221.785626
185.289042
-227.400449
-126.333635
179.674219
61.762936
-188.096688
-485.682307
-482.874895
81.414817
575.519241
934.867913
1313.868465
1019.090258
252.666918
-22.459409
84.222228
199.326100
423.919020
825.378864
1134.194129
948.904970
679.393466
1195.957182
2057.832513
1962.380522
1055.586607
631.667471
1134.194129
1650.757846
830.993687
-1558.113500
-3947.220687
-4480.628872
-2956.204427
-859.068036
342.504086
569.904418
867.490037
1793.935832
2394.721893
1631.105965
134.755635
-895.564386
-1047.164607
-266.704210
870.297448
1122.964483
117.911166
-1389.668810
-2372.262835
-2318.922017
-1771.476774
-1473.891155
-1179.112947
-336.889497
842.223333
1723.750545
1799.550655
1145.423775
311.622560
-398.652550
-814.149452
-859.068036
-873.105094
-710.275227
-92.644697
168.444573
-258.281975
-373.385847
-5.614940
22.459175
-510.949010
-1117.349894
-1052.779430
-272.319033
199.326100
-2.807528
-190.904099
-221.785626
-359.348789
-356.541378
36.496233
480.067250
508.141365
308.815148
477.259838
839.415922
763.615811
350.926321
92.644463
89.837051
266.703976
718.697227
1367.209284
1527.231739
859.067802
322.852206
895.564152
1897.810058
2004.491695
1243.683178
727.119462
940.482736
1302.638819
713.082404
-1504.772681
-4171.813607
-4854.014602
-2843.907967
-165.637396
1170.690479
1215.609063
1027.512492
1049.971784
979.786497
752.386165
471.645015
-14.037174
-393.037727
56.148113
1041.549550
1215.609063
-78.607639
-1959.573345
-3009.545246
-2717.574450
-1701.291486
-763.616045
-95.452108
457.607958
791.689926
822.571453
760.808400
612.015590
255.474330
-145.985515
-224.593037
-64.570581
-275.126444
-715.890050
-508.141599
-44.918701
-342.504320
-704.660404
-339.696909
-202.133745
-575.519475
-527.793479
-126.333635
-95.452108
-460.415603
-704.660404
-322.852440
325.659617
306.007737
-224.593037
-261.089387
199.326100
457.607958
463.222781
451.993135
387.422670
348.118909
499.719130
701.852758
676.586055
435.148666
524.985834
1156.653421
1378.438930
654.126763
235.822449
948.904970
1729.365368
1692.869018
1207.186828
881.527094
1111.734837
1412.127868
362.155967
-2158.899561
-4135.317258
-3969.679979
-2077.484628
-28.074232
934.867913
898.371563
699.045347
603.593356
508.141365
513.756188
387.422670
-19.651997
44.918467
898.371563
1375.631518
575.519241
-901.179209
-2074.677216
-2498.596353
-2122.403212
-1364.402106
-701.852992
-165.637396
247.052095
387.422670
350.926321
263.896564
84.222228
58.955525
376.193024
626.052648
244.244684
-583.941709
-864.682859
-289.163502
78.607405
-283.548679
-527.793479
-429.534077
-592.363944
-693.430758
-221.785626
-14.037174
-628.860293
-1024.705315
-457.608192
320.044794
516.563599
84.222228
-390.230316
-190.904099
331.274440
418.304197
356.541144
426.726431
387.422670
407.074551
732.734285
979.786497
724.312050
353.733732
670.971232
1437.394571
1347.557403
308.815148
-0.000117
1021.897669
1830.432182
1423.357514
755.193577
1047.164373
1953.958288
1956.765699
14.036941
-3096.575002
-5000.000000
-4006.176329
-1097.698014
1106.120014
1311.061054
516.563599
143.177870
294.778091
379.000436
238.629861
16.844352
53.340702
729.926873
1614.261496
1594.609616
280.741033
-1580.572792
-2740.033742
-2358.225778
-1184.727770
-583.941709
-547.445360
-393.037727
-176.867042
-129.141046
-112.296577
-89.837285
-39.303878
306.007737
926.445678
1327.905523
752.386165
-830.993921
-1673.217371
-496.911953
578.326652
-334.082086
-937.675558
123.525989
272.318799
-1013.475669
-1302.639053
-578.326886
-308.815382
-280.741267
-61.763170
157.214927
280.741033
11.229529
-454.800780
-294.778325
221.785392
238.629861
224.592803
786.075103
1117.349660
645.704528
157.214927
227.400215
513.756188
797.304749
1179.112713
1350.364815
800.112161
11.229529
306.007737
1591.802204
2060.639925
1305.446231
777.652869
1066.816253
1544.076208
1268.949881
-659.741820
-3220.101108
-3893.879869
-2352.610955
-505.334187
407.074551
376.193024
8.422118
-42.111289
98.259286
126.333401
249.859507
387.422670
513.756188
1061.201430
1546.883620
957.327205
-460.415603
-1653.565491
-1993.262283
-1471.083743
-743.964165
-561.482417
-758.001222
-819.764275
-715.890050
-544.637948
-317.237617
-61.763170
283.548445
724.312050
985.401320
856.260391
64.570348
-1111.735071
-1224.031531
28.073998
679.393466
199.326100
11.229529
-230.207860
-1266.142704
-1507.580093
-350.926555
272.318799
-342.504320
-752.386399
-283.548679
202.133511
22.459175
-494.104541
-631.667705
-143.178104
460.415369
763.615811
845.030745
645.704528
249.859507
196.518688
609.208179
906.793798
794.497338
648.511940
946.097559
1316.675877
786.075103
-131.948458
213.363157
1459.853863
1796.743244
1162.268244
850.645568
1243.683178
1749.017248
1350.364815
-617.630647
-3276.249338
-4317.799005
-2453.677769
477.259838
1465.468686
373.385613
-645.704762
-802.919806
-634.475116
-56.148347
670.971232
769.230634
687.815701
1111.734837
1364.401872
732.734285
-496.911953
-1631.106199
-1824.817593
-845.030979
47.725879
-188.096688
-909.601443
-1319.483522
-1364.402106
-976.979319
-291.970913
233.015038
510.948776
654.126763
693.430524
642.897117
-11.229763
-1268.950115
-1381.246575
247.052095
1372.824107
878.719683
-14.037174
-929.253324
-1765.861951
-1358.787283
-25.266820
393.037493
-196.518922
-513.756422
-401.459962
-328.467263
-409.882196
-586.749121
-522.178656
72.992582
693.430524
794.497338
600.785944
367.770790
193.711277
390.230082
870.297448
1024.705081
727.119462
617.630413
1117.349660
1445.816806
600.785944
-482.874895
36.496233
1577.765147
2116.788155
1600.224439
1092.082957
847.838156
915.216032
850.645568
-690.623346
-3175.182524
-3554.183077
-1184.727770
906.793798
814.149218
-449.185957
-1333.520580
-1229.646354
-356.541378
609.208179
1066.816253
856.260391
409.881962
454.800546
895.564152
738.349108
-249.859741
-1111.735071
-1100.505425
-449.185957
-22.459409
-480.067484
-1406.513279
-1813.587947
-1381.246575
-553.060183
154.407516
480.067250
367.770790
-28.074232
-188.096688
134.755635
89.837051
-508.141599
-277.933856
623.245236
569.904418
-5.614940
-70.185404
-488.489718
-1179.112947
-704.660404
241.437272
87.029640
-620.438059
-791.690160
-614.823236
-463.223015
-393.037727
-387.422904
-115.103989
328.467029
362.155967
235.822449
426.726431
550.252537
466.030192
612.015590
870.297448
867.490037
651.319351
595.171121
1089.275545
1524.424328
808.534395
-185.289276
269.511387
1560.920678
1923.076761
1224.031297
561.482183
746.771342
1487.927978
1162.268244
-1106.120248
-3335.204980
-3017.967480
-696.238169
954.519793
634.474882
-743.964165
-1709.713721
-1406.513279
-221.785626
800.112161
1038.742138
637.282294
255.474330
466.030192
932.060501
704.660170
-258.281975
-991.016377
-828.186510
-157.215161
56.148113
-631.667705
-1507.580093
-1645.143256
-1080.853545
-381.808081
70.185171
103.874109
-129.141046
-275.126444
-157.215161
171.251985
123.525989
-539.023125
-401.459962
873.104860
1049.971784
-154.407750
-586.749121
-398.652550
-589.556532
-258.281975
342.504086
-154.407750
-878.719917
-800.112395
-662.549231
-592.363944
-303.200559
-306.007971
-261.089387
266.703976
367.770790
-19.651997
160.022339
555.867360
606.400767
833.801099
1108.927426
845.030745
480.067250
583.941475
1072.431076
1471.083509
996.630966
8.422118
193.711277
1490.735390
1953.958288
1165.075656
569.904418
926.445678
1288.601762
437.956077
-1330.713168
-2535.092702
-2302.077548
-819.764275
755.193577
620.437825
-1072.431310
-1928.691818
-1179.112947
-129.141046
724.312050
1120.157072
547.445126
-22.459409
395.844905
833.801099
575.519241
64.570348
-516.563833
-699.045581
-137.563281
-0.000117
-873.105094
-1479.505978
-1302.639053
-957.327439
-522.178656
-98.259520
-64.570581
-269.511621
-449.185957
-423.919254
-120.718812
56.148113
84.222228
336.889263
353.733732
30.881410
81.414817
39.303644
-561.482417
-508.141599
280.741033
185.289042
-642.897351
-853.453213
-589.556532
-468.837838
-463.223015
-564.289829
-527.793479
-106.681754
182.481631
14.036941
8.422118
328.467029
510.948776
670.971232
985.401320
1038.742138
665.356409
393.037493
715.889816
1462.661275
1622.683731
685.008289
-30.881643
642.897117
1639.528200
1619.876319
1005.053200
769.230634
1100.505191
1403.705633
539.022891
-1653.565491
-3082.537945
-1962.380756
353.733732
1201.572005
-176.867042
-2029.758632
-2276.810844
-954.520027
432.341254
1049.971784
755.193577
-11.229763
-123.526223
645.704528
1075.238488
606.400767
-129.141046
-572.712063
-395.845139
182.481631
44.918467
-1007.860846
-1642.335845
-1299.831642
-670.971466
-185.289276
-120.718812
-499.719364
-713.082638
-466.030426
-140.370692
-151.600338
-508.141599
-423.919254
530.600657
954.519793
182.481631
-384.615493
-356.541378
-322.852440
185.289042
777.652869
115.103755
-982.594142
-993.823788
-516.563833
-381.808081
-342.504320
-468.837838
-699.045581
-437.956311
42.111056
106.681520
89.837051
283.548445
429.533843
637.282294
932.060501
895.564152
581.134064
527.793245
993.823554
1586.187381
1476.698332
595.171121
160.022339
836.608510
1577.765147
1510.387270
1117.349660
996.630966
1094.890368
982.593908
-47.726112
-1889.388057
-2686.692923
-1151.038832
859.067802
746.771342
-1030.320138
-2170.129207
-1847.276885
-662.549231
575.519241
1035.934727
496.911719
-174.059630
-137.563281
480.067250
1002.245789
791.689926
-39.303878
-491.297130
-112.296577
210.555746
-255.474564
-991.016377
-1254.913058
-993.823788
-581.134298
-384.615493
-508.141599
-609.208413
-544.637948
-519.371245
-353.733966
-109.489166
-480.067484
-797.304983
196.518688
1142.616364
362.155967
-617.630647
-362.156201
106.681520
407.074551
735.541696
131.948224
-1038.742372
-1047.164607
-364.963612
-328.467263
-395.845139
-269.511621
-575.519475
-696.238169
-117.911400
280.741033
249.859507
286.355856
317.237383
409.881962
738.349108
878.719683
645.704528
620.437825
1080.853311
1555.305854
1358.787049
626.052648
390.230082
920.830855
1431.779748
1600.224439
1403.705633
833.801099
679.393466
991.016143
89.837051
-2035.373455
-2582.818698
-673.778877
951.712382
322.852206
-1392.476221
-2293.655313
-1850.084296
-522.178656
766.423223
988.208731
145.985281
-539.023125
-204.941157
648.511940
1122.964483
864.682625
75.799994
-421.111842
-126.333635
154.407516
-325.659851
-895.564386
-937.675558
-786.075337
-634.475116
-418.304431
-356.541378
-558.675006
-704.660404
-640.089939
-409.882196
-115.103989
-348.119143
-1010.668257
-634.475116
828.186276
1252.105412
101.066697
-755.193811
-415.497019
409.881962
926.445678
499.719130
-668.164054
-1238.068589
-721.504873
-188.096688
-129.141046
-182.481865
-426.726665
-769.230868
-466.030426
258.281741
477.259838
210.555746
36.496233
218.977980
668.163820
923.638267
746.771342
670.971232
1086.468134
1510.387270
1372.824107
791.689926
477.259838
786.075103
1350.364815
1656.372669
1490.735390
1159.460833
1052.779196
707.467581
-600.786178
-1973.610402
-1625.491376
67.377759
682.200878
-623.245470
-2046.603101
-2105.558743
-1176.305536
-126.333635
505.333953
421.111608
-179.674453
-547.445360
-72.992816
850.645568
1148.231187
513.756188
-185.289276
-227.400449
131.948224
185.289042
-255.474564
-710.275227
-777.653103
-612.015824
-550.252771
-558.675006
-519.371245
-567.097240
-707.467815
-662.549231
-466.030426
-687.815935
-1094.890602
-502.526776
783.267692
735.541696
-631.667705
-861.875448
404.267139
965.749439
395.844905
8.422118
-249.859741
-690.623346
-494.104541
151.600104
67.377759
-539.023125
-752.386399
-567.097240
-188.096688
148.792693
-44.918701
-379.000670
-14.037174
522.178422
502.526542
376.193024
499.719130
631.667471
895.564152
1389.668576
1510.387270
915.216032
252.666918
412.689374
1375.631518
2083.099217
1793.935832
1033.127315
819.764041
1151.038598
1047.164373
-227.400449
-1858.506531
-1878.158411
-120.718812
808.534395
-524.986068
-2052.217924
-2015.721575
-1221.224120
-423.919254
435.148666
581.134064
-381.808081
-901.179209
-11.229763
996.630966
1047.164373
530.600657
-14.037174
-176.867042
162.829750
328.467029
-131.948458
-617.630647
-673.778877
-555.867594
-407.074785
-336.889497
-555.867594
-797.304983
-732.734519
-550.252771
-494.104541
-828.186510
-1311.061288
-651.319585
1002.245789
962.942028
-1010.668257
-1448.624451
342.504086
1386.861164
861.875214
72.992582
-724.312284
-1016.283080
-98.259520
729.926873
238.629861
-567.097240
-847.838390
-732.734519
-50.533524
575.519241
44.918467
-696.238169
-277.933856
477.259838
589.556298
463.222781
390.230082
429.533843
856.260391
1398.090810
1412.127868
864.682625
266.703976
328.467029
1316.675877
2212.240146
1900.617469
999.438377
875.912271
1431.779748
1094.890368
-845.030979
-2380.685070
-1201.572239
1066.816253
774.845457
-1535.654208
-2467.714826
-1754.632305
-979.786731
-64.570581
707.467581
56.148113
-1142.616598
-920.831089
289.163268
1005.053200
934.867913
331.274440
-269.511621
-87.029874
466.030192
325.659617
-263.896798
-468.837838
-379.000670
-348.119143
-325.659851
-387.422904
-656.934408
-867.490271
-673.778877
-404.267373
-743.964165
-1350.365049
-1010.668257
126.333401
499.719130
-255.474564
-713.082638
-300.393148
176.866808
530.600657
749.578754
210.555746
-704.660404
-634.475116
233.015038
530.600657
81.414817
-471.645249
-738.349342
-457.608192
123.525989
137.563047
-314.430205
-334.082086
11.229529
204.940923
345.311498
513.756188
480.067250
412.689374
710.274993
1184.727536
1358.787049
1019.090258
454.800546
418.304197
1131.386718
1920.269350
2119.595566
1656.372669
979.786497
651.319351
376.193024
-553.060183
-1347.557637
-637.282528
541.830303
64.570348
-1507.580093
-2035.373455
-1431.779982
-696.238169
53.340702
275.126210
-564.289829
-1173.498124
-527.793479
364.963378
676.586055
670.971232
317.237383
-151.600338
25.266587
451.993135
317.237383
-81.415051
-241.437506
-289.163502
-308.815382
-280.741267
-404.267373
-735.541930
-861.875448
-519.371245
-266.704210
-923.638501
-1653.565491
-870.297682
527.793245
404.267139
-687.815935
-833.801333
-224.593037
233.015038
603.593356
555.867360
-140.370692
-527.793479
-115.103989
311.622560
289.163268
-16.844586
-435.148900
-505.334187
-89.837285
103.874109
-193.711511
-362.156201
-123.526223
148.792693
266.703976
255.474330
202.133511
334.081852
668.163820
881.527094
951.712382
1049.971784
954.519793
631.667471
648.511940
1190.342359
1718.135722
1869.735943
1617.068908
1176.305302
957.327205
544.637714
-867.490271
-1982.032637
-738.349342
1311.061054
878.719683
-1468.276332
-2720.381861
-2125.210623
-713.082638
631.667471
707.467581
-707.467815
-1653.565491
-979.786731
165.637162
794.497338
884.334506
384.615259
-182.481865
-14.037174
348.118909
126.333401
-151.600338
-36.496466
44.918467
-81.415051
-286.356090
-575.519475
-735.541930
-595.171355
-429.534077
-468.837838
-800.112395
-1187.535182
-940.482970
-174.059630
-30.881643
-435.148900
-249.859741
92.644463
-213.363391
-320.045028
247.052095
412.689374
-2.807528
-84.222462
72.992582
-44.918701
-140.370692
-53.340935
-47.726112
-64.570581
-129.141046
-373.385847
-387.422904
70.185171
345.311498
115.103755
5.614706
277.933622
505.333953
550.252537
645.704528
867.490037
1066.816253
999.438377
640.089705
544.637714
1117.349660
1864.121120
2029.758398
1552.498443
1106.120014
1010.668023
435.148666
-1094.890602
-1796.743478
-258.281975
1428.972337
676.586055
-1462.661509
-2535.092702
-2113.980977
-763.616045
707.467581
760.808400
-788.882749
-1796.743478
-1080.853545
134.755635
783.267692
822.571453
317.237383
-154.407750
50.533290
339.696675
11.229529
-244.244918
117.911166
381.807847
81.414817
-345.311732
-640.089939
-825.379098
-693.430758
-275.126444
-148.792927
-626.052882
-1299.831642
-1372.824341
-522.178656
342.504086
280.741033
-320.045028
-715.890050
-673.778877
-70.185404
640.089705
550.252537
-145.985515
-387.422904
-72.992816
168.444573
202.133511
42.111056
-263.896798
-291.970913
-75.800227
-92.644697
-230.207860
-123.526223
165.637162
345.311498
339.696675
263.896564
224.592803
345.311498
656.934174
1061.201430
1181.920125
822.571453
429.533843
474.452427
1058.394019
1953.958288
2366.647778
1681.639372
713.082404
457.607958
8.422118
-1089.275779
-1013.475669
567.097006
1097.697780
-230.207860
-1414.935513
-1855.699119
-1883.773234
-741.156753
713.082404
367.770790
-1007.860846
-1339.135403
-912.408855
-387.422904
502.526542
903.986386
249.859507
-42.111289
291.970679
-8.422351
-466.030426
-5.614940
516.563599
362.155967
109.488932
-235.822683
-825.379098
-934.868147
-440.763723
-134.755869
-218.978214
-612.015824
-1252.105646
-1291.409407
-435.148900
154.407516
2.807295
-235.822683
-544.637948
-808.534629
-207.748568
640.089705
429.533843
-176.867042
-188.096688
-78.607639
-56.148347
218.977980
199.326100
-235.822683
-188.096688
143.177870
-78.607639
-303.200559
58.955525
314.429971
266.703976
359.348555
350.926321
143.177870
272.318799
774.845457
1117.349660
1064.008842
755.193577
460.415369
586.748887
1336.327757
2055.025102
1906.232292
1181.920125
704.660170
227.400215
-699.045581
-1016.283080
-5.614940
943.290147
544.637714
-524.986068
-1428.972571
-1973.610402
-1448.624451
-0.000117
617.630413
-168.444807
-979.786731
-1064.009076
-724.312284
-112.296577
359.348555
233.015038
89.837051
381.807847
336.889263
-266.704210
-547.445360
-196.518922
289.163268
586.748887
379.000436
-412.689608
-988.208965
-797.304983
-336.889497
-39.303878
-112.296577
-732.734519
-1254.913058
-836.608744
-64.570581
58.955525
-233.015272
-499.719364
-738.349342
-508.141599
258.281741
463.222781
-112.296577
-370.578435
-103.874343
70.185171
188.096454
227.400215
-129.141046
-334.082086
143.177870
485.682073
112.296343
-204.941157
11.229529
314.429971
466.030192
488.489484
241.437272
39.303644
398.652316
976.979085
1094.890368
791.689926
474.452427
384.615259
701.852758
1294.216585
1532.846562
1226.838709
912.408621
628.860059
-120.718812
-867.490271
-597.978767
364.963378
774.845457
325.659617
-412.689608
-1083.660956
-1367.209518
-887.142151
-92.644697
109.488932
-263.896798
-522.178656
-474.452661
-379.000670
-395.845139
-477.260072
-384.615493
11.229529
393.037493
320.044794
-123.526223
-491.297130
-499.719364
-179.674453
176.866808
266.703976
36.496233
-207.748568
-269.511621
-263.896798
-306.007971
-429.534077
-575.519475
-494.104541
-145.985515
78.607405
-58.955758
-398.652550
-662.549231
-637.282528
-272.319033
151.600104
258.281741
61.762936
-174.059630
-263.896798
-129.141046
98.259286
179.674219
98.259286
64.570348
95.451874
84.222228
30.881410
5.614706
25.266587
112.296343
204.940923
196.518688
103.874109
61.762936
160.022339
314.429971
398.652316
387.422670
336.889263
331.274440
401.459728
482.874661
544.637714
628.860059
673.778643
592.363710
370.578201
129.140812
44.918467
151.600104
306.007737
384.615259
373.385613
306.007737
140.370458
-98.259520
-247.052329
-249.859741
-196.518922
-101.066931
36.496233
67.377759
-81.415051
-266.704210
-367.771024
-359.348789
-255.474564
-115.103989
-39.303878
-98.259520
-188.096688
-213.363391
-263.896798
-359.348789
-322.852440
-168.444807
-72.992816
-81.415051
-140.370692
-204.941157
-258.281975
-277.933856
-297.585736
-336.889497
-286.356090
-182.481865
-154.407750
-190.904099
-233.015272
-280.741267
-308.815382
-283.548679
-280.741267
-297.585736
-241.437506
-123.526223
-39.303878
-36.496466
-92.644697
-157.215161
-176.867042
-134.755869
-61.763170
5.614706
67.377759
115.103755
143.177870
131.948224
131.948224
210.555746
320.044794
373.385613
379.000436
412.689374
457.607958
443.570900
449.185723
561.482183
676.586055
628.860059
491.296896
381.807847
328.467029
362.155967
426.726431
426.726431
401.459728
401.459728
297.585502
64.570348
-44.918701
5.614706
28.073998
28.073998
70.185171
22.459175
-148.792927
-216.170803
-171.252219
-193.711511
-235.822683
-230.207860
-210.555980
-199.326334
-165.637396
-179.674453
-325.659851
-457.608192
-401.459962
-277.933856
-210.555980
-179.674453
-199.326334
-249.859741
-247.052329
-221.785626
-289.163502
-393.037727
-409.882196
-336.889497
-247.052329
-204.941157
-247.052329
-311.622794
-353.733966
-367.771024
-353.733966
-339.696909
-314.430205
-224.593037
-81.415051
-25.266820
-78.607639
-179.674453
-241.437506
-196.518922
-98.259520
-28.074232
5.614706
81.414817
151.600104
134.755635
120.718578
168.444573
216.170569
286.355856
401.459728
471.645015
485.682073
505.333953
510.948776
536.215480
640.089705
699.045347
603.593356
491.296896
485.682073
485.682073
437.956077
418.304197
440.763489
457.607958
429.533843
286.355856
70.185171
-33.689055
11.229529
61.762936
95.451874
81.414817
-47.726112
-193.711511
-204.941157
-117.911400
-129.141046
-204.941157
-204.941157
-171.252219
-162.829984
-174.059630
-218.978214
-336.889497
-418.304431
-336.889497
-216.170803
-196.518922
-230.207860
-233.015272
-227.400449
-261.089387
-272.319033
-286.356090
-401.459962
-466.030426
-370.578435
-230.207860
-193.711511
-277.933856
-364.963612
-423.919254
-412.689608
-311.622794
-241.437506
-283.548679
-275.126444
-134.755869
-50.533524
-117.911400
-207.748568
-227.400449
-230.207860
-145.985515
-0.000117
53.340702
58.955525
117.911166
157.214927
145.985281
154.407516
199.326100
272.318799
362.155967
423.919020
454.800546
488.489484
536.215480
609.208179
673.778643
654.126763
583.941475
533.408068
508.141365
488.489484
454.800546
446.378312
499.719130
547.445126
485.682073
283.548445
47.725879
-67.377993
-39.303878
53.340702
78.607405
42.111056
-30.881643
-145.985515
-176.867042
-112.296577
-148.792927
-280.741267
-308.815382
-255.474564
-238.630095
-233.015272
-272.319033
-401.459962
-443.571134
-306.007971
-188.096688
-218.978214
-277.933856
-263.896798
-249.859741
-238.630095
-221.785626
-266.704210
-379.000670
-429.534077
-364.963612
-277.933856
-241.437506
-280.741267
-364.963612
-390.230316
-353.733966
-331.274674
-336.889497
-331.274674
-249.859741
-101.066931
-28.074232
-109.489166
-193.711511
-202.133745
-193.711511
-117.911400
-2.807528
44.918467
70.185171
160.022339
230.207626
168.444573
137.563047
221.785392
322.852206
398.652316
451.993135
496.911719
539.022891
583.941475
637.282294
656.934174
620.437825
561.482183
533.408068
527.793245
496.911719
440.763489
432.341254
519.371011
564.289595
485.682073
280.741033
11.229529
-112.296577
-33.689055
92.644463
160.022339
143.177870
28.073998
-109.489166
-148.792927
-131.948458
-216.170803
-320.045028
-303.200559
-238.630095
-227.400449
-235.822683
-297.585736
-404.267373
-426.726665
-348.119143
-280.741267
-269.511621
-289.163502
-291.970913
-249.859741
-213.363391
-235.822683
-342.504320
-457.608192
-466.030426
-384.615493
-297.585736
-244.244918
-261.089387
-328.467263
-387.422904
-390.230316
-364.963612
-353.733966
-311.622794
-185.289276
-50.533524
-47.726112
-129.141046
-182.481865
-199.326334
-185.289276
-89.837285
25.266587
56.148113
89.837051
185.289042
213.363157
160.022339
185.289042
255.474330
303.200325
390.230082
474.452427
499.719130
513.756188
589.556298
654.126763
628.860059
564.289595
522.178422
536.215480
527.793245
480.067250
480.067250
522.178422
539.022891
510.948776
387.422670
145.985281
-53.340935
-64.570581
42.111056
134.755635
179.674219
115.103755
-42.111289
-131.948458
-140.370692
-202.133745
-350.926555
-379.000670
-255.474564
-199.326334
-213.363391
-230.207860
-308.815382
-409.882196
-367.771024
-252.667152
-255.474564
-308.815382
-272.319033
-202.133745
-162.829984
-154.407750
-241.437506
-418.304431
-502.526776
-407.074785
-325.659851
-328.467263
-300.393148
-247.052329
-280.741267
-353.733966
-398.652550
-435.148900
-440.763723
-283.548679
-64.570581
-5.614940
-84.222462
-160.022573
-204.941157
-213.363391
-131.948458
-19.651997
58.955525
109.488932
199.326100
277.933622
269.511387
210.555746
210.555746
300.392914
384.615259
418.304197
457.607958
519.371011
606.400767
699.045347
704.660170
583.941475
471.645015
463.222781
454.800546
418.304197
449.185723
519.371011
527.793245
468.837604
348.118909
109.488932
-109.489166
-106.681754
39.303644
143.177870
182.481631
157.214927
16.844352
-117.911400
-134.755869
-199.326334
-336.889497
-362.156201
-241.437506
-182.481865
-190.904099
-165.637396
-235.822683
-401.459962
-449.185957
-350.926555
-306.007971
-322.852440
-261.089387
-199.326334
-185.289276
-193.711511
-269.511621
-395.845139
-488.489718
-494.104541
-423.919254
-336.889497
-294.778325
-291.970913
-289.163502
-306.007971
-334.082086
-334.082086
-325.659851
-294.778325
-182.481865
-39.303878
-16.844586
-103.874343
-174.059630
-218.978214
-241.437506
-131.948458
39.303644
134.755635
179.674219
255.474330
286.355856
230.207626
216.170569
266.703976
311.622560
401.459728
567.097006
665.356409
673.778643
746.771342
825.378864
701.852758
480.067250
390.230082
353.733732
325.659617
451.993135
673.778643
699.045347
505.333953
269.511387
-25.266820
-249.859741
-196.518922
42.111056
176.866808
179.674219
160.022339
30.881410
-126.333635
-182.481865
-216.170803
-320.045028
-353.733966
-252.667152
-154.407750
-154.407750
-168.444807
-185.289276
-311.622794
-474.452661
-482.874895
-409.882196
-359.348789
-235.822683
-50.533524
-19.651997
-204.941157
-398.652550
-463.223015
-516.563833
-595.171355
-482.874895
-238.630095
-199.326334
-303.200559
-283.548679
-317.237617
-471.645249
-457.608192
-322.852440
-235.822683
25.266587
8.422118
-859.068036
-1153.846244
25.266587
631.667471
-277.933856
-581.134298
353.733732
547.445126
-22.459409
325.659617
1137.001541
971.364262
379.000436
345.311498
502.526542
648.511940
1055.586607
1448.624217
1574.957735
1605.839262
1170.690479
8.422118
-769.230868
-367.771024
230.207626
350.926321
696.237935
1035.934727
370.578201
-612.015824
-825.379098
-861.875448
-1137.001775
-701.852992
381.807847
758.000988
480.067250
294.778091
-123.526223
-774.845691
-808.534629
-252.667152
50.533290
179.674219
513.756188
530.600657
-0.000117
-505.334187
-735.541930
-814.149452
-533.408302
70.185171
277.933622
-2.807528
-176.867042
-294.778325
-845.030979
-1426.165159
-1249.298235
-682.201112
-499.719364
-325.659851
157.214927
30.881410
-819.764275
-1159.461067
-766.423457
-454.800780
-160.022573
423.919020
612.015590
160.022339
-171.252219
-320.045028
-620.438059
-544.637948
182.481631
724.312050
735.541696
685.008289
488.489484
81.414817
154.407516
743.963931
976.979085
861.875214
1041.549550
1240.875766
1187.534948
1313.868465
1549.691031
1611.454085
1597.417027
932.060501
-642.897351
-1347.557637
-308.815382
437.956077
188.096454
373.385613
379.000436
-934.868147
-1765.861951
-1122.964717
-870.297682
-976.979319
106.681520
1089.275545
482.874661
-174.059630
-143.178104
-569.904652
-802.919806
137.563047
780.460280
398.652316
311.622560
508.141365
-134.755869
-901.179209
-842.223567
-595.171355
-398.652550
160.022339
367.770790
-373.385847
-1224.031531
-1485.120801
-1353.172460
-948.905204
-471.645249
-336.889497
-291.970913
-36.496466
-81.415051
-620.438059
-951.712616
-656.934408
22.459175
654.126763
859.067802
373.385613
-421.111842
-668.164054
-376.193258
-140.370692
11.229529
272.318799
454.800546
423.919020
291.970679
-44.918701
-266.704210
370.578201
1479.505744
1822.009947
1311.061054
707.467581
482.874661
915.216032
1774.283952
2304.884725
2490.173884
2507.018353
1030.319904
-1827.625004
-2697.922569
-814.149452
449.185723
370.578201
836.608510
463.222781
-1805.165712
-2796.181972
-1706.906309
-1254.913058
-850.645802
1049.971784
1965.187934
741.156519
-134.755869
-350.926555
-954.520027
-592.363944
836.608510
1229.646120
707.467581
558.674772
72.992582
-1035.934961
-1462.661509
-1069.623899
-547.445360
131.948224
567.097006
-22.459409
-1339.135403
-2262.773787
-2088.714274
-1187.535182
-317.237617
359.348555
651.319351
106.681520
-626.052882
-732.734519
-685.008523
-547.445360
339.696675
1240.875766
1013.475435
176.866808
-524.986068
-982.594142
-794.497572
-47.726112
339.696675
230.207626
174.059396
165.637162
14.036941
-72.992816
25.266587
457.607958
1389.668576
2113.980743
1720.943133
640.089705
95.451874
553.059949
1647.950434
2630.544459
3124.648883
3051.656184
1297.023996
-2088.714274
-3582.257192
-1577.765380
353.733732
502.526542
926.445678
578.326652
-1911.847349
-3161.145467
-2077.484628
-1546.883854
-797.304983
1603.031850
2464.907181
946.097559
120.718578
-342.504320
-1204.379651
-227.400449
1513.194682
1209.994240
550.252537
718.697227
-277.933856
-1670.409960
-1530.039385
-1125.772129
-926.445912
230.207626
898.371563
-440.763723
-2091.521685
-2442.448123
-1827.625004
-878.719917
120.718578
951.712382
991.016143
-16.844586
-788.882749
-606.401001
-502.526776
-213.363391
1052.779196
1603.031850
550.252537
-359.348789
-780.460514
-1311.061288
-892.756974
280.741033
384.615259
-84.222462
140.370458
165.637162
-339.696909
-207.748568
429.533843
993.823554
1782.706186
2091.521451
1204.379417
367.770790
569.904418
1305.446231
2091.521451
2714.766804
3082.537711
2644.581517
-112.296577
-3711.398121
-3613.138719
-685.008523
311.622560
320.044794
1120.157072
-381.808081
-3186.412170
-2796.181972
-1513.194916
-1715.328544
286.355856
3295.900985
2431.218243
291.970679
53.340702
-715.890050
-1215.609297
923.638267
2240.314261
859.067802
143.177870
154.407516
-1103.312837
-1990.454871
-1558.113500
-1209.994474
-609.208413
553.059949
508.141365
-1075.238722
-2389.107304
-2366.648012
-1389.668810
-188.096688
870.297448
1375.631518
772.038046
-224.593037
-421.111842
-440.763723
-637.282528
244.244684
1524.424328
1305.446231
216.170569
-626.052882
-1443.009628
-1541.269031
-426.726665
364.963378
174.059396
61.762936
92.644463
-117.911400
-103.874343
131.948224
530.600657
1566.535501
2456.484946
1965.187934
794.497338
216.170569
533.408068
1749.017248
3054.463596
3436.271560
2891.633729
623.245236
-3177.989936
-4348.680532
-1704.098898
-36.496466
-131.948458
960.134616
746.771342
-2234.699672
-3231.330754
-2012.914163
-1990.454871
-567.097240
3057.271007
3483.997556
1005.053200
154.407516
-238.630095
-1165.075890
58.955525
1782.706186
1080.853311
249.859507
508.141365
-387.422904
-1878.158411
-2097.136508
-1749.017482
-1151.038832
126.333401
687.815701
-524.986068
-1858.506531
-1791.128655
-1398.091044
-1420.550336
-376.193258
1471.083509
1608.646673
533.408068
294.778091
-261.089387
-1291.409407
-384.615493
1268.949881
1047.164373
426.726431
339.696675
-755.193811
-1701.291486
-1058.394253
-508.141599
-418.304431
384.615259
808.534395
185.289042
-92.644697
87.029640
280.741033
1195.957182
2229.084615
1911.847115
988.208731
814.149218
1209.994240
1754.632071
2383.492247
2995.507954
2821.448441
356.541144
-3163.952878
-3652.442480
-1451.431863
-597.978767
-384.615493
901.178975
185.289042
-2335.766486
-2428.411065
-1633.913610
-2248.736729
-595.171355
2925.322667
3032.004304
1131.386718
802.919572
19.651764
-1125.772129
224.592803
1586.187381
581.134064
143.177870
696.237935
-297.585736
-1673.217371
-1813.587947
-1785.513832
-1445.817040
-101.066931
569.904418
-482.874895
-1633.913610
-1656.372902
-1316.676111
-1159.461067
-320.045028
1041.549550
1257.720235
713.082404
696.237935
56.148113
-1215.609297
-640.089939
960.134616
1033.127315
527.793245
247.052095
-833.801333
-1544.076442
-836.608744
-440.763723
-561.482417
103.874109
699.045347
468.837604
280.741033
252.666918
367.770790
1226.838709
1993.262049
1566.535501
881.527094
1002.245789
1591.802204
2066.254748
2487.366473
2939.359724
2029.758398
-1187.535182
-3593.486838
-2509.825999
-926.445912
-898.371797
8.422118
934.867913
-822.571687
-2408.759185
-1777.091597
-2007.299340
-2172.936619
802.919572
3175.182290
2060.639925
1058.394019
822.571453
-617.630647
-772.038280
1044.356961
1137.001541
78.607405
516.563599
572.711829
-816.956864
-1549.691265
-1670.409960
-1945.536287
-1167.883301
202.133511
140.370458
-957.327439
-1398.091044
-1243.683412
-1341.942814
-1066.816487
148.792693
937.675324
679.393466
833.801099
971.364262
-328.467263
-1052.779430
75.799994
718.697227
510.948776
752.386165
185.289042
-1184.727770
-1092.083191
-474.452661
-859.068036
-617.630647
432.341254
637.282294
496.911719
623.245236
426.726431
620.437825
1507.579859
1645.143023
1075.238488
1035.934727
1510.387270
1990.454637
2330.151429
2798.989149
2647.388928
-78.607639
-3478.382967
-3060.078653
-867.490271
-1033.127549
-645.704762
1274.564704
16.844352
-2431.218477
-1642.335845
-1611.454318
-3119.034294
-440.763723
3338.012158
2425.603420
1055.586607
1501.965036
-224.593037
-1603.032084
628.860059
1490.735390
-193.711511
291.970679
1282.986939
-401.459962
-1580.572792
-1260.527881
-1934.306641
-1917.462172
-0.000117
435.148666
-999.438611
-1302.639053
-957.327439
-1476.698566
-1260.527881
89.837051
541.830303
390.230082
1089.275545
1260.527647
-131.948458
-909.601443
-179.674453
311.622560
505.333953
923.638267
325.659617
-912.408855
-932.060735
-530.600891
-889.949563
-769.230868
117.911166
510.948776
609.208179
724.312050
415.496785
505.333953
1367.209284
1544.076208
960.134616
1052.779196
1706.906076
1982.032403
2259.966141
3006.737600
2568.781406
-510.949010
-3326.782745
-2636.159516
-1013.475669
-1137.001775
-359.348789
1179.112713
-218.978214
-2097.136508
-1440.202217
-1923.076995
-3135.878763
-204.941157
3197.641582
2245.929084
1201.572005
1574.957735
-286.356090
-1499.157858
707.467581
1285.794350
-348.119143
432.341254
1445.816806
-364.963612
-1541.269031
-1184.727770
-1906.232526
-1982.032637
-33.689055
485.682073
-968.557085
-1108.927660
-547.445360
-1527.231973
-1878.158411
-154.407750
687.815701
263.896564
1097.697780
1636.720788
-53.340935
-1064.009076
-196.518922
70.185171
109.488932
1033.127315
777.652869
-651.319585
-861.875448
-642.897351
-1167.883301
-889.949563
277.933622
735.541696
727.119462
861.875214
741.156519
679.393466
999.438377
1024.705081
867.490037
1277.372116
1906.232292
2189.780854
2526.670234
2942.167136
1670.409726
-1664.795137
-3419.427325
-1948.343699
-830.993921
-985.401554
342.504086
1114.542249
-974.171908
-2066.254982
-1440.202217
-2526.670468
-2495.788941
1184.727536
3082.537711
1698.483841
1406.513045
1002.245789
-1139.809186
-892.756974
1215.609063
696.237935
-182.481865
1055.586607
909.601209
-887.142151
-1218.416708
-1353.172460
-2201.010734
-1229.646354
306.007737
-277.933856
-1041.549784
-923.638501
-1485.120801
-1479.505978
-123.526223
-39.303878
-558.675006
839.415922
1763.054306
435.148666
-359.348789
-129.141046
-474.452661
-39.303878
1221.223886
679.393466
-620.438059
-398.652550
-269.511621
-1049.972018
-895.564386
-92.644697
190.903865
735.541696
1209.994240
595.171121
196.518688
861.875214
1151.038598
828.186276
1097.697780
1690.061607
1847.276651
2161.706739
2956.204193
2344.188486
-746.771576
-3009.545246
-1897.810292
-673.778877
-1254.913058
-412.689608
1069.623665
-314.430205
-1687.254429
-962.942262
-1987.647460
-3236.945577
-126.333635
2902.863375
1852.891474
1131.386718
1392.475987
-466.030426
-1193.150005
828.186276
828.186276
-589.556532
510.948776
1364.401872
-190.904099
-951.712616
-901.179209
-1897.810292
-1704.098898
-109.489166
-92.644697
-906.794032
-909.601443
-1151.038832
-1117.349894
-283.548679
-631.667705
-1176.305536
384.615259
1614.261496
797.304749
227.400215
-2.807528
-772.038280
-199.326334
1083.660722
502.526542
-353.733966
185.289042
98.259286
-870.297682
-864.682859
-508.141599
-350.926555
676.586055
1521.616916
895.564152
390.230082
752.386165
567.097006
306.007737
1100.505191
1765.861717
1723.750545
2240.314261
3032.004304
1998.876872
-847.838390
-2518.248233
-1723.750779
-822.571687
-800.112395
56.148113
746.771342
-544.637948
-1457.046686
-1041.549784
-2032.566044
-2807.411618
-188.096688
2265.580964
1774.283952
1392.475987
1215.609063
-592.363944
-1035.934961
729.926873
682.200878
-429.534077
561.482183
1209.994240
-171.252219
-791.690160
-811.342041
-1777.091597
-1639.528433
-204.941157
-92.644697
-861.875448
-951.712616
-889.949563
-685.008523
-412.689608
-996.631200
-1162.268478
252.666918
1274.564704
962.942028
468.837604
-160.022573
-614.823236
72.992582
623.245236
-22.459409
-252.667152
364.963378
289.163268
-429.534077
-772.038280
-825.379098
-311.622794
892.756740
1451.431629
1021.897669
735.541696
628.860059
291.970679
398.652316
999.438377
1392.475987
1824.817359
2678.270455
2961.819016
1218.416474
-1695.676663
-2653.003985
-1266.142704
-583.941709
-617.630647
468.837604
583.941475
-901.179209
-993.823788
-932.060735
-2725.996684
-2361.033189
988.208731
2102.751097
1268.949881
1493.542801
581.134064
-1229.646354
-275.126444
1061.201430
-157.215161
-401.459962
1162.268244
867.490037
-412.689608
-505.334187
-1151.038832
-1973.610402
-850.645802
176.866808
-508.141599
-954.520027
-777.653103
-805.727218
-572.712063
-682.201112
-1381.246575
-749.578988
729.926873
929.253090
561.482183
345.311498
-367.771024
-401.459962
575.519241
426.726431
-376.193258
81.414817
614.823002
78.607405
-376.193258
-609.208413
-839.416156
16.844352
1215.609063
1137.001541
710.274993
839.415922
595.171121
213.363157
578.326652
979.786497
1142.616364
1937.113819
2886.018906
2330.151429
28.073998
-1903.425115
-1768.669363
-859.068036
-614.823236
-19.651997
603.593356
-261.089387
-920.831089
-533.408302
-1516.002327
-2689.500335
-892.756974
1353.172226
1333.520346
1235.260943
1215.609063
-311.622794
-889.949563
508.141365
561.482183
-510.949010
112.296343
974.171674
297.585502
-261.089387
-454.800780
-1370.016929
-1619.876553
-541.830537
14.036941
-418.304431
-743.964165
-687.815935
-533.408302
-704.660404
-1229.646354
-1086.468368
-129.141046
569.904418
836.608510
699.045347
-190.904099
-673.778877
25.266587
350.926321
-92.644697
109.488932
550.252537
291.970679
30.881410
-168.444807
-673.778877
-480.067484
614.823002
1134.194129
951.712382
943.290147
696.237935
131.948224
235.822449
772.038046
906.793798
1153.846010
2032.565810
2501.403530
1125.771895
-1125.772129
-1726.558190
-889.949563
-645.704762
-440.763723
544.637714
359.348555
-760.808634
-612.015824
-746.771576
-2189.781088
-1690.061840
612.015590
1176.305302
873.104860
1252.105412
393.037493
-909.601443
-129.141046
654.126763
-241.437506
-275.126444
729.926873
527.793245
-103.874343
-103.874343
-718.697461
-1485.120801
-839.416156
-14.037174
-356.541378
-741.156753
-412.689608
-277.933856
-701.852992
-1027.512726
-979.786731
-676.586289
-16.844586
729.926873
701.852758
-53.340935
-334.082086
-22.459409
-28.074232
-134.755869
137.563047
275.126210
230.207626
381.807847
137.563047
-575.519475
-539.023125
252.666918
659.741586
814.149218
1181.920125
971.364262
244.244684
196.518688
603.593356
572.711829
735.541696
1577.765147
2069.062159
1370.016695
-103.874343
-1106.120248
-999.438611
-612.015824
-359.348789
227.400215
393.037493
-322.852440
-541.830537
-530.600891
-1468.276332
-1709.713721
-308.815382
614.823002
640.089705
920.830855
597.978533
-437.956311
-345.311732
339.696675
14.036941
-258.281975
331.274440
527.793245
204.940923
115.103755
-286.356090
-1072.431310
-1125.772129
-471.645249
-207.748568
-350.926555
-190.904099
-78.607639
-600.786178
-1044.357195
-833.801333
-676.586289
-572.712063
193.711277
721.504639
193.711277
-210.555980
-95.452108
-350.926555
-468.837838
143.177870
463.222781
283.548445
432.341254
387.422670
-261.089387
-407.074785
115.103755
345.311498
536.215480
1103.312603
1153.846010
463.222781
179.674219
379.000436
353.733732
491.296896
1128.579306
1625.491142
1426.164925
508.141365
-553.060183
-822.571687
-530.600891
-409.882196
-0.000117
471.645015
47.725879
-384.615493
-249.859741
-839.416156
-1563.728323
-763.616045
233.015038
294.778091
606.400767
710.274993
-213.363391
-471.645249
193.711277
-58.955758
-524.986068
47.725879
384.615259
115.103755
227.400215
61.762936
-797.304983
-974.171908
-393.037727
-283.548679
-370.578435
-0.000117
44.918467
-505.334187
-718.697461
-581.134298
-752.386399
-696.238169
30.881410
407.074551
89.837051
-64.570581
-95.452108
-440.763723
-485.682307
-47.726112
87.029640
64.570348
415.496785
491.296896
22.459175
-112.296577
103.874109
98.259286
328.467029
960.134616
991.016143
460.415369
426.726431
603.593356
348.118909
364.963378
856.260391
1066.816253
1142.616364
993.823554
-19.651997
-797.304983
-421.111842
-218.978214
-362.156201
277.933622
547.445126
-227.400449
-379.000670
-218.978214
-1021.897903
-1201.572239
-106.681754
277.933622
39.303644
443.570900
407.074551
-409.882196
-393.037727
112.296343
-204.941157
-393.037727
199.326100
362.155967
-16.844586
-25.266820
-120.718812
-670.971466
-679.393700
-204.941157
-143.178104
-188.096688
-39.303878
-291.970913
-710.275227
-561.482417
-370.578435
-513.756422
-320.045028
131.948224
145.985281
-72.992816
-98.259520
-221.785626
-454.800780
-280.741267
89.837051
84.222228
39.303644
277.933622
291.970679
67.377759
140.370458
289.163268
235.822449
466.030192
800.112161
595.171121
350.926321
499.719130
477.259838
356.541144
640.089705
873.104860
856.260391
909.601209
519.371011
-266.704210
-404.267373
-101.066931
-193.711511
-92.644697
359.348555
176.866808
-263.896798
-230.207860
-468.837838
-979.786731
-648.512174
47.725879
112.296343
92.644463
221.785392
-84.222462
-379.000670
-174.059630
-140.370692
-362.156201
-168.444807
176.866808
148.792693
5.614706
-129.141046
-432.341488
-553.060183
-303.200559
-78.607639
-19.651997
-81.415051
-255.474564
-373.385847
-407.074785
-533.408302
-564.289829
-306.007971
2.807295
157.214927
106.681520
-165.637396
-404.267373
-379.000670
-238.630095
-101.066931
50.533290
137.563047
176.866808
263.896564
258.281741
109.488932
75.799994
280.741033
527.793245
654.126763
581.134064
409.881962
317.237383
379.000436
471.645015
480.067250
468.837604
595.171121
825.378864
738.349108
210.555746
-227.400449
-261.089387
-154.407750
-22.459409
221.785392
213.363157
-92.644697
-134.755869
-25.266820
-348.119143
-727.119696
-547.445360
-165.637396
101.066697
269.511387
134.755635
-263.896798
-404.267373
-224.593037
-266.704210
-395.845139
-199.326334
36.496233
61.762936
112.296343
19.651764
-482.874895
-743.964165
-286.356090
106.681520
-64.570581
-247.052329
-244.244918
-336.889497
-314.430205
-210.555980
-373.385847
-418.304431
2.807295
331.274440
148.792693
-137.563281
-277.933856
-328.467263
-160.022573
106.681520
78.607405
-61.763170
120.718578
350.926321
241.437272
67.377759
123.525989
263.896564
485.682073
696.237935
508.141365
143.177870
84.222228
252.666918
353.733732
269.511387
109.488932
101.066697
510.948776
842.223333
451.993135
-196.518922
-364.963612
-16.844586
334.081852
286.355856
25.266587
-36.496466
126.333401
210.555746
-44.918701
-505.334187
-645.704762
-227.400449
235.822449
258.281741
25.266587
-199.326334
-331.274674
-230.207860
-103.874343
-255.474564
-398.652550
-202.133745
109.488932
179.674219
-78.607639
-426.726665
-513.756422
-303.200559
-78.607639
25.266587
-145.985515
-370.578435
-221.785626
-64.570581
-202.133745
-294.778325
-249.859741
-154.407750
87.029640
216.170569
-19.651997
-202.133745
-64.570581
64.570348
78.607405
58.955525
-33.689055
28.073998
247.052095
272.318799
129.140812
44.918467
-8.422351
-44.918701
129.140812
314.429971
196.518688
103.874109
134.755635
95.451874
140.370458
143.177870
103.874109
269.511387
502.526542
463.222781
151.600104
-47.726112
154.407516
286.355856
-16.844586
-106.681754
188.096454
311.622560
241.437272
-0.000117
-286.356090
-165.637396
84.222228
25.266587
-165.637396
-199.326334
2.807295
137.563047
30.881410
-193.711511
-345.311732
-283.548679
-84.222462
8.422118
-112.296577
-168.444807
-33.689055
5.614706
-148.792927
-247.052329
-255.474564
-216.170803
-117.911400
-154.407750
-216.170803
-95.452108
-64.570581
-129.141046
-75.800227
-123.526223
-227.400449
-28.074232
165.637162
11.229529
-115.103989
-56.148347
-36.496466
-16.844586
42.111056
-5.614940
-81.415051
-0.000117
131.948224
64.570348
-8.422351
98.259286
78.607405
109.488932
266.703976
-25.266820
-207.748568
103.874109
255.474330
199.326100
165.637162
131.948224
92.644463
207.748334
325.659617
44.918467
-171.252219
174.059396
432.341254
291.970679
70.185171
16.844352
56.148113
-42.111289
8.422118
174.059396
112.296343
-36.496466
-75.800227
-30.881643
-2.807528
39.303644
-30.881643
-84.222462
98.259286
120.718578
-165.637396
-221.785626
33.688821
33.688821
-131.948458
-47.726112
-50.533524
-199.326334
-151.600338
-115.103989
-174.059630
-98.259520
11.229529
-233.015272
-370.578435
14.036941
50.533290
-185.289276
-154.407750
-101.066931
-36.496466
-28.074232
-36.496466
-64.570581
-92.644697
-19.651997
-101.066931
-92.644697
44.918467
75.799994
8.422118
-168.444807
-47.726112
137.563047
5.614706
-193.711511
-8.422351
317.237383
92.644463
-176.867042
84.222228
244.244684
81.414817
78.607405
64.570348
101.066697
168.444573
-22.459409
-11.229763
176.866808
-67.377993
39.303644
432.341254
53.340702
-322.852440
53.340702
322.852206
-64.570581
-64.570581
210.555746
2.807295
-39.303878
28.073998
-84.222462
92.644463
216.170569
-5.614940
-95.452108
81.414817
157.214927
75.799994
-61.763170
-87.029874
160.022339
129.140812
19.651764
-0.000117
-283.548679
-263.896798
235.822449
168.444573
-334.082086
-30.881643
131.948224
-306.007971
-112.296577
123.525989
-103.874343
-140.370692
-145.985515
-0.000117
89.837051
-143.178104
-87.029874
-266.704210
-157.215161
359.348555
58.955525
-451.993369
-154.407750
350.926321
-11.229763
-151.600338
5.614706
-176.867042
-92.644697
126.333401
140.370458
-221.785626
-8.422351
398.652316
-238.630095
-196.518922
275.126210
-64.570581
56.148113
-89.837285
-56.148347
553.059949
143.177870
-418.304431
-204.941157
235.822449
216.170569
-11.229763
-258.281975
-33.689055
440.763489
106.681520
-227.400449
-233.015272
137.563047
446.378312
-36.496466
-157.215161
151.600104
44.918467
-16.844586
95.451874
126.333401
58.955525
-42.111289
22.459175
204.940923
67.377759
-134.755869
-109.489166
-95.452108
14.036941
308.815148
311.622560
-306.007971
-395.845139
188.096454
134.755635
-230.207860
-58.955758
176.866808
-0.000117
-22.459409
-78.607639
-238.630095
89.837051
103.874109
25.266587
-112.296577
-157.215161
5.614706
-22.459409
98.259286
14.036941
5.614706
-174.059630
-244.244918
5.614706
98.259286
-123.526223
154.407516
384.615259
-513.756422
-421.111842
218.977980
115.103755
-47.726112
-126.333635
-84.222462
-22.459409
185.289042
320.044794
-174.059630
-468.837838
-14.037174
255.474330
103.874109
148.792693
-106.681754
-348.119143
134.755635
415.496785
-22.459409
-381.808081
-39.303878
148.792693
112.296343
-53.340935
-87.029874
348.118909
117.911166
-89.837285
179.674219
-247.052329
-336.889497
303.200325
457.607958
8.422118
-426.726665
-89.837285
199.326100
148.792693
72.992582
-134.755869
-227.400449
81.414817
468.837604
-151.600338
-348.119143
151.600104
50.533290
11.229529
117.911166
-103.874343
-106.681754
266.703976
-70.185404
-70.185404
221.785392
-162.829984
53.340702
70.185171
-148.792927
-176.867042
-19.651997
286.355856
-137.563281
-140.370692
61.762936
115.103755
143.177870
-202.133745
-258.281975
101.066697
84.222228
-227.400449
176.866808
162.829750
-174.059630
-115.103989
-140.370692
140.370458
224.592803
-199.326334
-190.904099
252.666918
87.029640
2.807295
-33.689055
-269.511621
81.414817
345.311498
-39.303878
-224.593037
-106.681754
-25.266820
213.363157
-8.422351
-137.563281
286.355856
151.600104
-162.829984
-67.377993
-109.489166
-30.881643
218.977980
44.918467
-261.089387
-230.207860
269.511387
286.355856
-216.170803
-266.704210
-78.607639
466.030192
145.985281
-398.652550
-148.792927
126.333401
294.778091
-255.474564
117.911166
280.741033
-418.304431
-112.296577
353.733732
44.918467
-286.356090
47.725879
14.036941
-56.148347
64.570348
58.955525
103.874109
-78.607639
-255.474564
283.548445
188.096454
-373.385847
-98.259520
109.488932
145.985281
174.059396
-30.881643
-393.037727
-14.037174
320.044794
14.036941
-325.659851
-16.844586
238.629861
-25.266820
-33.689055
-143.178104
162.829750
67.377759
-280.741267
-174.059630
233.015038
308.815148
-193.711511
-171.252219
-98.259520
160.022339
300.392914
22.459175
-112.296577
-112.296577
193.711277
286.355856
-140.370692
-320.045028
47.725879
193.711277
131.948224
-247.052329
-362.156201
412.689374
353.733732
-272.319033
-143.178104
190.903865
-101.066931
-179.674453
266.703976
58.955525
-174.059630
-78.607639
-165.637396
148.792693
252.666918
-64.570581
-22.459409
-193.711511
56.148113
277.933622
8.422118
-67.377993
-376.193258
36.496233
376.193024
14.036941
-185.289276
-129.141046
202.133511
-16.844586
-137.563281
-89.837285
-190.904099
275.126210
249.859507
-207.748568
-87.029874
28.073998
-19.651997
-92.644697
-36.496466
-224.593037
-70.185404
564.289595
-103.874343
-398.652550
44.918467
106.681520
216.170569
-70.185404
-249.859741
-64.570581
345.311498
-143.178104
-533.408302
286.355856
393.037493
-101.066931
-230.207860
143.177870
47.725879
-19.651997
263.896564
-379.000670
