1.194543
-1.195705
-3.187578
-3.585952
-2.789203
-0.797330
1.991292
4.381539
5.178289
3.584790
1.592917
-2.789203
-3.984327
-2.789203
-3.585952
-3.585952
-1.992454
0.397794
2.788041
5.975038
6.771787
3.983165
-0.000581
-3.585952
-5.577825
-4.781076
-3.187578
-1.195705
3.584790
4.779914
3.186416
3.584790
3.186416
3.584790
1.592917
-2.390828
-5.179451
-3.585952
-0.398956
-0.398956
0.397794
3.584790
4.381539
3.186416
1.592917
0.397794
-0.000581
-3.187578
-3.984327
-2.390828
-1.195705
-1.992454
0.397794
2.389667
3.186416
1.991292
1.194543
-1.594079
-3.585952
-2.390828
-1.195705
-0.000581
-0.000581
-0.797330
-0.000581
0.397794
0.796168
2.788041
3.186416
0.397794
-1.195705
-2.390828
-1.992454
-1.594079
-2.390828
0.397794
2.389667
1.592917
0.397794
-0.000581
-0.000581
-0.398956
0.397794
-0.000581
-1.195705
-1.195705
-1.594079
-1.594079
-0.000581
1.592917
0.796168
0.796168
1.194543
-0.000581
-0.797330
-1.992454
-0.797330
1.194543
1.194543
-0.000581
-0.797330
-0.398956
0.796168
0.796168
0.796168
1.194543
1.194543
-0.797330
-1.195705
0.397794
-0.797330
-0.398956
-0.398956
-1.992454
-1.195705
0.397794
-0.000581
-0.000581
1.194543
-1.195705
-1.195705
1.194543
0.397794
0.397794
-0.398956
-0.398956
-0.000581
-0.398956
-0.000581
1.592917
1.592917
1.194543
0.397794
-2.390828
-1.195705
-0.000581
-1.992454
-1.594079
1.592917
2.389667
-0.000581
-1.195705
-0.797330
-0.797330
-0.797330
-0.000581
2.788041
1.194543
-1.992454
-0.398956
0.796168
-1.594079
-0.398956
0.397794
1.194543
-0.797330
-1.594079
2.389667
1.991292
-0.797330
-0.000581
-0.398956
-1.992454
-2.390828
-0.797330
-0.000581
1.592917
1.991292
-0.000581
-0.797330
-0.000581
1.592917
-0.398956
-2.390828
-0.398956
0.796168
-0.797330
-1.195705
1.592917
1.991292
-0.797330
-2.390828
-1.195705
-0.398956
-1.594079
0.397794
1.194543
-0.000581
-0.398956
-0.000581
1.592917
1.592917
0.796168
1.991292
-0.398956
-2.390828
-0.000581
1.592917
1.991292
0.397794
0.796168
1.194543
-0.797330
-1.992454
-1.195705
-0.797330
-1.594079
-4.382701
-3.585952
1.592917
1.592917
1.991292
5.178289
1.592917
-3.585952
-4.382701
-5.976200
-3.187578
3.584790
3.584790
2.788041
3.584790
1.194543
-0.000581
0.397794
-0.797330
-1.594079
-3.984327
-5.179451
2.389667
3.584790
-0.797330
4.381539
5.576663
-0.398956
0.796168
-1.195705
-5.577825
-1.195705
-2.789203
-6.374574
2.788041
6.771787
1.194543
1.592917
3.584790
-1.594079
-5.179451
-4.382701
-1.992454
-1.195705
-4.382701
-0.797330
5.576663
3.584790
-0.000581
3.186416
5.975038
-0.000581
-5.179451
-3.585952
-3.187578
-3.187578
-0.000581
2.389667
6.373412
7.170162
-1.992454
-2.789203
3.584790
-1.992454
-3.984327
1.194543
-1.195705
-3.984327
-0.398956
-0.000581
-1.992454
3.186416
6.771787
2.788041
2.788041
-0.398956
-7.171323
-5.577825
-2.390828
0.397794
2.788041
-0.797330
1.592917
6.373412
0.796168
-3.984327
-0.000581
-0.000581
-5.179451
-3.984327
1.592917
0.397794
1.194543
3.983165
3.186416
2.788041
0.796168
-1.992454
-3.187578
-3.585952
0.397794
0.397794
-2.789203
2.389667
4.779914
0.397794
2.788041
5.576663
-0.797330
-6.374574
-7.569698
-4.382701
-0.000581
0.796168
1.991292
3.186416
1.592917
-1.992454
-3.187578
4.381539
4.779914
-5.179451
-3.187578
-0.000581
-5.179451
-1.594079
3.584790
3.186416
3.584790
3.584790
2.788041
0.796168
-5.577825
-4.781076
-0.797330
-4.382701
-3.585952
3.186416
5.178289
5.975038
3.186416
-3.585952
-4.781076
-3.984327
0.397794
-1.594079
-6.374574
2.788041
7.568536
-3.984327
-0.398956
11.153907
-1.594079
-5.179451
4.779914
-3.984327
-8.764822
-1.195705
3.584790
2.788041
3.584790
6.373412
3.983165
-2.789203
-6.374574
-3.984327
-3.585952
-1.992454
1.991292
1.194543
-0.000581
4.779914
3.983165
-0.000581
-0.398956
-0.000581
-0.000581
-1.594079
-1.594079
0.796168
-3.585952
-7.171323
4.381539
12.747406
4.381539
-1.195705
-0.000581
0.796168
-0.797330
-6.772949
-8.366447
-4.781076
-0.000581
3.186416
6.771787
11.552282
12.349031
3.584790
-11.155069
-17.130688
0.397794
6.373412
-10.756695
-5.976200
3.186416
-5.976200
9.162034
33.861259
12.349031
-12.350193
-21.512809
13.544155
41.828750
-158.952040
-233.049713
195.202966
399.170753
-7.569698
-316.708376
-164.130910
146.601266
209.544451
-43.025036
-179.269144
-17.529063
96.007694
33.861259
2.788041
20.316523
-27.090053
-58.163270
8.763660
56.966985
0.397794
-62.545391
-29.480300
48.601118
53.381613
-17.130688
-39.838039
18.324650
39.836878
-17.130688
-61.350267
-27.090053
40.633627
31.072637
-25.496554
-19.919310
16.332777
25.495392
17.926275
-11.155069
-51.390902
-38.244541
22.706770
54.576737
15.536028
-54.179525
-36.651043
47.804369
45.015747
-8.366447
-19.520936
-26.691678
-5.976200
40.235252
22.308396
-37.846167
-49.000655
6.373412
47.405995
7.568536
-11.155069
52.186490
29.080764
-64.138889
-100.789351
-101.586100
48.601118
229.064806
84.853206
-159.350415
-131.065819
40.633627
131.861407
65.332851
-112.740589
-120.708080
65.332851
82.064584
-4.382701
13.544155
-10.358320
-35.854294
7.568536
32.666135
26.292142
-29.878675
-52.187652
3.983165
35.454757
30.275888
1.194543
-26.293304
-0.000581
6.373412
-5.577825
18.324650
-8.764822
-52.586026
-9.163196
43.820623
18.324650
-26.293304
-21.114434
-7.171323
1.592917
29.080764
-0.000581
-48.602280
23.105145
31.471011
-56.171397
21.511647
31.869386
-72.106381
20.714897
68.519848
-37.447792
-28.285177
4.381539
-6.374574
55.373486
15.137653
-79.675498
-21.512809
40.235252
82.462958
-3.585952
-174.887024
1.991292
198.389962
-3.984327
-143.813806
-26.691678
62.145854
55.771861
-21.114434
-64.935638
45.414122
23.901894
-121.106455
60.950731
147.398016
-137.439813
-94.813732
95.609319
39.438503
19.918148
-44.618535
-86.447866
9.958784
78.479212
65.731226
-78.878749
-88.439739
51.389741
84.454831
20.714897
-118.317833
-58.960020
102.780062
28.284015
-38.244541
13.544155
-24.699805
-103.976348
29.479138
206.357454
-25.496554
-288.423781
16.731152
320.292586
-5.577825
-321.090497
-11.553444
282.447000
-0.398956
-201.976496
-42.626662
90.032075
135.048403
-27.886802
-152.976422
3.584790
79.674336
22.706770
-5.179451
-19.919310
-90.829986
-22.309558
189.227347
23.105145
-186.838261
9.162034
98.397942
26.292142
-27.886802
-96.008856
-6.772949
91.227199
8.763660
-24.699805
60.950731
-9.561571
-121.106455
8.763660
108.755681
41.430376
-56.569772
-109.951966
56.568610
174.487487
3.186416
-146.204054
-60.155143
154.568758
113.536176
-115.927585
-92.025110
92.023948
111.544303
-37.846167
-83.659244
10.755533
89.235326
76.487339
-79.675498
-99.992602
101.983313
37.048255
-104.374722
92.422323
126.682537
-153.374796
-150.984549
181.658230
126.284163
-132.260943
17.527901
15.536028
-107.163344
39.836878
92.820697
50.991366
-47.407157
-117.122709
-13.545317
90.032075
107.560557
-82.862495
-185.244763
52.983239
136.641902
26.690516
-35.455919
-135.846315
-102.781224
208.747702
148.194765
-385.228805
-239.822081
487.211537
445.780580
-411.521527
-557.326626
191.617595
307.942973
-91.626736
-123.496702
125.487413
178.072859
-141.423559
-173.293526
101.186564
45.015747
-132.260943
-19.520936
211.934698
102.381687
-284.838409
-205.561867
342.999937
296.390110
-460.919976
-490.798070
528.642494
670.463846
-473.667963
-764.083035
178.072859
705.520809
74.893841
-622.261683
-186.041512
417.097610
273.682759
-231.456215
-405.944283
157.357380
373.674780
-89.236488
-310.732757
5.178289
341.008064
21.910021
-235.838335
3.584790
132.259781
107.958932
-19.919310
-240.220456
-47.805531
421.479730
52.983239
-487.212699
35.853132
452.951322
-3.984327
-325.870992
-67.724260
310.333221
213.129822
-335.033607
-334.236858
367.300787
426.260225
-306.350637
-432.237006
202.373708
455.739945
-30.277049
-426.261387
-111.943839
341.008064
170.503742
-191.220382
-69.317759
118.715045
48.202744
-60.951893
-41.829912
23.503520
-28.683551
3.983165
75.292216
-7.569698
-78.082000
31.072637
85.251580
-71.708006
-98.399104
39.836878
96.406069
5.178289
-87.244615
-19.520936
90.430450
67.324724
-51.789277
-82.862495
9.162034
90.430450
20.714897
-115.927585
-33.862421
132.658156
57.763734
-105.968221
-103.976348
87.641828
163.332999
-59.358394
-145.805679
38.243379
123.495540
8.763660
-100.789351
-25.496554
101.584938
37.446630
-64.537264
-27.886802
78.080838
121.105293
-23.504681
-96.008856
37.048255
134.650029
109.154055
-4.781076
-63.342140
18.723025
117.519922
93.617447
14.340904
-15.138815
5.178289
70.113346
75.292216
22.706770
27.088891
23.105145
12.349031
54.975112
23.503520
-18.325812
15.934402
6.771787
-41.829912
-83.260869
-77.683625
-44.220160
-55.773023
-88.041364
-103.976348
-107.561719
-86.447866
-92.025110
-125.886950
-133.456067
-117.919458
-50.594153
-66.529137
-153.374796
-121.504829
-50.594153
-11.951819
-1.594079
-49.797404
-101.586100
-20.317685
86.845079
38.243379
-17.927437
-1.195705
45.812496
135.446778
162.536250
89.235326
60.950731
50.592991
25.097018
138.235400
243.804665
152.975260
45.015747
90.430450
191.617595
224.284311
230.658304
174.089113
140.227273
158.552504
-153.374796
-365.708450
222.292438
634.211759
-50.594153
-603.936452
-257.748938
-29.480300
-21.114434
100.788189
-186.041512
-530.635528
-287.627031
-47.008782
-105.171471
-83.659244
-140.228435
-239.025332
-156.960168
-139.033311
-109.951966
61.747480
50.991366
-69.716133
-114.334087
-242.610703
-60.951893
455.341570
314.316967
-332.244985
-305.155513
207.552578
303.959228
84.853206
-52.586026
-77.683625
5.975038
120.706918
129.869534
40.235252
-58.960020
-76.886876
1.592917
54.975112
58.560483
43.023874
-5.179451
37.845005
181.658230
187.235474
94.812570
45.015747
-0.797330
186.438725
501.553022
482.431042
246.991662
-145.407305
-488.009448
92.023948
978.009026
444.983831
-647.359282
-483.627327
131.463032
141.820771
5.178289
-109.553592
-317.505125
-335.033607
-184.448014
-101.187726
-53.781150
-154.569920
-322.683995
-200.781372
-45.415284
-148.195927
-171.700027
-28.683551
56.568610
52.186490
-90.829986
-199.586248
23.503520
220.300565
115.528049
138.235400
204.763956
-70.512883
-172.098402
171.300491
279.658378
62.544229
27.088891
12.747406
-191.220382
-194.009004
93.219072
215.121695
-45.016909
-326.667741
-267.708302
-27.488427
69.714971
15.137653
-74.496628
-158.155291
-93.220234
99.194691
192.812718
180.463106
183.650103
166.918370
36.251506
31.072637
370.886158
707.911057
662.894729
188.430598
-437.814250
-383.635307
524.658748
855.708028
51.788115
-535.017649
-386.822303
-165.724408
-16.333939
41.828750
-239.025332
-554.538004
-507.529803
-267.309928
-95.610481
-153.374796
-338.220604
-319.496998
-181.659392
-159.748790
-113.138963
-10.756695
5.576663
68.918222
128.276035
17.527901
18.324650
181.658230
286.032371
241.016043
-17.529063
-80.472247
309.536472
422.674854
-42.228287
-215.122857
162.137875
217.511943
-265.716429
-527.448532
-228.269218
116.324798
35.454757
-255.757065
-386.025554
-310.732757
-101.187726
53.779988
-13.545317
-158.952040
-106.366595
115.528049
273.682759
265.316893
193.609467
200.780210
205.560705
182.853354
325.869830
669.667097
702.333813
484.422915
482.431042
-3.585952
-638.993416
-1.195705
938.968316
416.300861
-598.359208
-630.627549
-399.171915
-442.993120
-238.228583
-101.187726
-489.602946
-758.505791
-482.033829
-164.529285
-158.155291
-252.570068
-206.756991
-91.626736
-21.114434
52.584864
123.097166
153.373634
270.495762
364.113790
208.349327
94.812570
272.487635
431.439095
298.381983
-16.333939
-103.577973
278.064880
373.276405
-244.602576
-463.708598
89.633701
231.455053
-253.366817
-446.976866
-486.415950
-599.952706
-238.626958
104.373560
-212.334235
-413.115026
-129.870696
-31.870548
-96.407231
54.975112
229.064806
238.625796
203.568832
259.341274
322.284458
305.154351
380.048773
465.300935
211.137949
41.430376
403.154499
686.000455
522.268500
542.187230
784.398977
114.731300
-1194.327587
-964.465452
686.797204
857.699901
-563.302244
-1023.026516
-621.863308
-710.700841
-568.481114
-38.244541
-297.984771
-754.920420
-358.936082
135.845153
76.088965
-52.984401
37.048255
163.332999
274.877883
372.479656
348.577181
227.869682
301.170605
485.219664
357.739797
95.609319
127.080912
192.812718
67.324724
18.324650
-349.773467
-856.107565
-177.277271
768.862369
-103.179599
-1324.994451
-689.985363
306.747850
101.983313
-351.765340
-478.448458
-588.399843
-207.553740
707.911057
836.586048
-148.992676
-716.278085
-99.594227
606.325538
660.106107
390.804887
45.414122
-89.634863
278.064880
591.585678
340.211315
50.991366
41.032001
48.202744
226.674558
599.154795
560.512460
351.764178
465.300935
-164.130910
-1410.246613
-907.099511
786.789225
597.162922
-705.123597
-710.700841
-460.919976
-853.717317
-468.489093
302.365729
-70.512883
-565.692492
-56.968147
399.569128
185.641976
73.698717
244.203040
248.983535
244.203040
383.634145
293.999863
45.414122
174.487487
405.146372
138.235400
-243.805827
-197.992750
-64.935638
-117.919458
-119.114582
-365.310076
-806.310741
-405.944283
321.886084
-125.488575
-753.725296
-201.179746
339.414566
102.381687
-44.220160
-59.358394
-249.383071
-39.838039
546.569350
627.439391
109.552430
-258.944061
-174.887024
58.162108
262.129896
315.512091
55.771861
-183.252890
-1.594079
238.227421
222.292438
260.138023
280.853502
-26.293304
-144.212181
402.357750
817.862442
705.520809
609.114160
-61.748642
-1375.588024
-1187.555219
489.601784
748.943639
-352.562089
-529.838779
-363.318203
-835.392086
-649.749529
99.991440
-13.545317
-250.578195
236.235548
410.325242
78.877587
132.658156
270.894137
76.487339
192.414344
514.699383
276.073007
-86.447866
84.056457
223.885936
-65.732388
-246.196075
-176.082148
-232.651339
-270.496924
-127.878823
-140.228435
-371.285694
-677.237376
-715.879711
13.544155
758.106255
333.438947
-468.090719
-276.074169
446.178954
618.276775
186.438725
-241.813954
-176.480522
249.381909
477.650547
213.129822
-299.976644
-540.594893
-315.911627
26.292142
193.609467
127.877661
-102.781224
-164.529285
87.641828
323.479582
407.536620
448.967577
282.845375
49.397868
276.869756
799.935586
1159.667837
1046.927829
-263.326182
-1919.369333
-1410.644987
510.317263
740.577773
-274.480670
-560.115248
-764.481410
-1129.392530
-553.741254
77.682463
-176.082148
-104.773097
479.244045
499.561149
292.406365
368.495910
201.576959
35.056383
439.406587
644.569498
189.227347
-39.041290
137.438651
-13.545317
-325.472617
-326.269366
-318.700249
-383.236932
-268.505051
-254.960316
-444.984993
-548.562385
-565.692492
-265.716429
444.983831
612.699531
21.910021
-135.049565
349.373930
568.081578
314.715341
39.438503
-27.090053
68.121473
133.853280
64.536102
-78.480374
-339.017353
-544.180264
-420.684143
-113.537338
88.040202
74.893841
6.771787
89.633701
269.699013
365.707288
528.244119
793.959967
656.520735
177.674484
213.129822
1017.049735
1671.180804
776.829860
-1565.612701
-2697.793272
-1274.799254
232.251802
315.113716
158.154129
-268.106677
-1311.449715
-1520.197998
-634.611295
74.097092
694.764696
1364.033999
1203.887416
527.447370
167.715119
-138.634937
-209.545613
548.561223
1162.854833
621.463772
-246.594449
-721.058580
-1045.335493
-956.099585
-355.749086
-47.008782
-199.187874
-361.326330
-574.855107
-647.359282
-283.643286
20.714897
165.723246
650.545117
1062.066063
717.870422
86.845079
-37.846167
260.934772
471.276553
401.959376
45.015747
-460.919976
-792.766006
-815.871731
-594.375462
-227.472469
-5.976200
-144.212181
-252.570068
-40.634789
126.284163
199.186712
457.731817
652.536990
586.406808
515.496132
554.138467
702.333813
769.659118
465.300935
278.861629
887.179620
1583.140021
615.488153
-2208.589281
-3980.957811
-2533.662943
-2.390828
1156.879215
1151.301970
96.406069
-1671.181966
-2103.816765
-692.773985
903.114604
2042.067543
2423.710395
1437.733297
172.893989
-210.342362
-298.383145
-144.212181
562.902708
628.236140
-316.708376
-972.831318
-1160.864122
-1335.352191
-1078.002209
-550.952632
-328.659614
-63.342140
269.699013
286.032371
366.105663
437.414714
37.048255
21.113272
923.830082
1434.546300
821.049439
-31.073799
-494.383441
-565.692492
-288.822155
-67.724260
-271.692048
-704.725222
-1052.506235
-977.611813
-265.318055
443.788707
403.951248
52.584864
68.918222
305.951100
498.366025
612.699531
526.650621
315.113716
244.203040
326.268204
587.601932
930.204076
773.244489
141.024022
51.788115
857.699901
1204.285790
-537.407896
-3331.208863
-3816.030733
-1419.409228
905.106477
1690.701159
1238.147630
-470.480966
-1999.840999
-1422.994599
441.398459
1921.758418
2520.515420
1783.522437
301.568980
-285.635159
-162.935786
-316.708376
-326.269366
-233.448088
-682.017871
-985.180930
-702.334975
-639.790165
-880.010040
-862.083183
-560.513622
105.170310
1005.098498
1258.066359
763.285124
278.463254
-141.821933
-335.830356
280.853502
1028.204223
846.545413
50.592991
-678.830874
-986.376054
-612.700693
-99.594227
-144.610555
-444.188243
-637.001543
-670.863382
-235.838335
423.869978
554.536842
288.024244
178.471233
272.089261
429.845596
450.561075
217.511943
-4.781076
8.763660
152.975260
370.886158
667.276849
804.716081
490.796908
-48.203906
-16.732314
887.577995
1464.822769
1.991292
-2779.460062
-3637.957293
-1705.043806
476.853798
1497.489485
1401.879584
-10.756695
-1505.059764
-1286.352117
156.959006
1506.652100
2119.750587
1492.708990
351.365803
-16.333939
-56.569772
-428.651635
-627.440553
-736.196814
-996.733793
-781.213143
-245.000951
-197.196001
-504.342806
-698.749603
-546.968886
197.593213
1105.090518
1346.107142
930.602450
279.260003
-325.870992
-462.115100
-153.374796
137.837026
317.503963
226.674558
-287.627031
-649.749529
-558.123375
-404.350785
-232.651339
-41.829912
-89.236488
-199.586248
-97.602354
175.682611
450.561075
398.374004
19.918148
-133.456067
90.828824
277.666505
243.804665
79.275961
-82.464120
-6.772949
311.129970
698.350067
1077.204297
1008.683869
243.406291
-203.569994
607.520661
1511.034221
357.739797
-2499.801103
-3876.982044
-2361.565122
-24.301431
1356.066507
1527.765953
409.926867
-1072.424964
-1256.474023
39.438503
1601.465252
2230.498722
1519.798462
418.691108
-1.195705
-105.968221
-441.001247
-772.847276
-1101.107934
-1346.108304
-1002.709412
-287.627031
39.040128
-197.992750
-554.936378
-429.846758
354.951174
1232.968760
1519.001712
1076.805923
294.796612
-331.049861
-631.424299
-571.668111
-104.773097
319.894211
123.097166
-441.001247
-714.286212
-553.741254
-219.106603
-2.789203
32.267760
60.950731
103.975186
94.015821
129.471159
194.406217
147.398016
28.284015
-17.927437
42.625500
100.788189
53.779988
-38.244541
-37.846167
128.276035
364.113790
578.837691
889.968242
1067.643307
628.236140
-3.984327
244.999789
1202.692292
918.651213
-1517.011001
-3667.437012
-3108.517469
-991.554924
686.797204
1509.839097
1223.009396
-33.862421
-883.197036
-363.716577
991.553762
1926.140539
1605.847372
621.862147
81.666209
-86.846241
-413.911775
-857.302688
-1313.441588
-1601.466414
-1284.360244
-446.578491
247.390036
318.699087
-78.878749
-235.041586
270.894137
1046.131080
1467.611391
1222.611021
472.870052
-276.074169
-712.294339
-885.985658
-775.635898
-344.594597
23.503520
-22.309558
-247.391198
-294.001025
-156.163418
3.584790
145.804517
311.926719
382.439021
199.585086
-70.911257
-123.496702
-15.537190
-41.033163
-205.163492
-256.952188
-78.480374
152.178511
196.398090
109.154055
119.511795
276.073007
496.772527
815.472195
1135.765361
993.944009
309.934846
-21.512809
733.008656
1334.952654
-275.675794
-3147.159804
-3998.884667
-2309.776426
-217.114730
1261.253356
1887.498204
1188.350807
-164.927659
-624.651931
265.715267
1458.050401
1705.441018
959.285420
202.373708
-101.984475
-340.610851
-776.034273
-1323.002578
-1760.019498
-1677.555959
-883.197036
160.544377
728.626535
579.634441
196.398090
202.373708
684.805331
1219.424024
1312.245303
777.228235
-90.033237
-793.164380
-1162.457621
-1205.482076
-781.213143
-198.391124
-37.846167
-68.521010
148.991514
329.455201
227.471307
123.097166
246.593287
444.187082
346.186934
-62.545391
-350.171841
-367.700323
-329.057988
-317.903500
-249.383071
-78.878749
122.300417
242.609541
315.910465
401.561001
394.390258
325.869830
458.926941
835.789299
1131.781616
940.561815
307.544599
200.381835
1006.691996
676.439465
-2110.190759
-4465.779681
-3700.502103
-1268.823635
947.732557
2480.677961
2409.767285
698.350067
-715.879711
-449.367113
855.309653
1685.123914
1258.066359
272.886010
-245.000951
-358.537708
-605.928325
-1117.441292
-1718.190167
-1990.280009
-1436.140961
-124.691826
1057.683943
1291.529824
747.748515
278.463254
407.934994
891.960115
1156.879215
827.423433
-25.098180
-947.733719
-1431.360466
-1274.002504
-705.521971
-206.358616
-96.805605
-107.561719
204.365581
674.845966
817.862442
527.845744
121.503668
-70.512883
-51.390902
-45.813658
-182.057766
-450.562237
-656.123523
-564.497368
-230.659466
140.625648
378.455275
384.032519
309.536472
373.276405
493.585530
473.268426
311.129970
241.414418
492.390406
843.358416
772.846114
407.138245
654.528863
1146.521475
-276.472543
-3399.729291
-4611.186405
-2697.793272
-120.309706
1751.652470
2802.963001
2208.588119
342.999937
-763.684661
-232.252964
854.114530
1172.814198
564.496206
-95.610481
-233.049713
-257.748938
-683.611369
-1371.604278
-1865.190389
-1770.775612
-849.733571
560.910835
1471.595137
1367.220995
752.927385
317.902338
361.723542
699.146816
788.382723
286.430746
-538.204646
-1137.758396
-1351.685549
-1264.043140
-789.579009
-119.114582
293.203114
522.268500
784.000603
893.951988
727.033037
325.869830
-96.008856
-237.431834
-262.529433
-447.375240
-609.115322
-595.172211
-468.489093
-262.131058
-24.699805
244.601414
490.796908
584.414936
583.219812
546.967725
379.650399
110.747554
-16.333939
162.934624
551.748220
857.301526
767.268870
485.219664
840.171419
1214.245155
-738.985437
-4157.836127
-4782.885851
-2112.581006
653.732113
2354.791592
2983.825062
1864.392478
-111.943839
-873.636046
-39.439665
970.439909
919.447962
57.365359
-406.342658
-110.350341
31.471011
-609.912071
-1522.986620
-1982.710892
-1672.377090
-498.765562
995.139133
1731.733741
1392.318594
638.992254
197.194839
325.471455
652.935364
514.301009
-217.114730
-943.749973
-1198.311333
-1184.766597
-1031.790757
-493.586692
169.308618
497.967651
693.171197
940.163440
966.057788
629.032889
79.275961
-388.814176
-551.749381
-546.570512
-565.692492
-557.725000
-462.513474
-281.651413
-33.862421
237.032297
468.487931
589.992180
598.358046
525.057122
370.089409
174.487487
7.170162
-69.716133
92.023948
535.414862
923.830082
873.236510
710.301304
1064.854685
733.407030
-1927.336824
-4572.942445
-3861.843810
-1097.124189
1130.984866
2516.930048
2687.434371
1267.627349
-312.326256
-517.090793
302.764104
783.602228
349.772305
-282.049787
-252.171693
119.511795
-66.927511
-871.644173
-1658.433979
-1910.206717
-1311.449715
47.405995
1326.586788
1677.554797
1175.602820
522.268500
278.064880
428.650473
493.983905
84.056457
-656.920272
-1167.636490
-1222.213808
-1046.530616
-665.286138
-138.634937
264.918518
570.073450
875.228383
1052.505073
935.382945
435.024466
-235.041586
-618.277937
-619.871436
-553.741254
-618.277937
-678.830874
-466.098846
-17.927437
352.959302
524.658748
557.723838
506.333517
461.317189
421.081356
283.243749
54.975112
-192.415506
-274.480670
11.552282
534.618112
1003.903374
1148.114974
1130.586492
1344.115270
404.747998
-2787.427554
-5000.000000
-3432.396007
-461.318351
1518.603338
2645.206665
2467.133225
845.748663
-408.732905
-178.870770
509.520514
527.048995
-76.090127
-459.724852
-54.976274
415.902486
-18.325812
-1044.140369
-1825.352930
-1942.873433
-1109.473801
430.243971
1563.221291
1575.969278
937.773193
440.203336
402.756125
552.146594
346.585308
-354.952336
-1040.953372
-1208.669073
-1042.546870
-829.416467
-427.058136
39.040128
326.666579
633.415010
982.391146
1107.879141
861.683647
240.617669
-422.676016
-733.009818
-741.774059
-676.440627
-630.627549
-561.708746
-299.179894
153.772009
531.431116
698.748442
658.114234
470.878179
303.959228
216.316819
126.284163
-35.455919
-250.578195
-279.659540
90.430450
679.626461
1098.716525
1086.366913
1087.163662
1317.424172
13.544155
-3155.525670
-4557.804210
-2674.289172
-247.391198
1347.302266
2404.986790
2173.929531
755.317633
-127.082074
116.324798
466.097684
219.105441
-361.326330
-488.806197
76.885714
405.943121
-154.569920
-1073.221714
-1719.783665
-1740.100769
-827.026220
591.984053
1452.473157
1385.944601
897.537360
546.170975
507.528641
468.089557
91.227199
-582.424225
-1183.571474
-1276.392752
-988.367927
-652.538152
-140.228435
358.138171
477.650547
579.236066
919.049587
1091.545783
758.504629
19.121399
-648.952780
-849.335197
-746.554554
-640.985289
-598.757583
-505.139555
-146.204054
379.252024
730.220034
797.545339
596.366173
269.699013
109.552430
105.568684
35.056383
-141.025184
-318.301875
-269.700175
154.568758
750.935512
1168.432077
1197.513422
1254.480988
1459.643899
37.845005
-3195.761504
-4614.771776
-2829.655260
-435.822377
1250.895617
2335.271238
2114.173343
821.049439
83.259707
350.569054
593.179176
136.243527
-616.286064
-688.391864
55.771861
470.479804
-72.504755
-995.937044
-1685.523451
-1715.401545
-776.034273
590.788929
1358.456755
1289.537951
890.764992
648.154869
649.349993
534.219738
-20.317685
-854.115692
-1384.352265
-1269.222009
-872.042548
-441.001247
49.796242
304.357602
375.666653
676.041090
1060.472565
1095.529528
627.439391
-115.927585
-676.440627
-854.912441
-820.652227
-724.643951
-595.172211
-376.862939
12.349031
465.699309
756.512756
780.813606
552.943343
233.048551
47.804369
-9.561571
-68.919384
-155.765044
-247.789573
-157.756917
255.755903
831.805553
1295.513570
1330.172159
1263.643603
1173.610947
-618.676312
-3656.680899
-4284.917620
-2146.841221
-68.919384
1285.155831
2159.189671
1835.709508
803.122583
368.495910
492.390406
416.699235
-141.025184
-749.343176
-565.294117
239.422545
433.032593
-303.960389
-1205.880450
-1684.328327
-1436.539335
-397.180042
764.878623
1266.432225
1150.903596
849.732409
683.211833
666.480100
399.967503
-270.098550
-1016.254148
-1370.807529
-1073.221714
-571.269736
-479.643582
-475.659836
93.617447
912.277219
1277.586714
1161.261335
787.984349
239.422545
-306.749012
-619.871436
-685.204868
-769.660280
-921.440997
-795.156253
-253.366817
379.650399
675.244341
619.471899
555.333591
529.439243
391.601636
178.072859
-72.504755
-290.814028
-363.318203
-264.521306
69.316597
499.959523
864.073894
1167.236954
1256.871235
1407.456829
1146.123101
-1172.018611
-4023.185517
-3997.291169
-1827.743178
107.958932
1550.074930
2151.620554
1515.017967
722.650917
613.894655
695.561445
329.853576
-474.863087
-948.530468
-446.976866
348.577181
354.552800
-406.741032
-1252.490277
-1659.629103
-1234.563421
-80.472247
907.496724
1131.383241
928.212203
778.423359
801.927459
737.789151
246.593287
-564.895743
-1251.295153
-1422.596225
-1085.571326
-559.716873
-20.716059
352.959302
423.471603
471.674928
768.862369
1050.114826
853.716155
199.983461
-480.838705
-851.327070
-864.075056
-713.091088
-557.725000
-441.001247
-276.074169
148.991514
709.504555
983.187895
805.911205
356.146298
-12.350193
-114.732462
-98.000729
-92.025110
-158.155291
-232.252964
-8.764822
511.512386
1042.545709
1300.294065
1232.570386
1289.537951
615.886528
-1987.889761
-4092.502695
-3214.485109
-1123.416911
427.056974
1582.741646
1857.221735
1170.822325
687.195579
790.772971
783.602228
170.105367
-707.513844
-900.725518
-209.943987
341.008064
68.519848
-691.578861
-1389.929509
-1550.872841
-843.359578
318.300713
1005.098498
983.187895
763.285124
750.935512
898.732483
729.024910
26.292142
-835.790461
-1436.539335
-1471.197924
-927.416615
-193.610629
313.121843
400.365877
315.113716
517.089631
923.033333
1005.895247
572.862073
-113.935712
-667.676386
-832.603464
-725.839075
-634.212921
-599.952706
-499.562311
-154.569920
471.674928
975.220404
968.448036
576.447444
147.398016
-60.553518
-64.537264
-74.895003
-162.935786
-281.651413
-240.220456
163.332999
775.634736
1234.960633
1242.131376
1185.562185
1242.529750
-179.667519
-2969.883114
-3886.941409
-2354.792754
-600.351081
829.415305
1786.709434
1568.798536
897.935734
821.447814
972.431782
591.585678
-318.700249
-970.441071
-667.278011
80.471085
300.373856
-140.228435
-887.180782
-1506.653262
-1364.035161
-329.456363
685.602080
887.577995
680.423211
728.228161
983.586270
975.220404
418.691108
-413.911775
-1082.384329
-1369.612405
-1193.929213
-710.700841
-192.415506
185.641976
423.869978
679.626461
897.537360
882.797500
608.317411
176.080986
-229.065967
-547.367261
-806.310741
-874.034421
-712.692714
-496.773689
-247.391198
180.064732
666.081726
883.195874
766.073746
496.772527
201.576959
-72.903130
-258.147312
-280.456289
-215.521232
-155.366669
23.901894
418.292734
927.017079
1255.676112
1248.106995
1302.684313
763.285124
-1562.027330
-3695.721608
-3188.192386
-1386.344138
95.210945
1284.757456
1644.888081
1121.025502
810.293325
958.887046
850.529158
172.097240
-634.611295
-795.156253
-223.090349
241.414418
80.072711
-525.058284
-1244.124411
-1513.425630
-864.473431
213.129822
762.090001
712.293177
687.195579
893.155239
1035.773341
755.317633
74.893841
-678.432500
-1340.132686
-1534.937858
-955.302836
-143.813806
266.512017
295.194987
297.983609
521.073376
823.838061
877.220256
533.024614
-41.829912
-517.090793
-708.708968
-660.505643
-580.432352
-600.749455
-569.277863
-230.261091
417.097610
943.748811
960.878919
597.162922
195.601340
-38.244541
-101.586100
-115.927585
-152.179673
-252.570068
-235.041586
171.300491
755.317633
1142.139355
1174.407696
1145.724726
1117.838505
-217.513104
-2675.882670
-3495.737566
-2195.442920
-591.985215
726.634662
1455.261779
1236.952506
858.496650
942.553688
1025.017227
567.284828
-362.919828
-973.628067
-578.440479
198.389962
371.682907
-147.797552
-975.619940
-1517.011001
-1200.303206
-224.285472
549.756347
644.171123
509.918888
710.301304
1096.326278
1067.643307
442.991958
-362.919828
-1068.042844
-1408.653114
-1123.018537
-552.546131
-53.781150
242.609541
281.650251
435.024466
759.699753
848.935660
627.439391
203.568832
-232.651339
-500.757435
-656.920272
-705.123597
-651.741402
-576.846980
-362.123079
124.690664
667.276849
892.756865
745.358268
449.365951
166.121621
-65.334013
-175.683773
-143.415432
-147.399177
-189.228509
-8.764822
432.235844
960.480544
1228.586640
1229.383389
1237.749255
162.934624
-2292.646319
-3468.648094
-2361.565122
-786.790387
490.796908
1274.798092
1200.302044
911.878845
934.586196
953.708176
619.073524
-189.228509
-871.245799
-589.594967
164.129748
381.243897
-43.821785
-805.912367
-1398.295375
-1249.701655
-450.562237
311.926719
549.756347
515.496132
685.602080
1019.041608
1065.253060
574.853946
-146.602428
-865.668555
-1411.441736
-1203.490203
-471.277715
-39.838039
101.983313
178.072859
296.788485
591.187303
791.569720
678.431338
319.097462
-159.748790
-445.383367
-461.318351
-508.326552
-668.473135
-754.123671
-542.985141
24.300269
632.618260
903.512978
768.463994
442.991958
190.422471
43.023874
-81.268996
-163.732535
-217.911479
-197.992750
53.381613
490.398533
922.634958
1073.220552
1037.765214
1184.765435
385.227643
-1966.775908
-3321.647872
-2399.809082
-945.343472
274.877883
1152.098719
1158.871087
889.171493
968.846410
1010.277367
685.602080
-99.195853
-835.392086
-619.473061
152.178511
405.943121
6.373412
-724.643951
-1342.522933
-1259.262645
-511.513548
178.072859
361.325168
366.105663
649.349993
1086.366913
1195.521549
729.821659
-77.683625
-908.294635
-1449.685697
-1177.197480
-311.131132
133.056530
-36.252668
-194.009004
91.227199
684.805331
955.700049
664.488227
200.381835
-152.976422
-262.131058
-227.870844
-432.237006
-824.635972
-928.213365
-495.180190
244.999789
735.398903
695.561445
419.886232
270.894137
292.804739
278.861629
93.617447
-125.090201
-208.350489
-80.073873
209.544451
539.398607
837.781172
891.561741
976.813902
1083.976665
-323.082370
-2642.020830
-2993.785589
-1656.840481
-382.440183
727.033037
1168.432077
809.496576
752.927385
1030.196096
944.545561
371.284532
-516.294043
-903.514140
-234.643212
534.618112
456.536694
-288.423781
-1112.660797
-1407.059616
-917.457251
-166.521158
156.162256
148.593139
354.552800
841.366543
1234.562259
1080.391294
392.796760
-325.870992
-938.969478
-1240.140665
-856.904314
-284.838409
-99.992602
-108.358468
-11.155069
321.886084
712.691552
796.350215
575.650695
188.430598
-219.504977
-332.643360
-277.269292
-463.310224
-746.156179
-755.717169
-374.472691
213.129822
587.601932
594.772675
439.406587
347.780432
375.666653
346.983683
154.568758
-108.756843
-270.496924
-145.805679
210.739575
647.756495
925.025206
908.293473
1058.879067
674.049217
-1329.774946
-2929.647281
-2404.191203
-1142.538891
89.235326
1069.635180
1051.708324
713.488301
825.033185
897.537360
641.382501
5.178289
-740.578935
-658.115396
179.666357
631.024762
281.650251
-546.968886
-1265.238264
-1233.368297
-586.806345
-80.073873
35.853132
128.276035
476.455423
974.025280
1180.781690
816.268944
148.194765
-576.846980
-1015.855773
-755.717169
-347.383219
-358.537708
-376.862939
-170.903278
96.406069
412.715489
649.748368
616.683277
408.333369
172.893989
-29.878675
-172.895151
-393.594671
-685.204868
-770.457029
-563.302244
-156.960168
257.747776
461.317189
468.886306
417.097610
408.731743
413.113864
311.528345
131.463032
-38.244541
-98.797478
19.121399
304.357602
665.683351
778.423359
828.618556
970.041534
-115.529211
-2204.207161
-2729.264864
-1629.352634
-511.115174
517.089631
1064.456311
793.561593
675.244341
916.659340
837.382797
327.463328
-395.984919
-744.961055
-202.773245
517.886380
520.276627
-121.106455
-925.026368
-1283.563495
-888.774281
-304.757139
-105.171471
-71.309632
207.552578
747.748515
1166.440205
1037.765214
468.886306
-217.114730
-792.367631
-819.457103
-408.334531
-241.017205
-339.017353
-372.879193
-207.155365
179.267982
509.122139
583.219812
475.658674
274.479508
122.698791
40.235252
-175.285398
-523.066411
-725.440701
-654.928399
-342.204350
66.129600
289.617742
321.487709
329.853576
374.073155
469.284680
480.040794
339.414566
142.617521
5.975038
46.210871
234.243675
523.861999
654.528863
652.536990
835.789299
43.422249
-1898.255480
-2548.402803
-1632.141257
-698.749603
284.438873
1000.716377
860.090149
698.350067
862.480396
791.171345
412.317115
-208.748864
-649.749529
-274.480670
347.780432
412.715489
-31.870548
-735.001691
-1149.709634
-899.132020
-414.708524
-160.147164
-88.439739
107.162182
567.683203
1000.318003
983.187895
545.772601
-90.033237
-671.261757
-620.668185
-185.244763
-209.147238
-455.342732
-483.627327
-295.594523
92.023948
399.967503
476.057048
393.195135
239.820919
205.162330
226.674558
11.552282
-437.415876
-725.440701
-619.074686
-297.586396
1.194543
107.162182
100.389815
201.975334
376.065027
515.496132
533.024614
392.398385
249.780284
206.357454
215.918444
254.560779
392.398385
464.902560
513.902634
800.732335
163.731374
-1740.100769
-2523.703578
-1616.206273
-604.334827
253.365655
784.000603
681.219960
687.593953
950.521179
883.594249
425.861851
-264.919680
-669.269884
-205.561867
481.235918
504.341644
-75.691752
-830.611591
-1162.457621
-791.969256
-316.708376
-228.269218
-255.757065
-30.277049
500.756273
1028.602598
1030.992846
501.951396
-109.951966
-545.375388
-536.212773
-172.895151
-62.545391
-297.586396
-488.806197
-415.903648
-76.090127
288.422619
405.544747
288.024244
192.812718
256.951027
329.455201
178.471233
-275.277419
-685.603242
-678.432500
-371.285694
-10.756695
133.056530
28.682389
28.682389
238.227421
501.951396
611.504407
503.146520
340.609689
251.772157
293.999863
333.438947
358.536546
393.593509
445.780580
674.049217
56.170236
-1699.864936
-2338.857771
-1468.010927
-645.765784
176.877735
792.764844
654.528863
625.845892
912.675594
840.968168
408.333369
-270.496924
-659.708894
-114.732462
558.122213
501.553022
-73.699879
-806.310741
-1110.270550
-737.391938
-334.236858
-278.464416
-296.391272
-92.821859
440.203336
981.594397
952.513052
409.926867
-174.488649
-509.521675
-322.683995
103.178437
89.633701
-301.570142
-570.074612
-460.123227
-84.057618
184.446852
220.300565
157.357380
122.300417
241.414418
393.991884
233.048551
-240.220456
-555.334753
-455.342732
-166.919532
30.275888
-7.569698
-149.789425
-106.764970
140.625648
405.943121
523.861999
485.618038
404.747998
389.609763
448.967577
458.528567
444.187082
401.561001
483.626165
613.496280
-399.570290
-2046.052451
-2156.402211
-1223.408932
-495.180190
280.056752
678.829712
529.040868
678.829712
977.212277
804.317707
258.544525
-373.675942
-484.822451
168.113494
646.561371
389.609763
-288.025406
-941.758100
-1024.221640
-613.497442
-337.822229
-362.521454
-370.090571
-5.976200
630.626387
1001.513126
761.293251
140.625648
-309.537634
-314.318129
-3.187578
223.487561
1.991292
-439.009374
-572.464860
-307.545761
30.275888
148.593139
59.755607
-12.748568
117.918296
356.943047
384.829268
27.487265
-412.716651
-453.350859
-152.179673
101.186564
111.145928
-113.537338
-278.066041
-139.431686
169.706992
405.544747
434.227717
372.479656
409.528493
540.992106
622.260521
573.658822
440.203336
341.008064
533.821363
345.390184
-1075.213586
-2152.020090
-1670.783591
-943.749973
-356.944209
341.406439
507.528641
457.731817
758.504629
945.740684
717.073672
142.617521
-350.171841
-118.716207
407.934994
441.000085
53.779988
-540.196519
-941.758100
-765.676534
-456.537856
-407.537782
-445.383367
-323.480744
143.015895
697.553318
818.260817
459.325316
-78.082000
-339.814102
-3.984327
432.235844
314.316967
-192.017131
-548.562385
-462.911849
-123.098328
54.975112
-19.919310
-174.090275
-119.512957
222.690812
439.008212
209.544451
-260.139185
-459.724852
-186.838261
172.495614
272.089261
85.251580
-205.561867
-266.911553
-34.659170
211.137949
274.877883
232.251802
288.820993
486.414788
629.829638
649.349993
633.016635
532.227865
560.114086
563.301083
-498.367187
-1876.743252
-1784.718723
-1040.953372
-637.399917
-96.805605
188.430598
162.934624
547.366099
940.561815
816.268944
344.991810
-123.098328
-13.146942
532.227865
646.561371
225.081060
-425.066263
-958.091458
-864.871805
-452.155735
-382.440183
-542.188391
-512.708672
-107.163344
462.512312
731.016783
510.715637
75.690590
-182.456141
-75.691752
289.617742
458.926941
135.048403
-314.318129
-441.797996
-254.561941
-19.520936
11.552282
-128.277197
-186.439887
-41.829912
172.893989
157.755755
-103.976348
-254.163566
-157.756917
74.097092
271.292512
207.552578
-41.431538
-167.716281
-63.740515
143.414270
258.146150
221.894063
201.576959
337.024318
501.951396
632.618260
715.081799
615.488153
604.732039
431.040720
-708.310593
-1693.092568
-1290.734237
-717.074834
-597.960833
-248.586322
-19.520936
-39.838039
320.292586
699.943565
561.309210
192.812718
44.218998
380.845523
795.951840
689.984201
211.934698
-392.001173
-852.123819
-747.351303
-452.554110
-532.627401
-668.871510
-484.822451
-74.496628
370.487783
510.317263
210.739575
-135.447940
-136.643064
260.934772
644.171123
483.626165
-11.553444
-319.098624
-311.131132
-74.098254
62.145854
-116.325960
-286.431908
-186.439887
48.202744
173.690738
-37.049417
-394.789795
-358.537708
4.779914
253.764030
324.276331
173.690738
-84.057618
-82.065746
97.202818
190.422471
204.365581
186.837100
230.658304
378.455275
465.699309
471.674928
494.780654
488.805035
612.699531
495.975778
-609.912071
-1538.523229
-1085.571326
-530.237154
-474.066337
-190.423633
-60.155143
-190.025258
119.113420
491.195283
315.910465
-17.529063
4.381539
450.162700
891.960115
811.488449
359.731669
-154.569920
-580.432352
-595.570586
-425.464638
-583.619348
-757.709042
-550.155883
-168.114656
158.154129
244.999789
45.015747
-56.968147
76.088965
224.682685
377.658526
390.406513
143.812644
-60.951893
-78.480374
-27.090053
4.381539
-38.642916
-112.740589
-128.675572
-76.090127
-86.846241
-210.740737
-284.838409
-222.691974
-50.992528
129.471159
197.194839
158.950879
41.430376
-15.537190
78.479212
176.479360
268.503889
358.536546
382.040646
403.552874
480.439169
554.536842
530.634367
551.349845
375.268278
-517.887542
-1199.506457
-784.798514
-377.261313
-509.920050
-428.253260
-232.252964
-181.659392
69.714971
283.243749
70.511721
-191.618756
-90.033237
337.422693
717.472047
668.073598
380.048773
175.682611
12.349031
-66.927511
-137.439813
-428.253260
-662.497516
-518.684291
-307.147386
-296.789647
-337.423855
-362.919828
-279.659540
51.389741
373.276405
396.382131
245.398164
165.723246
199.186712
232.650177
160.544377
-3.187578
-62.943765
62.145854
148.194765
33.064510
-247.391198
-499.562311
-420.684143
-102.781224
33.462884
-57.366521
-109.155217
-0.000581
161.739501
215.121695
106.763808
-41.829912
52.983239
401.561001
620.667023
523.861999
354.154425
383.235770
580.431190
832.203928
648.154869
-425.863013
-1192.335715
-695.562607
-262.529433
-497.968812
-554.538004
-499.960685
-405.147534
99.194691
366.902412
-34.659170
-385.627179
-230.659466
302.764104
751.732261
604.732039
178.471233
63.739353
197.194839
312.723468
157.357380
-301.570142
-539.001395
-246.196075
76.885714
-85.651117
-524.261535
-766.473283
-640.188539
-165.724408
266.512017
162.137875
-139.431686
-21.512809
378.455275
576.049069
347.780432
-73.699879
-179.667519
133.454905
453.349697
329.056826
-237.830208
-587.603094
-321.887246
66.527975
92.023948
-169.708154
-360.927955
-203.569994
156.162256
324.674706
139.828898
-117.919458
-43.025036
307.544599
540.992106
531.032741
439.804961
394.788633
591.585678
811.090075
248.983535
-579.635602
-456.936230
-159.350415
-477.253334
-595.172211
-477.651709
-507.131428
-265.716429
15.137653
-230.261091
-486.017575
-194.407379
289.617742
518.683129
419.089483
173.292364
113.536176
317.503963
435.821215
166.519996
-284.440035
-416.302023
-65.732388
286.032371
103.975186
-378.058062
-625.448680
-490.399695
-75.293378
145.804517
-188.830134
-521.472913
-311.927881
145.804517
395.187008
264.918518
-43.423411
-75.691752
273.284384
566.488079
365.308914
-143.017057
-357.740958
-135.447940
125.487413
109.950805
-135.049565
-307.147386
-180.464268
81.666209
152.576885
-20.317685
-108.756843
88.836952
321.886084
406.341496
411.520366
354.154425
317.902338
546.569350
682.016709
45.015747
-505.936304
-47.805531
172.097240
-338.220604
-445.383367
-342.602724
-419.489019
-149.789425
-30.675424
-580.033977
-814.278233
-229.065967
337.422693
382.439021
202.373708
51.389741
45.812496
353.756051
625.447518
246.194913
-369.293821
-381.643434
47.804369
278.861629
79.674336
-358.139333
-585.212847
-328.261239
100.788189
166.121621
-132.659318
-368.895447
-299.578269
-5.179451
204.763956
109.552430
-124.293452
-161.740663
87.243453
309.536472
184.446852
-31.472173
3.983165
79.674336
53.779988
52.983239
32.666135
-16.333939
-23.504681
-28.285177
-50.195779
-11.155069
133.454905
231.853428
160.942751
137.438651
315.113716
452.552948
529.837617
640.585752
234.243675
-484.424077
-263.326182
348.577181
17.527901
-474.863087
-386.423929
-260.537560
-64.935638
150.983387
-251.374944
-844.156327
-626.643804
82.861333
311.528345
70.511721
-123.895077
-121.106455
143.414270
524.260373
459.723690
-78.480374
-322.285620
-20.317685
274.877883
199.585086
-140.228435
-420.684143
-386.025554
-101.586100
94.015821
-65.334013
-307.545761
-229.464342
-2.789203
111.942677
97.202818
-43.025036
-125.090201
-10.756695
113.934550
54.178363
-105.968221
-106.366595
36.649881
74.893841
28.284015
35.454757
98.397942
182.056604
179.267982
38.641754
-53.382775
51.389741
213.926571
225.877809
156.959006
215.918444
327.064953
423.869978
568.081578
324.674706
-307.944135
-271.692048
303.162478
189.227347
-301.968517
-362.123079
-282.846536
-194.407379
11.950657
-109.553592
-589.993342
-609.912071
-16.333939
267.308766
-4.781076
-189.626884
-188.033385
-84.057618
266.113642
374.471529
-56.968147
-303.562015
-3.187578
326.666579
307.544599
35.454757
-210.342362
-212.334235
-1.992454
121.503668
-91.228361
-374.472691
-311.927881
-69.317759
21.113272
-14.740441
-88.439739
-112.342214
26.292142
140.625648
-23.903056
-171.700027
-21.911183
82.064584
-20.317685
-64.138889
-13.545317
70.910095
180.064732
171.300491
34.259633
26.292142
245.398164
411.520366
321.886084
193.609467
230.259929
294.796612
382.439021
504.740019
165.723246
-385.627179
-122.301579
386.024392
84.056457
-319.098624
-261.334309
-231.057840
-160.545539
15.137653
-260.537560
-741.774059
-537.407896
90.828824
172.495614
-161.740663
-200.781372
-59.756769
27.885640
213.528197
169.308618
-227.074095
-245.399325
165.324872
277.666505
89.235326
-46.610407
-113.138963
-20.716059
186.040350
155.763882
-129.073947
-265.716429
-101.586100
33.462884
-71.309632
-204.366743
-217.513104
-146.204054
-17.130688
-1.195705
-152.179673
-180.862643
0.796168
129.072785
82.462958
12.747406
28.284015
76.088965
131.861407
135.048403
52.186490
92.820697
278.861629
321.089335
256.552652
325.073081
410.325242
375.666653
416.300861
398.772379
5.576663
-170.903278
190.820845
169.308618
-273.285546
-309.537634
-182.057766
-213.130984
-107.561719
-101.586100
-454.944357
-588.798218
-190.822007
94.015821
-86.049491
-267.708302
-246.992824
-165.326034
81.666209
276.471381
7.568536
-251.374944
1.991292
290.414492
240.219294
46.210871
-141.025184
-186.439887
19.121399
211.137949
62.145854
-203.968369
-162.139037
50.991366
78.080838
-37.049417
-132.659318
-172.895151
-112.342214
-40.634789
-116.724334
-221.098476
-169.708154
-32.667297
19.918148
-46.212033
-73.301505
27.088891
148.593139
214.324946
194.406217
148.991514
238.227421
382.439021
383.634145
283.243749
220.698939
265.715267
423.869978
452.951322
131.861407
-113.537338
109.552430
287.227495
63.340978
-151.382923
-194.009004
-209.545613
-166.521158
-160.545539
-423.074390
-680.424373
-441.797996
-47.407157
-27.886802
-131.464194
-199.187874
-266.911553
-45.415284
199.186712
-15.138815
-267.708302
-121.903204
123.495540
230.658304
227.869682
46.609246
-118.317833
51.389741
262.528271
127.080912
-103.577973
-133.456067
-62.545391
-5.577825
-3.984327
-105.968221
-201.179746
-157.756917
-72.106381
-45.016909
-74.496628
-120.708080
-105.171471
-50.992528
-42.626662
-72.504755
-67.724260
17.527901
113.934550
172.495614
210.341200
213.926571
268.105515
380.845523
417.495984
403.951248
421.081356
473.268426
404.349623
102.381687
-17.927437
171.698865
104.771935
-147.000803
-159.748790
-141.821933
-158.553666
-83.659244
-147.000803
-371.285694
-416.700397
-226.675720
-127.082074
-248.984697
-348.976718
-337.025480
-276.074169
-117.919458
-25.098180
-97.602354
-71.309632
70.113346
144.609393
172.097240
120.706918
-5.179451
-13.943691
76.885714
74.097092
26.292142
51.788115
84.056457
63.739353
39.438503
13.544155
-40.236414
-103.577973
-159.350415
-191.220382
-186.838261
-155.765044
-124.293452
-111.545465
-112.740589
-72.903130
20.316523
71.706844
55.771861
56.966985
102.381687
174.885862
253.365655
297.983609
285.633997
269.699013
298.381983
378.056900
481.235918
367.300787
56.170236
94.414196
357.739797
252.967281
17.527901
-69.317759
-174.488649
-162.537412
-59.756769
-221.895225
-506.733053
-491.993194
-235.041586
-105.569846
-171.301653
-253.765192
-287.228657
-181.659392
-1.594079
-73.301505
-274.480670
-249.383071
-95.610481
23.105145
89.235326
30.275888
-41.033163
94.812570
276.471381
211.137949
36.649881
12.349031
72.105219
91.625574
43.023874
-82.065746
-181.659392
-107.960094
35.454757
0.397794
-125.090201
-122.301579
-71.708006
-56.569772
-74.098254
-162.139037
-200.781372
-76.886876
75.292216
125.885788
118.316671
170.902116
282.048625
326.666579
318.300713
299.975482
262.528271
362.918666
446.178954
176.877735
19.918148
274.081134
294.398238
32.267760
-23.903056
-36.252668
-88.439739
32.267760
41.032001
-262.927807
-398.773541
-182.456141
-109.951966
-275.277419
-348.179968
-388.814176
-403.952410
-175.683773
-31.870548
-231.854590
-290.017279
-56.569772
65.332851
46.210871
29.479138
-34.260795
-66.130762
37.446630
90.032075
-16.333939
-42.228287
91.227199
151.381761
131.861407
142.219146
81.666209
-19.122561
-27.886802
-37.049417
-100.390976
-116.724334
-86.447866
-88.838113
-101.984475
-71.708006
-45.016909
-33.065672
15.137653
64.536102
96.007694
147.398016
183.650103
166.519996
146.202892
162.137875
217.910317
366.105663
454.544821
242.609541
74.097092
295.194987
397.178880
112.739427
-47.407157
-15.138815
-55.773023
6.373412
103.576811
-125.488575
-374.871066
-238.626958
-82.065746
-178.074021
-236.236710
-253.366817
-336.228731
-189.626884
1.592917
-208.748864
-384.432056
-194.805753
-113.935712
-168.513031
-56.569772
-16.732314
-88.439739
37.446630
155.365507
23.105145
-3.585952
172.893989
138.235400
-17.130688
29.080764
14.739279
-132.260943
-51.789277
97.999567
-5.976200
-85.252742
34.259633
68.519848
12.747406
12.747406
-60.951893
-153.374796
-43.423411
105.568684
79.674336
47.007620
124.690664
162.934624
148.593139
194.804591
237.430672
250.577033
321.487709
256.552652
45.414122
138.235400
364.512165
200.780210
-42.626662
-10.756695
38.243379
80.072711
192.414344
40.235252
-310.334383
-293.602650
-32.268922
-55.773023
-197.992750
-230.261091
-328.659614
-309.537634
-67.724260
-93.618608
-354.553962
-312.724630
-126.683699
-107.960094
-56.569772
-6.374574
-109.553592
-108.358468
12.747406
-21.911183
-81.667371
14.340904
64.934476
11.552282
49.796242
103.576811
31.869386
6.771787
64.536102
40.235252
11.950657
26.690516
-26.691678
-71.309632
-35.057544
-12.748568
-24.699805
1.592917
72.105219
133.454905
185.243601
207.552578
152.576885
73.698717
35.056383
78.080838
201.178585
276.471381
237.430672
125.487413
59.755607
208.349327
358.934920
157.357380
-110.350341
-62.545391
96.007694
159.747628
135.446778
-63.342140
-301.171767
-227.074095
13.942530
-5.976200
-181.659392
-221.496850
-217.114730
-188.830134
-57.366521
-71.708006
-275.277419
-314.716503
-186.439887
-144.610555
-124.293452
-69.716133
-119.114582
-161.740663
-68.122635
-3.187578
-7.968073
52.186490
86.048329
-5.577825
-52.984401
-13.146942
-8.764822
0.796168
23.901894
-17.529063
-32.268922
60.552356
121.105293
72.105219
25.495392
16.731152
19.918148
59.357232
91.625574
72.901968
70.113346
97.601192
111.544303
93.219072
64.934476
146.999641
286.829120
270.097388
198.788337
165.324872
55.373486
79.275961
246.991662
86.048329
-191.220382
-64.138889
143.015895
134.650029
130.666283
48.601118
-174.488649
-161.342288
28.284015
-29.878675
-184.448014
-154.968295
-142.220308
-198.391124
-119.911331
-88.439739
-231.456215
-237.431834
-110.748716
-120.708080
-141.821933
-52.984401
-52.984401
-143.017057
-134.651191
-84.854368
-87.642990
-40.634789
31.869386
-29.081926
-101.187726
-15.935564
67.324724
39.438503
27.088891
50.194617
36.649881
33.462884
45.015747
-3.984327
-51.390902
-2.789203
62.942604
66.926349
86.048329
146.202892
151.381761
127.877661
136.243527
85.251580
-0.398956
51.389741
137.438651
129.471159
168.511869
231.455053
173.292364
71.706844
108.357306
189.227347
54.975112
-58.163270
55.373486
60.950731
15.536028
95.210945
-39.041290
-235.041586
-103.577973
-8.764822
-97.602354
-38.244541
-3.984327
-131.065819
-97.602354
9.560409
-136.244689
-282.846536
-183.252890
-139.431686
-192.813880
-107.960094
-67.724260
-158.553666
-99.594227
7.170162
-80.472247
-116.724334
12.747406
34.259633
-64.935638
-72.504755
-32.268922
-47.407157
-36.252668
-21.512809
-47.008782
19.918148
123.495540
92.023948
21.113272
27.088891
51.788115
73.300343
103.576811
66.926349
-7.171323
35.454757
136.243527
118.316671
38.243379
64.934476
160.544377
174.089113
149.788263
186.837100
135.446778
27.487265
108.755681
113.934550
-62.943765
0.397794
172.097240
77.682463
-13.146942
81.666209
68.519848
-16.333939
25.097018
-87.244615
-274.879045
-89.236488
75.690590
-84.455993
-123.895077
-50.195779
-86.846241
-54.577899
-12.748568
-125.090201
-162.537412
-50.594153
-47.008782
-137.439813
-147.000803
-159.748790
-166.919532
-45.813658
17.129526
-68.122635
-78.082000
-13.146942
-17.927437
-29.081926
-37.447792
-23.106307
30.275888
-17.130688
-30.277049
42.625500
33.462884
5.576663
-14.740441
-8.366447
56.568610
90.828824
139.430524
176.080986
81.267834
17.926275
111.544303
119.511795
-46.212033
-59.358394
97.999567
100.389815
111.544303
230.259929
100.788189
-1.594079
158.154129
80.471085
-67.325886
60.552356
77.682463
7.170162
81.666209
-11.951819
-164.529285
-0.000581
132.658156
11.153907
-38.244541
-4.382701
-94.813732
-137.838187
-2.789203
-27.090053
-150.984549
-48.602280
-30.675424
-156.960168
-99.594227
5.975038
-29.878675
-59.358394
-27.488427
-96.407231
-162.935786
-74.496628
-19.122561
-85.651117
-112.342214
-59.756769
-47.008782
-36.651043
9.162034
-5.179451
-21.911183
23.901894
56.966985
29.877513
-13.146942
8.763660
41.032001
5.178289
11.552282
115.926423
67.324724
-25.496554
100.389815
79.674336
-68.919384
45.414122
170.902116
81.666209
65.731226
130.267908
-23.106307
-161.342288
8.763660
166.121621
66.129600
29.080764
127.877661
31.869386
-76.488501
-6.772949
47.804369
66.527975
64.137727
-16.333939
-82.862495
-31.870548
-30.675424
-34.659170
48.202744
-5.179451
-41.829912
46.609246
12.349031
-81.268996
-46.610407
5.975038
-43.423411
-60.951893
-9.561571
-17.529063
-29.081926
23.901894
2.788041
-57.764896
-27.090053
-19.520936
-49.000655
-21.911183
-3.984327
-50.195779
-88.041364
-53.382775
-14.342066
-8.764822
-3.984327
15.536028
35.853132
17.527901
13.942530
28.284015
-5.179451
-19.520936
31.072637
54.576737
31.869386
16.731152
-67.325886
-118.716207
23.503520
122.300417
85.251580
76.487339
34.259633
-98.399104
-76.488501
102.780062
54.975112
-36.252668
47.804369
-15.138815
-122.699953
-1.594079
125.885788
40.633627
-72.903130
-33.862421
23.503520
29.479138
60.552356
14.739279
-106.764970
-92.025110
8.365285
-7.171323
-47.805531
7.966911
23.901894
-54.976274
-18.724186
86.048329
-2.390828
-73.699879
-8.764822
11.153907
31.471011
16.731152
-75.691752
-39.838039
66.527975
-5.976200
-40.634789
62.145854
35.853132
-60.951893
-16.333939
33.064510
-73.699879
-28.683551
109.552430
5.975038
-35.854294
28.682389
-6.374574
50.194617
88.836952
-17.927437
-14.342066
41.828750
20.714897
19.918148
-14.342066
-80.870622
-87.244615
18.723025
132.259781
51.788115
-22.707932
-17.130688
-34.260795
50.592991
112.341052
21.511647
-31.472173
9.958784
-19.919310
-19.520936
54.576737
20.316523
-77.285250
-63.740515
76.088965
51.788115
-9.163196
72.901968
-23.106307
-68.919384
91.625574
62.942604
-81.268996
-92.821859
-55.773023
-17.529063
11.153907
-12.350193
25.893767
53.779988
-18.724186
-19.919310
41.828750
7.966911
-86.447866
-31.073799
52.584864
-70.114508
-108.358468
60.153981
61.349105
-50.594153
12.747406
50.194617
-43.025036
-71.708006
-8.764822
-8.366447
-58.561645
-35.057544
-33.862421
-40.236414
51.788115
95.609319
-21.512809
-126.683699
-49.000655
74.893841
66.926349
-33.065672
-289.220530
-457.732979
78.479212
540.992106
176.080986
-62.545391
126.284163
-8.764822
-310.334383
-54.577899
309.536472
246.593287
60.552356
-78.082000
-172.098402
-197.196001
11.153907
265.715267
140.227273
-105.171471
-81.268996
-18.325812
-77.683625
38.243379
223.885936
133.056530
-42.228287
-81.667371
-103.577973
-151.781298
5.975038
156.162256
31.072637
17.527901
10.357158
-76.886876
4.381539
120.308544
80.869460
-154.968295
-128.675572
63.739353
48.202744
58.162108
54.975112
-14.740441
-35.455919
5.975038
-4.382701
-5.179451
57.365359
-15.138815
-40.236414
25.893767
-53.781150
-70.114508
34.658008
29.479138
-5.577825
42.227125
10.755533
-52.586026
-10.358320
40.633627
-2.390828
-76.488501
-47.805531
-6.374574
5.178289
7.966911
-22.309558
-37.447792
-7.569698
48.601118
72.901968
29.479138
-43.423411
-24.301431
-13.943691
-56.569772
-20.317685
28.682389
37.845005
-9.959946
-28.683551
-3.984327
-47.805531
-45.415284
32.666135
61.349105
53.779988
13.942530
-48.203906
-76.886876
-23.106307
5.576663
-39.041290
26.690516
-19.919310
-146.602428
-19.122561
110.747554
78.479212
25.097018
17.129526
-9.163196
-28.683551
35.056383
43.023874
-36.252668
-73.699879
5.178289
109.552430
97.202818
-15.537190
-70.114508
-31.472173
-21.512809
6.771787
32.267760
-24.699805
7.170162
41.032001
9.560409
37.048255
-10.358320
-5.976200
43.023874
23.503520
-24.699805
-57.764896
5.975038
-12.748568
-47.805531
4.779914
43.023874
37.446630
29.479138
21.511647
-25.894929
-11.155069
2.389667
21.113272
41.430376
-41.033163
-20.716059
24.300269
-36.252668
-52.586026
3.584790
36.251506
-12.748568
-23.903056
31.869386
21.910021
8.365285
47.007620
-7.569698
-72.106381
-17.927437
40.633627
-20.716059
-37.447792
3.584790
-7.968073
-10.358320
-16.333939
17.926275
45.812496
18.723025
-21.512809
-9.561571
52.983239
-29.878675
-22.707932
56.966985
-61.350267
-41.829912
48.202744
7.568536
-60.155143
-17.927437
56.170236
31.072637
-3.984327
-24.699805
-65.732388
-40.634789
61.349105
84.056457
32.267760
-17.130688
-29.480300
-33.065672
-15.935564
16.731152
33.462884
-17.927437
-12.748568
17.926275
-16.333939
-50.594153
13.544155
66.926349
-25.894929
28.682389
53.381613
-15.935564
-29.480300
-33.862421
-16.732314
3.983165
-4.781076
-43.423411
20.316523
27.088891
1.592917
8.763660
33.462884
60.950731
-30.277049
-76.886876
-30.675424
83.259707
128.674410
62.145854
-28.285177
-119.512957
-130.667445
-2.789203
120.706918
48.202744
-39.439665
-87.244615
-88.439739
17.129526
49.796242
33.861259
61.349105
9.162034
-45.415284
-66.927511
-50.992528
33.462884
29.080764
-5.976200
-29.480300
13.544155
29.877513
-59.358394
-34.260795
32.267760
23.503520
11.153907
32.267760
18.324650
-36.651043
-20.317685
-5.179451
16.332777
73.698717
-23.106307
-54.179525
-11.553444
-27.090053
27.885640
5.178289
6.373412
-18.325812
14.739279
85.649955
-20.317685
-29.878675
3.983165
13.145780
-31.870548
-50.195779
22.706770
-13.943691
-43.025036
17.926275
14.340904
20.714897
49.796242
1.592917
3.584790
-19.122561
5.576663
32.666135
-4.382701
1.592917
-5.976200
13.942530
-7.171323
-21.512809
-2.789203
32.666135
-70.512883
-65.334013
48.601118
32.267760
53.779988
-36.651043
13.942530
34.259633
-15.537190
22.308396
6.771787
25.893767
-30.675424
-48.203906
-2.390828
-10.358320
10.357158
7.170162
-11.553444
39.836878
15.536028
-10.756695
19.121399
9.560409
-21.911183
-3.187578
13.942530
0.796168
-11.155069
-11.553444
14.739279
-27.488427
-33.065672
-9.561571
25.495392
24.300269
-33.862421
-2.789203
10.357158
37.446630
10.357158
-27.886802
17.926275
-17.927437
-29.081926
-0.398956
14.739279
6.373412
-19.919310
2.389667
29.877513
7.568536
-14.740441
3.186416
9.958784
-11.155069
14.739279
16.332777
21.910021
24.300269
-28.285177
20.714897
-28.683551
-25.098180
16.332777
-54.976274
-15.935564
1.592917
31.869386
-9.163196
-35.854294
62.942604
-3.984327
-11.553444
34.259633
4.381539
21.910021
-12.748568
-3.187578
-35.455919
-55.773023
-17.130688
-7.171323
56.568610
18.324650
-19.520936
-4.781076
6.771787
45.812496
1.991292
-38.244541
-6.772949
-9.959946
-26.293304
40.633627
24.698643
-19.122561
-9.959946
-39.439665
20.714897
33.462884
-4.781076
-29.081926
-9.561571
57.365359
1.991292
-19.919310
16.332777
-30.675424
3.186416
33.861259
-14.342066
6.771787
-17.130688
-7.569698
-6.772949
-29.878675
0.397794
27.885640
45.015747
1.592917
-11.553444
-10.358320
-6.772949
-7.968073
20.714897
-1.992454
-8.366447
7.966911
-62.943765
26.292142
1.592917
-26.293304
38.641754
-49.399030
-13.943691
19.918148
43.422249
46.210871
-26.293304
-9.163196
15.536028
42.625500
-4.382701
-59.756769
-1.594079
-0.000581
-41.829912
24.698643
5.178289
-12.350193
27.885640
45.015747
19.121399
-69.716133
-13.545317
3.584790
23.503520
8.763660
-50.992528
8.763660
22.706770
23.105145
-32.268922
-33.464046
31.471011
29.479138
3.186416
-22.707932
9.958784
7.966911
-31.870548
-10.358320
61.747480
48.202744
-35.854294
-33.464046
-3.984327
-2.390828
-4.781076
-9.163196
1.991292
20.714897
19.918148
-24.699805
-49.797404
50.592991
52.584864
-22.707932
-54.577899
-11.951819
35.056383
20.316523
20.316523
-67.325886
2.389667
54.975112
-1.195705
5.178289
-37.447792
-8.366447
20.316523
23.105145
7.966911
-3.187578
-8.764822
-25.098180
19.918148
15.934402
-6.374574
-19.122561
-12.350193
14.340904
-1.594079
10.755533
-4.382701
-11.155069
2.389667
-19.122561
21.113272
26.292142
-26.691678
-11.951819
21.511647
3.983165
-23.504681
2.788041
27.885640
17.129526
-23.903056
-32.268922
21.511647
-21.512809
-33.464046
39.438503
35.853132
-3.187578
-49.797404
1.194543
71.308470
1.991292
-30.675424
-18.325812
-25.496554
18.324650
16.332777
24.698643
-5.179451
-43.025036
-11.553444
9.162034
33.861259
18.723025
-15.537190
-38.642916
2.788041
38.243379
40.633627
-16.732314
-19.122561
-15.138815
-47.407157
33.861259
21.511647
-19.122561
-3.585952
-37.447792
22.308396
51.788115
-59.756769
-51.390902
17.527901
60.153981
18.324650
-53.781150
-18.724186
24.300269
17.527901
-8.366447
-7.569698
-9.163196
32.267760
7.170162
-51.789277
-15.935564
17.129526
33.861259
-1.594079
9.958784
-5.976200
-9.959946
3.983165
1.194543
17.926275
-33.464046
-15.935564
-8.366447
20.316523
37.845005
-13.146942
-17.130688
13.942530
-11.951819
-13.146942
27.885640
-22.309558
-1.594079
14.340904
3.186416
-8.764822
-5.577825
7.170162
-4.382701
9.958784
-20.716059
27.088891
29.479138
-35.854294
1.991292
-4.382701
11.552282
-15.537190
-38.244541
37.845005
16.731152
14.340904
-15.138815
5.576663
35.454757
0.397794
11.950657
-43.423411
-32.268922
31.471011
5.576663
-22.707932
-40.236414
-13.146942
60.153981
34.658008
-16.333939
33.861259
32.267760
-24.699805
-15.138815
-7.569698
-25.098180
-52.586026
27.487265
45.015747
7.568536
-0.398956
-36.651043
-1.594079
22.308396
30.674262
-4.382701
-15.935564
-9.163196
-13.545317
19.918148
-2.390828
-35.057544
29.080764
62.544229
23.503520
-50.195779
-31.472173
2.389667
-25.894929
23.901894
20.316523
-15.537190
-17.130688
-0.000581
-1.992454
41.430376
37.446630
-76.090127
-27.090053
52.983239
17.926275
-21.512809
-16.732314
27.088891
-35.854294
-25.098180
62.942604
-13.943691
-32.268922
-17.130688
26.292142
51.788115
-69.716133
-23.106307
71.308470
18.723025
-46.212033
-4.781076
37.048255
-49.000655
-43.423411
1.194543
5.975038
-12.748568
-1.195705
34.259633
4.779914
47.405995
-5.179451
-27.090053
45.015747
-33.464046
-32.667297
-34.659170
-3.984327
62.942604
-7.171323
3.983165
-12.350193
-8.366447
39.040128
-27.886802
-15.138815
-5.179451
31.072637
-10.358320
-77.285250
58.560483
58.560483
-23.106307
-10.358320
26.292142
34.658008
-34.659170
-45.016909
-3.984327
-22.309558
-9.163196
-3.585952
45.414122
52.584864
-17.927437
-18.325812
26.292142
36.251506
-2.789203
-24.301431
-51.390902
-33.065672
36.649881
27.487265
-13.943691
-3.585952
-14.342066
-1.992454
37.845005
51.389741
8.763660
-3.984327
-5.577825
-19.919310
-12.350193
-18.325812
7.966911
-2.789203
-15.138815
-7.968073
23.901894
24.698643
-28.285177
-47.407157
-5.577825
57.365359
31.471011
-9.163196
10.755533
-13.943691
-70.512883
-1.992454
48.999493
0.796168
-21.114434
-31.073799
25.097018
64.137727
-16.732314
-40.634789
16.731152
37.845005
-29.878675
-56.171397
49.397868
14.340904
-43.423411
-30.277049
-5.179451
78.080838
46.609246
-17.130688
-10.358320
-22.309558
-13.943691
-36.651043
-25.098180
19.519774
13.145780
39.438503
24.698643
-2.390828
-3.984327
13.942530
-12.350193
-34.260795
-0.797330
-12.350193
-17.130688
3.983165
21.113272
18.723025
-68.919384
-3.187578
96.804443
11.552282
-9.959946
3.584790
23.105145
11.153907
-65.334013
-58.960020
48.601118
50.592991
-49.797404
-47.008782
46.210871
5.576663
-47.407157
46.210871
57.365359
-20.317685
-22.309558
-10.358320
31.072637
10.755533
-40.634789
-33.464046
-49.797404
63.739353
57.365359
-27.886802
-39.838039
27.885640
66.926349
-36.252668
-52.187652
-27.090053
37.446630
44.218998
-26.293304
-45.813658
-26.691678
21.511647
48.202744
17.527901
-36.651043
-24.699805
22.308396
3.584790
-42.626662
8.365285
39.438503
15.536028
-5.976200
-44.618535
0.796168
3.186416
19.121399
2.788041
-6.374574
45.812496
-21.911183
-22.707932
-37.447792
-20.317685
35.056383
6.771787
30.275888
-17.130688
-15.935564
59.357232
-37.049417
-29.878675
52.983239
30.275888
-26.293304
-61.350267
29.877513
23.105145
-13.545317
-21.512809
-26.691678
35.056383
31.869386
2.788041
11.153907
24.300269
-28.285177
9.560409
41.828750
-32.667297
-47.805531
1.194543
12.747406
9.560409
5.576663
1.592917
17.926275
-0.797330
-35.854294
-36.651043
79.674336
40.633627
-38.642916
-21.114434
-39.439665
23.503520
-7.569698
-41.829912
7.170162
36.251506
42.227125
-17.130688
-22.309558
11.950657
20.714897
-21.114434
-32.667297
26.292142
-20.317685
-25.098180
30.674262
4.381539
-28.683551
-1.594079
27.088891
4.779914
-11.951819
-23.903056
5.178289
15.536028
-17.927437
-31.073799
17.926275
66.527975
-7.968073
-53.781150
15.536028
44.218998
-1.195705
6.771787
-3.187578
-46.610407
-31.073799
28.284015
37.048255
-23.504681
-27.886802
19.519774
45.414122
-9.163196
-19.919310
-11.951819
-1.195705
-6.374574
7.170162
62.942604
-12.350193
-56.171397
-27.886802
11.153907
52.584864
21.113272
-22.707932
-11.553444
5.975038
22.706770
17.527901
-39.838039
-34.260795
-2.390828
15.934402
5.178289
-14.342066
-11.155069
-26.293304
-15.537190
17.527901
61.747480
33.861259
-8.366447
-41.431538
4.381539
16.731152
-44.618535
-32.268922
-25.894929
51.788115
56.568610
3.584790
-22.309558
-37.447792
26.690516
34.259633
-22.707932
-11.951819
-10.358320
-2.390828
-9.163196
-46.212033
13.145780
24.300269
32.666135
14.340904
-27.488427
11.552282
11.552282
8.365285
-9.561571
-8.366447
-21.911183
-37.049417
29.080764
8.763660
-36.252668
43.422249
58.560483
-41.033163
-54.577899
9.958784
81.666209
35.056383
-78.082000
-64.537264
59.755607
37.048255
-100.390976
-50.594153
68.519848
91.227199
-17.927437
-33.862421
42.227125
-1.594079
-4.781076
-40.634789
-74.496628
-8.764822
52.584864
49.397868
-62.545391
-16.732314
60.153981
-2.390828
0.397794
-7.171323
21.113272
24.698643
-98.000729
-30.675424
48.202744
-25.894929
-69.317759
-20.317685
139.032149
60.950731
-106.366595
-60.155143
48.202744
66.129600
-38.244541
-67.724260
21.113272
79.275961
-32.268922
-91.626736
31.072637
30.275888
-46.610407
-3.585952
64.536102
62.942604
-39.439665
-34.659170
25.495392
-27.488427
-21.512809
-19.919310
3.983165
-1.594079
-23.903056
-9.561571
27.088891
66.129600
-5.976200
-53.382775
-7.968073
21.910021
-4.781076
16.731152
29.479138
-51.789277
-45.813658
58.162108
-10.756695
-3.984327
27.088891
-58.163270
5.576663
19.121399
21.511647
15.137653
-46.610407
-48.203906
-26.293304
50.991366
41.828750
1.194543
18.723025
-66.927511
-46.212033
62.942604
71.706844
13.942530
-105.171471
-1.594079
97.999567
-39.838039
-74.895003
-36.651043
67.723099
56.966985
-10.756695
22.308396
-41.431538
-11.951819
23.901894
-3.585952
-32.268922
-72.903130
38.243379
82.861333
2.788041
-48.602280
-32.667297
55.373486
19.918148
-5.976200
39.438503
-22.309558
-23.504681
-18.724186
-13.943691
44.218998
15.536028
-25.894929
-16.732314
25.097018
-3.984327
-7.569698
29.877513
-15.935564
-16.333939
16.332777
37.845005
-30.675424
-26.293304
47.405995
-36.651043
-5.577825
21.910021
-25.496554
5.975038
-9.561571
22.308396
60.153981
-21.114434
-43.025036
13.544155
48.999493
-9.163196
-22.707932
1.592917
-47.008782
37.446630
10.755533
-45.415284
55.373486
2.788041
-1.992454
60.552356
21.511647
-34.659170
-69.317759
-39.041290
-36.651043
12.349031
99.194691
58.560483
11.950657
-35.455919
-50.992528
33.064510
9.560409
-9.163196
9.958784
-7.569698
-30.277049
-46.212033
55.373486
46.609246
11.552282
-2.390828
-31.870548
9.958784
10.755533
32.267760
-11.951819
-36.252668
29.080764
-27.090053
-59.358394
20.714897
68.519848
12.747406
-75.293378
8.763660
91.625574
17.926275
-27.488427
-25.894929
-19.919310
12.349031
-5.179451
-30.277049
0.397794
11.950657
6.771787
-1.992454
8.763660
19.519774
12.747406
-9.959946
-24.699805
7.568536
1.991292
-12.350193
-25.098180
-27.090053
25.893767
61.349105
35.853132
-27.090053
-47.407157
11.552282
58.560483
36.649881
9.958784
-16.732314
-40.634789
-28.285177
47.405995
57.763734
-52.984401
-70.512883
37.048255
94.015821
13.145780
-7.171323
-19.520936
-40.236414
31.471011
34.259633
2.389667
-52.984401
-42.228287
20.714897
18.324650
44.218998
49.796242
-3.187578
-18.724186
-50.594153
-21.911183
43.023874
-28.683551
-67.325886
-8.366447
11.153907
-82.065746
-79.675498
59.357232
88.836952
-17.130688
-84.455993
-19.919310
17.129526
-58.163270
-74.098254
-21.911183
17.129526
31.471011
-45.016909
-51.390902
-2.789203
-49.399030
-28.285177
23.503520
-5.577825
11.153907
13.942530
-44.618535
-105.171471
-54.577899
9.958784
21.113272
68.519848
19.121399
-60.155143
-82.065746
14.739279
62.942604
-3.984327
-17.130688
40.235252
74.893841
-33.464046
-64.935638
0.796168
23.901894
47.007620
27.088891
-5.179451
40.235252
97.601192
69.714971
-30.277049
-59.358394
-39.041290
26.292142
144.211019
52.186490
-45.415284
33.462884
51.788115
10.755533
-13.146942
13.544155
72.105219
87.243453
-0.398956
-43.423411
65.731226
51.389741
-42.626662
32.666135
93.617447
48.202744
-22.309558
-36.252668
33.064510
52.983239
34.259633
-1.195705
-19.122561
41.032001
38.641754
-24.699805
-16.333939
-2.789203
7.966911
13.145780
15.934402
-1.594079
-52.586026
33.861259
48.202744
-17.529063
16.731152
-18.724186
-45.016909
-44.220160
-21.512809
58.958858
33.861259
4.779914
-45.415284
-65.334013
41.032001
31.869386
-37.447792
-44.220160
17.926275
15.536028
-30.277049
-13.146942
-57.366521
-41.829912
22.706770
17.129526
37.845005
-16.732314
-82.464120
-20.716059
25.097018
14.340904
-65.732388
-87.244615
7.966911
17.926275
1.592917
13.145780
-48.602280
-95.212107
-14.342066
31.072637
-54.976274
-64.935638
-8.764822
1.194543
-44.618535
-81.268996
-0.398956
41.430376
-48.203906
-100.789351
-53.382775
17.926275
27.088891
-46.610407
-71.708006
14.340904
23.503520
-41.431538
-24.301431
3.584790
-11.553444
-47.805531
-56.569772
7.568536
60.153981
11.950657
-44.220160
28.284015
52.186490
15.536028
15.536028
-38.642916
-28.285177
65.731226
83.658082
29.080764
19.918148
31.471011
50.194617
48.601118
16.332777
19.121399
42.625500
63.739353
15.137653
56.170236
77.682463
-10.756695
23.503520
75.690590
72.503594
22.706770
6.373412
44.218998
19.519774
33.462884
51.788115
-13.146942
-13.943691
32.267760
62.544229
79.674336
52.983239
14.739279
-28.683551
-6.772949
29.080764
43.422249
4.779914
-61.748642
-6.374574
33.462884
28.682389
3.584790
-8.366447
17.926275
2.389667
-23.504681
6.373412
28.284015
-19.122561
-33.464046
-10.756695
34.259633
39.438503
-27.886802
-41.829912
23.503520
69.316597
9.958784
-62.147016
-39.439665
20.714897
74.495466
52.584864
-35.057544
-49.797404
6.771787
15.137653
-23.504681
-16.732314
17.527901
21.113272
16.731152
27.088891
-34.260795
-50.195779
-12.350193
-3.187578
25.495392
2.389667
-19.122561
-15.537190
-9.163196
23.503520
3.584790
-32.268922
-15.935564
-1.195705
29.479138
21.113272
-39.439665
-43.423411
-15.935564
-12.350193
-23.903056
-0.797330
17.129526
5.576663
25.495392
6.771787
-57.764896
-39.838039
-27.090053
-42.228287
-21.911183
-3.187578
8.365285
-19.122561
-21.114434
5.178289
0.397794
-13.545317
-16.732314
3.186416
6.373412
-5.577825
-18.724186
-28.285177
-11.951819
-7.171323
13.145780
18.723025
-9.163196
-15.935564
-5.976200
-1.594079
-16.333939
-13.545317
5.975038
-3.187578
0.796168
23.503520
0.796168
-49.000655
-48.203906
12.747406
33.462884
2.788041
-24.699805
-10.358320
38.243379
9.162034
-50.195779
-45.016909
-9.959946
-1.195705
-25.496554
-30.277049
-15.935564
-12.350193
-2.789203
-7.171323
-30.675424
-53.382775
-52.586026
-16.732314
-9.561571
-19.520936
-13.943691
-23.903056
-20.317685
-5.577825
-4.382701
-4.382701
-8.764822
-19.919310
-7.968073
7.966911
-11.951819
-18.325812
3.983165
-3.585952
-10.756695
9.162034
17.926275
20.714897
10.755533
18.324650
28.682389
1.991292
3.186416
11.153907
15.137653
39.836878
46.210871
47.405995
45.812496
35.454757
21.511647
12.747406
43.820623
65.332851
47.804369
26.292142
19.519774
38.641754
64.137727
60.153981
42.227125
39.836878
46.210871
54.975112
55.771861
49.796242
37.845005
31.869386
37.446630
58.958858
89.235326
77.284089
36.649881
26.292142
49.397868
71.706844
61.747480
43.820623
57.763734
76.487339
55.373486
-7.569698
-31.870548
9.958784
37.048255
21.910021
8.763660
15.137653
4.779914
-29.480300
-60.553518
-53.382775
-22.309558
-20.716059
-40.236414
-39.838039
-45.016909
-79.277123
-87.244615
-66.927511
-60.155143
-46.212033
-36.651043
-49.399030
-62.147016
-71.309632
-60.155143
-47.805531
-37.447792
-21.911183
-31.073799
-26.691678
-13.146942
-15.935564
-4.382701
-1.195705
-3.984327
21.511647
41.032001
41.828750
28.284015
13.942530
29.479138
35.454757
44.218998
55.373486
44.617373
55.373486
55.373486
29.877513
25.495392
-5.577825
-58.163270
-52.187652
4.779914
14.739279
-28.285177
-37.049417
-63.740515
-79.277123
-62.147016
-99.594227
-107.960094
-69.716133
-63.342140
-80.073873
-80.073873
-64.138889
-88.041364
-107.561719
-59.756769
-43.025036
-50.195779
-25.894929
-24.301431
-23.903056
6.373412
25.495392
6.771787
4.779914
39.836878
46.210871
46.609246
63.340978
54.178363
45.015747
78.080838
117.918296
100.788189
94.015821
125.487413
103.975186
65.332851
86.048329
125.885788
125.885788
145.007768
121.503668
-42.228287
-109.951966
19.918148
93.617447
35.853132
-8.366447
-68.122635
-125.488575
-47.008782
-0.398956
-129.073947
-184.049639
-87.244615
-43.025036
-41.829912
-45.813658
-152.578047
-207.952114
-60.951893
44.617373
-33.065672
-86.846241
-64.138889
-90.431612
-74.496628
29.080764
52.983239
6.373412
13.942530
-0.797330
-51.789277
-1.195705
67.723099
33.861259
15.137653
61.349105
55.771861
15.934402
50.194617
66.926349
23.901894
66.129600
129.471159
97.999567
68.918222
109.154055
62.544229
46.609246
179.267982
91.625574
-94.813732
-27.090053
100.389815
32.267760
-39.041290
-14.342066
-100.789351
-104.773097
46.210871
-13.545317
-162.139037
-98.000729
-61.350267
-117.521084
-63.342140
-27.886802
-137.041438
-139.830060
11.552282
-1.594079
-101.586100
-71.708006
-54.179525
-56.968147
8.365285
27.885640
-51.390902
-40.634789
77.682463
36.251506
-101.187726
-88.041364
-3.187578
66.129600
127.080912
78.080838
-62.943765
-77.683625
52.983239
89.633701
36.649881
56.170236
73.698717
67.723099
116.723173
134.650029
72.503594
35.454757
140.227273
157.755755
-7.968073
-40.634789
65.332851
92.820697
32.267760
15.934402
-54.179525
-126.683699
-12.350193
46.210871
-86.049491
-127.480448
-66.130762
-86.049491
-63.740515
-2.789203
-92.025110
-174.488649
-63.740515
11.552282
-68.919384
-99.992602
-66.130762
-61.748642
1.991292
58.560483
-56.569772
-134.651191
22.308396
120.706918
47.007620
-57.764896
-168.114656
-124.691826
127.479286
267.707140
66.527975
-147.797552
-109.553592
28.284015
135.845153
145.406143
38.641754
-23.106307
88.040202
172.893989
129.471159
62.942604
48.601118
123.097166
86.446704
7.170162
45.015747
100.788189
80.072711
11.950657
-22.707932
-98.797478
-102.781224
13.145780
6.373412
-91.626736
-88.439739
-92.821859
-118.716207
-37.049417
-16.333939
-125.090201
-129.870696
-30.277049
-21.114434
-64.138889
-71.309632
-94.813732
-81.268996
23.901894
38.641754
-56.569772
-61.350267
21.113272
48.202744
35.454757
10.755533
-87.244615
-93.618608
99.194691
189.625722
25.893767
-116.325960
-85.651117
19.519774
144.609393
176.080986
44.218998
-45.813658
64.137727
154.170384
136.243527
102.381687
107.958932
89.633701
-46.212033
-42.228287
129.471159
197.593213
61.349105
-59.756769
-87.244615
-115.529211
-19.122561
57.365359
-56.171397
-126.285324
-71.309632
-91.228361
-106.764970
-53.382775
-100.789351
-140.626810
-23.504681
29.080764
-75.293378
-142.618682
-133.456067
-73.699879
24.698643
50.194617
-43.423411
-89.634863
-28.285177
21.910021
33.064510
24.698643
15.137653
-12.748568
-21.512809
35.056383
58.162108
20.714897
-7.968073
1.194543
17.926275
27.088891
52.186490
61.349105
82.861333
123.097166
124.292290
117.121547
108.357306
170.503742
78.080838
-177.675646
-103.179599
237.430672
320.690960
52.983239
-128.675572
-199.187874
-161.342288
120.308544
204.763956
-87.244615
-247.789573
-157.756917
-101.586100
-27.886802
38.641754
-101.187726
-205.960242
-37.049417
55.373486
-87.642990
-173.293526
-109.155217
-20.716059
44.218998
21.511647
-97.602354
-101.586100
48.601118
97.601192
-9.561571
-56.569772
16.332777
53.779988
28.682389
7.966911
-9.561571
13.942530
90.032075
97.202818
-24.301431
-92.423485
17.129526
143.812644
185.641976
130.267908
67.723099
61.747480
152.975260
261.333147
6.771787
-254.163566
-10.756695
361.325168
260.934772
-84.854368
-220.700101
-248.984697
-30.675424
296.390110
171.300491
-244.204202
-307.545761
-137.838187
-41.829912
78.080838
31.072637
-213.529359
-213.927733
16.731152
37.048255
-119.911331
-150.984549
-47.805531
37.446630
43.422249
-50.992528
-141.025184
-59.358394
94.015821
101.584938
-9.561571
-35.455919
-14.342066
-57.366521
4.381539
154.967133
127.080912
-27.886802
-62.147016
-19.520936
0.796168
82.861333
128.674410
81.267834
56.568610
67.324724
121.105293
138.633775
224.682685
166.121621
-196.000877
-213.529359
231.853428
419.487857
45.414122
-223.488723
-217.513104
-153.374796
143.015895
288.820993
-76.090127
-351.765340
-170.106529
-21.911183
14.340904
58.560483
-120.708080
-289.618904
-93.220234
97.999567
-26.293304
-170.504903
-135.846315
-35.057544
68.519848
44.218998
-146.204054
-174.887024
69.316597
229.861555
72.503594
-143.813806
-147.000803
-22.707932
107.958932
164.926497
53.381613
-90.829986
-51.789277
76.088965
75.690590
9.958784
21.511647
56.568610
114.332925
119.511795
76.885714
65.731226
147.796390
271.690886
15.934402
-286.033533
-14.342066
420.284606
276.869756
-136.643064
-260.537560
-251.773319
-7.968073
335.430820
174.089113
-298.383145
-353.757213
-115.529211
40.235252
145.007768
-1.195705
-312.326256
-258.545687
56.568610
88.438577
-113.537338
-185.244763
-65.732388
68.519848
68.519848
-89.634863
-194.009004
-41.033163
188.032223
170.105367
-61.350267
-154.171545
-52.586026
54.576737
111.145928
82.861333
-24.699805
-66.130762
25.097018
71.308470
13.544155
14.340904
84.056457
138.633775
120.308544
53.381613
46.609246
97.999567
269.300639
209.942825
-225.878971
-273.683921
265.316893
511.910761
82.064584
-267.708302
-325.074242
-196.797626
225.877809
393.593509
-65.732388
-462.911849
-294.001025
-5.179451
161.341126
160.146002
-150.187800
-377.659688
-154.569920
125.487413
56.966985
-158.952040
-162.139037
-16.732314
47.405995
-3.585952
-113.537338
-119.114582
54.178363
205.959080
70.113346
-162.139037
-159.748790
-29.878675
122.300417
239.024170
113.137801
-183.252890
-222.293600
66.527975
243.007916
157.755755
9.162034
-60.155143
9.162034
140.625648
238.227421
164.528123
128.276035
115.528049
-196.000877
-262.927807
254.162404
561.309210
93.617447
-329.854738
-293.602650
-156.163418
177.276109
393.991884
26.690516
-444.984993
-370.090571
-50.195779
148.991514
183.650103
-78.878749
-356.545835
-231.057840
59.357232
105.568684
-68.122635
-167.317907
-63.342140
13.544155
-33.464046
-79.277123
-55.374648
35.056383
121.503668
52.584864
-111.545465
-84.854368
38.243379
66.926349
83.259707
60.552356
-47.008782
-76.090127
51.788115
116.723173
54.576737
39.836878
54.178363
66.926349
76.487339
141.024022
174.089113
173.292364
170.902116
-144.610555
-343.399473
142.219146
628.236140
229.064806
-370.090571
-381.643434
-155.765044
195.202966
441.398459
65.332851
-503.546057
-444.984993
-25.894929
208.747702
199.983461
-96.407231
-418.293895
-272.488797
106.365433
154.568758
-64.935638
-204.765118
-109.155217
25.893767
27.487265
-43.821785
-72.504755
-8.366447
87.641828
73.698717
-87.642990
-131.862569
-3.187578
101.983313
141.024022
81.267834
-75.691752
-147.797552
15.536028
190.820845
132.259781
-1.195705
-31.472173
40.235252
106.365433
171.698865
182.454979
156.560631
170.902116
-100.789351
-342.602724
77.284089
609.910909
300.373856
-323.082370
-398.375166
-206.756991
135.048403
449.365951
153.772009
-435.822377
-468.887468
-98.399104
170.105367
246.194913
-9.561571
-401.562163
-350.968591
36.251506
171.698865
1.991292
-178.870770
-146.204054
-12.350193
12.747406
-35.057544
-54.577899
-2.789203
76.088965
60.552356
-78.480374
-120.708080
-3.187578
84.056457
131.064658
115.129674
-52.187652
-163.334161
-8.764822
189.625722
185.641976
76.088965
-22.309558
-32.667297
68.918222
226.674558
244.203040
162.934624
73.300343
-226.277345
-276.472543
310.731596
666.081726
98.796316
-459.724852
-371.285694
-93.220234
263.325020
426.658600
-50.992528
-552.147756
-370.090571
20.316523
230.259929
220.698939
-146.204054
-467.293969
-252.570068
119.910169
154.568758
-24.301431
-178.472395
-157.756917
-23.903056
8.763660
-43.821785
-1.195705
107.958932
82.861333
-98.000729
-182.057766
-13.146942
170.503742
167.316745
52.584864
-120.708080
-184.049639
20.316523
236.633923
168.511869
-42.228287
-107.163344
7.568536
189.625722
233.845301
130.267908
17.527901
77.284089
191.219220
-73.301505
-259.342436
212.731448
586.008434
90.828824
-404.749160
-300.773393
-75.691752
244.601414
435.422841
-51.390902
-609.513696
-393.196297
80.471085
280.455127
221.097314
-180.065893
-530.635528
-265.318055
213.528197
257.747776
-39.439665
-288.025406
-254.960316
-18.325812
157.357380
64.536102
-135.447940
-106.764970
109.950805
100.389815
-145.805679
-147.399177
70.113346
180.463106
144.211019
-31.073799
-225.480596
-113.537338
236.633923
303.959228
36.649881
-155.366669
-94.016983
133.454905
318.300713
282.048625
49.397868
-6.772949
44.617373
-126.683699
-43.423411
443.788707
415.504111
-241.017205
-417.497146
-116.724334
78.479212
296.390110
269.699013
-280.057914
-548.164010
-172.098402
144.609393
211.934698
92.422323
-287.627031
-470.879341
-111.943839
231.455053
150.186638
-105.569846
-246.196075
-148.594301
-7.171323
16.332777
8.763660
31.471011
28.284015
-41.033163
-121.504829
-86.846241
88.040202
166.918370
61.747480
-52.187652
-91.228361
-36.651043
107.162182
196.796464
77.682463
-72.504755
-53.781150
76.885714
176.877735
191.617595
140.625648
66.129600
120.706918
20.714897
-231.057840
35.454757
581.626313
316.308840
-403.155661
-421.480892
-70.114508
197.593213
415.902486
139.828898
-519.082665
-539.399769
-10.358320
284.438873
272.886010
-57.366521
-497.968812
-424.269514
94.414196
293.601488
70.113346
-201.578121
-277.667667
-138.236562
37.446630
143.812644
95.609319
-73.699879
-133.057692
-42.228287
-2.390828
53.381613
110.747554
-24.699805
-96.805605
47.007620
85.251580
-7.968073
21.511647
70.910095
27.487265
44.617373
80.471085
62.942604
63.340978
137.040276
175.682611
148.991514
124.690664
-114.334087
-274.082296
211.137949
678.032963
149.389888
-533.822525
-370.488945
54.178363
312.325094
372.878031
-106.366595
-648.952780
-374.871066
197.194839
334.634071
128.276035
-272.887172
-527.448532
-203.569994
278.064880
234.243675
-123.496702
-329.854738
-218.708228
39.836878
135.048403
17.129526
-92.025110
-45.813658
28.284015
-21.114434
-106.764970
-9.163196
122.698791
89.235326
-6.772949
-76.488501
-69.317759
66.527975
217.511943
130.267908
-71.708006
-79.277123
80.471085
204.763956
217.910317
143.015895
36.251506
88.836952
61.349105
-173.293526
-8.366447
519.878253
358.934920
-342.602724
-405.545909
-45.016909
182.853354
338.617816
110.747554
-477.651709
-514.700545
3.584790
271.292512
213.129822
-87.642990
-471.277715
-390.806049
118.715045
319.495836
39.040128
-284.041660
-296.789647
-68.919384
78.479212
111.942677
62.942604
-95.610481
-141.821933
3.983165
33.064510
-1.594079
94.414196
70.511721
-68.122635
-71.708006
5.178289
88.836952
174.487487
100.389815
-102.382849
-107.960094
106.763808
263.723394
193.609467
31.471011
-33.862421
80.471085
235.040424
37.845005
-209.943987
113.137801
480.439169
72.105219
-393.594671
-196.399251
74.893841
195.999715
236.235548
-132.659318
-514.700545
-243.805827
190.024096
239.024170
29.479138
-305.155513
-464.106973
-127.480448
285.633997
217.910317
-170.504903
-382.440183
-180.065893
143.812644
181.658230
-17.529063
-178.074021
-152.179673
48.999493
161.739501
-12.748568
-156.163418
-19.122561
140.625648
110.747554
-43.423411
-129.870696
-9.561571
192.015969
185.641976
-16.333939
-99.594227
25.893767
204.763956
268.105515
152.576885
-2.390828
27.487265
27.885640
-84.854368
145.007768
480.837543
135.048403
-418.692270
-268.106677
115.528049
229.064806
208.747702
-76.488501
-477.651709
-320.692122
129.869534
213.926571
47.007620
-212.334235
-411.123153
-228.667593
159.349253
195.601340
-73.301505
-274.082296
-223.090349
-9.959946
115.528049
82.064584
-40.236414
-132.659318
-78.480374
60.950731
45.414122
-18.724186
44.218998
51.389741
-36.252668
-19.919310
62.145854
80.072711
86.845079
79.275961
38.641754
22.706770
84.056457
184.048477
210.739575
63.340978
-4.781076
115.129674
31.471011
-76.090127
213.926571
350.967429
-105.968221
-332.643360
-43.025036
120.308544
119.511795
64.934476
-226.675720
-358.139333
-47.805531
129.471159
11.153907
-100.390976
-223.887098
-266.513178
-50.195779
127.479286
26.690516
-151.781298
-201.179746
-90.033237
46.210871
67.324724
16.332777
-43.423411
-68.919384
-11.951819
-3.585952
-25.098180
76.487339
124.292290
-22.309558
-88.439739
16.332777
94.414196
139.430524
113.934550
-0.797330
-23.504681
66.926349
141.024022
209.942825
152.975260
-14.740441
50.592991
116.324798
-43.821785
43.820623
327.064953
101.983313
-295.594523
-170.903278
74.893841
108.357306
104.771935
-56.968147
-310.334383
-217.513104
45.812496
92.422323
-15.935564
-172.098402
-287.627031
-179.269144
48.601118
94.812570
-43.025036
-186.041512
-173.293526
-43.025036
61.349105
81.666209
15.536028
-92.423485
-114.732462
-39.041290
34.259633
115.528049
124.690664
-31.472173
-154.569920
-43.821785
150.983387
215.121695
135.845153
-15.935564
-100.789351
30.674262
272.886010
314.316967
54.576737
-113.138963
36.251506
106.365433
58.162108
210.739575
249.780284
-143.813806
-309.139259
27.885640
200.780210
86.845079
-36.651043
-214.724482
-279.261165
-28.683551
120.706918
-26.293304
-139.033311
-167.317907
-193.212255
-76.090127
52.584864
-17.130688
-118.317833
-115.529211
-94.016983
-77.285250
16.731152
92.422323
27.088891
-81.667371
-112.342214
-58.163270
62.544229
181.259855
107.958932
-113.138963
-178.472395
7.966911
215.121695
233.446926
73.300343
-99.594227
-89.634863
129.869534
339.016191
264.121769
-50.992528
-129.870696
117.519922
161.739501
14.739279
128.674410
199.186712
-118.317833
-229.862717
34.658008
119.511795
41.430376
-1.195705
-168.911405
-261.334309
-45.813658
94.812570
-15.138815
-121.106455
-190.025258
-200.382997
-52.586026
65.731226
5.576663
-122.301579
-176.878897
-105.968221
27.487265
89.235326
20.714897
-71.309632
-107.960094
-65.732388
40.235252
119.511795
81.666209
-48.602280
-107.163344
-16.732314
124.292290
173.292364
94.015821
-20.317685
-35.057544
63.340978
169.308618
208.747702
123.495540
-34.659170
4.381539
194.007842
110.349179
-68.521010
105.967059
231.853428
-62.147016
-204.765118
-14.740441
66.926349
52.186490
23.503520
-154.171545
-236.236710
-35.057544
81.267834
-14.740441
-118.716207
-189.228509
-178.074021
-41.431538
43.422249
-29.878675
-143.415432
-150.586174
-53.382775
20.714897
29.479138
-7.171323
-50.992528
-57.764896
-30.277049
1.991292
48.202744
70.113346
5.178289
-52.984401
-25.894929
49.397868
131.064658
147.398016
43.820623
-46.212033
14.739279
164.129748
243.007916
137.040276
-49.797404
-10.358320
184.446852
110.349179
-63.342140
83.658082
209.544451
-30.277049
-158.553666
-13.545317
38.243379
47.007620
67.723099
-111.545465
-253.366817
-98.399104
43.820623
25.495392
-55.374648
-185.244763
-225.082222
-70.114508
61.747480
33.064510
-88.439739
-198.789499
-150.984549
22.308396
93.219072
4.381539
-86.447866
-125.488575
-78.878749
73.300343
169.706992
63.739353
-115.130836
-125.488575
31.072637
171.698865
160.544377
26.292142
-88.041364
-31.073799
157.755755
259.739649
168.511869
-18.724186
-86.846241
113.536176
311.129970
99.991440
-184.448014
-9.163196
232.251802
64.137727
-109.553592
-62.147016
-35.854294
30.275888
113.934550
-34.659170
-211.537486
-136.643064
-4.781076
24.698643
-28.683551
-151.781298
-212.334235
-105.171471
29.479138
40.235252
-87.244615
-197.594375
-106.764970
56.170236
69.316597
-21.114434
-82.464120
-112.740589
-62.943765
73.698717
117.918296
-3.984327
-102.781224
-47.407157
61.747480
127.479286
120.706918
46.609246
-24.699805
5.178289
115.926423
193.609467
143.812644
2.788041
-44.220160
113.934550
247.788411
74.495466
-124.293452
18.324650
215.121695
90.828824
-102.382849
-110.350341
-41.431538
51.389741
89.633701
-42.228287
-194.407379
-168.911405
-20.317685
82.064584
8.365285
-172.895151
-235.439961
-106.764970
51.389741
67.324724
-105.968221
-243.407453
-119.911331
67.723099
83.259707
-4.382701
-93.220234
-133.854442
-25.894929
126.682537
100.389815
-53.781150
-94.016983
-3.984327
66.129600
84.853206
75.690590
49.397868
22.706770
47.405995
106.763808
153.772009
124.690664
31.072637
3.983165
114.332925
191.617595
21.910021
-135.846315
39.040128
235.040424
76.487339
-122.301579
-99.594227
-19.122561
71.308470
104.373560
-63.342140
-227.472469
-136.244689
15.934402
31.072637
-45.813658
-141.821933
-176.878897
-88.439739
37.845005
29.877513
-108.358468
-164.927659
-50.992528
28.682389
-16.333939
-45.016909
-52.586026
-75.293378
-6.772949
78.877587
23.105145
-55.374648
-9.163196
58.162108
54.178363
38.641754
41.032001
49.796242
61.349105
69.316597
73.698717
87.641828
89.235326
67.324724
73.698717
126.682537
139.032149
4.381539
-95.610481
48.999493
210.739575
92.820697
-117.521084
-150.586174
-38.642916
98.397942
116.723173
-45.415284
-204.366743
-170.903278
-5.577825
99.194691
-2.789203
-202.374870
-229.862717
-71.309632
