-10.799173
-10.799173
-10.799173
-12.599029
-11.699101
-14.398885
-15.298813
-15.298813
-19.798453
-20.698381
-18.898525
-19.798453
-18.898525
-17.098669
-16.198741
-18.898525
-17.098669
-16.198741
-15.298813
-10.799173
-8.099389
-6.299533
-4.499677
-6.299533
-5.399605
-3.599749
-0.000037
4.499602
8.999242
14.398810
13.498882
14.398810
15.298738
16.198666
19.798378
23.398090
24.298018
26.097874
28.797658
29.697586
28.797658
30.597514
34.197226
32.397370
27.897730
26.997802
26.097874
25.197946
22.498162
18.898450
17.098594
15.298738
10.799098
8.099314
4.499602
-0.000037
-2.699821
-8.999317
-11.699101
-12.599029
-12.599029
-16.198741
-22.498237
-26.097949
-30.597589
-35.097229
-37.797013
-39.596869
-37.797013
-36.897085
-36.897085
-39.596869
-39.596869
-39.596869
-43.196581
-42.296653
-39.596869
-39.596869
-33.297373
-29.697661
-26.097949
-24.298093
-23.398165
-17.998597
-15.298813
-8.999317
0.899891
8.999242
14.398810
16.198666
15.298738
15.298738
22.498162
37.796938
48.596074
52.195786
49.496002
43.196506
42.296578
52.195786
59.395210
62.994922
67.494562
66.594634
60.295138
53.095714
41.396650
31.497442
36.897010
47.696146
49.496002
39.596794
22.498162
6.299458
-1.799893
-0.899965
-0.000037
1.799819
-0.000037
-1.799893
-13.498957
-26.997877
-35.997157
-41.396725
-42.296653
-35.997157
-37.797013
-44.096509
-47.696221
-46.796293
-51.295933
-62.994997
-63.894925
-60.295213
-54.895645
-46.796293
-45.896365
-53.995717
-58.495357
-54.895645
-53.095789
-53.995717
-50.396005
-40.496797
-32.397445
-24.298093
-26.997877
-27.897805
-22.498237
-11.699101
-0.000037
5.399530
9.899170
21.598234
37.796938
47.696146
44.996362
44.996362
52.195786
64.794778
75.593914
83.693266
84.593194
86.393050
85.493122
70.194346
44.096434
36.897010
67.494562
106.191466
107.091394
65.694706
19.798378
-4.499677
6.299458
36.897010
50.395930
41.396650
33.297298
25.197946
2.699747
-17.098669
-26.097949
-28.797733
-13.498957
-0.000037
-6.299533
-32.397445
-52.195861
-47.696221
-45.896365
-47.696221
-46.796293
-51.295933
-52.195861
-49.496077
-54.895645
-71.094349
-77.393845
-65.694781
-59.395285
-67.494637
-76.493917
-80.993557
-79.193701
-63.894925
-54.895645
-68.394565
-81.893485
-80.093629
-70.194421
-56.695501
-44.996437
-32.397445
-23.398165
-12.599029
-4.499677
-8.999317
-9.899245
10.799098
38.696866
63.894850
78.293698
75.593914
71.094274
71.094274
80.093554
93.592474
115.190746
135.889090
141.288658
116.090674
71.994202
38.696866
55.795498
116.090674
151.187866
127.789738
67.494562
16.198666
0.899891
11.699026
35.097154
47.696146
54.895570
54.895570
37.796938
-0.899965
-34.197301
-42.296653
-26.997877
2.699747
11.699026
-16.198741
-40.496797
-35.097229
-18.898525
-21.598309
-42.296653
-64.794853
-78.293773
-75.593989
-68.394565
-60.295213
-44.096509
-35.097229
-54.895645
-102.591829
-145.788373
-145.788373
-108.891325
-65.694781
-43.196581
-59.395285
-94.492477
-118.790533
-123.290173
-111.591109
-84.593269
-57.595429
-36.897085
-21.598309
-26.097949
-49.496077
-53.095789
-27.897805
7.199386
30.597514
44.096434
57.595354
76.493842
92.692546
89.092834
66.594634
60.295138
92.692546
150.287938
191.684626
181.785418
116.990602
32.397370
10.799098
81.893410
166.486642
185.385130
132.289378
59.395210
8.099314
6.299458
35.997082
48.596074
47.696146
58.495282
59.395210
30.597514
-3.599749
-17.098669
-14.398885
5.399530
22.498162
0.899891
-44.096509
-53.095789
-18.898525
-0.000037
-12.599029
-34.197301
-62.095069
-67.494637
-49.496077
-47.696221
-72.894205
-91.792693
-89.992837
-81.893485
-76.493917
-69.294493
-71.094349
-95.392405
-128.689741
-146.688301
-137.689021
-97.192261
-55.795573
-52.195861
-82.793413
-107.991397
-108.891325
-93.592549
-73.794133
-55.795573
-35.997157
-18.898525
-9.899245
-10.799173
-14.398885
-4.499677
20.698306
49.496002
70.194346
81.893410
99.891970
108.891250
100.791898
100.791898
125.089954
166.486642
196.184266
169.186426
82.793338
8.099314
48.596074
169.186426
224.981962
164.686786
63.894850
-8.099389
-10.799173
40.496722
65.694706
40.496722
32.397370
60.295138
56.695426
13.498882
-11.699101
-15.298813
-13.498957
12.598954
19.798378
-36.897085
-78.293773
-34.197301
12.598954
-2.699821
-33.297373
-62.994997
-84.593269
-57.595429
-17.098669
-38.696941
-86.393125
-90.892765
-93.592549
-131.389525
-128.689741
-62.994997
-23.398165
-49.496077
-115.190821
-184.485277
-199.784053
-134.989237
-59.395285
-59.395285
-94.492477
-99.892045
-87.293053
-83.693341
-78.293773
-69.294493
-64.794853
-48.596149
-11.699101
2.699747
-8.999317
8.099314
46.796218
68.394490
63.894850
59.395210
88.192906
129.589594
156.587434
170.986282
175.485922
187.184986
190.784698
140.388730
44.996362
12.598954
121.490242
242.980522
237.580954
143.088514
33.297298
-46.796293
-29.697661
51.295858
81.893410
41.396650
27.897730
53.095714
44.096434
28.797658
25.197946
-17.998597
-45.896365
2.699747
17.998522
-57.595429
-78.293773
-8.999317
14.398810
-14.398885
-26.097949
-68.394565
-115.190821
-62.095069
-0.899965
-53.095789
-107.091469
-68.394565
-41.396725
-66.594709
-87.293053
-144.888445
-215.082829
-141.288733
3.599674
-15.298813
-143.988517
-188.084989
-163.786933
-143.088589
-104.391685
-87.293053
-116.990677
-83.693341
8.999242
0.899891
-97.192261
-129.589669
-86.393125
-33.297373
34.197226
71.994202
34.197226
12.598954
57.595354
85.493122
77.393770
87.292978
125.089954
180.885490
250.179946
282.577354
234.881170
134.989162
26.097874
-17.998597
80.093554
238.480882
287.076994
211.483042
101.691826
-8.099389
-62.095069
-11.699101
35.997082
16.198666
24.298018
78.293698
77.393770
38.696866
37.796938
11.699026
-36.897085
-8.999317
12.598954
-77.393845
-113.390965
-14.398885
37.796938
-3.599749
-19.798453
-35.097229
-93.592549
-89.992837
-28.797733
-55.795573
-109.791253
-77.393845
-44.996437
-65.694781
-49.496077
-23.398165
-89.092909
-163.786933
-184.485277
-224.982037
-225.881965
-69.294493
89.092834
49.496002
-120.590389
-278.077789
-332.973397
-218.682541
-15.298813
81.893410
43.196506
-5.399605
-51.295933
-118.790533
-133.189381
-79.193701
-17.098669
70.194346
163.786858
150.287938
62.094994
40.496722
81.893410
108.891250
154.787578
231.281458
274.478002
296.976202
278.977642
102.591754
-114.290893
-83.693341
173.686066
357.271378
333.873250
187.184986
-17.098669
-136.789093
-61.195141
51.295858
26.997802
-12.599029
59.395210
116.990602
89.092834
66.594634
19.798378
-73.794133
-67.494637
20.698306
-14.398885
-127.789813
-97.192261
25.197946
56.695426
26.997802
-10.799173
-102.591829
-155.687581
-68.394565
-3.599749
-81.893485
-127.789813
-60.295213
-26.997877
-50.396005
-54.895645
-98.992117
-187.185061
-173.686141
-86.393125
-104.391685
-186.285133
-169.186501
-99.892045
-70.194421
-57.595429
-84.593269
-178.185781
-219.582469
-126.889885
-27.897805
-18.898525
-19.798453
-2.699821
-20.698381
-40.496797
-25.198021
-13.498957
9.899170
82.793338
152.087794
161.087074
135.889090
117.890530
124.190026
176.385850
267.278578
325.773898
281.677426
116.090674
-78.293773
-89.992837
130.489522
340.172746
344.672386
207.883330
35.097154
-97.192261
-84.593269
16.198666
20.698306
-16.198741
57.595354
136.789018
87.292978
37.796938
35.097154
-28.797733
-75.593989
-8.999317
-16.198741
-148.488157
-134.989237
36.897010
70.194346
0.899891
-4.499677
-46.796293
-134.989237
-85.493197
11.699026
-73.794133
-174.586069
-92.692621
-15.298813
-57.595429
-57.595429
-48.596149
-141.288733
-160.187221
-53.095789
-89.092909
-278.977717
-305.075629
-134.089309
-1.799893
38.696866
-10.799173
-188.984917
-331.173541
-236.681101
-48.596149
7.199386
-1.799893
17.998522
11.699026
-29.697661
-40.496797
-33.297373
-17.998597
68.394490
184.485202
202.483762
125.989882
73.794058
108.891250
197.084194
287.976922
341.072674
306.875410
143.988442
-64.794853
-93.592549
123.290098
329.373610
344.672386
243.880450
93.592474
-66.594709
-105.291613
-21.598309
-2.699821
-41.396725
40.496722
134.089234
74.693986
31.497442
99.891970
71.094274
-76.493917
-116.990677
-104.391685
-162.887005
-91.792693
109.791178
107.991322
-48.596149
-60.295213
-21.598309
-90.892765
-84.593269
8.099314
-78.293773
-226.781893
-123.290173
37.796938
-16.198741
-79.193701
-39.596869
-110.691181
-206.983477
-116.990677
-68.394565
-240.280813
-291.576709
-94.492477
4.499602
-66.594709
-97.192261
-153.887725
-284.377285
-229.481677
-6.299533
37.796938
-58.495357
-36.897085
12.598954
-58.495357
-82.793413
8.999242
38.696866
29.697586
131.389450
206.083474
118.790458
60.295138
148.488082
228.581674
261.879010
346.472242
380.669506
176.385850
-107.091469
-125.989957
118.790458
324.873970
363.570874
294.276418
112.490962
-95.392405
-117.890605
4.499602
9.899170
-59.395285
27.897730
146.688226
89.992762
35.997082
90.892690
32.397370
-97.192261
-35.997157
24.298018
-154.787653
-231.281533
-12.599029
95.392330
-18.898525
-6.299533
56.695426
-81.893485
-162.887005
-25.198021
-31.497517
-212.383045
-162.887005
17.998522
-17.998597
-92.692621
-35.097229
-95.392405
-227.681821
-116.990677
29.697586
-121.490317
-303.275773
-225.881965
-113.390965
-103.491757
-44.096509
-6.299533
-143.988517
-233.981317
-114.290893
-33.297373
-90.892765
-76.493917
7.199386
1.799819
-27.897805
21.598234
47.696146
20.698306
71.094274
172.786138
164.686786
99.891970
140.388730
248.380090
303.275698
338.372890
330.273538
122.390170
-161.987077
-147.588229
168.286498
387.868930
360.871090
271.778218
120.590314
-112.491037
-153.887725
15.298738
30.597514
-80.093629
20.698306
184.485202
108.891250
12.598954
77.393770
38.696866
-94.492477
-23.398165
49.496002
-156.587509
-258.279373
-8.099389
129.589594
-4.499677
-11.699101
63.894850
-68.394565
-152.087869
-5.399605
-12.599029
-229.481677
-209.683261
-5.399605
-23.398165
-111.591109
-5.399605
8.099314
-194.384485
-240.280813
-139.488877
-214.182901
-271.778293
-56.695501
78.293698
-110.691181
-274.478077
-229.481677
-197.984197
-162.887005
10.799098
90.892690
-63.894925
-157.487437
-56.695501
-15.298813
-80.993557
-25.198021
117.890530
145.788298
130.489522
172.786138
151.187866
80.993482
165.586714
322.174186
356.371450
336.573034
294.276418
67.494562
-227.681821
-179.985637
183.585274
408.567274
407.667346
396.868210
253.779658
-87.293053
-255.579589
-150.288013
-71.094349
-44.096509
77.393770
125.089954
5.399530
11.699026
191.684626
190.784698
13.498882
-38.696941
-107.091469
-287.077069
-206.983477
84.593194
98.092114
-44.996437
60.295138
152.987722
-27.897805
-140.388805
-82.793413
-171.886285
-328.473757
-211.483117
-46.796293
-152.087869
-237.581029
-121.490317
-91.792693
-157.487437
-100.791973
-77.393845
-269.978437
-398.668141
-265.478797
-134.989237
-139.488877
-53.995717
104.391610
81.893410
-1.799893
17.098594
-111.591109
-357.271453
-242.080669
175.485922
355.471522
221.382250
116.990602
182.685346
311.375050
447.264178
522.858130
428.365690
403.167706
747.840130
970.122345
404.967562
-618.250573
-1168.106580
-946.724292
-451.763893
-119.690461
90.892690
250.179946
293.376490
364.470802
392.368570
-44.996437
-626.349925
-486.861085
277.177786
741.540634
588.552874
352.771738
359.071234
431.065474
449.064034
197.084194
-653.347765
-1304.895636
-716.342725
140.388730
-20.698381
-503.059789
-323.974117
225.881890
471.562234
222.282178
-261.879085
-606.551509
-644.348485
-352.771813
123.290098
347.372170
229.481602
126.889810
78.293698
-28.797733
-38.696941
-61.195141
-377.969797
-639.848845
-441.864685
-125.090029
-73.794133
-112.491037
-55.795573
-8.999317
20.698306
112.490962
87.292978
-203.383765
-374.370085
-101.691901
269.078434
425.665906
488.660866
526.457842
568.754458
706.443442
823.434082
759.539194
617.350570
730.741498
1160.907081
962.022993
-616.450717
-2249.820035
-2369.510459
-1577.573820
-956.623500
-289.776853
563.354890
1044.816369
1097.012193
1089.812769
723.542074
-305.075629
-944.024508
-224.982037
859.431202
1118.610465
869.330410
568.754458
198.884050
-60.295213
-379.769653
-1108.711332
-1791.756684
-1797.156252
-1111.411116
-143.988517
541.756618
731.641426
746.040274
731.641426
479.661586
-31.497517
-533.657341
-733.441357
-517.458637
-87.293053
203.383690
152.987722
53.095714
283.477282
456.263458
26.097874
-622.750213
-879.229693
-791.036749
-550.755973
-236.681101
-3.599749
137.688946
346.472242
517.458562
323.074114
-161.987077
-419.366485
-284.377285
-25.198021
256.479442
504.859570
547.156186
533.657266
738.840850
934.125225
809.935162
564.254818
473.362090
586.753018
1061.015073
1297.696137
-108.891325
-2473.002179
-3148.848106
-1961.843075
-1029.517668
-586.753093
365.370730
1384.989153
1746.760209
1688.264889
1178.005713
-111.591109
-1160.907156
-644.348485
566.954602
988.120905
887.328970
647.048194
40.496722
-360.871165
-462.563029
-1215.802764
-2160.727163
-2036.537099
-1146.508308
-211.483117
745.140346
1367.890521
1290.496713
964.722777
736.141066
217.782538
-624.550069
-1013.318964
-668.646541
-296.976277
-236.681101
-102.591829
167.386570
351.871810
383.369290
100.791898
-521.058349
-941.324724
-777.537829
-418.466557
-235.781173
-18.898525
380.669506
668.646466
576.853810
187.184986
-242.080669
-496.760293
-450.863965
-87.293053
333.873250
525.557914
584.053234
705.543514
827.933722
853.131706
733.441282
538.156906
470.662306
578.653666
1007.019393
1258.999233
-260.079229
-2884.269274
-3444.024490
-1933.945307
-1090.712772
-619.150501
894.528394
2112.130976
1998.740048
1641.468633
1240.100745
-139.488877
-1482.181452
-875.629981
629.949562
878.329690
597.552154
740.640706
196.184266
-766.738693
-969.222492
-1310.295204
-2104.031699
-1936.645091
-830.633581
197.084194
1039.416801
1626.169857
1625.269929
1102.411761
409.467202
-191.684701
-740.640781
-1067.314644
-822.534229
-302.375845
118.790458
193.484482
-338.372965
-547.156261
219.582394
435.565114
-389.668861
-652.447837
-296.976277
-230.381605
-185.385205
9.899170
168.286498
344.672386
440.964682
349.172026
25.197946
-421.166341
-498.560149
-207.883405
24.298018
370.770298
759.539194
808.135306
863.030914
1024.118025
814.434802
500.359930
479.661586
578.653666
1064.614785
1273.398081
-639.848845
-3359.431258
-3470.122402
-1702.663812
-964.722852
-596.652301
973.722057
2511.699008
2561.195048
1723.362081
782.937322
-550.755973
-1550.575980
-707.343445
754.139626
737.940922
346.472242
592.152586
189.884770
-663.246973
-1038.516948
-1693.664532
-2283.117371
-1550.575980
-246.580309
583.153306
1129.409601
1494.780369
1625.269929
1321.094265
336.573034
-674.046109
-1127.609820
-1177.105860
-724.442077
-53.995717
222.282178
140.388730
-348.272173
-764.038909
-121.490317
546.256258
-31.497517
-615.550789
-341.972677
26.997802
152.087794
21.598234
-150.288013
89.992762
413.966842
402.267778
157.487362
-311.375125
-619.150501
-350.072029
58.495282
412.166986
754.139626
770.338330
817.134586
1145.608305
962.922921
405.867490
336.573034
620.050354
1223.002113
1376.889801
-817.134661
-3778.797705
-3732.901377
-1691.864676
-897.228253
-480.561589
1235.601105
2851.871791
2831.173447
1821.454233
737.040994
-716.342725
-1915.046819
-1087.113060
752.339770
1033.117305
455.363530
418.466482
23.398090
-709.143301
-1022.318244
-1616.270724
-2236.321115
-1611.771084
-252.879805
803.635666
1483.981233
1726.961793
1514.578785
1013.318889
305.975482
-454.463677
-1203.203772
-1589.272884
-1048.416156
-85.493197
469.762378
442.764538
-267.278653
-873.830125
-332.073469
343.772458
9.899170
-354.571669
-107.991397
162.886930
188.984842
27.897730
-166.486717
-154.787653
73.794058
370.770298
407.667346
-53.095789
-507.559429
-458.063389
-121.490317
305.075554
665.946682
779.337610
960.223137
1244.600385
1013.318889
496.760218
418.466482
677.645746
1198.704057
1150.107945
-1100.611980
-3881.389497
-3705.903537
-1723.362156
-954.823644
-374.370085
1537.976913
3147.048175
2906.767399
1760.259129
708.243298
-803.635741
-2093.232563
-1165.406796
764.938762
989.020833
391.468642
386.069074
10.799098
-699.244093
-1041.216732
-1645.068420
-2184.125291
-1519.978428
-170.986357
888.228898
1573.974033
1825.953872
1563.174897
980.921481
290.676706
-481.461517
-1369.690452
-1846.652291
-1297.696212
-334.773253
180.885490
387.868930
414.866770
210.583114
139.488802
87.292978
-340.172821
-703.743733
-551.655901
-204.283693
40.496722
215.082754
297.876130
264.578794
215.982682
135.889090
-98.992117
-386.069149
-432.865405
-165.586789
209.683186
518.358490
710.043154
800.935882
935.925081
1088.912841
838.732858
378.869650
377.969722
830.633506
1383.189297
929.625585
-1670.266404
-4188.264945
-3511.519090
-1464.182892
-837.833005
-106.191541
1961.843000
3327.033775
2827.573735
1701.763809
502.159786
-1271.598300
-2275.018019
-856.731493
958.423281
825.233938
247.480162
386.069074
35.097154
-674.046109
-1073.614140
-1762.059060
-2240.820755
-1411.087140
24.298018
1059.215217
1670.266329
1884.449192
1637.868921
1034.017233
241.180666
-707.343445
-1708.963308
-2038.336955
-1264.398876
-239.380885
343.772458
483.261298
171.886210
52.195786
497.660146
383.369290
-502.159861
-827.933797
-439.164901
-164.686861
-74.694061
68.394490
221.382250
268.178506
260.079154
300.575914
53.095714
-510.259213
-617.350645
-134.989237
320.374330
627.249778
791.936602
815.334730
1050.215937
1209.503193
751.439842
368.070514
586.753018
1068.214497
1395.788289
106.191466
-3048.956098
-4562.634992
-2860.871146
-1168.106580
-628.149781
860.331130
2962.562935
3506.119447
2475.701888
1250.899881
-171.886285
-1947.444227
-2152.627811
-132.289453
1133.009313
516.558634
222.282178
346.472242
-252.879805
-799.136101
-1169.906436
-2002.339835
-2166.126731
-964.722852
423.866050
1348.992033
1927.645736
2013.138896
1551.475833
762.238978
-177.285853
-1263.498948
-2185.925147
-2035.637171
-754.139701
347.372170
582.253378
262.778938
-159.287293
20.698306
587.652946
282.577354
-576.853885
-642.548629
-202.483837
-83.693341
-128.689741
-93.592549
28.797658
280.777498
535.457122
492.260578
-34.197301
-693.844525
-746.040349
-157.487437
422.066194
750.539914
876.529834
937.724937
1151.907801
1139.308809
642.548554
372.570154
611.951002
1146.508233
1390.388721
-443.664541
-3792.296625
-4577.033840
-2393.808515
-990.820764
-422.966197
1490.280729
3461.123047
3424.225999
2163.426872
989.920761
-565.154821
-2256.119531
-1884.449267
242.080594
985.421121
352.771738
308.675266
162.886930
-530.957557
-772.138261
-1187.005068
-2095.932347
-1924.046099
-580.453597
606.551434
1460.583105
2084.233208
2049.136016
1371.490233
507.559354
-422.066269
-1578.473748
-2391.108731
-1918.646531
-650.647981
210.583114
619.150426
704.643586
421.166266
377.969722
444.564394
-176.385925
-887.329045
-823.434157
-451.763893
-249.280093
-42.296653
240.280738
440.064754
470.662306
371.670226
104.391610
-376.169941
-680.345605
-429.265693
95.392330
526.457842
809.935162
915.226737
957.523353
1063.714857
925.125945
534.557194
428.365690
717.242578
1305.795489
1293.196497
-1012.419036
-4170.266385
-4304.355657
-2052.735803
-911.627100
-214.182901
1853.851640
3575.413903
3243.340471
1998.740048
841.432642
-849.532069
-2342.512619
-1577.573820
395.068354
768.538474
227.681746
326.673826
125.089954
-504.859645
-726.241933
-1286.897076
-2140.028819
-1779.157692
-448.164181
688.444882
1605.471513
2213.822840
2061.735008
1301.295849
390.568714
-650.647981
-1870.050419
-2468.502539
-1732.361436
-522.858205
241.180666
736.141066
737.940922
265.478722
289.776778
485.961082
-123.290173
-801.835885
-738.840925
-449.064109
-291.576709
-89.992837
192.584554
400.467922
431.065474
372.570154
169.186426
-314.074909
-649.748053
-442.764613
18.898450
493.160506
870.230338
936.825009
930.525513
1093.412481
992.620545
635.349130
538.156906
765.838690
1285.997073
988.120905
-1662.167052
-4480.741545
-3974.982009
-1759.359276
-808.135381
173.686066
2352.411752
3688.804830
3050.755879
1799.855961
574.154026
-1214.902836
-2425.305995
-1329.193692
460.763098
643.448482
310.475122
413.066914
0.899891
-529.157701
-690.244813
-1420.986348
-2166.126731
-1572.174252
-286.177141
808.135306
1787.256969
2281.317440
1912.346960
1100.611905
215.082754
-872.030269
-2025.737963
-2388.408947
-1579.373676
-618.250573
-82.793413
637.148986
1272.498153
1069.114425
533.657266
164.686786
-353.671741
-919.726452
-1115.010828
-926.025948
-448.164181
164.686786
642.548554
843.232498
680.345530
177.285778
-339.272893
-604.751653
-556.155541
-214.182901
213.282898
593.052514
918.826449
1033.117305
1001.619825
995.320329
791.036674
495.860290
529.157626
958.423281
1432.685337
475.161946
-2623.290155
-4733.621312
-3333.333346
-1223.002188
-569.654461
634.449202
2798.776039
3634.809151
2748.380071
1536.177057
99.891970
-1733.261364
-2263.318955
-697.444237
619.150426
445.464322
263.678866
264.578794
-221.382325
-468.862525
-655.147621
-1618.070580
-2159.827235
-1259.899236
35.097154
1050.215937
1933.945232
2263.318880
1749.459993
879.229618
-55.795573
-1199.604060
-2237.221043
-2441.504699
-1732.361436
-643.448557
522.858130
1433.585265
1576.673817
1079.913561
485.061154
-172.786213
-927.825804
-1377.789804
-1315.694772
-882.829405
-131.389525
691.144666
1040.316729
788.336890
296.076274
-176.385925
-480.561589
-517.458637
-362.671021
-48.596149
404.967562
787.436962
929.625585
917.026593
927.825729
926.025873
755.039554
567.854530
640.748698
1098.812049
1208.603265
-552.555829
-3462.023050
-4238.660913
-2461.303115
-1063.714932
-354.571669
1370.590305
3174.046015
3287.436943
2309.215208
1214.002833
-402.267853
-2005.039619
-1796.256324
-218.682541
465.262738
266.378650
314.074834
149.388010
-295.176421
-442.764613
-942.224652
-1853.851715
-1845.752363
-826.133941
289.776778
1344.492393
2132.829320
2096.832200
1396.688217
566.054674
-413.066989
-1600.971948
-2445.104411
-2353.311755
-1440.784764
-151.187941
1092.512553
1709.863161
1507.379361
881.029474
137.688946
-615.550789
-1184.305284
-1424.586060
-1261.699092
-607.451437
314.974762
956.623425
977.321769
556.155466
65.694706
-265.478797
-380.669581
-377.969797
-295.176421
-10.799173
457.163386
802.735738
905.327530
944.924361
980.921481
888.228898
714.542794
627.249778
747.840130
1188.804849
908.927242
-1458.783324
-4082.073441
-3840.892737
-1861.951067
-855.831565
34.197226
2019.438392
3423.326071
3024.657967
1953.743648
793.736458
-951.223932
-2167.026659
-1332.793404
159.287218
422.066194
239.380810
283.477282
-46.796293
-369.870445
-500.360005
-1228.401756
-1959.143291
-1527.177852
-411.267133
665.946682
1673.866041
2181.425432
1822.354160
1045.716297
230.381530
-807.235453
-1987.940987
-2623.290155
-2205.723563
-958.423356
474.262018
1470.482313
1714.362801
1357.091385
728.941642
-41.396725
-890.928757
-1496.580300
-1555.975548
-1109.611260
-284.377285
630.849490
1068.214497
857.631346
421.166266
8.099314
-296.976277
-391.468717
-382.469437
-238.480957
160.187146
587.652946
802.735738
877.429762
937.724937
1003.419681
926.925801
717.242578
665.046754
1010.619105
1252.699737
-117.890605
-2988.660922
-4296.256305
-2807.775394
-1207.703412
-529.157701
959.323209
2881.569415
3282.937303
2414.506784
1428.185697
-1.799893
-1693.664532
-1888.948907
-496.760293
389.668786
307.775338
288.876850
150.287938
-266.378725
-409.467277
-776.637901
-1650.467988
-1860.151211
-1026.817884
85.493122
1207.703337
2060.835080
2067.134576
1416.486633
659.647186
-220.482397
-1427.285844
-2561.195123
-2656.587491
-1465.082820
23.398090
1092.512553
1731.461433
1705.363521
970.122345
108.891250
-592.152661
-1255.399596
-1655.867556
-1438.984908
-625.449997
365.370730
964.722777
968.322489
606.551434
157.487362
-163.786933
-302.375845
-385.169221
-354.571669
-53.095789
377.969722
719.042434
888.228898
891.828610
890.928682
910.727098
799.136026
653.347690
737.040994
1169.006433
1013.318889
-1129.409676
-3803.095761
-3842.692593
-1975.341995
-994.420476
-208.783333
1735.961073
3206.443423
2951.763799
2060.835080
1024.118025
-654.247693
-1924.046099
-1356.191532
-72.894205
272.678146
195.284338
231.281458
-52.195861
-305.075629
-414.866845
-1106.011548
-1825.953947
-1508.279364
-540.856765
504.859570
1567.674537
2093.232488
1751.259849
1071.814209
338.372890
-647.948197
-1856.551499
-2679.085691
-2294.816435
-871.130341
498.560074
1323.794049
1708.063305
1504.679577
778.437682
-60.295213
-863.030989
-1504.679652
-1661.267124
-1207.703412
-310.475197
594.852370
1012.418961
892.728538
516.558634
92.692546
-205.183621
-360.871165
-449.964037
-305.975557
116.990602
517.458562
748.740058
861.231058
902.627746
955.723497
917.026593
738.840850
641.648626
823.434082
1142.908521
414.866770
-2095.032419
-4045.176393
-3197.444218
-1495.680372
-774.838045
429.265618
2383.909232
3172.246159
2575.593896
1747.660137
538.156906
-1178.905716
-1860.151211
-872.930197
103.491682
197.084194
215.982682
152.087794
-215.082829
-321.274333
-541.756693
-1380.489588
-1778.257764
-1143.808524
-184.485277
860.331130
1814.254809
1992.440552
1455.183537
808.135306
59.395210
-1066.414716
-2280.417587
-2664.686843
-1741.360716
-302.375845
792.836530
1528.077705
1764.758769
1260.799089
412.166986
-391.468717
-1131.209532
-1605.471588
-1520.878356
-866.630701
17.098594
690.244738
949.424001
792.836530
377.069794
-0.899965
-224.082109
-377.969797
-402.267853
-196.184341
157.487362
522.858130
780.237538
867.530554
923.326089
988.120905
890.928682
733.441282
684.845170
886.429042
1124.010033
12.598954
-2697.984179
-4136.969049
-2860.871146
-1313.894916
-511.159141
981.821409
2698.884032
3077.753719
2439.704768
1568.574465
140.388730
-1489.380876
-1754.859636
-636.249133
134.989162
203.383690
268.178506
73.794058
-288.876925
-314.974837
-681.245533
-1556.875476
-1719.762444
-935.925156
75.593914
1151.907801
1941.144656
1887.148976
1294.996353
631.749418
-216.882685
-1298.596140
-2288.516939
-2556.695483
-1637.868996
-106.191541
1030.417521
1565.874681
1652.267769
1210.403121
350.071954
-574.154101
-1279.697652
-1599.172092
-1444.384476
-789.236893
137.688946
843.232498
1008.819249
718.142506
272.678146
-56.695501
-242.080669
-396.868285
-409.467277
-137.689021
255.579514
593.952442
822.534154
888.228898
885.529114
873.830050
784.737178
732.541354
790.136746
1009.719177
1097.012193
-281.677501
-3039.956818
-4176.565881
-2678.185763
-1175.306004
-373.470157
1214.902761
2894.168407
3115.550695
2350.611896
1360.691097
-150.288013
-1658.567340
-1701.763884
-533.657341
140.388730
172.786138
264.578794
112.490962
-195.284413
-268.178581
-769.438477
-1669.366476
-1697.264244
-796.436317
239.380810
1282.397361
1978.041704
1824.154016
1212.202977
561.555034
-338.372965
-1485.781164
-2419.006499
-2526.997859
-1500.180012
50.395930
1169.906361
1637.868921
1642.368561
1178.905641
338.372890
-598.452157
-1366.990668
-1718.862516
-1479.481668
-683.045389
287.976922
905.327530
958.423281
649.747978
254.679586
-76.493917
-314.974837
-476.961877
-425.665981
-82.793413
335.673106
661.447042
843.232498
845.932282
818.934442
859.431202
839.632786
757.739338
660.547114
795.536314
1091.612625
42.296578
-2662.886987
-4043.376537
-2743.880506
-1278.797724
-509.359285
1016.918601
2710.583096
3017.458543
2350.611896
1519.078425
134.089234
-1481.281524
-1749.460068
-683.045389
25.197946
144.888370
306.875410
110.691106
-254.679661
-245.680381
-670.446397
-1581.173532
-1647.768204
-818.934517
126.889810
1136.609025
1878.149696
1807.055385
1226.601825
573.254098
-257.379445
-1318.394556
-2265.118811
-2514.398867
-1694.564460
-198.884125
1118.610465
1726.061865
1649.567985
1169.906361
465.262738
-400.467997
-1248.200172
-1748.560140
-1596.472308
-797.336245
182.685346
828.833650
959.323209
697.444162
295.176346
-30.597589
-260.979157
-442.764613
-441.864685
-166.486717
260.979082
672.246178
887.328970
827.933722
753.239698
836.933002
863.030914
767.638546
647.948122
719.942362
1066.414641
412.166986
-2099.532059
-4010.979129
-3183.945298
-1523.578140
-595.752373
744.240418
2457.703328
3036.357031
2512.598936
1711.663017
426.565834
-1228.401756
-1824.154091
-942.224652
-86.393125
130.489522
292.476562
166.486642
-206.983477
-219.582469
-522.858205
-1439.884836
-1689.164892
-953.923716
-34.197301
950.323929
1772.858121
1842.152576
1330.993473
680.345530
-157.487437
-1181.605500
-1978.041779
-2221.022339
-1877.249843
-794.636461
746.040274
1646.868201
1599.172017
1333.693257
833.333290
-145.788373
-1049.316084
-1593.772524
-1712.563020
-1106.911476
-103.491757
663.246898
987.220977
833.333290
437.364970
61.195066
-311.375125
-513.858925
-445.464397
-244.780453
137.688946
586.753018
794.636386
826.133866
788.336890
706.443442
739.740778
825.233938
760.439122
666.846610
931.425441
1061.015073
-519.258493
-3276.637882
-4009.179273
-2329.013699
-1005.219612
-154.787653
1591.972593
3021.058255
2880.669487
2104.931552
1185.205137
-366.270733
-1743.160572
-1600.971948
-548.956117
26.097874
229.481602
354.571594
91.792618
-159.287293
-304.175701
-1024.118100
-1717.062660
-1376.889876
-512.958997
365.370730
1357.091385
1951.043864
1716.162657
1026.817809
242.980522
-692.944597
-1657.667412
-2162.527019
-2066.234723
-1445.284404
-94.492477
1367.890521
1806.155457
1508.279289
1105.111545
287.976922
-702.843805
-1330.993548
-1651.367916
-1418.286564
-542.656621
314.074834
802.735738
911.627026
628.149706
195.284338
-222.282253
-477.861805
-400.467997
-227.681821
-28.797733
374.370010
695.644306
767.638546
768.538474
674.046034
609.251218
718.142506
807.235378
763.138906
807.235378
1141.108665
781.137466
-1539.776844
-3977.681793
-3629.409658
-1778.257764
-768.538549
427.465762
2338.012904
3186.645007
2659.287200
1837.652936
650.647906
-1035.817164
-1930.345595
-1279.697652
-304.175701
93.592474
380.669506
442.764538
37.796938
-197.984197
-518.358565
-1371.490308
-1697.264244
-1079.013708
-269.978437
687.544954
1680.165537
1968.142496
1490.280729
730.741498
-122.390245
-1088.912916
-1896.148331
-2035.637171
-1659.467268
-1048.416156
194.384410
1518.178497
1751.259849
1326.493833
851.331850
0.899891
-890.928757
-1388.588940
-1592.872596
-1188.804924
-273.578149
453.563674
863.930842
927.825729
521.958202
-34.197301
-425.665981
-485.061229
-272.678221
-140.388805
34.197226
436.465042
686.645026
738.840850
749.639986
616.450642
604.751578
850.431922
930.525513
728.941642
727.141786
1123.110105
579.553594
-1989.740843
-4162.167033
-3380.129602
-1527.177852
-542.656621
830.633506
2651.187848
3150.647887
2419.006424
1570.374321
375.269938
-1264.398876
-1978.041779
-1178.005788
-197.984197
267.278578
589.452802
432.865330
-130.489597
-343.772533
-687.545029
-1456.983468
-1577.573820
-902.627821
-107.091469
880.129546
1815.154737
1946.544224
1298.596065
448.164106
-366.270733
-1223.002188
-1878.149771
-1968.142571
-1627.069860
-740.640781
786.537034
1760.259129
1535.277129
1056.515433
537.256978
-328.473757
-983.621340
-1287.797004
-1436.285124
-989.020908
-57.595429
626.349850
835.133146
632.649346
210.583114
-140.388805
-317.674621
-283.477357
-184.485277
-163.786933
70.194346
494.060434
694.744378
693.844450
607.451362
485.061154
597.552154
844.132426
886.429042
746.040274
721.742218
1113.210897
909.827170
-1406.587500
-4001.079921
-3782.397417
-1884.449267
-620.050429
716.342650
2434.305200
3058.855231
2499.999944
1720.662297
599.352010
-1043.016588
-2058.135371
-1507.379436
-320.374405
425.665906
765.838690
522.858130
-162.887005
-428.365765
-621.850285
-1324.694052
-1613.570940
-1078.113780
-291.576709
773.938042
1834.053224
1999.639976
1308.495273
452.663746
-322.174261
-1092.512628
-1722.462228
-1870.950347
-1544.276484
-825.234013
411.267058
1497.480153
1555.075545
1040.316729
584.953162
-55.795573
-786.537109
-1223.902116
-1357.991388
-1019.618460
-227.681821
449.963962
722.642146
656.947402
319.474402
-70.194421
-267.278653
-269.078509
-224.082109
-171.886285
73.794058
475.161946
660.547114
617.350570
567.854530
552.555754
624.549994
758.639266
864.830770
854.031634
730.741498
982.721337
1057.415361
-906.227533
-3825.593961
-4118.070561
-2078.833715
-557.955397
573.254098
2201.223848
3067.854511
2527.897712
1653.167697
705.543514
-891.828685
-2152.627811
-1623.470148
-206.983477
597.552154
884.629186
659.647186
-107.091469
-536.357125
-745.140421
-1421.886276
-1782.757404
-1232.901396
-312.275053
809.935162
1861.051064
2079.733568
1407.487353
457.163386
-340.172821
-1028.617740
-1662.167052
-1828.653731
-1474.082100
-869.330485
259.179226
1430.885481
1510.079145
939.524793
537.256978
-14.398885
-665.946757
-1038.516948
-1200.503988
-949.424076
-243.880525
364.470802
601.151866
503.059714
198.884050
-62.095069
-244.780453
-302.375845
-197.084269
-100.791973
105.291538
470.662306
611.951002
565.154746
575.053954
527.357770
536.357050
709.143226
800.935882
791.936602
721.742218
862.130986
1207.703337
87.292978
-2878.869706
-4386.249105
-2841.972658
-843.232573
320.374330
1669.366401
2793.376471
2652.087776
1770.158337
855.831490
-432.865405
-1816.954667
-1840.352795
-474.262093
649.747978
1028.617665
897.228178
80.093554
-701.943877
-920.626380
-1343.592540
-1796.256324
-1396.688292
-444.564469
638.948842
1717.062585
2146.328240
1629.769569
635.349130
-281.677501
-953.023788
-1512.779004
-1705.363596
-1333.693332
-876.529909
-217.782613
921.526233
1510.979073
1077.213777
538.156906
69.294418
-543.556549
-879.229693
-919.726452
-859.431277
-476.961877
117.890530
502.159786
515.658706
246.580234
-83.693341
-325.773973
-384.269293
-183.585349
36.897010
149.388010
372.570154
588.552874
608.351290
586.753018
492.260578
335.673106
422.066194
655.147546
808.135306
881.929402
886.429042
1119.510393
986.321049
-1110.511188
-3929.085681
-4069.474449
-1898.848115
-199.784053
994.420401
2408.207288
2898.668047
2068.934432
1087.112985
188.984842
-1121.310324
-1939.344875
-1141.108740
344.672386
1129.409601
1181.605425
540.856690
-582.253453
-1193.304564
-1330.093620
-1672.066260
-1627.969788
-763.138981
310.475122
1352.591745
2146.328240
2024.837960
1022.318169
-114.290893
-888.228973
-1326.493908
-1562.275044
-1360.691172
-677.645821
-96.292333
255.579514
687.544954
890.028754
617.350570
234.881170
-115.190821
-457.163461
-608.351365
-586.753093
-503.059789
-263.678941
72.894130
254.679586
195.284338
10.799098
-160.187221
-280.777573
-272.678221
-39.596869
246.580234
381.569434
465.262738
517.458562
450.863890
366.270658
289.776778
222.282178
364.470802
683.945242
953.923641
1036.717017
969.222417
1164.506793
998.020113
-1216.702692
-4150.467969
-4180.165593
-1708.963308
134.989162
1205.903481
2410.907072
2736.681007
1805.255529
856.731418
82.793338
-1178.905716
-1927.645811
-924.226092
691.144666
1379.589585
1179.805569
262.778938
-966.522708
-1467.782604
-1447.984188
-1651.367916
-1449.784044
-457.163461
656.047474
1627.969713
2224.621976
1818.754449
596.652226
-530.057629
-1085.313204
-1283.297364
-1355.291604
-1052.015868
-432.865405
-39.596869
298.776058
794.636386
767.638546
224.981962
-40.496797
-92.692621
-233.981317
-321.274333
-408.567349
-463.462957
-293.376565
-13.498957
154.787578
35.997082
-273.578149
-362.671021
-185.385205
33.297298
284.377210
421.166266
398.668066
466.162666
456.263458
209.683186
50.395930
32.397370
116.990602
479.661586
885.529114
1101.511833
1188.804849
1037.616945
1017.818529
1110.511113
-502.159861
-3654.607641
-4583.333336
-2300.216003
-15.298813
1040.316729
2032.037384
2614.290800
1933.045304
881.929402
237.580954
-741.540709
-1763.858916
-1153.707732
584.953162
1438.084905
1216.702617
342.872530
-982.721412
-1654.067700
-1507.379436
-1512.779004
-1322.894196
-386.969077
690.244738
1526.277849
1981.641416
1623.470073
529.157626
-568.754533
-1064.614860
-1061.915076
-1016.918676
-825.234013
-278.977717
114.290818
46.796218
-5.399605
163.786858
239.380810
237.580954
330.273538
293.376490
-1.799893
-325.773973
-551.655901
-683.045389
-586.753093
-237.581029
63.894850
109.791178
38.696866
13.498882
67.494562
215.982682
312.274978
236.681026
200.683906
274.478002
224.082034
99.891970
105.291538
188.984842
377.069794
739.740778
1034.917161
1121.310249
980.021553
746.040274
1008.819249
968.322489
-1368.790524
-4379.049681
-4093.772505
-1258.999308
638.948842
1498.380081
2307.415352
2276.817800
1324.693977
594.852370
-3.599749
-1164.506868
-1729.661652
-499.460077
1099.711977
1510.979073
988.120905
-247.480237
-1582.973388
-1800.755964
-1380.489588
-1231.101540
-771.238333
166.486642
983.621265
1603.671657
1789.956753
1066.414641
-169.186501
-942.224652
-929.625660
-720.842365
-714.542869
-548.956117
-137.689021
8.099314
-151.187941
-115.190821
160.187146
290.676706
315.874690
454.463602
424.765978
-19.798453
-557.955397
-876.529909
-908.927316
-593.952517
-46.796293
350.071954
341.072674
95.392330
-19.798453
93.592474
175.485922
75.593914
24.298018
197.084194
374.370010
322.174186
187.184986
154.787578
159.287218
253.779658
581.353450
998.920041
1277.897721
1178.005713
752.339770
833.333290
959.323209
-1103.311764
-4278.257745
-4335.853137
-1372.390236
880.129546
1730.561505
2308.315280
2120.230328
1007.019393
185.385130
-211.483117
-1056.515508
-1535.277204
-341.972677
1306.695417
1734.161217
1117.710537
-228.581749
-1713.462948
-2055.435587
-1557.775404
-1200.503988
-624.550069
291.576634
1061.015073
1618.070505
1668.466473
869.330410
-294.276493
-994.420476
-929.625660
-612.851005
-514.758853
-387.869005
-82.793413
115.190746
33.297298
-286.177141
-461.663101
-74.694061
567.854530
856.731418
591.252658
-64.794853
-683.045389
-895.428397
-797.336245
-547.156261
-127.789813
270.878290
385.169146
233.081314
16.198666
-97.192261
-82.793413
31.497442
270.878290
503.959642
433.765258
154.787578
30.597514
64.794778
71.094274
111.591034
422.966122
983.621265
1403.887641
1334.593185
782.937322
551.655826
1031.317449
110.691106
-3209.143282
-4927.105832
-2449.604051
702.843730
1753.959633
1969.942352
1918.646456
988.120905
13.498882
-217.782613
-561.555109
-1143.808524
-479.661661
1236.501033
1986.141056
1367.890521
-0.899965
-1780.957548
-2617.890587
-1910.547179
-1025.917956
-448.164181
309.575194
1019.618385
1456.983393
1483.081305
829.733578
-224.982037
-1019.618460
-1005.219612
-385.169221
-36.897085
-108.891325
-112.491037
-62.994997
-193.484557
-506.659501
-666.846685
-253.779733
476.061874
982.721337
989.920761
334.773178
-564.254893
-972.822204
-922.426236
-747.840205
-422.966197
52.195786
433.765258
428.365690
114.290818
-88.192981
-32.397445
126.889810
293.376490
404.967562
333.873250
96.292258
-70.194421
-50.396005
-15.298813
-9.899245
209.683186
772.138186
1340.892681
1436.285049
1044.816369
538.156906
629.949562
1177.105785
-128.689741
-3591.612682
-4787.616992
-1844.852435
1188.804849
1843.952432
1564.974753
1147.408161
451.763818
85.493122
149.388010
-250.180021
-773.938117
-17.098669
1389.488793
1667.566545
804.535594
-724.442077
-2351.511899
-2503.599731
-1242.800604
-298.776133
102.591754
502.159786
857.631346
1117.710537
999.819969
330.273538
-458.963317
-845.032429
-516.558709
66.594634
105.291538
-194.384485
-350.971957
-377.969797
-294.276493
-368.970517
-593.052589
-197.984197
752.339770
1312.994913
1011.519033
-17.098669
-1012.419036
-1284.197292
-1057.415436
-660.547189
-148.488157
315.874690
649.747978
665.946682
258.279298
-130.489597
-197.084269
-44.096509
204.283618
323.074114
179.985562
-37.797013
-116.990677
-41.396725
17.098594
45.896290
355.471522
957.523353
1393.988433
1352.591745
944.024433
435.565114
417.566554
1121.310249
581.353450
-2650.287995
-5000.000000
-2875.269994
839.632786
2140.928672
1610.871081
969.222417
458.963242
191.684626
173.686066
-188.084989
-737.940997
-270.878365
1052.015793
1645.068345
1080.813489
-319.474477
-2102.231843
-2610.691163
-1353.491748
-184.485277
175.485922
435.565114
701.943802
871.130266
792.836530
248.380090
-448.164181
-806.335525
-528.257773
94.492402
267.278578
-14.398885
-242.980597
-328.473757
-231.281533
-252.879805
-572.354245
-301.475917
656.947402
1080.813489
637.148986
-166.486717
-902.627821
-1109.611260
-800.935957
-350.072029
51.295858
313.174906
563.354890
653.347690
172.786138
-404.067709
-440.964757
-136.789093
203.383690
348.272098
183.585274
30.597514
28.797658
34.197226
22.498162
44.996362
322.174186
812.634946
1080.813489
1059.215217
861.231058
513.858850
287.976922
689.344810
1387.688937
176.385850
-3399.928018
-4834.413248
-1610.871156
1858.351280
2059.035224
837.832930
217.782538
170.086354
332.073394
296.076274
-269.978437
-636.249133
166.486642
1348.092105
1533.477273
676.745818
-944.024508
-2485.601171
-2191.324715
-462.563029
512.958922
401.367850
145.788298
151.187866
350.071954
344.672386
-63.894925
-519.258493
-508.459357
126.889810
717.242578
583.153306
-31.497517
-566.054749
-660.547189
-434.665261
-372.570229
-366.270733
-138.588949
238.480882
708.243298
807.235378
98.992042
-825.234013
-1065.514788
-563.354965
-10.799173
88.192906
40.496722
245.680306
404.967562
122.390170
-307.775413
-354.571669
-33.297373
297.876130
392.368570
224.981962
7.199386
-83.693341
-85.493197
-39.596869
112.490962
369.870370
610.151146
791.036674
937.724937
877.429762
631.749418
543.556474
748.740058
1254.499593
869.330410
-2066.234723
-4883.009360
-3157.847386
1019.618385
2496.400232
1232.001393
77.393770
-65.694781
182.685346
224.082034
-189.884845
-585.853165
48.596074
1387.688937
1830.453512
1077.213777
-418.466557
-2247.120251
-2664.686843
-1032.217452
429.265618
519.258418
111.591034
-95.392405
123.290098
367.170586
121.490242
-234.881245
-248.380165
134.989162
616.450642
548.956042
-77.393845
-701.943877
-961.123140
-629.049709
4.499602
251.079874
7.199386
-162.887005
209.683186
704.643586
399.567994
-537.257053
-1054.715652
-754.139701
-102.591829
229.481602
125.089954
71.994202
236.681026
252.879730
1.799819
-194.384485
-152.987797
-12.599029
126.889810
205.183546
116.990602
-46.796293
-120.590389
-32.397445
230.381530
479.661586
571.454242
605.651506
663.246898
728.041714
650.647906
509.359210
567.854530
720.842290
1049.316009
762.238978
-1901.547899
-4647.228224
-2931.065530
1263.498873
2582.793320
1054.715577
-251.979877
-325.773973
179.985562
377.969722
-87.293053
-476.061949
215.982682
1340.892681
1399.388001
504.859570
-744.240493
-2116.630691
-2135.529179
-377.069869
912.526953
685.745098
-31.497517
-461.663101
-327.573829
14.398810
-0.000037
-129.589669
-22.498237
342.872530
692.044594
449.963962
-305.075629
-914.326884
-923.326164
-229.481677
466.162666
300.575914
-316.774693
-332.073469
340.172746
611.051074
-59.395285
-726.241933
-669.546469
-242.080669
115.190746
103.491682
-123.290173
-56.695501
128.689666
86.393050
-23.398165
-90.892765
-62.994997
64.794778
207.883330
294.276418
92.692546
-209.683261
-141.288733
112.490962
284.377210
376.169866
381.569434
449.963962
503.959642
467.062594
536.357050
566.954602
636.249058
817.134586
827.033794
1020.518313
242.980522
-2836.573090
-4370.950329
-1227.501828
2264.218808
2199.423992
341.972602
-852.231853
-770.338405
-45.896365
199.783978
-155.687581
-43.196581
985.421121
1591.972593
1082.613345
306.875410
-971.922276
-2298.416147
-1633.369356
241.180666
924.226017
360.871090
-504.859645
-868.430557
-355.471597
145.788298
141.288658
109.791178
229.481602
431.965402
385.169146
-113.390965
-565.154821
-660.547189
-307.775413
366.270658
612.850930
205.183546
-403.167781
-749.640061
-368.070589
296.076274
274.478002
-209.683261
-467.062669
-326.673901
-19.798453
-21.598309
-204.283693
-110.691181
93.592474
240.280738
293.376490
98.092114
-109.791253
-158.387365
-115.190821
50.395930
123.290098
38.696866
57.595354
151.187866
233.081314
289.776778
325.773898
398.668066
394.168426
393.268498
571.454242
692.944522
788.336890
773.038114
541.756618
920.626305
810.835090
-1878.149771
-4297.156233
-2386.609091
1482.181377
2650.287920
977.321769
-936.825084
-1420.986348
-416.666701
720.842290
584.953162
-22.498237
520.158346
1306.695417
980.921481
209.683186
-802.735813
-1870.950347
-1367.890596
290.676706
886.429042
233.081314
-675.845965
-1142.908596
-700.144021
64.794778
393.268498
413.066914
394.168426
463.462882
405.867490
-72.894205
-613.750933
-775.737973
-395.068429
372.570154
657.847330
197.084194
-346.472317
-755.939557
-646.148341
209.683186
734.341210
315.874690
-389.668861
-767.638621
-558.855325
-134.089309
-70.194421
-51.295933
248.380090
475.161946
409.467202
77.393770
-342.872605
-508.459357
-257.379445
206.983402
434.665186
278.977642
114.290818
78.293698
26.997802
53.995642
161.987002
269.978362
422.966122
460.763098
346.472242
351.871810
539.956762
772.138186
773.938042
529.157626
871.130266
1163.606865
-1070.014428
-4109.971209
-2904.967618
1353.491673
2870.770279
856.731418
-1302.195852
-1669.366476
-458.063389
768.538474
673.146106
158.387290
575.053954
1030.417521
593.052514
82.793338
-522.858205
-1564.074900
-1411.087140
256.479442
1199.603985
603.851650
-551.655901
-1310.295204
-944.024508
-7.199461
338.372890
274.478002
277.177786
169.186426
-22.498237
-134.089309
-189.884845
-197.984197
38.696866
513.858850
639.848770
146.688226
-609.251293
-1258.099380
-1003.419756
332.973322
1160.007153
552.555754
-503.059789
-951.223932
-587.653021
-41.396725
17.998522
-33.297373
268.178506
490.460722
324.873970
-4.499677
-332.973397
-414.866845
-38.696941
381.569434
329.373610
26.097874
-135.889165
-152.087869
-16.198741
177.285778
287.976922
491.360650
664.146826
450.863890
85.493122
34.197226
358.171306
714.542794
791.036674
638.048914
586.753018
1067.314569
871.130266
-1944.744443
-4302.555801
-1601.871876
2623.290080
2493.700448
-385.169221
-1969.042499
-1609.071300
-125.090029
999.819969
656.947402
219.582394
801.835810
991.720617
401.367850
71.994202
-649.748053
-1615.370796
-836.033149
784.737178
849.531994
-216.882685
-1177.105860
-1359.791244
-368.070589
640.748698
629.049634
268.178506
37.796938
-143.088589
-176.385925
-186.285133
-286.177141
-197.084269
278.077714
724.442002
566.954602
-110.691181
-759.539269
-912.527028
-561.555109
1.799819
634.449202
790.136746
-64.794853
-983.621340
-877.429837
-166.486717
341.972602
347.372170
119.690386
71.994202
21.598234
-160.187221
-178.185781
-60.295213
70.194346
239.380810
317.674546
240.280738
26.097874
-249.280093
-294.276493
51.295858
494.960362
612.850930
402.267778
152.987722
-20.698381
30.597514
447.264178
821.634226
755.939482
538.156906
401.367850
437.364970
1000.719897
698.344090
-2194.924427
-4025.377977
-700.144021
3140.748679
1992.440552
-1139.308884
-2163.426947
-1417.386636
174.585994
1284.197217
607.451362
-95.392405
478.761658
553.455682
54.895570
232.181386
-116.090749
-977.321844
-233.981317
1011.519033
483.261298
-834.233293
-1511.879076
-1244.600460
-4.499677
856.731418
421.166266
-77.393845
-74.694061
-184.485277
-233.981317
-38.696941
49.496002
125.089954
394.168426
509.359210
201.583834
-312.275053
-711.843085
-705.543589
-194.384485
372.570154
449.064034
-13.498957
-645.248413
-846.832285
-359.071309
269.078434
466.162666
306.875410
58.495282
-198.884125
-320.374405
-121.490317
170.086354
147.588154
-0.000037
94.492402
229.481602
147.588154
-60.295213
-152.087869
43.196506
350.071954
418.466482
250.179946
68.394490
-53.995717
-72.894205
140.388730
558.855250
850.431922
678.545674
265.478722
229.481602
511.159066
840.532714
1211.303049
-3.599749
-3086.753074
-3241.540690
961.123065
3049.855951
530.957482
-1803.455748
-1852.951787
-866.630701
681.245458
1303.995633
252.879730
-162.887005
519.258418
441.864610
139.488802
188.084914
-600.252013
-925.126020
496.760218
1069.114425
-238.480957
-1202.303844
-1156.407516
-554.355685
419.366410
720.842290
151.187866
-178.185781
-221.382325
-351.871885
-197.084269
89.092834
52.195786
83.693266
352.771738
288.876850
-50.396005
-198.884125
-191.684701
-89.992837
-94.492477
-466.162741
-440.964757
288.876850
349.172026
-506.659501
-808.135381
-228.581749
388.768858
562.454962
226.781818
-265.478797
-325.773973
38.696866
230.381530
50.395930
-82.793413
-26.097949
77.393770
188.084914
107.091394
-107.091469
-34.197301
254.679586
399.567994
283.477282
23.398090
-103.491757
2.699747
280.777498
587.652946
621.850210
400.467922
251.079874
322.174186
564.254818
763.138906
987.220977
602.051794
-1753.959708
-3500.719954
-750.539989
2812.274959
1807.055385
-1182.505428
-2106.731483
-1459.683252
-115.190821
1202.303769
901.727818
-75.593989
188.084914
521.958202
103.491682
179.085634
80.993482
-678.545749
-154.787653
939.524793
268.178506
-983.621340
-1235.601180
-842.332645
107.091394
861.231058
400.467922
-353.671741
-479.661661
-352.771813
-116.990677
233.981242
269.978362
-8.999317
-36.897085
143.988442
115.190746
50.395930
23.398090
-113.390965
-98.092189
-94.492477
-392.368645
-373.470157
78.293698
176.385850
-222.282253
-527.357845
-302.375845
196.184266
314.074834
53.995642
-115.190821
-82.793413
-2.699821
6.299458
-26.997877
6.299458
63.894850
127.789738
238.480882
215.082754
7.199386
-81.893485
89.992762
269.078434
197.984122
-1.799893
-44.096509
106.191466
293.376490
329.373610
188.084914
236.681026
512.058994
596.652226
588.552874
583.153306
463.462882
764.938762
502.159786
-1971.742283
-3277.537810
20.698306
3031.857391
1115.910681
-1894.348475
-2229.121691
-1111.411116
413.966842
1540.676697
876.529834
-206.083549
-57.595429
29.697586
-114.290893
458.063314
330.273538
-510.259213
22.498162
738.840850
-205.183621
-1174.406076
-960.223212
-256.479517
523.758058
658.747258
-144.888445
-669.546469
-453.563749
-177.285853
99.891970
391.468642
228.581674
-142.188661
-87.293053
114.290818
35.097154
-23.398165
79.193626
77.393770
-22.498237
-188.984917
-499.460077
-592.152661
-50.396005
579.553594
328.473682
-534.557269
-813.534949
-251.979877
414.866770
597.552154
233.981242
-218.682541
-288.876925
-108.891325
48.596074
111.591034
57.595354
52.195786
182.685346
198.884050
10.799098
-106.191541
62.994922
344.672386
419.366410
234.881170
-12.599029
-53.995717
125.089954
219.582394
180.885490
226.781818
339.272818
377.969722
357.271378
462.562954
605.651506
750.539914
940.424721
-243.880525
-2753.779714
-2294.816435
1597.372161
2670.086336
-424.766053
-2419.906427
-1699.964028
-346.472317
954.823569
1370.590305
269.078434
-498.560149
-135.889165
2.699747
197.984122
657.847330
39.596794
-519.258493
350.971882
568.754458
-520.158421
-950.324004
-537.257053
17.998522
503.959642
231.281458
-533.657341
-665.046829
-305.075629
-44.996437
259.179226
402.267778
-32.397445
-395.968357
-91.792693
217.782538
145.788298
90.892690
98.092114
52.195786
-80.993557
-412.167061
-602.951797
-172.786213
512.958922
591.252658
-155.687581
-907.127460
-782.937397
-22.498237
507.559354
431.965402
-19.798453
-308.675341
-158.387365
114.290818
201.583834
128.689666
92.692546
224.082034
242.080594
-63.894925
-303.275773
-153.887725
196.184266
419.366410
336.573034
74.693986
-82.793413
17.998522
279.877570
344.672386
152.987722
85.493122
214.182826
355.471522
427.465762
389.668786
374.370010
603.851650
1118.610465
736.141066
-1786.357116
-3306.335506
-252.879805
3093.052495
1526.277849
-1787.257044
-2433.405347
-1169.006508
414.866770
1488.480873
890.928682
-415.766773
-565.154821
-199.784053
45.896290
696.544234
585.853090
-452.663821
-154.787653
787.436962
111.591034
-953.923716
-872.030269
-176.385925
549.855970
517.458562
-413.066989
-860.331205
-472.462237
-91.792693
212.382970
414.866770
86.393050
-389.668861
-283.477357
133.189306
263.678866
186.285058
77.393770
39.596794
91.792618
-215.982757
-703.743733
-458.063389
346.472242
713.642866
277.177786
-587.653021
-960.223212
-399.568069
291.576634
406.767418
174.585994
-34.197301
-172.786213
-221.382325
-73.794133
164.686786
264.578794
254.679586
190.784698
-12.599029
-224.082109
-166.486717
176.385850
485.961082
405.867490
-5.399605
-317.674621
-223.182181
186.285058
454.463602
309.575194
43.196506
23.398090
238.480882
458.063314
429.265618
152.087794
120.590314
505.759498
841.432642
971.022273
100.791898
-2187.725003
-2500.899947
1003.419681
3016.558615
341.972602
-2430.705563
-2184.125291
-635.349205
931.425441
1569.474393
373.470082
-845.932357
-546.256333
-68.394565
206.083474
789.236818
506.659426
-313.174981
29.697586
349.172026
-436.465117
-756.839485
-290.676781
115.190746
422.966122
128.689666
-690.244813
-775.737973
-185.385205
199.783978
350.071954
215.982682
-278.077789
-496.760293
-127.789813
249.280018
319.474402
226.781818
16.198666
-65.694781
16.198666
-179.985637
-334.773253
-63.894925
-0.899965
-15.298813
341.972602
115.190746
-757.739413
-836.033149
-15.298813
567.854530
465.262738
-14.398885
-455.363605
-464.362885
36.897010
468.862450
451.763818
264.578794
-17.998597
-279.877645
-129.589669
165.586714
223.182106
198.884050
143.088514
24.298018
-91.792693
-73.794133
217.782538
434.665186
247.480162
-45.896365
-89.092909
188.984842
463.462882
358.171306
160.187146
253.779658
484.161226
575.053954
656.947402
687.544954
-547.156261
-2446.904267
-1316.594700
2127.429752
2226.421832
-997.120260
-2539.596851
-1553.275764
-14.398885
1250.899881
1195.104345
-263.678941
-1011.519108
-421.166341
196.184266
742.440562
998.920041
51.295858
-674.046109
-5.399605
217.782538
-432.865405
-440.964757
-18.898525
201.583834
233.981242
-224.082109
-674.046109
-495.860365
-135.889165
170.086354
352.771738
29.697586
-502.159861
-482.361445
78.293698
439.164826
272.678146
-35.097229
-152.087869
0.899891
70.194346
-198.884125
-140.388805
209.683186
-17.998597
-231.281533
120.590314
11.699026
-610.151221
-607.451437
61.195066
507.559354
314.974762
-164.686861
-422.066269
-214.182901
244.780378
373.470082
165.586714
65.694706
-25.198021
-141.288733
24.298018
247.480162
220.482322
81.893410
-42.296653
-54.895645
63.894850
177.285778
269.078434
249.280018
73.794058
-38.696941
27.897730
247.480162
376.169866
193.484482
64.794778
213.282898
377.069794
512.058994
637.148986
791.036674
476.061874
-1244.600460
-2348.812115
-25.198021
2461.303040
886.429042
-1882.649411
-2037.437027
-691.144741
522.858130
1235.601105
629.949562
-640.748773
-772.138261
-177.285853
221.382250
782.937322
670.446322
-339.272893
-322.174261
353.671666
-44.996437
-557.955397
-297.876205
41.396650
290.676706
152.987722
-485.061229
-669.546469
-267.278653
66.594634
258.279298
209.683186
-228.581749
-543.556549
-277.177861
163.786858
288.876850
211.483042
74.693986
-75.593989
-56.695501
18.898450
-64.794853
-202.483837
-167.386645
125.989882
332.073394
27.897730
-551.655901
-746.940277
-263.678941
369.870370
431.965402
67.494562
-227.681821
-329.373685
-102.591829
345.572314
435.565114
89.992762
-185.385205
-196.184341
-51.295933
142.188586
240.280738
192.584554
139.488802
119.690386
43.196506
27.897730
124.190026
125.089954
13.498882
-52.195861
17.098594
183.585274
272.678146
260.079154
241.180666
237.580954
269.078434
257.379370
233.081314
359.071234
647.948122
820.734298
-191.684701
-2062.635011
-1453.383756
1630.669497
2076.133856
-745.140421
-2230.021619
-1309.395276
-12.599029
920.626305
983.621265
-40.496797
-769.438477
-512.958997
-32.397445
566.054674
942.224577
177.285778
-565.154821
-111.591109
120.590314
-307.775413
-241.180741
104.391610
243.880450
187.184986
-343.772533
-719.942437
-323.074189
98.092114
161.087074
93.592474
-216.882685
-532.757413
-371.670301
91.792618
383.369290
365.370730
161.987002
-39.596869
-34.197301
51.295858
-108.891325
-317.674621
-256.479517
-46.796293
231.281458
299.675986
-240.280813
-733.441357
-351.871885
353.671666
528.257698
116.090674
-368.970517
-435.565189
-154.787653
189.884770
386.069074
264.578794
-5.399605
-144.888445
-59.395285
173.686066
234.881170
61.195066
0.899891
43.196506
-9.899245
-61.195141
20.698306
214.182826
275.377930
93.592474
-53.995717
-23.398165
125.089954
274.478002
254.679586
159.287218
173.686066
233.081314
239.380810
251.079874
412.166986
615.550714
670.446322
192.584554
-1323.794124
-2046.436307
212.382970
2302.015784
656.947402
-1726.061940
-1644.168492
-508.459357
477.861730
1160.907081
549.855970
-755.939557
-951.223932
-342.872605
205.183546
817.134586
717.242578
-242.980597
-353.671741
228.581674
12.598954
-305.975557
-71.094349
30.597514
38.696866
-62.095069
-503.059789
-571.454317
-127.789813
197.984122
296.076274
87.292978
-350.971957
-452.663821
-141.288733
191.684626
301.475842
88.192906
-194.384485
-147.588229
63.894850
62.994922
14.398810
36.897010
-112.491037
-105.291613
198.884050
-14.398885
-608.351365
-490.460797
161.087074
442.764538
209.683186
-170.086429
-329.373685
-189.884845
84.593194
314.974762
272.678146
-49.496077
-265.478797
-125.989957
180.885490
282.577354
133.189306
55.795498
124.190026
114.290818
-34.197301
-103.491757
78.293698
248.380090
153.887650
2.699747
-21.598309
94.492402
279.877570
311.375050
224.082034
225.881890
210.583114
98.092114
26.997802
150.287938
465.262738
657.847330
560.655106
-144.888445
-1441.684692
-1288.696932
977.321769
1802.555745
-219.582469
-1774.658052
-1305.795564
-161.087149
814.434802
977.321769
-43.196581
-906.227533
-541.756693
114.290818
435.565114
618.250498
143.988442
-492.260653
-123.290173
224.981962
-192.584629
-260.979157
7.199386
78.293698
170.086354
-43.196581
-488.660941
-405.867565
20.698306
204.283618
35.997082
-303.275773
-437.365045
-207.883405
156.587434
323.974042
173.686066
-49.496077
-126.889885
-39.596869
55.795498
-78.293773
-230.381605
-120.590389
70.194346
233.981242
98.992042
-450.863965
-581.353525
26.997802
463.462882
253.779658
-164.686861
-318.574549
-144.888445
71.994202
182.685346
178.185706
13.498882
-150.288013
-125.090029
46.796218
200.683906
187.184986
79.193626
69.294418
89.092834
21.598234
-18.898525
76.493842
206.083474
160.187146
-13.498957
-75.593989
18.898450
181.785418
287.076994
209.683186
100.791898
162.886930
245.680306
202.483762
134.989162
87.292978
144.888370
331.173466
462.562954
476.961802
-72.894205
-1248.200172
-1055.615580
1013.318889
1555.975473
-475.162021
-1728.761724
-946.724292
170.086354
771.238258
606.551434
-320.374405
-842.332645
-385.169221
174.585994
442.764538
494.960362
20.698306
-347.372245
83.693266
272.678146
-179.985637
-305.975557
-87.293053
91.792618
148.488082
-207.883405
-530.057629
-273.578149
69.294418
222.282178
151.187866
-265.478797
-476.061949
-187.185061
102.591754
204.283618
144.888370
-80.093629
-189.884845
-60.295213
20.698306
-9.899245
98.992042
100.791898
-257.379445
-277.177861
239.380810
328.473682
-224.982037
-567.854605
-232.181461
313.174906
352.771738
-37.797013
-291.576709
-209.683261
96.292258
315.874690
213.282898
-46.796293
-229.481677
-181.785493
102.591754
276.277858
128.689666
-78.293773
-58.495357
115.190746
182.685346
128.689666
125.989882
109.791178
19.798378
0.899891
62.994922
125.989882
137.688946
116.990602
141.288658
208.783258
215.982682
110.691106
35.997082
134.989162
259.179226
307.775338
328.473682
327.573754
273.578074
-286.177141
-1078.113780
-422.966197
1138.408881
799.136026
-931.425516
-1341.792684
-508.459357
273.578074
693.844450
389.668786
-413.066989
-609.251293
-174.586069
149.388010
355.471522
332.973322
-137.689021
-315.874765
41.396650
63.894850
-171.886285
-56.695501
98.092114
71.994202
-34.197301
-304.175701
-397.768213
-116.090749
69.294418
91.792618
29.697586
-300.575989
-482.361445
-126.889885
281.677426
324.873970
52.195786
-229.481677
-163.786933
16.198666
-7.199461
-71.094349
-71.994277
34.197226
132.289378
-53.095789
-278.977717
-226.781893
-2.699821
205.183546
141.288658
-106.191541
-173.686141
-88.192981
44.096434
179.085634
158.387290
26.997802
-97.192261
-144.888445
-35.097229
79.193626
116.990602
103.491682
17.998522
8.999242
85.493122
91.792618
126.889810
194.384410
125.989882
-15.298813
-90.892765
-50.396005
93.592474
238.480882
253.779658
103.491682
-8.099389
115.190746
293.376490
298.776058
161.987002
-0.899965
-38.696941
141.288658
350.971882
352.771738
268.178506
0.899891
-732.541429
-797.336245
578.653666
1243.700457
-62.095069
-1194.204492
-794.636461
-7.199461
210.583114
216.882610
250.179946
-238.480957
-827.933797
-308.675341
699.244018
621.850210
-269.078509
-426.565909
180.885490
112.490962
-392.368645
-71.094349
296.076274
-88.192981
-242.080669
16.198666
-44.996437
-280.777573
-249.280093
8.999242
91.792618
-129.589669
-225.881965
-147.588229
-79.193701
114.290818
188.984842
-51.295933
-204.283693
-151.187941
-111.591109
-42.296653
150.287938
179.085634
-147.588229
-270.878365
64.794778
215.082754
55.795498
-54.895645
-171.886285
-200.683981
-7.199461
144.888370
85.493122
-79.193701
-133.189381
9.899170
154.787578
158.387290
32.397370
-101.691901
-24.298093
155.687506
147.588154
29.697586
-37.797013
-17.098669
74.693986
148.488082
165.586714
111.591034
15.298738
26.997802
125.989882
169.186426
159.287218
85.493122
-5.399605
38.696866
159.287218
202.483762
152.987722
81.893410
101.691826
170.986282
175.485922
185.385130
215.082754
229.481602
152.987722
-303.275773
-685.745173
-77.393845
773.938042
446.364250
-511.159141
-851.331925
-516.558709
77.393770
459.863170
202.483762
-341.072749
-440.064829
-107.091469
143.088514
222.282178
161.087074
-113.390965
-226.781893
-48.596149
-27.897805
-116.990677
-76.493917
-27.897805
34.197226
14.398810
-163.786933
-229.481677
-146.688301
-18.898525
115.190746
22.498162
-217.782613
-246.580309
-91.792693
43.196506
98.092114
-6.299533
-246.580309
-287.077069
66.594634
334.773178
87.292978
-226.781893
-159.287293
16.198666
70.194346
75.593914
-25.198021
-188.084989
-165.586789
44.996362
182.685346
111.591034
-21.598309
-46.796293
-24.298093
-32.397445
-47.696221
-51.295933
13.498882
107.091394
91.792618
14.398810
7.199386
57.595354
106.191466
101.691826
60.295138
36.897010
45.896290
107.091394
152.087794
113.390890
73.794058
66.594634
70.194346
92.692546
55.795498
23.398090
125.989882
227.681746
205.183546
118.790458
38.696866
73.794058
211.483042
266.378650
182.685346
104.391610
115.190746
-59.395285
-464.362885
-297.876205
471.562234
512.958922
-300.575989
-720.842365
-464.362885
-54.895645
269.978362
302.375770
-62.095069
-382.469437
-246.580309
18.898450
64.794778
74.693986
39.596794
-112.491037
-109.791253
-19.798453
-70.194421
-95.392405
-16.198741
44.096434
28.797658
-125.090029
-279.877645
-229.481677
-34.197301
146.688226
135.889090
-85.493197
-226.781893
-173.686141
-85.493197
-21.598309
0.899891
-15.298813
-50.396005
-124.190101
-171.886285
-72.894205
152.987722
247.480162
26.997802
-238.480957
-225.881965
-0.899965
171.886210
130.489522
-54.895645
-157.487437
-72.894205
68.394490
83.693266
-30.597589
-50.396005
40.496722
39.596794
-16.198741
-32.397445
0.899891
87.292978
130.489522
63.894850
-17.998597
-13.498957
84.593194
166.486642
162.886930
103.491682
13.498882
-15.298813
49.496002
84.593194
84.593194
84.593194
49.496002
58.495282
124.190026
146.688226
154.787578
161.987002
121.490242
72.894130
56.695426
98.992042
190.784698
206.983402
187.184986
192.584554
-75.593989
-469.762453
-270.878365
359.071234
430.165546
-161.087149
-576.853885
-434.665261
-9.899245
308.675266
224.082034
-189.884845
-370.770373
-159.287293
-11.699101
4.499602
70.194346
40.496722
-46.796293
-4.499677
4.499602
-107.991397
-167.386645
-60.295213
95.392330
71.994202
-114.290893
-259.179301
-229.481677
-9.899245
138.588874
2.699747
-179.985637
-187.185061
-121.490317
-79.193701
-18.898525
53.995642
67.494562
-8.099389
-132.289453
-224.082109
-106.191541
173.686066
223.182106
-25.198021
-231.281533
-202.483837
76.493842
338.372890
190.784698
-206.983477
-350.072029
-108.891325
187.184986
189.884770
-0.000037
-133.189381
-137.689021
21.598234
143.988442
66.594634
14.398810
62.094994
78.293698
73.794058
33.297298
-5.399605
21.598234
63.894850
102.591754
70.194346
-22.498237
-12.599029
84.593194
169.186426
192.584554
120.590314
44.996362
44.996362
71.994202
122.390170
127.789738
54.895570
40.496722
80.993482
94.492402
134.089234
195.284338
202.483762
154.787578
98.992042
-43.196581
-314.074909
-288.876925
186.285058
416.666626
46.796218
-415.766773
-504.859645
-168.286573
219.582394
240.280738
-58.495357
-301.475917
-214.182901
1.799819
42.296578
19.798378
-2.699821
-88.192981
-91.792693
-68.394565
-148.488157
-137.689021
14.398810
135.889090
126.889810
-46.796293
-238.480957
-249.280093
-97.192261
63.894850
49.496002
-95.392405
-170.986357
-154.787653
-82.793413
8.099314
19.798378
-25.198021
-58.495357
-42.296653
26.997802
8.999242
-89.992837
-62.994997
70.194346
86.393050
-16.198741
-95.392405
-107.091469
-44.996437
78.293698
152.987722
101.691826
-28.797733
-121.490317
-97.192261
9.899170
108.891250
87.292978
-46.796293
-99.892045
-9.899245
98.092114
132.289378
80.093554
13.498882
-16.198741
9.899170
74.693986
118.790458
112.490962
90.892690
67.494562
55.795498
61.195066
61.195066
58.495282
70.194346
78.293698
73.794058
104.391610
166.486642
162.886930
108.891250
86.393050
68.394490
35.097154
33.297298
69.294418
118.790458
147.588154
90.892690
-92.692621
-219.582469
-7.199461
328.473682
230.381530
-233.081389
-449.964037
-249.280093
17.998522
97.192186
15.298738
-118.790533
-185.385205
-107.991397
7.199386
13.498882
-49.496077
-56.695501
-25.198021
-7.199461
-38.696941
-125.989957
-153.887725
-54.895645
54.895570
17.098594
-124.190101
-161.087149
-72.894205
-17.098669
-20.698381
-42.296653
-80.993557
-102.591829
-83.693341
-59.395285
-62.994997
-75.593989
-31.497517
46.796218
47.696146
-45.896365
-110.691181
-68.394565
26.097874
84.593194
64.794778
-7.199461
-85.493197
-84.593269
6.299458
57.595354
41.396650
6.299458
-44.996437
-48.596149
3.599674
29.697586
32.397370
44.996362
51.295858
26.097874
-8.099389
-1.799893
32.397370
27.897730
27.897730
76.493842
93.592474
62.094994
44.096434
71.994202
95.392330
76.493842
49.496002
31.497442
17.098594
23.398090
57.595354
104.391610
147.588154
160.187146
128.689666
88.192906
58.495282
49.496002
75.593914
95.392330
74.693986
51.295858
66.594634
130.489522
175.485922
43.196506
-182.685421
-160.187221
119.690386
214.182826
-78.293773
-320.374405
-180.885565
34.197226
