23.613147
-15.756862
-51.189870
-19.693863
7.865144
7.865144
-15.756862
-15.756862
31.487149
-7.882860
-31.504865
7.865144
-7.882860
-19.693863
3.928143
-47.252869
-31.504865
90.542162
90.542162
-19.693863
-66.937874
-31.504865
-11.819861
27.550148
62.983156
39.361151
-47.252869
-70.874874
47.235153
106.290166
27.550148
-78.748876
-82.685877
31.487149
51.172153
7.865144
-3.945859
-55.126871
-27.567865
47.235153
47.235153
-23.630864
-55.126871
7.865144
86.605162
102.353165
-15.756862
-137.803890
-55.126871
86.605162
86.605162
-19.693863
-70.874874
-47.252869
66.920157
188.967185
82.668161
-149.614892
-177.173899
-27.567865
129.912171
122.038170
-63.000873
-114.181884
23.613147
110.227167
27.550148
-82.685877
-78.748876
-19.693863
11.802144
62.983156
66.920157
-23.630864
-74.811875
35.424150
122.038170
-43.315868
-177.173899
-0.008858
192.904186
102.353165
-137.803890
-122.055886
78.731160
141.723174
70.857158
-55.126871
-133.866889
-39.378867
122.038170
110.227167
-51.189870
-122.055886
-70.874874
-3.945859
74.794159
110.227167
59.046155
-102.370882
-161.425895
-0.008858
149.597176
43.298152
-70.874874
-0.008858
-15.756862
-90.559879
11.802144
114.164168
-0.008858
-106.307883
-82.685877
27.550148
145.660175
98.416164
-66.937874
-137.803890
-51.189870
39.361151
47.235153
47.235153
11.802144
-55.126871
-0.008858
43.298152
-15.756862
-59.063872
-74.811875
-43.315868
94.479163
94.479163
-114.181884
-106.307883
129.912171
177.156182
-55.126871
-240.165913
-98.433881
153.534177
145.660175
-19.693863
-102.370882
-11.819861
62.983156
-11.819861
-66.937874
-19.693863
15.739145
74.794159
39.361151
-59.063872
-51.189870
-3.945859
74.794159
62.983156
-70.874874
-110.244883
-15.756862
181.093183
129.912171
-161.425895
-106.307883
62.983156
11.802144
-63.000873
-7.882860
98.416164
106.290166
-27.567865
-173.236898
-137.803890
125.975171
291.329208
66.920157
-275.598921
-228.354910
66.920157
220.463192
161.408179
-125.992887
-267.724919
-0.008858
220.463192
137.786173
-27.567865
-110.244883
-86.622878
-59.063872
-0.008858
106.290166
94.479163
-43.315868
-51.189870
23.613147
-35.441866
-15.756862
98.416164
55.109154
-106.307883
-192.921902
-94.496880
200.778188
291.329208
-0.008858
-259.850918
-181.110900
74.794159
185.030184
-23.630864
-137.803890
98.416164
118.101169
-149.614892
-110.244883
173.219181
145.660175
-82.685877
-141.740891
-102.370882
39.361151
188.967185
94.479163
-137.803890
-122.055886
102.353165
62.983156
-31.504865
51.172153
35.424150
-86.622878
-106.307883
39.361151
59.046155
23.613147
59.046155
35.424150
-55.126871
-208.669906
-74.811875
287.392207
259.833201
-169.299897
-413.393953
-19.693863
409.439235
102.353165
-295.283926
-63.000873
169.282180
31.487149
-23.630864
-3.945859
-19.693863
-47.252869
-39.378867
19.676146
11.802144
31.487149
208.652189
129.912171
-291.346925
-330.716934
31.487149
248.022198
263.770202
15.739145
-334.653935
-271.661920
220.463192
464.557248
-63.000873
-480.322968
-82.685877
212.589190
110.227167
35.424150
-11.819861
-98.433881
-181.110900
-35.441866
208.652189
78.731160
-141.740891
-27.567865
118.101169
-7.882860
-177.173899
-43.315868
153.534177
161.408179
-70.874874
-326.779933
31.487149
421.250238
-122.055886
-381.897945
342.510220
393.691232
-385.834946
-464.574964
110.227167
385.817230
145.660175
-153.551893
-177.173899
11.802144
244.085197
125.975171
-185.047901
-129.929888
-63.000873
-98.433881
181.093183
291.329208
-59.063872
-275.598921
-31.504865
236.211196
82.668161
-192.921902
-181.110900
23.613147
185.030184
114.164168
-66.937874
-74.811875
19.676146
129.912171
122.038170
-173.236898
-275.598921
78.731160
137.786173
-114.181884
98.416164
314.951214
-118.118885
-366.149942
145.660175
287.392207
-330.716934
-326.779933
322.825215
220.463192
-153.551893
102.353165
165.345180
-90.559879
-145.677892
-161.425895
-55.126871
55.109154
47.235153
165.345180
200.778188
-122.055886
-425.204955
39.361151
413.376236
-114.181884
-240.165913
35.424150
-15.756862
102.353165
200.778188
-23.630864
-291.346925
-114.181884
267.707203
86.605162
-224.417909
-55.126871
248.022198
110.227167
-220.480909
-212.606907
70.857158
248.022198
-78.748876
-212.606907
118.101169
149.597176
-19.693863
-102.370882
11.802144
86.605162
-133.866889
-82.685877
200.778188
177.156182
-188.984901
-279.535922
137.786173
133.849172
-86.622878
15.739145
70.857158
70.857158
-43.315868
-165.362896
-27.567865
59.046155
-35.441866
98.416164
165.345180
-94.496880
-74.811875
-35.441866
-55.126871
55.109154
-122.055886
-90.559879
165.345180
157.471178
78.731160
-118.118885
-185.047901
55.109154
43.298152
-181.110900
39.361151
275.581205
-23.630864
-200.795904
-3.945859
255.896200
-90.559879
-283.472923
334.636218
86.605162
-275.598921
165.345180
-35.441866
-200.795904
232.274195
216.526191
-295.283926
-228.354910
354.321223
47.235153
-240.165913
133.849172
98.416164
-157.488894
-192.921902
122.038170
267.707203
-55.126871
-185.047901
-51.189870
169.282180
102.353165
-255.913917
-133.866889
259.833201
106.290166
-86.622878
118.101169
-31.504865
-275.598921
-82.685877
169.282180
283.455206
74.794159
-224.417909
-224.417909
-43.315868
354.321223
326.762216
-492.133971
-405.519951
381.880229
196.841187
-51.189870
149.597176
27.550148
-236.228912
-224.417909
94.479163
212.589190
3.928143
23.613147
-43.315868
-47.252869
185.030184
-122.055886
-212.606907
118.101169
15.739145
19.676146
86.605162
-55.126871
59.046155
82.668161
-196.858903
-153.551893
27.550148
208.652189
287.392207
-311.031929
-381.897945
330.699217
307.077212
-106.307883
-385.834946
-192.921902
507.864258
255.896200
-425.204955
-129.929888
173.219181
7.865144
-98.433881
47.235153
220.463192
-165.362896
-271.661920
255.896200
291.329208
-196.858903
-326.779933
11.802144
169.282180
283.455206
74.794159
-503.944973
-267.724919
405.502234
346.447221
-173.236898
-267.724919
70.857158
90.542162
-161.425895
86.605162
196.841187
-240.165913
-177.173899
291.329208
346.447221
-322.842932
-562.999987
212.589190
377.943228
74.794159
-15.756862
-248.039915
-106.307883
251.959199
86.605162
-236.228912
-122.055886
27.550148
15.739145
149.597176
224.400193
35.424150
-220.480909
-208.669906
122.038170
114.164168
-98.433881
133.849172
-114.181884
-236.228912
421.250238
133.849172
-425.204955
-216.543908
366.132225
523.612261
-228.354910
-503.944973
-145.677892
90.542162
318.888215
338.573219
-27.567865
-251.976916
-200.795904
-137.803890
181.093183
236.211196
55.109154
-98.433881
-440.952959
-228.354910
460.620247
602.352279
-78.748876
-614.180998
-133.866889
208.652189
15.739145
141.723174
-82.685877
-303.157927
377.943228
299.203210
-287.409924
43.298152
-90.559879
-519.692977
98.416164
562.982270
47.235153
-275.598921
55.109154
23.613147
-334.653935
263.770202
629.911286
-259.850918
-633.866003
-11.819861
393.691232
31.487149
-177.173899
-3.945859
-63.000873
102.353165
472.431250
330.699217
-586.621992
-740.165027
251.959199
519.675260
102.353165
-421.267954
-141.740891
688.966299
82.668161
-590.558993
35.424150
240.148197
-232.291911
-98.433881
98.416164
-90.559879
200.778188
417.313237
-137.803890
-488.196970
137.786173
318.888215
-503.944973
-342.527936
362.195224
255.896200
248.022198
55.109154
-500.007972
-31.504865
385.817230
-208.669906
-173.236898
173.219181
-169.299897
3.928143
385.817230
-39.378867
-125.992887
74.794159
-125.992887
-27.567865
15.739145
-244.102914
192.904186
468.494249
-401.582950
-437.015958
464.557248
287.392207
-259.850918
-263.787918
-63.000873
133.849172
173.219181
118.101169
23.613147
-55.126871
-240.165913
-417.330954
66.920157
606.289280
47.235153
-35.441866
208.652189
-562.999987
-181.110900
503.927257
-212.606907
-232.291911
413.376236
208.652189
-413.393953
-196.858903
409.439235
39.361151
-177.173899
244.085197
-212.606907
-559.062986
299.203210
618.100283
-244.102914
-480.322968
110.227167
385.817230
271.644204
-145.677892
-409.456952
-295.283926
145.660175
425.187239
114.164168
-74.811875
-267.724919
-165.362896
326.762216
338.573219
-200.795904
-511.818975
-43.315868
287.392207
251.959199
-110.244883
47.235153
311.014213
-657.488008
-228.354910
685.029298
62.983156
-314.968930
-59.063872
165.345180
-110.244883
62.983156
98.416164
-433.078957
59.046155
480.305251
165.345180
-157.488894
-409.456952
-169.299897
381.880229
169.282180
-334.653935
-177.173899
102.353165
326.762216
240.148197
-165.362896
-236.228912
-318.905931
-287.409924
480.305251
511.801259
-216.543908
-133.866889
-263.787918
-86.622878
405.502234
31.487149
-188.984901
-275.598921
314.951214
444.872243
-527.566979
-114.181884
417.313237
-153.551893
-303.157927
-55.126871
299.203210
456.683246
-212.606907
-472.448966
137.786173
192.904186
-78.748876
39.361151
62.983156
-161.425895
-200.795904
118.101169
409.439235
153.534177
-165.362896
-263.787918
-519.692977
204.715188
720.462306
-248.039915
-267.724919
3.928143
-7.882860
468.494249
-90.559879
-291.346925
102.353165
-303.157927
86.605162
350.384222
-0.008858
-228.354910
-350.401938
523.612261
421.250238
-472.448966
-216.543908
-110.244883
98.416164
110.227167
-169.299897
307.077212
23.613147
-354.338939
110.227167
283.455206
255.896200
-535.440981
-519.692977
625.974285
181.093183
-358.275940
-39.378867
216.526191
118.101169
-0.008858
137.786173
-440.952959
-295.283926
413.376236
43.298152
-232.291911
145.660175
496.053255
-106.307883
-480.322968
-31.504865
-3.945859
-15.756862
31.487149
362.195224
314.951214
-503.944973
-401.582950
106.290166
444.872243
188.967185
-535.440981
-74.811875
436.998242
-118.118885
-192.921902
397.628233
-27.567865
-531.503980
31.487149
240.148197
114.164168
-7.882860
-137.803890
27.550148
177.156182
-55.126871
-137.803890
3.928143
-303.157927
204.715188
488.179253
-188.984901
-141.740891
-177.173899
204.715188
141.723174
-523.629978
51.172153
440.935242
496.053255
-354.338939
-1019.692091
405.502234
811.013327
-279.535922
-94.496880
267.707203
-807.094043
-204.732905
830.698331
-7.882860
-82.685877
-23.630864
149.597176
141.723174
-480.322968
-110.244883
118.101169
-66.937874
169.282180
377.943228
-153.551893
-307.094928
188.967185
-70.874874
-70.874874
43.298152
-287.409924
-19.693863
503.927257
543.297266
-216.543908
-972.448080
-342.527936
811.013327
622.037284
-307.094928
-460.637963
-149.614892
114.164168
-27.567865
43.298152
795.265323
-11.819861
-1074.810104
110.227167
429.124240
-314.968930
362.195224
330.699217
-496.070972
-177.173899
192.904186
110.227167
-98.433881
-248.039915
114.164168
389.754231
47.235153
-318.905931
-468.511965
118.101169
846.446335
-98.433881
-724.417024
-23.630864
188.967185
181.093183
43.298152
106.290166
-74.811875
-535.440981
141.723174
523.612261
51.172153
-185.047901
-216.543908
-43.315868
-66.937874
-19.693863
385.817230
106.290166
-244.102914
-196.858903
-110.244883
196.841187
23.613147
149.597176
157.471178
-507.881974
137.786173
255.896200
-263.787918
232.274195
-244.102914
-240.165913
661.407293
-157.488894
-377.960945
326.762216
-63.000873
-133.866889
-149.614892
129.912171
523.612261
-314.968930
-326.779933
141.723174
169.282180
94.479163
-251.976916
145.660175
-173.236898
-314.968930
641.722288
70.857158
-578.747990
200.778188
488.179253
-311.031929
-240.165913
-94.496880
-342.527936
818.887329
692.903300
-755.913031
-1062.999101
94.479163
1547.232495
165.345180
-956.700077
-196.858903
-362.212941
236.211196
862.194339
-23.630864
-535.440981
133.849172
236.211196
-606.306997
-78.748876
559.045269
31.487149
-318.905931
27.550148
377.943228
-220.480909
-0.008858
110.227167
-519.692977
19.676146
196.841187
492.116254
299.203210
-783.472037
-736.228026
279.518206
1236.209424
-185.047901
-992.133085
523.612261
389.754231
-700.795018
-31.504865
909.438349
-444.889960
-944.889074
377.943228
866.131340
149.597176
-783.472037
74.794159
444.872243
-519.692977
-405.519951
318.888215
649.596290
196.841187
-248.039915
-748.039029
-200.795904
1070.855386
-248.039915
-791.346039
692.903300
322.825215
-299.220927
47.235153
-181.110900
-389.771947
283.455206
547.234267
-192.921902
-322.842932
-122.055886
220.463192
598.415278
-346.464937
-582.684991
15.739145
165.345180
492.116254
-39.378867
-318.905931
86.605162
-19.693863
-23.630864
-192.921902
-19.693863
346.447221
-43.315868
-82.685877
181.093183
-133.866889
-464.574964
82.668161
484.242252
-322.842932
-279.535922
539.360265
35.424150
-283.472923
149.597176
-27.567865
-228.354910
-66.937874
279.518206
157.471178
-255.913917
43.298152
82.668161
-78.748876
-55.126871
-220.480909
330.699217
456.683246
-452.763962
-413.393953
216.526191
425.187239
-66.937874
-429.141956
232.274195
-31.504865
-157.488894
535.423264
-240.165913
-606.306997
236.211196
421.250238
74.794159
-192.921902
-169.299897
106.290166
125.975171
-196.858903
-224.417909
129.912171
299.203210
271.644204
-244.102914
-925.204070
39.361151
1011.800373
436.998242
-263.787918
-543.314982
-98.433881
-35.441866
141.723174
255.896200
-350.401938
-161.425895
200.778188
696.840301
-86.622878
-653.551007
409.439235
-200.795904
-456.700963
161.408179
484.242252
145.660175
-535.440981
216.526191
236.211196
-90.559879
-145.677892
-43.315868
244.085197
-614.180998
149.597176
582.667275
-555.125985
255.896200
350.384222
-507.881974
-102.370882
129.912171
106.290166
216.526191
118.101169
-547.251983
-582.684991
578.730274
496.053255
-27.567865
114.164168
-385.834946
-51.189870
-74.811875
-444.889960
527.549262
499.990256
-263.787918
-708.669020
267.707203
716.525305
-480.322968
232.274195
-98.433881
-826.779047
681.092297
484.242252
-673.236012
-330.716934
499.990256
165.345180
-55.126871
507.864258
-507.881974
-708.669020
496.053255
574.793273
-98.433881
-968.511079
129.912171
929.123354
-393.708948
-244.102914
196.841187
452.746245
149.597176
-858.275054
19.676146
401.565233
-421.267954
35.424150
492.116254
-204.732905
149.597176
114.164168
-818.905045
271.644204
547.234267
-110.244883
-322.842932
-204.732905
433.061241
-240.165913
-192.921902
492.116254
86.605162
-216.543908
-19.693863
-114.181884
-346.464937
622.037284
31.487149
-748.039029
661.407293
362.195224
-295.283926
-602.369996
-307.094928
1283.453435
19.676146
-1173.235126
192.904186
460.620247
122.038170
157.471178
-484.259969
-480.322968
673.218295
303.140211
-236.228912
145.660175
-409.456952
-15.756862
425.187239
-507.881974
-216.543908
547.234267
157.471178
-51.189870
-7.882860
-295.283926
259.833201
98.416164
-625.992001
393.691232
-23.630864
-519.692977
712.588304
86.605162
-145.677892
70.857158
-519.692977
-192.921902
751.958313
716.525305
-1314.967159
-893.708062
984.241367
641.722288
362.195224
-448.826961
-917.330068
11.802144
535.423264
673.218295
19.676146
-1299.219155
-263.787918
1169.280409
-86.622878
-326.779933
106.290166
-70.874874
224.400193
381.880229
-133.866889
-1007.881088
-23.630864
858.257338
122.038170
-425.204955
-59.063872
531.486263
-389.771947
-137.803890
799.202324
-566.936988
-641.740005
366.132225
122.038170
405.502234
114.164168
-539.377981
-110.244883
35.424150
311.014213
228.337194
-362.212941
-204.732905
-192.921902
55.109154
448.809244
216.526191
188.967185
-74.811875
-614.180998
-366.149942
350.384222
559.045269
-460.637963
-519.692977
877.942342
208.652189
-248.039915
-19.693863
-716.543022
291.329208
519.675260
-204.732905
-63.000873
-200.795904
-271.661920
-23.630864
952.745359
413.376236
-1295.282154
-354.338939
1287.390436
161.408179
-1015.755090
-55.126871
141.723174
114.164168
523.612261
-110.244883
-433.078957
11.802144
322.825215
181.093183
-433.078957
-586.621992
645.659289
645.659289
-811.031043
-141.740891
421.250238
-35.441866
244.085197
-464.574964
-208.669906
531.486263
11.802144
-70.874874
-429.141956
311.014213
259.833201
-409.456952
732.273309
27.550148
-696.858017
-295.283926
90.542162
377.943228
-248.039915
220.463192
366.132225
-141.740891
-82.685877
-216.543908
94.479163
-51.189870
-248.039915
303.140211
161.408179
-263.787918
102.353165
192.904186
-448.826961
-114.181884
677.155296
204.715188
-342.527936
-362.212941
-303.157927
476.368251
484.242252
-303.157927
-39.378867
35.424150
-338.590936
-98.433881
468.494249
295.266209
-484.259969
-244.102914
326.762216
-161.425895
74.794159
574.793273
-291.346925
-822.842046
-299.220927
795.265323
625.974285
-464.574964
-86.622878
240.148197
-228.354910
-437.015958
-141.740891
291.329208
106.290166
307.077212
330.699217
-641.740005
-74.811875
98.416164
-240.165913
586.604276
-196.858903
-464.574964
-31.504865
244.085197
858.257338
-240.165913
-964.574079
145.660175
744.084312
-122.055886
-358.275940
-307.094928
-232.291911
708.651304
440.935242
-295.283926
-19.693863
-7.882860
-551.188984
55.109154
523.612261
-299.220927
-492.133971
212.589190
850.383336
-7.882860
-775.598035
66.920157
744.084312
-90.559879
-700.795018
133.849172
-59.063872
35.424150
200.778188
-157.488894
448.809244
-377.960945
-51.189870
751.958313
-559.062986
-271.661920
-0.008858
31.487149
433.061241
-338.590936
-216.543908
523.612261
425.187239
-417.330954
-665.362010
82.668161
460.620247
240.148197
-137.803890
-515.755976
-283.472923
570.856272
468.494249
326.762216
-66.937874
-1334.652163
-366.149942
1216.524420
436.998242
-665.362010
-523.629978
303.140211
834.635332
-98.433881
-657.488008
244.085197
141.723174
-566.936988
295.266209
732.273309
-728.354025
-602.369996
464.557248
346.447221
19.676146
-86.622878
-23.630864
-106.307883
133.849172
-11.819861
-251.976916
-326.779933
212.589190
744.084312
-295.283926
-492.133971
86.605162
362.195224
188.967185
-377.960945
-433.078957
232.274195
499.990256
-102.370882
-204.732905
-385.834946
362.195224
677.155296
-216.543908
-590.558993
-472.448966
704.714303
125.975171
-452.763962
507.864258
169.282180
-212.606907
-208.669906
35.424150
267.707203
7.865144
-405.519951
-437.015958
133.849172
330.699217
610.226281
291.329208
-964.574079
-157.488894
586.604276
279.518206
-153.551893
-1338.589164
496.053255
1185.028412
-692.921016
141.723174
98.416164
-204.732905
62.983156
-720.480023
413.376236
846.446335
-240.165913
-464.574964
-271.661920
141.723174
-177.173899
917.312351
444.872243
-1807.092271
-161.425895
1145.658403
992.115368
-681.110014
-1649.612235
539.360265
992.115368
330.699217
-570.873989
-240.165913
236.211196
-519.692977
47.235153
291.329208
397.628233
133.849172
-527.566979
-409.456952
185.030184
523.612261
-70.874874
55.109154
-240.165913
-82.685877
673.218295
-673.236012
-704.732019
673.218295
586.604276
-78.748876
-618.117999
-370.086943
783.454321
641.722288
-283.472923
-350.401938
-877.960059
39.361151
681.092297
-153.551893
417.313237
66.920157
-200.795904
-196.858903
-157.488894
311.014213
196.841187
-236.228912
-1141.739119
633.848286
1212.587419
-263.787918
-177.173899
-724.417024
-311.031929
649.596290
594.478277
-307.094928
-429.141956
125.975171
-267.724919
511.801259
444.872243
-885.834061
-118.118885
519.675260
82.668161
-23.630864
-440.952959
-334.653935
389.754231
594.478277
397.628233
-417.330954
-685.047015
153.534177
-35.441866
-35.441866
622.037284
-188.984901
-472.448966
43.298152
-63.000873
330.699217
598.415278
-405.519951
-905.519065
141.723174
590.541277
295.266209
-196.858903
-507.881974
161.408179
-177.173899
55.109154
795.265323
-248.039915
-381.897945
-334.653935
-70.874874
933.060355
216.526191
-1066.936102
-633.866003
1153.532405
1059.044384
-598.432995
-1000.007087
-94.496880
240.148197
-153.551893
740.147311
342.510220
-413.393953
-78.748876
-460.637963
334.636218
102.353165
-157.488894
208.652189
-421.267954
389.754231
122.038170
-295.283926
263.770202
-275.598921
-122.055886
94.479163
-165.362896
503.927257
614.163282
-429.141956
-1153.550122
-299.220927
1358.256452
334.636218
-653.551007
-177.173899
-287.409924
822.824330
-149.614892
-866.149056
838.572333
11.802144
-0.008858
377.943228
-893.708062
-519.692977
129.912171
767.706317
748.021313
-535.440981
-275.598921
-51.189870
-370.086943
-90.559879
330.699217
889.753345
-236.228912
-1031.503094
157.471178
283.455206
98.416164
354.321223
-157.488894
-594.495994
-204.732905
629.911286
767.706317
-759.850032
-1094.495108
1098.414393
755.895314
-803.157042
-173.236898
-251.976916
295.266209
641.722288
-814.968044
-303.157927
614.163282
334.636218
255.896200
-452.763962
-708.669020
334.636218
401.565233
-55.126871
110.227167
-232.291911
145.660175
-94.496880
-811.031043
826.761331
740.147311
-1011.818089
-200.795904
1015.737374
78.731160
-940.952073
-185.047901
224.400193
62.983156
295.266209
-169.299897
-11.819861
641.722288
-409.456952
-492.133971
389.754231
-283.472923
106.290166
86.605162
-110.244883
889.753345
-771.661034
-948.826075
1027.548376
555.108269
-409.456952
-192.921902
86.605162
-440.952959
318.888215
814.950328
-629.929002
-799.220041
-118.118885
952.745359
1259.831429
-1082.684105
-1295.282154
559.045269
366.132225
35.424150
440.935242
165.345180
-606.306997
-90.559879
228.337194
-283.472923
-23.630864
-82.685877
-0.008858
295.266209
555.108269
-55.126871
-925.204070
232.274195
444.872243
-704.732019
220.463192
968.493363
-397.645949
-834.653049
-82.685877
188.967185
118.101169
149.597176
55.109154
-192.921902
350.384222
503.927257
-775.598035
-653.551007
618.100283
-19.693863
-118.118885
444.872243
-354.338939
-488.196970
-39.378867
602.352279
696.840301
7.865144
-543.314982
-728.354025
-641.740005
-70.874874
1818.885557
1228.335422
-1484.258197
-968.511079
464.557248
161.408179
-185.047901
358.258224
275.581205
-771.661034
110.227167
1263.768430
-102.370882
-1031.503094
122.038170
460.620247
-708.669020
-377.960945
720.462306
523.612261
-118.118885
-196.858903
35.424150
-362.212941
-295.283926
334.636218
11.802144
-188.984901
314.951214
484.242252
-51.189870
-192.921902
-74.811875
-1137.802118
-393.708948
1334.634447
429.124240
-161.425895
-90.559879
-330.716934
62.983156
748.021313
-55.126871
-1448.825189
-196.858903
669.281295
531.486263
228.337194
-440.952959
527.549262
7.865144
-850.401052
240.148197
523.612261
-98.433881
-925.204070
-271.661920
901.564348
440.935242
-228.354910
-181.110900
299.203210
90.542162
-240.165913
-106.307883
-858.275054
-460.637963
1220.461420
685.029298
-748.039029
-31.504865
818.887329
-346.464937
-704.732019
15.739145
59.046155
358.258224
70.857158
-708.669020
-417.330954
673.218295
1236.209424
287.392207
-901.582064
-1106.306111
-106.307883
830.698331
657.470292
-153.551893
-1208.668134
-547.251983
1181.091411
1011.800373
-122.055886
-311.031929
-452.763962
-559.062986
255.896200
228.337194
-200.795904
-90.559879
62.983156
527.549262
181.093183
55.109154
55.109154
-696.858017
-456.700963
-11.819861
165.345180
468.494249
338.573219
-106.307883
-271.661920
74.794159
51.172153
-169.299897
47.235153
-7.882860
-311.031929
-82.685877
354.321223
342.510220
161.408179
-244.102914
-653.551007
192.904186
748.021313
-334.653935
-614.180998
-86.622878
350.384222
787.391322
-232.291911
-814.968044
118.101169
122.038170
-208.669906
74.794159
303.140211
82.668161
-114.181884
-39.378867
-118.118885
145.660175
330.699217
-149.614892
-283.472923
74.794159
78.731160
-145.677892
-11.819861
173.219181
291.329208
110.227167
-456.700963
-452.763962
279.518206
555.108269
-47.252869
-133.866889
-7.882860
-224.417909
137.786173
346.447221
141.723174
62.983156
-47.252869
-185.047901
-196.858903
322.825215
480.305251
-421.267954
-700.795018
314.951214
625.974285
-133.866889
-188.984901
35.424150
-338.590936
-409.456952
255.896200
271.644204
-244.102914
224.400193
51.172153
-511.818975
-7.882860
188.967185
-7.882860
-224.417909
-291.346925
-43.315868
90.542162
153.534177
137.786173
224.400193
137.786173
-314.968930
-318.905931
90.542162
244.085197
55.109154
-114.181884
43.298152
157.471178
-141.740891
-106.307883
149.597176
51.172153
240.148197
173.219181
-98.433881
55.109154
-3.945859
-55.126871
-161.425895
-98.433881
381.880229
145.660175
-295.283926
-59.063872
82.668161
-94.496880
-31.504865
185.030184
188.967185
-27.567865
-169.299897
-7.882860
3.928143
-181.110900
19.676146
287.392207
51.172153
-409.456952
-216.543908
303.140211
82.668161
-397.645949
-425.204955
-220.480909
283.455206
436.998242
-224.417909
-389.771947
19.676146
-27.567865
-224.417909
-129.929888
106.290166
35.424150
-66.937874
106.290166
118.101169
-27.567865
-192.921902
-153.551893
192.904186
255.896200
-47.252869
-23.630864
244.085197
3.928143
-125.992887
251.959199
307.077212
86.605162
220.463192
307.077212
-70.874874
-94.496880
393.691232
456.683246
137.786173
141.723174
496.053255
507.864258
196.841187
137.786173
125.975171
244.085197
366.132225
232.274195
141.723174
-19.693863
-200.795904
-342.527936
-326.779933
-248.039915
-393.708948
-555.125985
-629.929002
-566.936988
-570.873989
-641.740005
-559.062986
-519.692977
-484.259969
-421.267954
-311.031929
-251.976916
-283.472923
-228.354910
-137.803890
-188.984901
-248.039915
-141.740891
-47.252869
-3.945859
35.424150
66.920157
169.282180
216.526191
62.983156
47.235153
314.951214
322.825215
208.652189
440.935242
610.226281
539.360265
322.825215
421.250238
732.273309
472.431250
433.061241
818.887329
803.139325
661.407293
677.155296
799.202324
968.493363
1062.981384
724.399307
7.865144
-271.661920
19.676146
19.676146
-732.291025
-1275.597150
-972.448080
-948.826075
-1405.518179
-1283.471151
-704.732019
-779.535036
-1098.432109
-480.322968
303.140211
263.770202
177.156182
519.675260
496.053255
51.172153
114.164168
476.368251
94.479163
-476.385967
-283.472923
19.676146
-173.236898
-267.724919
15.739145
55.109154
-169.299897
-70.874874
248.022198
208.652189
-98.433881
-251.976916
-283.472923
-287.409924
-181.110900
-393.708948
-960.637078
-838.590050
-177.173899
-192.921902
-527.566979
-149.614892
299.203210
82.668161
15.739145
543.297266
677.155296
181.093183
161.408179
618.100283
641.722288
511.801259
586.604276
578.730274
625.974285
1011.800373
1263.768430
1043.296380
960.619361
1480.303480
1866.129568
1082.666389
-11.819861
98.416164
677.155296
70.857158
-1283.471151
-1527.565207
-1074.810104
-1582.683220
-2236.225369
-1704.730248
-1102.369110
-1551.187212
-1696.856246
-559.062986
232.274195
-51.189870
196.841187
929.123354
724.399307
358.258224
1011.800373
1279.516434
208.652189
-397.645949
129.912171
200.778188
-370.086943
-307.094928
165.345180
66.920157
-149.614892
98.416164
401.565233
397.628233
267.707203
-106.307883
-527.566979
-255.913917
-70.874874
-929.141070
-1657.486237
-1232.290140
-830.716048
-1275.597150
-1263.786147
-472.448966
-145.677892
-318.905931
157.471178
1047.233381
1110.225395
763.769316
838.572333
1015.737374
968.493363
881.879343
936.997356
854.320337
877.942342
1216.524420
1263.768430
1086.603390
1248.020427
1921.247580
2287.388664
1397.626461
66.920157
-39.378867
625.974285
27.550148
-1618.116228
-2188.981358
-1866.147284
-2492.130427
-3177.168584
-2433.075414
-1677.171241
-2228.351367
-2389.768404
-937.015072
177.156182
208.652189
661.407293
1330.697446
1078.729388
854.320337
1716.523534
2059.042612
905.501349
145.660175
562.982270
688.966299
157.471178
145.660175
440.935242
94.479163
-169.299897
251.959199
456.683246
181.093183
-23.630864
-295.283926
-704.732019
-803.157042
-669.299011
-1157.487123
-2074.808332
-2169.296354
-1523.628206
-1417.329182
-1795.281268
-1322.841160
-338.590936
-192.921902
-157.488894
818.887329
1657.468520
1503.925485
1326.760445
1700.775530
1826.759559
1448.807473
1287.390436
1354.319451
1090.540391
913.375350
1098.414393
1118.099397
1090.540391
1598.413507
2338.569676
2188.963642
921.249352
-165.362896
15.739145
393.691232
-787.409038
-2440.949416
-2704.728476
-2657.484465
-3500.002657
-3751.970715
-2610.240454
-2125.989344
-2976.381538
-2519.689434
-342.527936
728.336308
484.242252
1062.981384
2078.727616
1901.562576
1696.838529
2555.104725
2519.671717
1043.296380
374.006227
795.265323
759.832315
248.022198
122.038170
161.408179
-181.110900
-259.850918
177.156182
362.195224
153.534177
-334.653935
-948.826075
-1074.810104
-720.480023
-779.535036
-1590.557221
-2303.154384
-2397.642406
-2287.406381
-1956.698305
-1255.912145
-944.889074
-1192.920131
-696.858017
755.895314
1610.224509
1633.846515
1755.893543
1870.066569
1783.452549
1976.365593
2330.695674
1992.113597
1047.233381
673.218295
992.115368
1090.540391
834.635332
842.509334
1110.225395
1401.563462
1992.113597
2145.656632
933.060355
-413.393953
-311.031929
78.731160
-1228.353139
-2763.783489
-2850.397509
-3177.168584
-4248.032828
-3921.261754
-2433.075414
-2334.650391
-3094.491565
-1976.383310
212.589190
901.564348
909.438349
2019.672603
2917.308808
2405.498691
2196.837643
2968.489820
2755.891771
1259.831429
499.990256
807.076326
586.604276
-153.551893
-314.968930
-334.653935
-594.495994
-559.062986
-263.787918
-114.181884
-330.716934
-641.740005
-826.779047
-984.259083
-1125.991115
-1314.967159
-1751.974258
-2452.760418
-2763.783489
-2157.485351
-1464.573193
-1433.077185
-1263.786147
-433.078957
433.061241
1023.611375
1716.523534
2259.829658
2212.585647
2035.420607
2196.837643
2295.262666
1893.688574
1299.201438
881.879343
736.210310
696.840301
633.848286
645.659289
716.525305
976.367365
1610.224509
2389.750687
2185.026641
539.360265
-712.606021
-177.173899
204.715188
-1531.502208
-3370.081628
-3452.758647
-3480.317653
-4314.961844
-3929.135755
-2346.461394
-2303.154384
-2968.507536
-1468.510194
877.942342
1531.484491
1566.917500
2547.230723
3106.284851
2531.482720
2578.726731
3196.835872
2480.301708
874.005341
279.518206
484.242252
192.904186
-291.346925
-480.322968
-751.976030
-925.204070
-555.125985
-110.244883
-51.189870
-181.110900
-618.117999
-1181.109128
-1153.550122
-862.212055
-1228.353139
-2082.682334
-2610.240454
-2649.610463
-2267.721376
-1480.321196
-921.267069
-787.409038
-358.275940
614.163282
1633.846515
2204.711645
2429.120696
2440.931699
2169.278637
1936.995584
1948.806587
1850.381564
1216.524420
377.943228
114.164168
362.195224
492.116254
433.061241
547.234267
917.312351
1555.106497
2456.679703
2468.490705
826.761331
-641.740005
-240.165913
188.967185
-1492.132199
-3417.325639
-3523.624663
-3511.813660
-4472.441880
-4220.473822
-2405.516408
-2003.942316
-2897.641520
-1685.045243
1086.603390
2106.286623
1779.515548
2515.734716
3440.929927
2933.056812
2523.608718
3086.599847
2677.151753
881.879343
-145.677892
157.471178
192.904186
-503.944973
-1007.881088
-1023.629092
-874.023058
-602.369996
-267.724919
-15.756862
-47.252869
-531.503980
-1023.629092
-807.094043
-448.826961
-1157.487123
-2377.957401
-2720.476479
-2385.831403
-2216.540364
-1881.895288
-1110.243112
-610.243998
-393.708948
456.683246
1799.200553
2492.112711
2346.443678
2228.333651
2358.254680
2283.451663
1897.625575
1531.484491
1141.721402
389.754231
-133.866889
66.920157
322.825215
236.211196
267.707203
700.777302
1444.870472
2559.041726
3043.292837
1661.405521
-291.346925
-456.700963
444.872243
-551.188984
-3007.877545
-3874.017743
-3629.923687
-4374.016857
-4685.039928
-3007.877545
-1807.092271
-2692.917473
-2496.067428
381.880229
2555.104725
2255.892657
2192.900642
3346.441906
3452.740930
2535.419721
2716.521762
3118.095854
1625.972513
-389.771947
-622.055000
27.550148
-259.850918
-1157.487123
-1433.077185
-1125.991115
-767.724034
-362.212941
51.172153
275.581205
-63.000873
-885.834061
-1267.723148
-807.094043
-547.251983
-1507.880203
-2795.279497
-2842.523507
-1988.194312
-1464.573193
-1192.920131
-625.992001
-78.748876
275.581205
1125.973399
2519.671717
3003.922828
2236.207652
1767.704545
2055.105611
2102.349622
1535.421492
917.312351
405.502234
-106.307883
-287.409924
70.857158
484.242252
519.675260
476.368251
1003.926371
2275.577661
3271.638889
2346.443678
74.794159
-811.031043
110.227167
-133.866889
-2440.949416
-3874.017743
-3625.986686
-4070.867788
-4826.771960
-3590.553678
-1783.470266
-2039.375324
-2523.626435
-409.456952
2322.821672
2712.584761
2220.459649
2964.552819
3566.913956
2854.316794
2417.309694
2755.891771
1976.365593
-0.008858
-988.196084
-507.881974
-216.543908
-877.960059
-1511.817203
-1381.896174
-775.598035
-267.724919
-55.126871
173.219181
204.715188
-464.574964
-1110.243112
-834.653049
-444.889960
-1279.534150
-2649.610463
-2897.641520
-2196.855360
-1724.415252
-1460.636192
-803.157042
-90.559879
299.203210
1039.359379
2326.758673
2921.245809
2421.246695
1999.987598
2192.900642
2204.711645
1574.791501
877.942342
362.195224
-125.992887
-370.086943
-232.291911
31.487149
165.345180
326.762216
775.580319
1779.515548
3129.906856
3295.260894
1393.689460
-503.944973
-129.929888
685.029298
-1062.999101
-3570.868674
-3913.387752
-3720.474708
-4685.039928
-4535.433894
-2492.130427
-1740.163256
-2692.917473
-1755.911259
1362.193453
3070.851843
2535.419721
2444.868700
3460.614932
3464.551933
2570.852729
2499.986713
2460.616704
822.824330
-1098.432109
-1196.857132
-488.196970
-783.472037
-1598.431223
-1744.100257
-1125.991115
-413.393953
31.487149
318.888215
480.305251
204.715188
-582.684991
-964.574079
-594.495994
-688.984016
-1838.588278
-2885.830517
-2787.405495
-2043.312325
-1472.447194
-1051.188098
-500.007972
110.227167
681.092297
1551.169496
2677.151753
3031.481834
2338.569676
1811.011555
1929.121582
1818.885557
1177.154411
456.683246
-106.307883
-519.692977
-578.747990
-236.228912
165.345180
370.069226
574.793273
1181.091411
2484.238709
3688.960984
2996.048826
708.651304
-460.637963
291.329208
149.597176
-2173.233355
-3881.891745
-3850.395737
-4259.843831
-5000.000000
-3826.773732
-1901.580292
-1944.887302
-2444.886417
-492.133971
2389.750687
3133.843857
2590.537733
2972.426821
3649.590975
3118.095854
2338.569676
2330.695674
1755.893543
-74.811875
-1437.014186
-1224.416138
-696.858017
-996.070086
-1598.431223
-1570.872217
-791.346039
-0.008858
318.888215
429.124240
492.116254
141.723174
-692.921016
-1125.991115
-877.960059
-1035.440095
-2137.800346
-3157.483579
-2834.649506
-1661.423238
-1062.999101
-838.590050
-161.425895
574.793273
1031.485377
1877.940571
2976.363821
2984.237823
2074.790616
1586.602504
1669.279523
1539.358493
929.123354
78.731160
-562.999987
-681.110014
-511.818975
-228.354910
271.644204
606.289280
791.328322
1610.224509
3086.599847
3783.449006
2350.380678
106.290166
-374.023944
322.825215
-657.488008
-3003.940544
-3952.757761
-3933.072756
-4704.724933
-4696.850931
-2822.838503
-1625.990230
-2161.422352
-1704.730248
822.824330
2850.379793
2976.363821
2744.080768
3220.457877
3440.929927
2755.891771
2161.404635
2019.672603
1019.674375
-846.464052
-1649.612235
-1074.810104
-803.157042
-1350.400167
-1704.730248
-1295.282154
-440.952959
255.896200
456.683246
460.620247
354.321223
-244.102914
-929.141070
-874.023058
-625.992001
-1358.274168
-2641.736461
-2980.318539
-2149.611349
-1204.731133
-787.409038
-507.881974
47.235153
700.777302
1472.429478
2468.490705
2968.489820
2440.931699
1641.720517
1464.555476
1657.468520
1342.508448
366.132225
-531.503980
-779.535036
-566.936988
-330.716934
-55.126871
334.636218
685.029298
1094.477392
2129.908628
3602.346964
3618.094968
1397.626461
-468.511965
-31.504865
389.754231
-1480.321196
-3531.498665
-3858.269739
-4149.607806
-4881.889973
-3992.127770
-2055.123328
-1759.848260
-2322.839389
-917.330068
1807.074554
3145.654860
2834.631789
2759.828772
3279.512891
3153.528862
2425.183696
2102.349622
1728.334536
244.085197
-1350.400167
-1476.384195
-866.149056
-893.708062
-1448.825189
-1633.864231
-1039.377096
-90.559879
476.368251
507.864258
444.872243
200.778188
-476.385967
-980.322082
-850.401052
-905.519065
-1862.210283
-2897.641520
-2771.657491
-1724.415252
-960.637078
-799.220041
-374.023944
436.998242
1027.548376
1704.712531
2696.836758
2952.741816
2094.475620
1377.941456
1499.988484
1602.350508
936.997356
-125.992887
-755.913031
-696.858017
-468.511965
-311.031929
82.668161
574.793273
877.942342
1429.122468
2803.135782
3929.118039
2944.867814
594.478277
-314.968930
409.439235
-102.370882
-2413.390409
-3775.592720
-3803.151727
-4448.819874
-4795.275953
-3220.475594
-1767.722262
-2145.674348
-2137.800346
74.794159
2503.923714
3047.229838
2677.151753
2905.497805
3318.882900
2999.985827
2299.199667
1925.184581
1224.398421
-374.023944
-1559.061214
-1330.715162
-795.283040
-1066.936102
-1625.990230
-1500.006201
-669.299011
188.967185
555.108269
496.053255
295.266209
-55.126871
-622.055000
-917.330068
-767.724034
-1070.873103
-2220.477365
-2984.255540
-2354.335396
-1263.786147
-905.519065
-763.787033
-86.622878
669.281295
1228.335422
2059.042612
2846.442792
2633.844743
1732.271537
1362.193453
1551.169496
1405.500463
527.549262
-460.637963
-791.346039
-586.621992
-405.519951
-232.291911
196.841187
594.478277
893.690346
1716.523534
3165.339865
3814.945013
2314.947670
153.534177
-129.929888
602.352279
-547.251983
-2905.515522
-3696.852702
-3708.663705
-4594.488907
-4555.118898
-2688.980472
-1696.856246
-2346.461394
-1771.659263
767.706317
2748.017769
2917.308808
2562.978727
2893.686803
3307.071897
2874.001798
2161.404635
1779.515548
909.438349
-724.417024
-1586.620221
-1062.999101
-704.732019
-1248.038143
-1688.982244
-1314.967159
-437.015958
311.014213
562.982270
433.061241
185.030184
-200.795904
-625.992001
-755.913031
-826.779047
-1413.392181
-2346.461394
-2744.098485
-2106.304339
-1161.424123
-838.590050
-740.165027
-70.874874
838.572333
1429.122468
2031.483606
2594.474734
2381.876686
1661.405521
1377.941456
1523.610490
1299.201438
425.187239
-468.511965
-681.110014
-409.456952
-299.220927
-200.795904
251.959199
696.840301
1003.926371
1822.822558
3181.087868
3539.354950
1909.436578
102.353165
137.786173
645.659289
-842.527051
-3011.814546
-3496.065657
-3622.049685
-4511.811889
-4188.977815
-2452.760418
-1929.139299
-2476.382424
-1460.636192
960.619361
2507.860714
2629.907742
2464.553705
2759.828772
3086.599847
2787.387778
2106.286623
1610.224509
771.643318
-669.299011
-1377.959173
-881.897060
-673.236012
-1338.589164
-1681.108242
-1129.928116
-279.535922
287.392207
440.935242
366.132225
129.912171
-354.338939
-677.173013
-488.196970
-562.999987
-1602.368224
-2657.484465
-2448.823417
-1492.132199
-1078.747105
-1114.180113
-712.606021
86.605162
716.525305
1311.012441
2118.097625
2496.049712
1948.806587
1381.878457
1625.972513
1854.318565
1137.784402
15.739145
-425.204955
-299.220927
-342.527936
-425.204955
-125.992887
295.266209
527.549262
936.997356
1952.743588
3192.898871
3271.638889
1622.035512
74.794159
401.565233
811.013327
-952.763076
-3035.436551
-3299.215612
-3433.073642
-4366.142855
-3964.568764
-2326.776390
-2031.501322
-2625.988458
-1543.313211
925.186353
2405.498691
2362.191681
2149.593633
2622.033740
3185.024869
2881.875800
2106.286623
1637.783516
846.446335
-547.251983
-1157.487123
-625.992001
-531.503980
-1417.329182
-1842.525279
-1118.117114
-192.921902
220.463192
220.463192
94.479163
-39.378867
-275.598921
-429.141956
-358.275940
-606.306997
-1578.746219
-2421.264411
-2141.737347
-1295.282154
-1027.566093
-1232.290140
-905.519065
7.865144
767.706317
1322.823444
1889.751573
2118.097625
1783.452549
1448.807473
1629.909514
1783.452549
1145.658403
102.353165
-326.779933
-173.236898
-196.858903
-377.960945
-208.669906
216.526191
539.360265
885.816344
1673.216524
2850.379793
3192.898871
1724.397536
125.975171
499.990256
1074.792387
-685.047015
-2874.019515
-3043.310553
-3027.562550
-4086.615791
-3980.316767
-2440.949416
-2090.556336
-2669.295468
-1708.667248
531.486263
1964.554590
2078.727616
1889.751573
2326.758673
3047.229838
2925.182810
2074.790616
1606.287509
1118.099397
-157.488894
-972.448080
-551.188984
-405.519951
-1303.156156
-1818.903274
-1177.172127
-283.472923
74.794159
47.235153
31.487149
43.298152
-169.299897
-464.574964
-409.456952
-389.771947
-1224.416138
-2311.028386
-2216.540364
-1248.038143
-964.574079
-1303.156156
-1019.692091
-141.740891
551.171268
1051.170382
1685.027527
2007.861600
1712.586533
1413.374464
1637.783516
1917.310580
1377.941456
279.518206
-244.102914
-7.882860
19.676146
-326.779933
-267.724919
173.219181
452.746245
696.840301
1370.067455
2444.868700
3078.725845
2145.656632
460.620247
318.888215
1118.099397
43.298152
-2283.469380
-2952.759533
-2708.665477
-3578.742675
-4003.938773
-2787.405495
-2094.493337
-2618.114456
-2165.359353
-255.913917
1326.760445
1787.389550
1704.712531
1944.869586
2751.954770
3102.347850
2362.191681
1586.602504
1255.894429
468.494249
-539.377981
-566.936988
-244.102914
-866.149056
-1661.423238
-1366.148170
-511.818975
-82.685877
-86.622878
-137.803890
-157.488894
-204.732905
-279.535922
-330.716934
-460.637963
-940.952073
-1767.722262
-2055.123328
-1448.825189
-984.259083
-1212.605135
-1240.164141
-551.188984
240.148197
759.832315
1244.083426
1590.539505
1570.854500
1499.988484
1669.279523
1803.137553
1511.799487
775.580319
145.660175
106.290166
177.156182
-118.118885
-334.653935
-94.496880
275.581205
562.982270
948.808358
1562.980499
2405.498691
2673.214752
1484.240481
279.518206
728.336308
996.052369
-830.716048
-2559.059443
-2484.256426
-2677.169470
-3732.285711
-3456.695648
-2295.280382
-2322.839389
-2629.925459
-1488.195198
244.085197
1248.020427
1543.295494
1562.980499
1972.428592
2787.387778
2854.316794
1988.176596
1436.996470
1196.839415
311.014213
-456.700963
-267.724919
-271.661920
-1070.873103
-1535.439209
-1011.818089
-295.283926
-161.425895
-251.976916
-240.165913
-204.732905
-251.976916
-350.401938
-287.409924
-425.204955
-1153.550122
-1807.092271
-1566.935216
-968.511079
-952.763076
-1232.290140
-1007.881088
-350.401938
259.833201
787.391322
1173.217410
1248.020427
1248.020427
1444.870472
1700.775530
1669.279523
1240.146425
594.478277
224.400193
322.825215
295.266209
-118.118885
-314.968930
-23.630864
389.754231
720.462306
1015.737374
1499.988484
2259.829658
2295.262666
1011.800373
196.841187
881.879343
712.588304
-1311.030158
-2476.382424
-2106.304339
-2547.248440
-3503.939658
-3007.877545
-2153.548350
-2452.760418
-2425.201412
-1125.991115
185.030184
897.627347
1271.642432
1409.437464
1917.310580
2803.135782
2720.458763
1692.901528
1314.949442
1330.697446
484.242252
-330.716934
-122.055886
-157.488894
-1074.810104
-1440.951187
-716.543022
-145.677892
-295.283926
-515.755976
-385.834946
-141.740891
-149.614892
-385.834946
-507.881974
-547.251983
-921.267069
-1413.392181
-1366.148170
-968.511079
-992.133085
-1255.912145
-956.700077
-224.417909
271.644204
523.612261
795.265323
1074.792387
1318.886443
1480.303480
1436.996470
1330.697446
1232.272423
897.627347
472.431250
354.321223
334.636218
15.739145
-220.480909
27.550148
460.620247
688.966299
811.013327
1204.713417
2035.420607
2417.309694
1314.949442
133.849172
586.604276
929.123354
-740.165027
-2271.658377
-1964.572307
-2070.871331
-3283.467608
-3224.412595
-2141.737347
-2204.729362
-2614.177455
-1692.919245
-338.590936
484.242252
996.052369
1177.154411
1488.177482
2417.309694
2775.576776
1909.436578
1393.689460
1602.350508
948.808358
-141.740891
-51.189870
216.526191
-681.110014
-1397.644177
-893.708062
-279.535922
-350.401938
-496.070972
-452.763962
-377.960945
-271.661920
-287.409924
-488.196970
-551.188984
-641.740005
-1141.739119
-1405.518179
-956.700077
-728.354025
-1153.550122
-1192.920131
-468.511965
78.731160
224.400193
484.242252
791.328322
1031.485377
1299.201438
1417.311465
1342.508448
1350.382450
1177.154411
673.218295
488.179253
641.722288
366.132225
-129.929888
-19.693863
460.620247
641.722288
641.722288
854.320337
1539.358493
2216.522648
1641.720517
342.510220
330.699217
999.989370
-3.945859
-1724.415252
-1799.218269
-1610.242226
-2732.287482
-3188.979586
-2283.469380
-2074.808332
-2594.492451
-2133.863346
-925.204070
-90.559879
555.108269
972.430364
1098.414393
1822.822558
2661.403749
2216.522648
1393.689460
1559.043498
1539.358493
460.620247
-74.811875
346.447221
-19.693863
-1043.314096
-1051.188098
-370.086943
-330.716934
-657.488008
-661.425009
-492.133971
-374.023944
-374.023944
-543.314982
-614.180998
-551.188984
-834.653049
-1244.101142
-1074.810104
-751.976030
-1023.629092
-1208.668134
-669.299011
-122.055886
-7.882860
177.156182
543.297266
838.572333
1133.847401
1259.831429
1149.595404
1220.461420
1322.823444
960.619361
590.541277
700.777302
661.407293
173.219181
31.487149
440.935242
685.029298
637.785287
681.092297
1039.359379
1755.893543
2051.168610
1062.981384
110.227167
566.919271
807.076326
-610.243998
-1759.848260
-1496.069200
-1842.525279
-2996.066542
-2795.279497
-1901.580292
-2240.162370
-2677.169470
-1744.100257
-602.369996
-51.189870
484.242252
866.131340
1118.099397
1881.877571
2433.057697
1889.751573
1381.878457
1633.846515
1299.201438
334.636218
232.274195
503.927257
-200.795904
-1047.251097
-759.850032
-208.669906
-377.960945
-692.921016
-653.551007
-464.574964
-303.157927
-354.338939
-570.873989
-547.251983
-519.692977
-921.267069
-1173.235126
-858.275054
-755.913031
-1177.172127
-1161.424123
-555.125985
-200.795904
-94.496880
125.975171
393.691232
744.084312
1102.351393
1137.784402
1055.107383
1248.020427
1244.083426
846.446335
767.706317
948.808358
602.352279
98.416164
240.148197
574.793273
570.856272
559.045269
677.155296
960.619361
1582.665503
1795.263552
901.564348
177.156182
622.037284
685.029298
-618.117999
-1488.195198
-1307.093157
-1858.273283
-2877.956515
-2527.563435
-1811.029272
-2322.839389
-2661.421466
-1657.486237
-700.795018
-322.842932
334.636218
814.950328
889.753345
1598.413507
2354.317679
1917.310580
1362.193453
1641.720517
1393.689460
456.683246
397.628233
661.407293
-173.236898
-996.070086
-570.873989
-114.181884
-456.700963
-661.425009
-500.007972
-476.385967
-429.141956
-322.842932
-437.015958
-519.692977
-527.566979
-854.338053
-1039.377096
-685.047015
-673.236012
-1192.920131
-1141.739119
-527.566979
-314.968930
-350.401938
-15.756862
311.014213
484.242252
830.698331
1074.792387
1070.855386
1157.469406
1208.650418
968.493363
889.753345
1051.170382
767.706317
248.022198
271.644204
625.974285
590.541277
401.565233
547.234267
787.391322
1125.973399
1531.484491
1275.579433
429.124240
291.329208
712.588304
141.723174
-1011.818089
-1244.101142
-1362.211169
-2334.650391
-2602.366453
-1850.399281
-2003.942316
-2728.350481
-2145.674348
-1027.566093
-732.291025
-259.850918
590.541277
700.777302
917.312351
1976.365593
2251.955656
1429.122468
1374.004456
1736.208538
1039.359379
385.817230
649.596290
366.132225
-629.929002
-751.976030
-244.102914
-393.708948
-720.480023
-614.180998
-570.873989
-555.125985
-342.527936
-377.960945
-606.306997
-500.007972
-472.448966
-791.346039
-787.409038
-562.999987
-838.590050
-1086.621106
-724.417024
-472.448966
-523.629978
-295.283926
47.235153
173.219181
492.116254
917.312351
960.619361
988.178367
1236.209424
1216.524420
1043.296380
1114.162396
1047.233381
614.163282
444.872243
649.596290
629.911286
452.746245
511.801259
610.226281
775.580319
1283.453435
1472.429478
716.525305
137.786173
562.982270
657.470292
-385.834946
-1129.928116
-1106.306111
-1657.486237
-2413.390409
-2106.304339
-1755.911259
-2374.020400
-2519.689434
-1614.179227
-1027.566093
-724.417024
62.983156
472.431250
413.376236
1220.461420
2161.404635
1748.019541
1177.154411
1582.665503
1570.854500
751.958313
606.289280
771.643318
23.613147
-665.362010
-393.708948
-196.858903
-551.188984
-641.740005
-535.440981
-614.180998
-480.322968
-255.913917
-440.952959
-566.936988
-444.889960
-622.055000
-830.716048
-622.055000
-645.677006
-1035.440095
-992.133085
-661.425009
-614.180998
-496.070972
-165.362896
-59.063872
98.416164
673.218295
992.115368
905.501349
1106.288394
1354.319451
1165.343408
1059.044384
1212.587419
972.430364
523.612261
519.675260
625.974285
503.927257
484.242252
598.415278
590.541277
728.336308
1244.083426
1354.319451
629.911286
204.715188
590.541277
535.423264
-456.700963
-1082.684105
-1118.117114
-1677.171241
-2287.406381
-2003.942316
-1877.958287
-2480.319425
-2448.823417
-1574.809218
-1118.117114
-803.157042
35.424150
393.691232
377.943228
1283.453435
2133.845629
1649.594518
1169.280409
1641.720517
1570.854500
795.265323
677.155296
740.147311
27.550148
-484.259969
-224.417909
-181.110900
-472.448966
-480.322968
-468.511965
-566.936988
-334.653935
-149.614892
-405.519951
-535.440981
-444.889960
-641.740005
-795.283040
-633.866003
-799.220041
-1173.235126
-1074.810104
-842.527051
-822.842046
-555.125985
-204.732905
-200.795904
51.172153
751.958313
996.052369
885.816344
1129.910400
1318.886443
1141.721402
1161.406407
1271.642432
940.934357
574.793273
578.730274
566.919271
480.305251
515.738260
476.368251
413.376236
629.911286
1110.225395
1362.193453
885.816344
244.085197
421.250238
755.895314
11.802144
-960.637078
-1015.755090
-1251.975144
-2082.682334
-2102.367338
-1716.541250
-2291.343381
-2677.169470
-1822.840274
-1216.542136
-1153.550122
-374.023944
255.896200
118.101169
763.769316
1948.806587
1799.200553
1106.288394
1484.240481
1740.145539
1023.611375
771.643318
964.556362
366.132225
-322.842932
-188.984901
-27.567865
-307.094928
-425.204955
-468.511965
-633.866003
-413.393953
-106.307883
-409.456952
-661.425009
-448.826961
-484.259969
-748.039029
-594.495994
-555.125985
-1023.629092
-1129.928116
-748.039029
-657.488008
-685.047015
-429.141956
-259.850918
-118.118885
381.880229
775.580319
748.021313
807.076326
1090.540391
1177.154411
1129.910400
1181.091411
1082.666389
814.950328
677.155296
637.785287
614.163282
582.667275
492.116254
440.935242
535.423264
767.706317
1118.099397
1074.792387
413.376236
169.282180
665.344294
519.675260
-531.503980
-984.259083
-905.519065
-1539.376210
-2039.375324
-1633.864231
-1779.533265
-2523.626435
-2244.099371
-1385.833175
-1244.101142
-964.574079
-129.929888
47.235153
106.290166
1145.658403
1803.137553
1244.083426
1043.296380
1551.169496
1421.248466
952.745359
996.052369
811.013327
161.408179
-66.937874
106.290166
-11.819861
-244.102914
-354.338939
-551.188984
-523.629978
-192.921902
-311.031929
-755.913031
-677.173013
-437.015958
-677.173013
-807.094043
-622.055000
-799.220041
-1102.369110
-885.834061
-653.551007
-759.850032
-594.495994
-236.228912
-212.606907
-27.567865
566.919271
787.391322
645.659289
877.942342
1200.776416
1074.792387
960.619361
1102.351393
1043.296380
783.454321
649.596290
625.974285
586.604276
586.604276
574.793273
566.919271
645.659289
826.761331
1122.036398
1074.792387
496.053255
283.455206
661.407293
405.502234
-602.369996
-944.889074
-866.149056
-1531.502208
-2043.312325
-1704.730248
-1799.218269
-2440.949416
-2145.674348
-1295.282154
-1145.676120
-956.700077
-192.921902
94.479163
165.345180
992.115368
1618.098511
1185.028412
940.934357
1429.122468
1436.996470
976.367365
893.690346
763.769316
208.652189
-51.189870
129.912171
31.487149
-279.535922
-413.393953
-507.881974
-452.763962
-267.724919
-409.456952
-661.425009
-551.188984
-460.637963
-669.299011
-649.614007
-551.188984
-874.023058
-1047.251097
-681.110014
-562.999987
-807.094043
-629.929002
-240.165913
-177.173899
7.865144
472.431250
598.415278
539.360265
807.076326
1074.792387
1039.359379
1015.737374
1062.981384
992.115368
858.257338
767.706317
700.777302
633.848286
559.045269
531.486263
610.226281
657.470292
712.588304
968.493363
1043.296380
527.549262
263.770202
665.344294
511.801259
-515.755976
-929.141070
-688.984016
-1236.227141
-1937.013301
-1657.486237
-1606.305225
-2299.217383
-2185.044357
-1318.904159
-1188.983130
-1212.605135
-492.133971
-90.559879
-74.811875
744.084312
1535.421492
1125.973399
858.257338
1488.177482
1610.224509
1066.918385
960.619361
893.690346
307.077212
62.983156
275.581205
106.290166
-322.842932
-500.007972
-562.999987
-523.629978
-311.031929
-350.401938
-625.992001
-629.929002
-464.574964
-437.015958
-444.889960
-539.377981
-822.842046
-921.267069
-712.606021
-649.614007
-751.976030
-700.795018
-586.621992
-429.141956
-47.252869
263.770202
322.825215
452.746245
748.021313
952.745359
1055.107383
1145.658403
1106.288394
992.115368
972.430364
933.060355
783.454321
673.218295
574.793273
484.242252
551.171268
673.218295
614.163282
700.777302
1047.233381
834.635332
283.455206
448.809244
720.462306
11.802144
-751.976030
-649.614007
-799.220041
-1602.368224
-1712.604249
-1464.573193
-1992.131313
-2299.217383
-1629.927230
-1236.227141
-1405.518179
-933.078071
-216.543908
-188.984901
153.534177
1125.973399
1334.634447
854.320337
1051.170382
1562.980499
1330.697446
929.123354
885.816344
657.470292
224.400193
114.164168
149.597176
-98.433881
-354.338939
-452.763962
-480.322968
-350.401938
-244.102914
-393.708948
-511.818975
-437.015958
-448.826961
-468.511965
-377.960945
-511.818975
-814.968044
-787.409038
-590.558993
-677.173013
-751.976030
-574.810990
-515.755976
-452.763962
-51.189870
275.581205
275.581205
393.691232
696.840301
830.698331
909.438349
1078.729388
1047.233381
846.446335
822.824330
877.942342
787.391322
677.155296
637.785287
574.793273
637.785287
744.084312
688.966299
814.950328
1074.792387
736.210310
208.652189
484.242252
751.958313
-55.126871
-748.039029
-547.251983
-803.157042
-1562.998215
-1519.691205
-1366.148170
-2078.745333
-2275.595378
-1460.636192
-1228.353139
-1500.006201
-925.204070
-255.913917
-287.409924
118.101169
1031.485377
1102.351393
704.714303
1019.674375
1460.618475
1204.713417
877.942342
822.824330
586.604276
318.888215
271.644204
153.534177
-74.811875
-204.732905
-311.031929
-385.834946
-185.047901
-98.433881
-405.519951
-523.629978
-255.913917
-228.354910
-480.322968
-527.566979
-559.062986
-791.346039
-807.094043
-661.425009
-771.661034
-885.834061
-700.795018
-523.629978
-421.267954
-177.173899
94.479163
240.148197
440.935242
724.399307
870.068340
909.438349
936.997356
980.304366
1023.611375
960.619361
771.643318
685.029298
748.021313
700.777302
570.856272
641.722288
767.706317
661.407293
728.336308
1082.666389
921.249352
330.699217
405.502234
783.454321
248.022198
-555.125985
-562.999987
-688.984016
-1464.573193
-1610.242226
-1334.652163
-1897.643292
-2342.524393
-1708.667248
-1287.408152
-1519.691205
-1094.495108
-374.023944
-401.582950
-141.740891
850.383336
1125.973399
681.092297
846.446335
1330.697446
1216.524420
944.871358
858.257338
586.604276
358.258224
374.006227
240.148197
11.802144
-27.567865
-169.299897
-381.897945
-149.614892
62.983156
-299.220927
-492.133971
-200.795904
-212.606907
-515.755976
-511.818975
-531.503980
-850.401052
-889.771061
-696.858017
-842.527051
-1031.503094
-822.842046
-586.621992
-515.755976
-311.031929
-7.882860
153.534177
338.573219
622.037284
814.950328
925.186353
964.556362
940.934357
1019.674375
1066.918385
885.816344
700.777302
712.588304
732.273309
657.470292
700.777302
751.958313
614.163282
602.352279
976.367365
1161.406407
673.218295
283.455206
578.730274
633.848286
-114.181884
-598.432995
-511.818975
-968.511079
-1606.305225
-1393.707177
-1338.589164
-2118.115342
-2212.603363
-1417.329182
-1291.345153
-1488.195198
-858.275054
-334.653935
-444.889960
82.668161
999.989370
901.564348
543.297266
1007.863372
1322.823444
1019.674375
929.123354
901.564348
527.549262
381.880229
456.683246
212.589190
-11.819861
-0.008858
-196.858903
-291.346925
31.487149
-27.567865
-433.078957
-334.653935
-157.488894
-456.700963
-527.566979
-354.338939
-700.795018
-988.196084
-685.047015
-704.732019
-1090.558107
-893.708062
-562.999987
-712.606021
-590.558993
-82.685877
23.613147
19.676146
440.935242
736.210310
700.777302
814.950328
968.493363
921.249352
952.745359
999.989370
795.265323
657.470292
740.147311
677.155296
551.171268
610.226281
645.659289
562.982270
665.344294
976.367365
1027.548376
641.722288
366.132225
566.919271
618.100283
43.298152
-492.133971
-539.377981
-842.527051
-1405.518179
-1397.644177
-1354.337168
-1976.383310
-2196.855360
-1543.313211
-1287.408152
-1511.817203
-1031.503094
-358.275940
-358.275940
-43.315868
826.761331
976.367365
645.659289
948.808358
1338.571447
1125.973399
925.186353
885.816344
602.352279
370.069226
385.817230
220.463192
-23.630864
-82.685877
-188.984901
-291.346925
-122.055886
-90.559879
-318.905931
-279.535922
-129.929888
-283.472923
-366.149942
-283.472923
-507.881974
-767.724034
-661.425009
-669.299011
-901.582064
-826.779047
-669.299011
-751.976030
-602.369996
-244.102914
-185.047901
-102.370882
322.825215
570.856272
570.856272
779.517320
964.556362
901.564348
948.808358
1051.170382
877.942342
688.966299
744.084312
704.714303
582.667275
622.037284
653.533291
562.982270
570.856272
740.147311
933.060355
885.816344
484.242252
322.825215
618.100283
476.368251
-287.409924
-606.306997
-535.440981
-1090.558107
-1539.376210
-1244.101142
-1492.132199
-2259.847374
-1976.383310
-1181.109128
-1314.967159
-1460.636192
-720.480023
-326.779933
-362.212941
287.392207
940.934357
708.651304
594.478277
1074.792387
1173.217410
936.997356
913.375350
700.777302
354.321223
405.502234
444.872243
110.227167
-63.000873
-15.756862
-200.795904
-228.354910
66.920157
-70.874874
-393.708948
-204.732905
-86.622878
-354.338939
-374.023944
-314.968930
-673.236012
-822.842046
-574.810990
-692.921016
-980.322082
-822.842046
-661.425009
-704.732019
-452.763962
-145.677892
-141.740891
31.487149
436.998242
566.919271
594.478277
818.887329
862.194339
783.454321
980.304366
1055.107383
759.832315
661.407293
818.887329
751.958313
586.604276
633.848286
657.470292
594.478277
649.596290
767.706317
858.257338
858.257338
531.486263
299.203210
555.108269
488.179253
-303.157927
-696.858017
-551.188984
-980.322082
-1527.565207
-1291.345153
-1354.337168
-2078.745333
-1917.328296
-1074.810104
-1133.865117
-1397.644177
-736.228026
-216.543908
-255.913917
240.148197
877.942342
704.714303
523.612261
917.312351
1106.288394
909.438349
783.454321
539.360265
307.077212
452.746245
425.187239
35.424150
-86.622878
-23.630864
-212.606907
-220.480909
62.983156
-114.181884
-448.826961
-240.165913
-55.126871
-299.220927
-358.275940
-330.716934
-625.992001
-720.480023
-480.322968
-618.117999
-940.952073
-814.968044
-610.243998
-629.929002
-444.889960
-224.417909
-251.976916
-74.811875
366.132225
488.179253
492.116254
736.210310
822.824330
716.525305
909.438349
1066.918385
779.517320
625.974285
744.084312
661.407293
531.486263
614.163282
578.730274
440.935242
570.856272
712.588304
708.651304
826.761331
669.281295
224.400193
374.006227
669.281295
62.983156
-622.055000
-460.637963
-551.188984
-1263.786147
-1283.471151
-1043.314096
-1665.360239
-1968.509308
-1236.227141
-937.015072
-1326.778161
-996.070086
-346.464937
-307.094928
-74.811875
586.604276
673.218295
405.502234
688.966299
1019.674375
897.627347
771.643318
669.281295
425.187239
393.691232
472.431250
232.274195
-0.008858
31.487149
-70.874874
-149.614892
114.164168
86.605162
-354.338939
-314.968930
19.676146
-149.614892
-401.582950
-303.157927
-444.889960
-748.039029
-574.810990
-456.700963
-830.716048
-940.952073
-633.866003
-582.684991
-590.558993
-314.968930
-208.669906
-232.291911
94.479163
405.502234
417.313237
566.919271
736.210310
661.407293
759.832315
1023.611375
858.257338
566.919271
649.596290
688.966299
492.116254
535.423264
614.163282
425.187239
417.313237
657.470292
700.777302
712.588304
854.320337
590.541277
291.329208
641.722288
657.470292
-188.984901
-535.440981
-271.661920
-720.480023
-1366.148170
-1129.928116
-1165.361124
-1917.328296
-1834.651277
-1074.810104
-1157.487123
-1397.644177
-787.409038
-358.275940
-381.897945
133.849172
673.218295
503.927257
436.998242
862.194339
960.619361
744.084312
708.651304
547.234267
307.077212
421.250238
409.439235
39.361151
-31.504865
66.920157
-118.118885
-114.181884
165.345180
-19.693863
-326.779933
-27.567865
153.534177
-236.228912
-338.590936
-145.677892
-437.015958
-728.354025
-484.259969
-559.062986
-1003.944088
-854.338053
-539.377981
-728.354025
-755.913031
-358.275940
-232.291911
-196.858903
192.904186
444.872243
393.691232
610.226281
889.753345
787.391322
744.084312
874.005341
767.706317
625.974285
696.840301
618.100283
409.439235
511.801259
598.415278
425.187239
527.549262
751.958313
622.037284
661.407293
1039.359379
807.076326
267.707203
531.486263
763.769316
-15.756862
-547.251983
-251.976916
-570.873989
-1377.959173
-1240.164141
-1011.818089
-1704.730248
-1933.076300
-1220.479137
-1051.188098
-1330.715162
-929.141070
-413.393953
-374.023944
-27.567865
519.675260
492.116254
397.628233
716.525305
854.320337
720.462306
704.714303
555.108269
255.896200
350.384222
456.683246
94.479163
-70.874874
129.912171
-3.945859
-188.984901
70.857158
129.912171
-228.354910
-192.921902
82.668161
-122.055886
-338.590936
-220.480909
-370.086943
-677.173013
-570.873989
-507.881974
-830.716048
-889.771061
-669.299011
-716.543022
-700.795018
-350.401938
-220.480909
-271.661920
43.298152
370.069226
413.376236
590.541277
811.013327
759.832315
751.958313
960.619361
964.556362
740.147311
677.155296
649.596290
484.242252
499.990256
594.478277
413.376236
342.510220
578.730274
625.974285
539.360265
787.391322
881.879343
413.376236
275.581205
692.903300
448.809244
-358.275940
-468.511965
-362.212941
-960.637078
-1342.526165
-1055.125099
-1326.778161
-1960.635306
-1637.801232
-1023.629092
-1169.298125
-1232.290140
-637.803004
-275.598921
-181.110900
283.455206
681.092297
559.045269
578.730274
870.068340
917.312351
791.328322
665.344294
397.628233
236.211196
354.321223
236.211196
-122.055886
-106.307883
-31.504865
-220.480909
-129.929888
181.093183
-27.567865
-283.472923
106.290166
259.833201
-177.173899
-244.102914
-55.126871
-397.645949
-704.732019
-452.763962
-527.566979
-1051.188098
-988.196084
-606.306997
-677.173013
-771.661034
-452.763962
-185.047901
-98.433881
177.156182
476.368251
562.982270
657.470292
830.698331
936.997356
940.934357
850.383336
673.218295
602.352279
633.848286
480.305251
220.463192
248.022198
385.817230
295.266209
299.203210
574.793273
622.037284
503.927257
783.454321
1047.233381
661.407293
350.384222
641.722288
574.793273
-145.677892
-429.141956
-322.842932
-811.031043
-1421.266183
-1232.290140
-1173.235126
-1783.470266
-1795.281268
-1122.054114
-1007.881088
-1192.920131
-712.606021
-145.677892
-106.307883
129.912171
625.974285
681.092297
562.982270
716.525305
811.013327
696.840301
566.919271
354.321223
145.660175
228.337194
212.589190
-118.118885
-141.740891
74.794159
-82.685877
-169.299897
216.526191
255.896200
-141.740891
-27.567865
299.203210
31.487149
-279.535922
-129.929888
-267.724919
-673.236012
-606.306997
-500.007972
-846.464052
-1003.944088
-759.850032
-657.488008
-704.732019
-500.007972
-255.913917
-165.362896
82.668161
377.943228
496.053255
622.037284
759.832315
767.706317
803.139325
866.131340
708.651304
511.801259
566.919271
511.801259
240.148197
220.463192
370.069226
314.951214
236.211196
440.935242
622.037284
547.234267
629.911286
980.304366
968.493363
535.423264
496.053255
748.021313
385.817230
-291.346925
-417.330954
-444.889960
-1031.503094
-1429.140185
-1196.857132
-1326.778161
-1826.777275
-1614.179227
-1003.944088
-976.385081
-1031.503094
-496.070972
-51.189870
31.487149
366.132225
732.273309
673.218295
582.667275
748.021313
799.202324
622.037284
417.313237
177.156182
23.613147
110.227167
62.983156
-204.732905
-181.110900
-31.504865
-51.189870
86.605162
318.888215
181.093183
3.928143
275.581205
389.754231
11.802144
-149.614892
-145.677892
-480.322968
-716.543022
-586.621992
-732.291025
-1125.991115
-1066.936102
-767.724034
-744.102028
-692.921016
-468.511965
-271.661920
7.865144
342.510220
472.431250
535.423264
755.895314
850.383336
767.706317
807.076326
791.328322
535.423264
397.628233
488.179253
370.069226
106.290166
98.416164
224.400193
248.022198
311.014213
488.179253
582.667275
625.974285
795.265323
1043.296380
1074.792387
720.462306
452.746245
606.289280
523.612261
-153.551893
-618.117999
-606.306997
-940.952073
-1440.951187
-1342.526165
-1240.164141
-1685.045243
-1700.793247
-1000.007087
-681.110014
-818.905045
-535.440981
-15.756862
188.967185
381.880229
673.218295
641.722288
492.116254
555.108269
586.604276
448.809244
283.455206
47.235153
-149.614892
-15.756862
122.038170
-102.370882
-188.984901
70.857158
157.471178
98.416164
342.510220
433.061241
110.227167
78.731160
362.195224
196.841187
-271.661920
-346.464937
-377.960945
-700.795018
-807.094043
-704.732019
-889.771061
-1066.936102
-822.842046
-527.566979
-492.133971
-421.267954
-169.299897
86.605162
330.699217
531.486263
610.226281
637.785287
692.903300
732.273309
748.021313
665.344294
421.250238
244.085197
318.888215
358.258224
153.534177
27.550148
137.786173
259.833201
330.699217
468.494249
614.163282
665.344294
712.588304
866.131340
1086.603390
999.989370
519.675260
318.888215
531.486263
255.896200
-507.881974
-732.291025
-637.803004
-1141.739119
-1574.809218
-1228.353139
-1145.676120
-1649.612235
-1488.195198
-692.921016
-500.007972
-645.677006
-232.291911
251.959199
338.573219
460.620247
688.966299
637.785287
452.746245
429.124240
413.376236
295.266209
106.290166
-137.803890
-212.606907
-55.126871
-15.756862
-177.173899
-145.677892
122.038170
212.589190
212.589190
417.313237
468.494249
208.652189
177.156182
326.762216
98.416164
-338.590936
-472.448966
-484.259969
-755.913031
-937.015072
-870.086057
-925.204070
-1031.503094
-803.157042
-444.889960
-370.086943
-299.220927
15.739145
330.699217
488.179253
606.289280
708.651304
740.147311
716.525305
688.966299
649.596290
535.423264
291.329208
122.038170
177.156182
212.589190
59.046155
-23.630864
141.723174
314.951214
377.943228
496.053255
688.966299
783.454321
791.328322
874.005341
1051.170382
999.989370
539.360265
188.967185
318.888215
208.652189
-527.566979
-960.637078
-811.031043
-1011.818089
-1488.195198
-1314.967159
-984.259083
-1275.597150
-1322.841160
-590.558993
-161.425895
-370.086943
-240.165913
271.644204
433.061241
377.943228
468.494249
448.809244
232.274195
110.227167
129.912171
90.542162
-90.559879
-263.787918
-248.039915
-51.189870
78.731160
31.487149
78.731160
303.140211
433.061241
436.998242
515.738260
519.675260
314.951214
145.660175
133.849172
-7.882860
-393.708948
-641.740005
-657.488008
-795.283040
-976.385081
-937.015072
-838.590050
-830.716048
-692.921016
-354.338939
-141.740891
-78.748876
125.975171
429.124240
586.604276
622.037284
641.722288
614.163282
574.793273
507.864258
389.754231
283.455206
169.282180
-0.008858
-35.441866
98.416164
141.723174
27.550148
70.857158
354.321223
531.486263
559.045269
653.533291
787.391322
858.257338
850.383336
834.635332
862.194339
736.210310
299.203210
-7.882860
94.479163
-59.063872
-704.732019
-1003.944088
-795.283040
-933.078071
-1259.849146
-1039.377096
-771.661034
-1007.881088
-956.700077
-307.094928
-23.630864
-267.724919
-181.110900
204.715188
283.455206
204.715188
228.337194
173.219181
-31.504865
-86.622878
39.361151
23.613147
-169.299897
-255.913917
-78.748876
141.723174
185.030184
196.841187
283.455206
377.943228
452.746245
503.927257
480.305251
318.888215
110.227167
-3.945859
-47.252869
-192.921902
-519.692977
-740.165027
-704.732019
-685.047015
-811.031043
-779.535036
-602.369996
-574.810990
-492.133971
-133.866889
118.101169
74.794159
133.849172
401.565233
555.108269
492.116254
405.502234
381.880229
354.321223
275.581205
188.967185
137.786173
106.290166
-3.945859
-23.630864
169.282180
287.392207
208.652189
240.148197
507.864258
677.155296
661.407293
696.840301
755.895314
744.084312
720.462306
708.651304
653.533291
562.982270
318.888215
-15.756862
-39.378867
55.109154
-346.464937
-826.779047
-712.606021
-531.503980
-862.212055
-1003.944088
-669.299011
-657.488008
-893.708062
-602.369996
-137.803890
-212.606907
-417.330954
-212.606907
86.605162
86.605162
-31.504865
-66.937874
-63.000873
-90.559879
-94.496880
-7.882860
39.361151
-63.000873
-90.559879
153.534177
401.565233
350.384222
236.211196
346.447221
507.864258
448.809244
322.825215
307.077212
145.660175
-157.488894
-232.291911
-137.803890
-354.338939
-771.661034
-799.220041
-555.125985
-590.558993
-755.913031
-610.243998
-362.212941
-338.590936
-271.661920
70.857158
232.274195
98.416164
125.975171
370.069226
440.935242
255.896200
133.849172
185.030184
196.841187
98.416164
39.361151
114.164168
161.408179
98.416164
149.597176
385.817230
496.053255
401.565233
433.061241
633.848286
677.155296
578.730274
559.045269
610.226281
578.730274
492.116254
440.935242
429.124240
413.376236
287.392207
35.424150
-0.008858
118.101169
-94.496880
-492.133971
-480.322968
-338.590936
-606.306997
-826.779047
-618.117999
-566.936988
-834.653049
-759.850032
-370.086943
-354.338939
-555.125985
-381.897945
-78.748876
-63.000873
-137.803890
-27.567865
62.983156
-0.008858
-11.819861
129.912171
188.967185
55.109154
-3.945859
181.093183
334.636218
244.085197
165.345180
259.833201
314.951214
267.707203
240.148197
192.904186
59.046155
-59.063872
-90.559879
-133.866889
-299.220927
-484.259969
-551.188984
-503.944973
-507.881974
-598.432995
-594.495994
-456.700963
-350.401938
-279.535922
-137.803890
-11.819861
19.676146
66.920157
181.093183
232.274195
204.715188
188.967185
177.156182
177.156182
192.904186
192.904186
204.715188
224.400193
251.959199
291.329208
362.195224
452.746245
468.494249
460.620247
507.864258
519.675260
507.864258
527.549262
492.116254
413.376236
389.754231
409.439235
362.195224
318.888215
366.132225
248.022198
-7.882860
15.739145
106.290166
-153.551893
-507.881974
-492.133971
-401.582950
-618.117999
-771.661034
-637.803004
-586.621992
-732.291025
-653.551007
-362.212941
-291.346925
-413.393953
-334.653935
-74.811875
31.487149
-43.315868
-47.252869
62.983156
94.479163
47.235153
59.046155
145.660175
133.849172
55.109154
118.101169
279.518206
283.455206
169.282180
153.534177
275.581205
330.699217
185.030184
55.109154
55.109154
7.865144
-165.362896
-271.661920
-295.283926
-437.015958
-566.936988
-527.566979
-488.196970
-515.755976
-500.007972
-393.708948
-255.913917
-137.803890
-39.378867
-0.008858
62.983156
181.093183
248.022198
200.778188
177.156182
204.715188
173.219181
141.723174
188.967185
192.904186
145.660175
169.282180
299.203210
377.943228
342.510220
342.510220
417.313237
460.620247
452.746245
433.061241
377.943228
330.699217
346.447221
362.195224
334.636218
287.392207
267.707203
275.581205
338.573219
374.006227
208.652189
-3.945859
43.298152
133.849172
-125.992887
-468.511965
-460.637963
-413.393953
-618.117999
-759.850032
-653.551007
-618.117999
-744.102028
-649.614007
-370.086943
-275.598921
-374.023944
-295.283926
11.802144
133.849172
-0.008858
-11.819861
122.038170
122.038170
19.676146
55.109154
122.038170
43.298152
-3.945859
118.101169
240.148197
224.400193
157.471178
173.219181
283.455206
311.014213
141.723174
31.487149
62.983156
-47.252869
-275.598921
-318.905931
-291.346925
-476.385967
-625.992001
-503.944973
-389.771947
-452.763962
-425.204955
-240.165913
-106.307883
-78.748876
-3.945859
137.786173
169.282180
110.227167
133.849172
212.589190
185.030184
90.542162
106.290166
153.534177
129.912171
125.975171
208.652189
263.770202
283.455206
362.195224
429.124240
405.502234
405.502234
436.998242
401.565233
338.573219
303.140211
271.644204
240.148197
228.337194
216.526191
236.211196
291.329208
303.140211
295.266209
374.006227
354.321223
141.723174
55.109154
133.849172
-23.630864
-397.645949
-523.629978
-456.700963
-582.684991
-791.346039
-736.228026
-610.243998
-653.551007
-610.243998
-326.779933
-133.866889
-181.110900
-181.110900
51.172153
204.715188
86.605162
-27.567865
11.802144
19.676146
-59.063872
-78.748876
-23.630864
-51.189870
-66.937874
51.172153
181.093183
267.707203
271.644204
192.904186
244.085197
354.321223
259.833201
11.802144
-74.811875
-66.937874
-267.724919
-460.637963
-429.141956
-433.078957
-570.873989
-578.747990
-374.023944
-220.480909
-251.976916
-204.732905
-3.945859
125.975171
118.101169
125.975171
185.030184
149.597176
78.731160
86.605162
74.794159
-15.756862
-47.252869
27.550148
90.542162
122.038170
185.030184
255.896200
330.699217
421.250238
476.368251
413.376236
366.132225
425.187239
401.565233
275.581205
181.093183
153.534177
157.471178
177.156182
188.967185
196.841187
259.833201
326.762216
362.195224
464.557248
507.864258
291.329208
66.920157
114.164168
133.849172
-232.291911
-622.055000
-602.369996
-511.818975
-673.236012
-783.472037
-661.425009
-547.251983
-531.503980
-366.149942
-70.874874
7.865144
-133.866889
-90.559879
157.471178
181.093183
-66.937874
-228.354910
-173.236898
-106.307883
-157.488894
-169.299897
-78.748876
-15.756862
55.109154
228.337194
397.628233
409.439235
295.266209
236.211196
318.888215
275.581205
-11.819861
-248.039915
-275.598921
-303.157927
-468.511965
-523.629978
-417.330954
-381.897945
-409.456952
-295.283926
-35.441866
39.361151
-59.063872
-19.693863
177.156182
188.967185
15.739145
-23.630864
27.550148
-59.063872
-145.677892
-66.937874
31.487149
-3.945859
3.928143
192.904186
362.195224
366.132225
342.510220
401.565233
460.620247
448.809244
342.510220
236.211196
177.156182
122.038170
74.794159
66.920157
62.983156
19.676146
59.046155
255.896200
381.880229
374.006227
393.691232
484.242252
519.675260
535.423264
507.864258
263.770202
-35.441866
-82.685877
-47.252869
-291.346925
-649.614007
-696.858017
-547.251983
-515.755976
-559.062986
-484.259969
-374.023944
-334.653935
-232.291911
-47.252869
-3.945859
-208.669906
-326.779933
-141.740891
-7.882860
-200.795904
-417.330954
-346.464937
-110.244883
-11.819861
-19.693863
59.046155
200.778188
311.014213
377.943228
448.809244
425.187239
224.400193
47.235153
78.731160
94.479163
-165.362896
-464.574964
-433.078957
-224.417909
-248.039915
-389.771947
-299.220927
-90.559879
-63.000873
-129.929888
-15.756862
74.794159
-98.433881
-216.543908
-82.685877
-23.630864
-208.669906
-318.905931
-137.803890
31.487149
-11.819861
-11.819861
169.282180
295.266209
287.392207
322.825215
405.502234
374.006227
251.959199
208.652189
248.022198
200.778188
62.983156
31.487149
118.101169
122.038170
70.857158
141.723174
267.707203
259.833201
208.652189
295.266209
425.187239
401.565233
287.392207
334.636218
421.250238
338.573219
248.022198
299.203210
259.833201
-19.693863
-173.236898
-27.567865
-39.378867
-370.086943
-566.936988
-397.645949
-283.472923
-437.015958
-527.566979
-377.960945
-295.283926
-366.149942
-287.409924
-90.559879
-137.803890
-350.401938
-311.031929
-66.937874
-51.189870
-267.724919
-322.842932
-129.929888
55.109154
66.920157
62.983156
169.282180
255.896200
248.022198
279.518206
354.321223
236.211196
7.865144
-51.189870
23.613147
-35.441866
-244.102914
-362.212941
-275.598921
-185.047901
-204.732905
-212.606907
-125.992887
-98.433881
-125.992887
-70.874874
-19.693863
-102.370882
-208.669906
-192.921902
-118.118885
-106.307883
-149.614892
-141.740891
-43.315868
66.920157
149.597176
204.715188
240.148197
251.959199
267.707203
303.140211
299.203210
216.526191
157.471178
145.660175
122.038170
118.101169
153.534177
161.408179
106.290166
122.038170
220.463192
267.707203
212.589190
153.534177
181.093183
244.085197
255.896200
240.148197
236.211196
263.770202
255.896200
271.644204
346.447221
342.510220
94.479163
-145.677892
-59.063872
35.424150
-228.354910
-566.936988
-555.125985
-362.212941
-334.653935
-397.645949
-354.338939
-259.850918
-271.661920
-216.543908
-31.504865
-11.819861
-244.102914
-401.582950
-236.228912
-35.441866
-133.866889
-326.779933
-287.409924
-55.126871
118.101169
177.156182
224.400193
255.896200
244.085197
271.644204
366.132225
311.014213
35.424150
-185.047901
-133.866889
-51.189870
-125.992887
-259.850918
-326.779933
-232.291911
-63.000873
11.802144
