115.046942
115.046942
121.368058
107.461603
92.290925
83.441363
79.648693
78.384470
61.949569
49.307337
39.193552
29.079767
16.437535
2.531080
0.002634
-10.111152
-29.074499
-44.245177
-54.358962
-65.736971
-75.850756
-83.436095
-91.021434
-101.135220
-112.513228
-115.041675
-112.513228
-116.305898
-125.155460
-128.948129
-127.683906
-123.891237
-122.627014
-127.683906
-117.570121
-112.513228
-111.249005
-106.192112
-98.606773
-92.285658
-87.228765
-87.228765
-87.228765
-74.586533
-61.944301
-55.623186
-56.887409
-50.566293
-39.188284
-34.131392
-26.546053
-24.017606
-21.489160
-16.432267
-8.846928
8.852196
17.701758
8.852196
10.116419
27.815544
39.193552
41.721998
42.986222
50.571561
60.685346
67.006462
75.856024
80.912917
82.177140
91.026702
94.819371
103.668934
111.254273
113.782719
121.368058
128.953397
128.953397
128.953397
139.067182
136.538736
128.953397
130.217620
128.953397
122.632281
111.254273
104.933157
106.197380
99.876264
84.705586
72.063354
67.006462
58.156900
41.721998
30.343990
17.701758
1.266857
-3.790036
-15.168044
-31.602945
-44.245177
-55.623186
-59.415855
-68.265417
-78.379203
-85.964542
-99.870997
-107.456336
-103.663666
-103.663666
-111.249005
-120.098567
-120.098567
-115.041675
-117.570121
-120.098567
-120.098567
-113.777451
-109.984782
-103.663666
-99.870997
-99.870997
-91.021434
-84.700319
-82.171872
-78.379203
-77.114980
-72.058087
-63.208525
-55.623186
-53.094739
-58.151632
-54.358962
-40.452508
-27.810276
-27.810276
-35.395615
-17.696491
-5.054259
-11.375375
-16.432267
-3.790036
17.701758
12.644865
-1.261589
16.437535
50.571561
51.835784
31.608213
54.364230
75.856024
73.327578
77.120247
78.384470
89.762479
97.347818
101.140487
108.725826
121.368058
131.481843
125.160728
130.217620
136.538736
140.331406
140.331406
134.010290
137.802959
134.010290
117.575389
108.725826
109.990050
102.404710
88.498256
80.912917
75.856024
61.949569
42.986222
31.608213
27.815544
15.173312
0.002634
-15.168044
-30.338722
-39.188284
-44.245177
-55.623186
-65.736971
-77.114980
-91.021434
-89.757211
-88.492988
-96.078327
-108.720559
-117.570121
-109.984782
-103.663666
-107.456336
-109.984782
-112.513228
-111.249005
-104.927889
-104.927889
-102.399443
-101.135220
-99.870997
-99.870997
-96.078327
-83.436095
-70.793864
-70.793864
-72.058087
-65.736971
-55.623186
-54.358962
-56.887409
-49.302070
-45.509400
-51.830516
-49.302070
-27.810276
-17.696491
-21.489160
-20.224937
-16.432267
2.531080
7.587973
3.795303
13.909089
16.437535
21.494428
34.136659
34.136659
50.571561
64.478015
60.685346
73.327578
84.705586
93.555148
102.404710
94.819371
107.461603
120.103835
122.632281
135.274513
135.274513
132.746067
132.746067
141.595629
155.502084
149.180968
128.953397
122.632281
132.746067
128.953397
109.990050
97.347818
92.290925
89.762479
78.384470
60.685346
42.986222
27.815544
22.758651
18.965981
6.323750
-22.753383
-37.924061
-32.867169
-39.188284
-63.208525
-77.114980
-85.964542
-98.606773
-103.663666
-101.135220
-106.192112
-118.834344
-126.419683
-127.683906
-122.627014
-113.777451
-111.249005
-118.834344
-121.362790
-112.513228
-98.606773
-98.606773
-104.927889
-106.192112
-102.399443
-98.606773
-85.964542
-74.586533
-75.850756
-80.907649
-68.265417
-51.830516
-56.887409
-68.265417
-63.208525
-45.509400
-40.452508
-46.773623
-49.302070
-34.131392
-20.224937
-25.281830
-26.546053
-8.846928
-5.054259
-3.790036
8.852196
25.287097
30.343990
26.551320
30.343990
36.665106
61.949569
83.441363
61.949569
53.100007
89.762479
122.632281
115.046942
101.140487
122.632281
135.274513
121.368058
134.010290
149.180968
144.124075
142.859852
145.388298
156.766307
165.615869
146.652521
125.160728
122.632281
120.103835
115.046942
97.347818
91.026702
83.441363
63.213792
50.571561
42.986222
32.872436
22.758651
5.059526
-10.111152
-21.489160
-31.602945
-39.188284
-50.566293
-60.680078
-75.850756
-92.285658
-94.814104
-92.285658
-93.549881
-109.984782
-120.098567
-116.305898
-113.777451
-107.456336
-103.663666
-108.720559
-111.249005
-101.135220
-89.757211
-91.021434
-103.663666
-104.927889
-99.870997
-93.549881
-93.549881
-89.757211
-75.850756
-67.001194
-75.850756
-82.171872
-63.208525
-51.830516
-72.058087
-75.850756
-53.094739
-54.358962
-59.415855
-49.302070
-31.602945
-21.489160
-26.546053
-30.338722
-17.696491
-5.054259
-5.054259
-2.525813
13.909089
30.343990
21.494428
16.437535
44.250445
74.591801
59.421123
40.457775
75.856024
102.404710
83.441363
92.290925
116.311165
116.311165
117.575389
134.010290
142.859852
136.538736
146.652521
160.558976
152.973637
140.331406
134.010290
145.388298
142.859852
121.368058
107.461603
93.555148
97.347818
99.876264
75.856024
53.100007
44.250445
39.193552
35.400883
29.079767
12.644865
-11.375375
-26.546053
-27.810276
-31.602945
-46.773623
-65.736971
-79.643426
-92.285658
-101.135220
-101.135220
-97.342550
-103.663666
-126.419683
-132.740799
-109.984782
-89.757211
-96.078327
-108.720559
-93.549881
-70.793864
-83.436095
-97.342550
-92.285658
-87.228765
-89.757211
-94.814104
-92.285658
-79.643426
-67.001194
-74.586533
-96.078327
-88.492988
-60.680078
-46.773623
-59.415855
-78.379203
-72.058087
-42.980954
-31.602945
-37.924061
-39.188284
-31.602945
-30.338722
-34.131392
-10.111152
27.815544
20.230205
-16.432267
-12.639598
40.457775
59.421123
31.608213
17.701758
30.343990
67.006462
89.762479
82.177140
79.648693
80.912917
84.705586
122.632281
168.144315
158.030530
109.990050
113.782719
190.900332
211.127903
161.823199
151.709414
152.973637
118.839612
111.254273
151.709414
145.388298
75.856024
55.628453
89.762479
98.612041
70.799131
44.250445
35.400883
30.343990
29.079767
30.343990
13.909089
-21.489160
-41.716731
-42.980954
-40.452508
-51.830516
-85.964542
-111.249005
-111.249005
-111.249005
-122.627014
-126.419683
-130.212353
-132.740799
-125.155460
-109.984782
-104.927889
-102.399443
-80.907649
-58.151632
-74.586533
-97.342550
-103.663666
-93.549881
-70.793864
-56.887409
-82.171872
-103.663666
-87.228765
-78.379203
-94.814104
-82.171872
-69.529641
-93.549881
-111.249005
-70.793864
-16.432267
-39.188284
-79.643426
-58.151632
-26.546053
-32.867169
-36.659838
-27.810276
-34.131392
-29.074499
3.795303
25.287097
0.002634
-24.017606
17.701758
59.421123
48.043114
22.758651
50.571561
94.819371
69.534908
58.156900
118.839612
146.652521
111.254273
107.461603
170.672762
197.221448
156.766307
159.294753
198.485671
204.806787
178.258101
150.445191
142.859852
140.331406
139.067182
126.424951
102.404710
96.083595
92.290925
75.856024
61.949569
67.006462
61.949569
42.986222
32.872436
27.815544
8.852196
-17.696491
-29.074499
-35.395615
-51.830516
-77.114980
-108.720559
-112.513228
-101.135220
-120.098567
-145.383031
-137.797692
-128.948129
-130.212353
-126.419683
-104.927889
-89.757211
-87.228765
-69.529641
-51.830516
-65.736971
-96.078327
-101.135220
-85.964542
-74.586533
-67.001194
-69.529641
-78.379203
-99.870997
-118.834344
-101.135220
-54.358962
-58.151632
-131.476576
-139.061915
-54.358962
-21.489160
-84.700319
-98.606773
-24.017606
-16.432267
-82.171872
-77.114980
-26.546053
-8.846928
-24.017606
-46.773623
-27.810276
5.059526
5.059526
-12.639598
42.986222
91.026702
34.136659
6.323750
83.441363
134.010290
75.856024
63.213792
134.010290
155.502084
147.916745
169.408538
182.050770
171.936985
178.258101
216.184796
232.619697
185.843440
134.010290
140.331406
161.823199
144.124075
111.254273
92.290925
92.290925
102.404710
94.819371
69.534908
63.213792
53.100007
30.343990
25.287097
41.721998
26.551320
-22.753383
-54.358962
-46.773623
-41.716731
-78.379203
-126.419683
-140.326138
-131.476576
-134.005022
-144.118807
-132.740799
-128.948129
-145.383031
-127.683906
-78.379203
-45.509400
-32.867169
-34.131392
-55.623186
-88.492988
-117.570121
-109.984782
-70.793864
-44.245177
-63.208525
-103.663666
-112.513228
-68.265417
-45.509400
-83.436095
-121.362790
-128.948129
-130.212353
-89.757211
-24.017606
-34.131392
-101.135220
-92.285658
-26.546053
-21.489160
-50.566293
-44.245177
-39.188284
-48.037847
-37.924061
8.852196
24.022874
-1.261589
2.531080
-32.867169
7.587973
150.445191
99.876264
-34.131392
35.400883
132.746067
125.160728
125.160728
134.010290
108.725826
135.274513
226.298581
235.148143
155.502084
150.445191
219.977465
227.562804
175.729654
139.067182
141.595629
132.746067
93.555148
93.555148
121.368058
101.140487
45.514668
44.250445
84.705586
84.705586
40.457775
27.815544
41.721998
20.230205
-12.639598
-37.924061
-67.001194
-82.171872
-111.249005
-156.761039
-175.724387
-178.252833
-182.045503
-189.630842
-176.988610
-147.911477
-131.476576
-120.098567
-82.171872
-21.489160
17.701758
3.795303
-42.980954
-106.192112
-130.212353
-92.285658
-44.245177
-32.867169
-41.716731
-44.245177
-46.773623
-48.037847
-61.944301
-80.907649
-109.984782
-155.496816
-170.667494
-123.891237
-56.887409
0.002634
-10.111152
-61.944301
-59.415855
-1.261589
-29.074499
-101.135220
-11.375375
50.571561
-131.476576
-193.423511
53.100007
141.595629
-37.924061
-63.208525
36.665106
29.079767
65.742239
132.746067
69.534908
61.949569
152.973637
113.782719
40.457775
226.298581
360.306237
141.595629
61.949569
268.017946
356.513567
276.867508
174.465431
132.746067
166.880092
203.542564
127.689174
24.022874
48.043114
108.725826
70.799131
13.909089
41.721998
82.177140
42.986222
7.587973
54.364230
80.912917
7.587973
-79.643426
-101.135220
-102.399443
-121.362790
-163.082155
-218.707974
-257.898893
-255.370446
-228.821760
-202.273073
-164.346378
-125.155460
-118.834344
-89.757211
12.644865
85.969809
58.156900
-15.168044
-91.021434
-141.590361
-128.948129
-56.887409
-5.054259
-29.074499
-63.208525
-45.509400
5.059526
18.965981
-41.716731
-130.212353
-189.630842
-184.573949
-134.005022
-102.399443
-91.021434
-74.586533
-55.623186
-13.903821
26.551320
39.193552
-18.960714
-73.322310
-60.680078
-40.452508
15.173312
11.380642
-40.452508
-3.790036
42.986222
31.608213
61.949569
146.652521
68.270685
37.929329
252.847268
276.867508
92.290925
112.518496
312.265757
319.851096
194.693002
292.038186
426.045842
347.664005
223.770135
158.030530
166.880092
240.205036
188.371886
0.002634
-70.793864
-5.054259
-8.846928
-84.700319
-61.944301
30.343990
5.059526
-92.285658
-53.094739
70.799131
50.571561
-97.342550
-207.329966
-262.955785
-285.711802
-284.447579
-304.675150
-343.866068
-327.431167
-270.541124
-209.858412
-59.415855
111.254273
97.347818
-11.375375
26.551320
151.709414
121.368058
-15.168044
-55.623186
-72.058087
-142.854584
-134.005022
-5.054259
54.364230
-6.318482
-34.131392
-2.525813
13.909089
-2.525813
-73.322310
-221.236421
-364.093639
-380.528540
-286.976026
-194.687734
-101.135220
-32.867169
-41.716731
1.266857
179.522324
249.054598
67.006462
-96.078327
-64.472748
-7.582705
-22.753383
26.551320
123.896504
78.384470
-39.188284
48.043114
302.151971
337.550220
174.465431
192.164556
308.473087
374.212692
486.728554
530.976365
474.086322
528.447918
699.118046
802.784346
673.833583
250.318821
-127.683906
-117.570121
-69.529641
-383.056986
-719.340349
-740.832143
-667.507199
-676.356762
-552.462891
-236.407099
-96.078327
-247.785107
-250.313554
67.006462
238.940813
56.892676
-137.797692
-199.744627
-206.065743
-155.496816
-84.700319
-34.131392
37.929329
89.762479
123.896504
300.887748
558.789275
568.903060
292.038186
88.498256
111.254273
68.270685
-163.082155
-332.488060
-394.434995
-538.556436
-653.600745
-471.552608
-207.329966
-217.443751
-376.735871
-375.471647
-198.480404
-13.903821
20.230205
-150.439923
-275.598017
-125.155460
94.819371
198.485671
268.017946
276.867508
149.180968
91.026702
279.395954
434.895404
250.318821
-58.151632
-83.436095
80.912917
123.896504
128.953397
182.050770
166.880092
176.993877
335.021774
481.671661
551.203936
629.585772
637.171111
613.150871
756.008089
965.869135
1085.970336
1037.929856
476.614769
-530.971097
-1107.456862
-981.034545
-973.449206
-1477.874251
-1879.897219
-1704.170198
-1208.594716
-711.755010
-118.834344
407.082494
408.346717
182.050770
477.878992
1056.893203
1112.519023
652.341789
173.201208
-82.171872
-22.753383
241.469259
322.379542
122.632281
-53.094739
-56.887409
79.648693
332.493327
463.972537
108.725826
-554.991337
-896.331593
-812.892864
-790.136847
-969.656537
-1126.420210
-1184.574476
-989.884108
-415.926789
199.749895
571.431506
776.235660
778.764106
548.675489
414.667833
558.789275
610.622424
235.148143
-284.447579
-390.642325
-141.590361
-37.924061
-103.663666
-123.891237
-252.842000
-413.398342
-225.029090
165.615869
317.322649
243.997705
233.883920
400.761378
600.508639
647.284896
566.374614
570.167283
723.138287
838.182595
898.865307
1051.836310
1271.811142
1517.070437
1486.729081
509.484571
-1132.741326
-2044.246231
-1914.031244
-1970.921287
-2547.407052
-2716.812957
-2195.953011
-1418.455762
-460.174600
761.064982
1671.305663
1586.602711
1070.799658
1283.189150
1891.280495
1664.984548
763.593428
31.608213
-448.796591
-557.519784
-212.386859
31.608213
-104.927889
-356.508300
-544.877552
-460.174600
-34.131392
158.030530
-398.227664
-1238.936072
-1558.784534
-1293.297668
-946.900520
-752.210152
-520.857312
-180.781279
140.331406
637.171111
1528.448445
2146.653575
1638.435861
490.521223
-120.098567
-20.224937
45.514668
-372.943201
-983.562992
-1265.484758
-1051.831043
-604.296041
-131.476576
213.656349
44.250445
-427.304797
-238.935545
635.906888
1108.726353
819.219247
424.781619
400.761378
625.793103
801.520123
791.406338
728.195179
714.288724
747.158527
1031.608740
1510.749321
1806.577542
1835.654675
1107.462130
-949.428966
-2958.279582
-3136.535049
-2554.992391
-2968.393367
-3562.578257
-2963.336475
-1489.252259
25.287097
1460.180394
2778.765159
3165.617449
2241.470313
1437.424377
1814.162881
2036.666159
964.604912
-499.365518
-1309.732569
-1357.773050
-879.896692
-359.036746
-185.838172
-303.410927
-616.938273
-819.213980
-470.288385
39.193552
-199.744627
-1214.915832
-1940.579931
-1572.690989
-616.938273
0.002634
313.529980
753.479643
1102.405237
1285.717597
1817.955551
2408.347771
1901.394280
327.436435
-957.014305
-1362.829942
-1381.793290
-1383.057513
-1477.874251
-1596.711229
-1374.207951
-675.092539
243.997705
953.226903
1000.003161
518.334133
245.261929
554.996605
1064.478542
1174.465958
686.475815
170.672762
199.749895
414.667833
408.346717
471.557876
661.191351
726.930956
981.039813
1512.013544
1726.931483
1675.098333
1451.330832
-7.582705
-2686.471601
-4246.522991
-3642.224316
-2865.991291
-3125.157040
-2991.149384
-1433.626440
517.069910
1901.394280
3149.182548
4112.520603
3484.201688
1642.228530
817.955024
1161.823726
731.987849
-675.092539
-1767.381357
-2049.303123
-1568.898319
-678.885208
-89.757211
29.079767
-141.590361
-596.710702
-864.726014
-485.459063
-112.513228
-568.897792
-1423.512655
-1515.800946
-513.271973
667.512467
1240.205563
1506.956651
1653.606539
1265.490026
863.467058
1292.038713
1524.655776
189.636109
-1603.032345
-2164.347432
-1993.677304
-1895.067897
-1409.606200
-692.791663
-542.349106
-547.405998
151.709414
1312.266283
1888.752048
1289.510266
274.339061
25.287097
466.500983
777.499883
707.967608
352.720898
-53.094739
-118.834344
102.404710
429.838511
853.353273
962.076465
749.686973
1006.324276
1538.562231
1475.351072
1251.583571
895.072638
-987.355661
-3692.793243
-4445.006029
-3140.327718
-2249.050384
-2308.468873
-1804.043829
-225.029090
1465.237287
2639.700611
3586.603765
3863.468639
2500.636062
543.618597
-7.582705
355.249344
-53.094739
-1126.420210
-1916.559691
-1973.449733
-1184.574476
-149.175700
284.452847
118.839612
-328.695390
-914.030717
-1096.078854
-548.670222
-48.037847
-394.434995
-1011.375901
-737.039474
451.330305
1547.411793
1959.548546
1817.955551
1203.543091
285.717070
-91.021434
431.102734
528.447918
-805.307525
-2216.180582
-2292.033972
-1704.170198
-1201.009377
-565.105123
-48.037847
-67.001194
-22.753383
699.118046
1662.456101
1888.752048
991.153598
-82.171872
-187.102395
367.891576
611.886648
400.761378
63.213792
-150.439923
-127.683906
58.156900
484.200108
1024.023401
1096.084121
876.109290
1106.197907
1450.066609
1365.363656
1270.546919
764.857651
-1280.655437
-3745.890616
-4227.559644
-2972.186037
-2098.607827
-1945.636823
-1308.468346
85.969809
1472.822626
2646.021727
3659.928708
3659.928708
2045.515721
189.636109
-280.654910
-17.696491
-356.508300
-1171.932244
-1776.230919
-1804.043829
-1087.229292
-50.566293
467.765206
268.017946
-337.544952
-1013.904348
-1178.253360
-581.540024
-5.054259
-211.122635
-657.393414
-336.280729
728.195179
1668.777217
1991.154125
1714.289251
790.142114
-412.134119
-678.885208
117.575389
173.201208
-1151.704673
-2134.006076
-1962.071725
-1539.821186
-925.408726
168.144315
647.284896
26.551320
-242.728215
715.552948
1843.240014
1754.744393
547.411266
-340.073399
-231.350206
202.278341
472.822099
519.598356
144.124075
-300.882480
-249.049331
166.880092
724.402510
1152.974164
1040.458302
872.316620
1222.506438
1455.123501
1346.400309
1405.818798
683.947368
-1836.913631
-4266.750562
-4268.014785
-2796.459016
-2045.510454
-1926.673476
-1064.473275
562.581944
1908.979619
2929.207717
3925.415574
3734.517875
1668.777217
-305.939373
-495.572848
-111.249005
-586.596917
-1479.138474
-1935.523038
-1681.414181
-825.535096
120.103835
568.903060
335.021774
-484.194840
-1300.883007
-1246.521411
-428.569021
102.404710
-126.419683
-395.699218
106.197380
1183.315520
1989.889902
2152.974691
1676.362556
292.038186
-1328.695917
-1409.606200
-136.533468
18.965981
-1398.228191
-2151.705200
-1544.878079
-934.258288
-529.706874
341.342889
911.507539
262.961053
-352.715630
553.732382
1932.999859
1742.102161
232.619697
-640.958513
-335.016506
131.481843
293.302409
375.476915
260.432607
-63.208525
-174.460164
194.693002
883.694629
1314.794730
1099.876791
783.820999
993.682045
1365.363656
1448.802386
1426.046369
787.613668
-1434.890663
-4042.983061
-4509.481410
-3015.169625
-1931.730369
-1804.043829
-1261.692089
241.469259
1893.808941
3107.463183
3915.301789
3745.895884
1898.865834
-294.561365
-825.535096
-316.053158
-520.857312
-1393.171299
-1949.429493
-1739.568447
-829.327765
197.221448
658.662905
404.554048
-463.967269
-1403.285084
-1424.776878
-557.519784
131.481843
111.254273
-115.041675
245.261929
1273.075365
2144.125129
2219.978519
1591.659604
337.550220
-1280.655437
-2079.644479
-1314.789462
-322.374274
-747.153259
-1748.418009
-1552.463418
-584.068470
-60.680078
367.891576
925.413994
714.288724
-60.680078
12.644865
1107.462130
1680.155226
756.008089
-534.763767
-694.055886
-106.192112
187.107663
317.322649
514.541464
359.042014
-35.395615
-7.582705
599.244416
1275.603811
1371.684772
959.548019
777.499883
969.661804
1168.144842
1442.481270
1345.136086
-437.418583
-3400.757691
-4787.610508
-3737.041054
-2328.696444
-1713.019760
-1145.383557
-107.456336
1235.148670
2667.513521
3941.850475
4285.719177
2742.102688
140.331406
-1170.668021
-838.177327
-604.296041
-1087.229292
-1629.581031
-1782.552035
-1308.468346
-279.390687
619.471987
726.930956
-102.399443
-1332.488586
-1806.572275
-1058.152159
21.494428
506.956125
446.273412
517.069910
1117.575915
1895.073164
2261.697883
1927.942967
677.626252
-1294.561891
-2744.625866
-2453.854537
-1007.583232
-329.959613
-972.184983
-1385.585960
-764.852384
92.290925
834.389925
1389.383897
997.474714
-178.252833
-615.674050
298.359302
1364.099433
1185.843966
-55.623186
-852.083782
-561.312453
68.270685
533.504811
763.593428
512.013017
-21.489160
-132.740799
417.196280
1163.087949
1451.330832
1151.709941
839.446818
847.032157
984.832483
1357.778317
1783.821525
734.516295
-2447.533422
-5000.000000
-4399.493995
-2592.919086
-2029.075553
-1683.942627
-359.036746
1109.990576
2221.242742
3503.165035
4570.169390
3821.749274
1012.645392
-1260.427866
-1218.708501
-624.523612
-1078.379729
-1654.865495
-1656.129718
-1379.264844
-681.413654
353.985121
893.808414
388.119147
-897.595816
-1892.539450
-1580.276328
-385.585433
486.728554
725.666733
776.235660
1037.929856
1637.171638
2190.901386
2051.836837
912.771762
-978.506099
-2646.016459
-2833.121488
-1543.613856
-463.967269
-643.486959
-1015.168571
-587.861140
44.250445
532.240588
1122.632808
1168.144842
188.371886
-647.279629
-221.236421
849.560603
1140.331932
304.680418
-505.686634
-470.288385
-96.078327
230.091251
605.565532
675.097806
292.038186
64.478015
302.151971
768.650321
1151.709941
1159.295280
919.092878
841.975264
945.641564
1175.730181
1629.586299
1439.952823
-687.734770
-3739.569500
-4930.467726
-3790.138427
-2414.663619
-1745.889563
-964.599644
384.326477
1897.601611
3156.767887
4118.841719
4241.471366
2499.371839
-308.467819
-1685.206851
-1269.277428
-936.786735
-1335.017033
-1671.300396
-1496.837598
-838.177327
56.892676
718.081394
680.154699
-278.126463
-1586.597443
-1963.335948
-1059.416382
99.876264
750.951196
981.039813
1140.331932
1563.846694
2098.613095
2078.385524
1193.429305
-404.548780
-2266.749508
-3221.238001
-2347.659791
-734.511027
-207.329966
-562.576676
-393.170772
300.887748
606.829755
601.772862
696.589600
441.216520
-347.658738
-670.035646
170.672762
1132.746593
867.259728
-88.492988
-396.963441
-108.720559
78.384470
209.863680
447.537636
489.257000
281.924401
216.184796
508.220348
950.698457
1171.937512
1131.482370
1054.364757
969.661804
936.792002
1240.205563
1524.655776
453.858752
-2295.826641
-4584.070577
-4482.932724
-3036.661418
-2051.831570
-1313.525239
55.628453
1629.586299
2657.399735
3441.218100
4102.406818
3417.197860
911.507539
-1335.017033
-1653.601271
-1183.310252
-1246.521411
-1472.817358
-1303.411454
-879.896692
-370.414755
197.221448
528.447918
96.083595
-1031.603472
-1825.535622
-1479.138474
-385.585433
656.134459
1297.095605
1568.903587
1699.118573
1825.540890
1787.614195
1175.730181
-259.163116
-2050.567346
-3058.153212
-2581.541078
-1274.334321
-327.431167
-56.887409
113.782719
510.748794
709.231832
495.578116
290.773963
135.274513
-319.845828
-668.771423
-176.988610
686.475815
826.804586
307.208864
-7.582705
68.270685
128.953397
97.347818
199.749895
412.139387
481.671661
388.119147
412.139387
613.150871
787.613668
938.056225
1101.141014
1085.970336
883.694629
826.804586
1230.091777
1470.294179
-15.168044
-3035.397195
-4805.309632
-4002.527920
-2603.032871
-1908.974352
-872.311353
847.032157
2164.352699
2855.882773
3610.624005
3978.512947
2581.546345
-149.175700
-1849.555863
-1685.206851
-1240.200295
-1378.000621
-1355.244603
-888.746254
-455.117707
-98.606773
323.643765
405.818271
-289.504472
-1393.171299
-1886.218335
-1198.480931
112.518496
1134.010816
1605.566059
1753.480169
1758.537062
1692.797457
1404.554575
476.614769
-1202.273600
-2841.971050
-3280.656490
-2230.087036
-671.299869
231.355474
437.423850
597.980193
704.174939
426.045842
204.806787
326.172211
73.327578
-744.624813
-964.599644
-12.639598
962.076465
912.771762
311.001533
10.116419
7.587973
-32.867169
35.400883
361.570460
506.956125
276.867508
241.469259
640.963781
951.962680
949.434234
938.056225
975.982920
938.056225
862.202835
1010.116946
1520.863106
1323.644292
-964.599644
-4018.962821
-4896.333700
-3512.009330
-2158.026316
-1437.419109
-303.410927
1312.266283
2506.957178
3169.410119
3774.973017
3639.701138
1633.378968
-1122.627540
-2203.538350
-1575.219435
-1069.530167
-1146.647781
-1056.887936
-694.055886
-332.488060
45.514668
359.042014
187.107663
-715.547680
-1782.552035
-1895.067897
-739.567920
762.329205
1690.269011
1981.040340
1892.544718
1639.700084
1381.798558
896.336861
-223.764867
-1897.596343
-3350.188764
-3467.761519
-1908.974352
79.648693
1021.494954
1018.966508
938.056225
795.199007
260.432607
-245.256661
-300.882480
-375.471647
-817.949757
-863.461791
118.839612
1225.034885
1261.697357
519.598356
-10.111152
-176.988610
-257.898893
-154.232593
202.278341
512.013017
538.561704
494.313893
649.813343
900.129530
1059.421650
1084.706113
901.393753
585.337961
510.748794
944.377341
1546.147570
1101.141014
-1207.330493
-3830.593569
-4434.892243
-3228.823340
-2006.319536
-1158.025789
0.002634
1390.648120
2409.611994
3082.178720
3541.091730
3013.910669
1025.287624
-1197.216707
-2035.396668
-1528.443178
-922.880280
-806.571748
-772.437723
-557.519784
-314.788935
-78.379203
68.270685
-256.634670
-1055.623712
-1692.792190
-1452.589787
-260.427339
1113.783246
1951.963207
2163.088476
1877.374040
1341.343416
874.845067
319.851096
-658.657637
-1895.067897
-2954.486912
-3288.241829
-2290.769749
-236.407099
1479.143742
1852.089577
1273.075365
572.695729
82.177140
-202.273073
-390.642325
-627.052058
-927.937172
-934.258288
-163.082155
1073.328104
1657.399208
1072.063881
-11.375375
-658.657637
-562.576676
-107.456336
238.940813
424.781619
589.130631
740.837411
840.711041
944.377341
1055.628980
1003.795830
673.833583
361.570460
418.460503
838.182595
1463.973064
1532.241115
-189.630842
-3085.966122
-4615.676157
-3809.101775
-2231.351260
-1156.761566
-236.407099
1031.608740
2246.527205
3001.268437
3445.010770
3199.751475
1562.582471
-811.628641
-2225.030144
-1989.884634
-1041.717258
-549.934445
-596.710702
-611.881380
-415.926789
-160.553709
-31.602945
-249.049331
-858.404898
-1537.292740
-1606.825014
-544.877552
1104.933684
2243.998759
2448.802912
1916.564958
1102.405237
547.411266
126.424951
-656.129191
-1713.019760
-2819.215033
-3504.423991
-2532.236374
115.046942
2241.470313
2270.547446
1099.876791
343.871336
163.087423
-360.300969
-1202.273600
-1383.057513
-930.465619
-548.670222
68.270685
1300.888275
2134.011343
1455.123501
-99.870997
-964.599644
-774.966169
-386.849656
-217.443751
45.514668
571.431506
1126.425477
1443.745493
1505.692428
1321.115846
763.593428
75.856024
-170.667494
128.953397
611.886648
1125.161254
1490.521750
853.353273
-1279.391213
-3519.594669
-3940.580984
-2740.833197
-1592.918559
-930.465619
112.518496
1623.265183
2740.838464
3189.637689
3111.255853
2160.560030
317.322649
-1446.268672
-2070.794917
-1510.744053
-788.872624
-704.169671
-829.327765
-518.328866
-45.509400
88.498256
-155.496816
-633.373174
-1169.403798
-1399.492414
-810.364418
575.224176
1810.370212
2159.295807
1797.727980
1178.258627
657.398682
221.241688
-527.178428
-1539.821186
-2448.797645
-3012.641178
-2496.838125
-453.853484
1721.874590
2257.905214
1242.734009
271.810615
230.091251
127.689174
-879.896692
-1823.007176
-1659.922387
-649.808075
509.484571
1408.347244
1778.764633
1292.038713
91.026702
-773.701946
-680.149431
-335.016506
-347.658738
-361.565193
135.274513
1063.214319
1781.293079
1850.825353
1402.026128
667.512467
-89.757211
-436.154360
-184.573949
412.139387
953.226903
1369.156326
1580.281595
642.228004
-1764.852910
-3724.398822
-3547.407579
-2249.050384
-1456.382457
-927.937172
380.533808
2159.295807
3166.881672
3137.804540
2551.204989
1343.871863
-403.284557
-1759.796018
-1922.880806
-1122.627540
-527.178428
-750.945929
-860.933344
-206.065743
350.192452
146.652521
-461.438823
-1034.131919
-1321.110578
-1088.493515
-179.517056
1137.803486
1996.211018
1908.979619
1347.664532
828.068810
451.330305
-5.054259
-867.254460
-1826.799846
-2323.639551
-2402.021387
-1884.954111
-307.203596
1563.846694
2156.767360
1195.957752
54.364230
-131.476576
22.758651
-552.462891
-1380.529067
-1359.037273
-508.215080
471.557876
1194.693529
1487.993304
1039.194079
-130.212353
-1061.944828
-869.782907
-113.777451
173.201208
67.006462
317.322649
1093.555675
1749.687500
1728.195706
1192.165082
441.216520
-369.150532
-707.962341
-166.874825
743.365857
1265.490026
1456.387725
1475.351072
504.427678
-1772.438249
-3629.582085
-3465.233073
-2209.859466
-1456.382457
-879.896692
579.016845
2426.046895
3274.340642
2906.451700
2022.759704
863.467058
-605.560264
-1792.665820
-1871.047656
-1013.904348
-405.813003
-530.971097
-493.044402
150.445191
505.691901
-12.639598
-828.063542
-1307.204123
-1378.000621
-1015.168571
-61.944301
1183.315520
1943.113645
1869.788701
1357.778317
820.483471
335.021774
-278.126463
-1141.590888
-1859.669648
-2030.339776
-1901.389013
-1579.012104
-590.389586
977.247144
1965.869662
1563.846694
466.500983
-130.212353
-184.573949
-496.837072
-1132.741326
-1326.167471
-707.962341
243.997705
907.714869
1150.445718
950.698457
198.485671
-658.657637
-841.969997
-288.240249
269.282169
331.229104
372.948469
912.771762
1481.672188
1508.220875
1099.876791
477.878992
-206.065743
-608.088711
-357.772523
494.313893
1273.075365
1639.700084
1884.959379
1288.246043
-1030.339249
-3549.936025
-4072.060194
-2840.706827
-1568.898319
-857.140675
190.900332
1936.792529
3142.861432
3093.556729
2388.120200
1207.335760
-461.438823
-1873.576103
-2168.140101
-1194.688261
-56.887409
-16.432267
-381.792763
2.531080
428.574288
17.701758
-817.949757
-1451.325564
-1592.918559
-1270.541651
-428.569021
1045.515195
2250.319875
2223.771188
1500.635536
801.520123
171.936985
-410.869896
-1173.196467
-1878.632995
-1953.222162
-1821.742953
-1591.654336
-337.544952
1487.993304
2236.413420
1452.595055
104.933157
-489.251733
-305.939373
-539.820659
-1247.785634
-1452.589787
-931.729842
101.140487
1184.579743
1639.700084
1303.416721
243.997705
-945.636297
-1053.095266
-195.951957
328.700658
243.997705
193.428779
632.114218
1350.192978
1496.842866
983.568259
522.126803
111.254273
-404.548780
-465.231492
227.562804
1158.031057
1654.870762
1791.406864
1735.781045
461.444091
-2322.375328
-4266.750562
-3699.114359
-2070.794917
-1074.587060
-376.735871
984.832483
2629.586826
3237.678170
2553.733435
1380.534334
107.461603
-1189.631368
-1957.014832
-1528.443178
-203.537296
530.976365
17.701758
-383.056986
44.250445
147.916745
-681.413654
-1629.581031
-1884.954111
-1431.097994
-556.255561
710.496055
2058.157953
2541.091204
1869.788701
805.312793
-25.281830
-501.893964
-898.860039
-1477.874251
-1768.645580
-1431.097994
-982.298769
-551.198668
283.188624
1261.697357
1532.241115
710.496055
-450.060814
-780.023062
-396.963441
-352.715630
-788.872624
-944.372074
-376.735871
562.581944
1091.027229
987.360929
552.468159
-182.045503
-863.461791
-737.039474
35.400883
591.659077
568.903060
378.005361
642.228004
1151.709941
1074.592328
499.370786
212.392126
266.753722
203.542564
-2.525813
175.729654
959.548019
1745.894830
2025.288151
1474.086849
-452.589261
-3051.832096
-4223.766974
-3243.994018
-1532.235847
-434.890136
180.786547
1161.823726
2399.498209
2911.508592
2295.831909
900.129530
-651.072298
-1595.447006
-1566.369873
-683.942101
460.179867
737.044741
-30.338722
-575.218908
-433.625913
-437.418583
-977.241876
-1652.337048
-1811.629168
-1075.851283
223.770135
1547.411793
2398.233986
2231.356527
1185.843966
2.531080
-792.665293
-973.449206
-884.953585
-1078.379729
-1136.533995
-629.580504
-182.045503
-68.265417
178.258101
575.224176
633.378442
39.193552
-734.511027
-724.397242
-54.358962
134.010290
-370.414755
-723.133019
-370.414755
390.647593
790.142114
681.418922
378.005361
-152.968370
-630.844728
-423.512128
261.696830
646.020673
465.236760
137.802959
331.229104
950.698457
1056.893203
527.183695
216.184796
427.310065
590.394854
309.737310
97.347818
589.130631
1455.123501
1973.455001
1573.960479
-217.443751
-2723.134072
-4025.283937
-3256.636250
-1501.894491
-197.216181
355.249344
917.828655
1871.052924
2567.639890
2255.376767
887.487299
-740.832143
-1609.353460
-1441.211779
-504.422411
656.134459
1011.381169
202.278341
-705.433895
-852.083782
-644.751182
-831.856211
-1482.931144
-1787.608927
-1048.038373
372.948469
1653.606539
2278.132785
2020.231258
1002.531607
-236.407099
-1010.111678
-993.676777
-678.885208
-714.283457
-809.100194
-379.264317
197.221448
222.505912
-145.383031
-249.049331
-84.700319
-233.878652
-647.279629
-572.690462
168.144315
677.626252
257.904160
-433.625913
-456.381930
-24.017606
190.900332
159.294753
144.124075
108.725826
-54.358962
-93.549881
264.225276
615.679317
402.025602
-44.245177
-3.790036
524.655249
897.601084
656.134459
226.298581
376.741138
860.938612
833.125702
369.155799
188.371886
563.846167
1292.038713
1781.293079
1051.836310
-1156.761566
-3356.509880
-3670.037226
-2101.136273
-423.512128
195.957225
319.851096
843.239488
1692.797457
2125.161781
1551.204462
211.127903
-919.087610
-1260.427866
-825.535096
247.790375
1130.218147
711.760278
-603.031818
-1321.110578
-1025.282356
-635.901620
-873.575576
-1309.732569
-1106.192639
-142.854584
1003.795830
1780.028856
1876.109817
1209.864207
22.758651
-1063.209051
-1276.862767
-599.239148
-55.623186
-195.951957
-314.788935
-16.432267
77.120247
-286.976026
-496.837072
-247.785107
-45.509400
-290.768695
-498.101295
-31.602945
681.418922
614.415094
-290.768695
-973.449206
-709.226564
-25.281830
298.359302
331.229104
396.968709
366.627353
160.558976
65.742239
201.014118
300.887748
102.404710
-122.627014
123.896504
697.853823
950.698457
643.492227
288.245516
495.578116
960.812242
853.353273
246.526152
-32.867169
395.704486
1364.099433
1903.922726
661.191351
-1907.710128
-3563.842480
-3059.417435
-1283.183883
5.059526
218.713242
353.985121
1016.438062
1682.683672
1762.329732
977.247144
-331.223837
-1232.614956
-1251.578304
-423.512128
871.052397
1328.701185
222.505912
-1109.985309
-1324.903247
-744.624813
-383.056986
-718.076126
-1151.704673
-788.872624
223.770135
1145.388825
1570.167810
1285.717597
359.042014
-731.982581
-1316.053685
-874.839799
108.725826
474.086322
155.502084
-11.375375
15.173312
-198.480404
-572.690462
-705.433895
-462.703046
-219.972198
-280.654910
-199.744627
355.249344
759.800758
336.285997
-648.543852
-1159.290012
-599.239148
297.095079
610.622424
479.143215
308.473087
144.124075
70.799131
98.612041
141.595629
169.408538
56.892676
-16.432267
367.891576
941.848895
1021.494954
498.106562
-37.924061
118.839612
791.406338
946.905787
362.834683
-40.452508
394.440263
1467.765733
1989.889902
644.756450
-1927.937699
-3481.667974
-2884.954638
-1083.436622
216.184796
424.781619
469.029430
919.092878
1279.396481
1192.165082
548.675489
-490.515956
-1165.611128
-984.827215
-50.566293
1155.502610
1481.672188
383.062254
-957.014305
-1369.151058
-1008.847455
-630.844728
-720.604573
-924.144503
-546.141775
285.717070
967.133358
1214.921099
872.316620
37.929329
-806.571748
-1117.570648
-575.218908
407.082494
843.239488
543.618597
193.428779
-60.680078
-627.052058
-1280.655437
-1230.086510
-402.020334
314.794203
289.509740
-34.131392
115.046942
568.903060
451.330305
-456.381930
-1302.147230
-1136.533995
-82.171872
814.162355
950.698457
605.565532
161.823199
-156.761039
-140.326138
174.465431
432.366958
345.135559
60.685346
97.347818
613.150871
984.832483
640.963781
-117.570121
-375.471647
305.944641
1103.669460
1029.080293
366.627353
190.900332
973.454474
1893.808941
1323.644292
-1039.188811
-3175.725967
-3241.465572
-1644.751709
-34.131392
587.866407
581.545292
648.549120
749.686973
694.061154
452.594528
-127.683906
-777.494615
-859.669121
-170.667494
986.096706
1677.626779
930.470886
-647.279629
-1571.426765
-1441.211779
-878.632469
-532.235320
-525.914205
-427.304797
13.909089
581.545292
958.283796
824.276140
134.010290
-685.206324
-1063.209051
-621.995165
383.062254
1042.986748
893.808414
242.733482
-544.877552
-1111.249532
-1054.359489
-456.381930
96.083595
154.237860
-146.647254
-232.614429
163.087423
528.447918
230.091251
-639.694290
-1302.147230
-1012.640125
96.083595
1026.551847
1035.401409
388.119147
-146.647254
-136.533468
242.733482
462.708314
284.452847
-18.960714
-120.098567
102.404710
534.769034
767.386097
518.334133
8.852196
-212.386859
283.188624
1135.275040
1362.835210
711.760278
21.494428
225.034358
1257.904687
1661.191878
150.445191
-2247.786161
-3270.542705
-2212.387912
-400.756111
623.264656
681.418922
503.163455
383.062254
293.302409
262.961053
93.555148
-271.805348
-479.137947
-240.199768
495.578116
1284.453374
1151.709941
-77.114980
-1317.317908
-1663.715057
-1192.159815
-485.459063
-61.944301
7.587973
10.116419
130.217620
311.001533
357.777791
118.839612
-318.581605
-632.108951
-469.024162
168.144315
787.613668
912.771762
532.240588
-175.724387
-1054.359489
-1576.483658
-1122.627540
51.835784
924.149770
824.276140
49.307337
-517.064642
-431.097467
-152.968370
-226.293313
-590.389586
-792.665293
-378.000094
579.016845
1273.075365
1096.084121
228.827027
-663.714530
-863.461791
-290.768695
431.102734
753.479643
585.337961
243.997705
152.973637
345.135559
514.541464
442.480743
116.311165
-56.887409
419.724726
1132.746593
1189.636636
572.695729
99.876264
374.212692
997.474714
723.138287
-834.384658
-2264.221062
-2194.688788
-977.241876
187.107663
630.849995
537.297481
307.208864
35.400883
-166.874825
-163.082155
-101.135220
-83.436095
-11.375375
269.282169
745.894304
939.320448
331.229104
-688.998993
-1237.671849
-1098.607300
-630.844728
-173.195940
65.742239
92.290925
22.758651
-70.793864
-126.419683
-130.212353
-150.439923
-190.895065
-156.761039
63.213792
413.403610
619.471987
493.049670
-54.358962
-915.294941
-1434.890663
-897.595816
319.851096
1056.893203
771.178767
-58.151632
-642.222736
-668.771423
-398.227664
-163.082155
-103.663666
-226.293313
-323.638497
-61.944301
484.200108
743.365857
321.115319
-434.890136
-757.267044
-312.260489
428.574288
828.068810
772.442990
522.126803
283.188624
164.351646
188.371886
252.847268
254.111491
207.335234
262.961053
575.224176
915.300208
843.239488
393.176039
150.445191
503.163455
948.170011
508.220348
-853.348005
-1901.389013
-1729.454662
-753.474375
165.615869
613.150871
586.602184
211.127903
-284.447579
-592.918033
-534.763767
-155.496816
259.168383
420.988949
448.801859
590.394854
584.073738
89.762479
-635.901620
-1046.774150
-897.595816
-431.097467
-77.114980
53.100007
99.876264
91.026702
-84.700319
-389.378102
-549.934445
-359.036746
27.815544
269.282169
297.095079
305.944641
329.964881
91.026702
-482.930617
-936.786735
-774.966169
-51.830516
635.906888
720.609840
261.696830
-231.350206
-504.422411
-606.824487
-510.743527
-235.142876
-25.281830
-39.188284
-96.078327
13.909089
187.107663
131.481843
-180.781279
-389.378102
-182.045503
316.058426
718.081394
806.577016
635.906888
342.607113
77.120247
-36.659838
58.156900
269.282169
391.911816
376.741138
456.387198
739.573188
835.654149
510.748794
123.896504
91.026702
536.033257
908.979092
336.285997
-871.047130
-1490.516483
-1209.858939
-529.706874
126.424951
419.724726
327.436435
54.364230
-374.207424
-714.283457
-487.987509
139.067182
491.785447
403.289825
294.566632
341.342889
259.168383
-94.814104
-523.385758
-713.019234
-501.893964
-209.858412
-175.724387
-144.118807
13.909089
10.116419
-187.102395
-399.491888
-472.816831
-219.972198
206.071010
391.911816
316.058426
206.071010
22.758651
-351.451407
-715.547680
-721.868796
-255.370446
420.988949
747.158527
457.651421
-70.793864
-443.739699
-597.974925
-499.365518
-223.764867
-30.338722
-18.960714
-131.476576
-235.142876
-128.948129
68.270685
58.156900
-84.700319
-97.342550
126.424951
427.310065
585.337961
582.809515
410.875164
149.180968
26.551320
6.323750
89.762479
362.834683
482.935884
417.196280
560.053498
590.394854
474.086322
587.866407
346.399782
27.815544
541.090150
848.296380
176.993877
-546.141775
-1099.871523
-1314.789462
-584.068470
238.940813
365.363130
323.643765
109.990050
-498.101295
-896.331593
-646.015406
-26.546053
512.013017
713.024501
563.846167
207.335234
-96.078327
-281.919133
-508.215080
-584.068470
-310.996266
-67.001194
-96.078327
-116.305898
-61.944301
-59.415855
-142.854584
-336.280729
-447.532368
-201.008850
192.164556
280.660177
117.575389
16.437535
-121.362790
-457.646153
-683.942101
-479.137947
70.799131
610.622424
680.154699
214.920573
-300.882480
-576.483131
-638.430067
-389.378102
56.892676
304.680418
168.144315
-199.744627
-461.438823
-366.622085
-65.736971
142.859852
189.636109
187.107663
188.371886
160.558976
166.880092
250.318821
270.546392
163.087423
112.518496
189.636109
327.436435
489.257000
546.147043
462.708314
423.517395
486.728554
494.313893
355.249344
169.408538
178.258101
505.691901
759.800758
412.139387
-391.906549
-958.278528
-946.900520
-518.328866
41.721998
399.497155
348.928228
-32.867169
-548.670222
-892.538924
-704.169671
-69.529641
490.521223
678.890476
557.525051
195.957225
-236.407099
-469.024162
-484.194840
-340.073399
-26.546053
189.636109
68.270685
-156.761039
-256.634670
-297.089811
-293.297141
-218.707974
-150.439923
-80.907649
22.758651
21.494428
-79.643426
-72.058087
-99.870997
-359.036746
-538.556436
-366.622085
24.022874
413.403610
589.130631
362.834683
-116.305898
-508.215080
-603.031818
-370.414755
2.531080
254.111491
261.696830
20.230205
-285.711802
-428.569021
-356.508300
-106.192112
169.408538
279.395954
207.335234
70.799131
-18.960714
-5.054259
125.160728
336.285997
523.391026
520.862579
359.042014
235.148143
194.693002
175.729654
255.375714
458.915644
603.037085
536.033257
309.737310
134.010290
242.733482
554.996605
587.866407
127.689174
-419.719458
-704.169671
-678.885208
-335.016506
112.518496
243.997705
29.079767
-256.634670
-517.064642
-628.316281
-385.585433
97.347818
494.313893
614.415094
375.476915
-128.948129
-520.857312
-591.653809
-455.117707
-140.326138
259.168383
396.968709
188.371886
-131.476576
-414.662566
-501.893964
-300.882480
-31.602945
82.177140
37.929329
-113.777451
-279.390687
-285.711802
-159.289486
-178.252833
-307.203596
-233.878652
25.287097
264.225276
375.476915
214.920573
-182.045503
-495.572848
-520.857312
-303.410927
26.551320
294.566632
311.001533
84.705586
-174.460164
-319.845828
-341.337622
-176.988610
63.213792
140.331406
122.632281
98.612041
11.380642
-13.903821
96.083595
225.034358
375.476915
494.313893
433.631181
255.375714
96.083595
1.266857
41.721998
241.469259
494.313893
594.187523
456.387198
227.562804
79.648693
146.652521
442.480743
599.244416
323.643765
-180.781279
-562.576676
-568.897792
-194.687734
184.579216
245.261929
72.063354
-117.570121
-275.598017
-418.455235
-434.890136
-245.256661
42.986222
275.603285
279.395954
2.531080
-323.638497
-438.682806
-289.504472
20.230205
256.639937
266.753722
135.274513
-88.492988
-389.378102
-562.576676
-438.682806
-121.362790
139.067182
187.107663
82.177140
-36.659838
-103.663666
-147.911477
-207.329966
-235.142876
-170.667494
-79.643426
-51.830516
-61.944301
-111.249005
-192.159288
-228.821760
-166.874825
-25.281830
122.632281
176.993877
111.254273
-12.639598
-134.005022
-214.915305
-217.443751
-152.968370
-67.001194
13.909089
98.612041
152.973637
125.160728
109.990050
160.558976
193.428779
194.693002
188.371886
150.445191
94.819371
55.628453
37.929329
68.270685
169.408538
304.680418
372.948469
375.476915
360.306237
290.773963
195.957225
189.636109
254.111491
288.245516
198.485671
-40.452508
-250.313554
-227.557537
-24.017606
155.502084
170.672762
39.193552
-104.927889
-213.651082
-310.996266
-302.146704
-150.439923
61.949569
226.298581
199.749895
-25.281830
-231.350206
-292.032918
-243.992438
-145.383031
-53.094739
12.644865
41.721998
-18.960714
-146.647254
-217.443751
-132.740799
45.514668
171.936985
146.652521
1.266857
-149.175700
-265.484232
-318.581605
-275.598017
-199.744627
-139.061915
-79.643426
-40.452508
-26.546053
-7.582705
-41.716731
-134.005022
-128.948129
-12.639598
59.421123
3.795303
-128.948129
-241.463992
-254.106223
-163.082155
-46.773623
39.193552
109.990050
147.916745
111.254273
60.685346
50.571561
34.136659
3.795303
-6.318482
10.116419
54.364230
96.083595
121.368058
150.445191
163.087423
163.087423
189.636109
233.883920
273.074838
268.017946
188.371886
92.290925
53.100007
102.404710
219.977465
313.529980
271.810615
98.612041
-74.586533
-98.606773
48.043114
198.485671
189.636109
63.213792
-44.245177
-88.492988
-106.192112
-126.419683
-118.834344
-44.245177
51.835784
78.384470
-11.375375
-158.025262
-250.313554
-198.480404
-30.338722
111.254273
123.896504
50.571561
-37.924061
-128.948129
-194.687734
-182.045503
-115.041675
-60.680078
-34.131392
-46.773623
-93.549881
-101.135220
-104.927889
-163.082155
-160.553709
-65.736971
7.587973
8.852196
-73.322310
-174.460164
-146.647254
-46.773623
-65.736971
-168.139048
-211.122635
-169.403271
-82.171872
-34.131392
-30.338722
-8.846928
39.193552
54.364230
-8.846928
-87.228765
-107.456336
-75.850756
-20.224937
18.965981
5.059526
13.909089
96.083595
142.859852
80.912917
20.230205
41.721998
98.612041
111.254273
79.648693
84.705586
139.067182
192.164556
202.278341
175.729654
154.237860
146.652521
145.388298
166.880092
213.656349
247.790375
214.920573
93.555148
-1.261589
56.892676
187.107663
232.619697
149.180968
0.002634
-84.700319
-34.131392
56.892676
65.742239
29.079767
37.929329
72.063354
54.364230
-31.602945
-123.891237
-147.911477
-98.606773
-65.736971
-87.228765
-69.529641
-10.111152
-13.903821
-84.700319
-139.061915
-135.269245
-104.927889
-92.285658
-118.834344
-136.533468
-103.663666
-45.509400
0.002634
-7.582705
-50.566293
-75.850756
-82.171872
-125.155460
-238.935545
-328.695390
-284.447579
-139.061915
-20.224937
-27.810276
-104.927889
-96.078327
-8.846928
-8.846928
-97.342550
-168.139048
-144.118807
-49.302070
-6.318482
-50.566293
-99.870997
-93.549881
-41.716731
-13.903821
-20.224937
17.701758
84.705586
87.234032
58.156900
55.628453
93.555148
164.351646
184.579216
115.046942
49.307337
53.100007
102.404710
134.010290
127.689174
126.424951
183.314993
274.339061
304.680418
266.753722
226.298581
189.636109
106.197380
29.079767
53.100007
161.823199
256.639937
213.656349
70.799131
2.531080
25.287097
58.156900
58.156900
29.079767
12.644865
15.173312
-13.903821
-65.736971
-97.342550
-99.870997
-58.151632
-22.753383
-42.980954
-74.586533
-88.492988
-96.078327
-101.135220
-103.663666
-75.850756
1.266857
58.156900
22.758651
-91.021434
-193.423511
-225.029090
-203.537296
-187.102395
-168.139048
-122.627014
-79.643426
-64.472748
-75.850756
-96.078327
-109.984782
-134.005022
-139.061915
-75.850756
-25.281830
-77.114980
-179.517056
-236.407099
-223.764867
-161.817932
-94.814104
-50.566293
-5.054259
35.400883
26.551320
-13.903821
-27.810276
2.531080
45.514668
79.648693
74.591801
5.059526
-68.265417
-87.228765
-34.131392
63.213792
150.445191
217.449019
255.375714
238.940813
178.258101
125.160728
121.368058
137.802959
140.331406
142.859852
170.672762
208.599457
237.676590
250.318821
218.713242
151.709414
98.612041
109.990050
180.786547
204.806787
127.689174
12.644865
-51.830516
-24.017606
34.136659
56.892676
67.006462
63.213792
29.079767
-15.168044
-67.001194
-104.927889
-99.870997
-48.037847
6.323750
8.852196
-13.903821
-32.867169
-85.964542
-154.232593
-203.537296
-197.216181
-131.476576
-75.850756
-98.606773
-152.968370
-150.439923
-116.305898
-91.021434
-59.415855
-29.074499
-16.432267
-29.074499
-75.850756
-159.289486
-233.878652
-281.919133
-303.410927
-231.350206
-77.114980
17.701758
-21.489160
-80.907649
-84.700319
-42.980954
-2.525813
-3.790036
-50.566293
-97.342550
-109.984782
-123.891237
-151.704146
-140.326138
-67.001194
48.043114
147.916745
174.465431
131.481843
75.856024
24.022874
-13.903821
1.266857
56.892676
125.160728
173.201208
158.030530
103.668934
94.819371
156.766307
204.806787
199.749895
175.729654
158.030530
164.351646
192.164556
204.806787
194.693002
189.636109
142.859852
68.270685
85.969809
168.144315
194.693002
125.160728
2.531080
-48.037847
2.531080
74.591801
113.782719
102.404710
79.648693
63.213792
7.587973
-73.322310
-127.683906
-141.590361
-106.192112
-70.793864
-92.285658
-116.305898
-82.171872
-37.924061
-24.017606
-36.659838
-46.773623
-21.489160
-13.903821
-77.114980
-166.874825
-223.764867
-228.821760
-201.008850
-168.139048
-120.098567
-58.151632
-30.338722
-39.188284
-60.680078
-58.151632
-42.980954
-63.208525
-136.533468
-199.744627
-192.159288
-137.797692
-112.513228
-149.175700
-173.195940
-109.984782
-1.261589
68.270685
50.571561
-12.639598
-49.302070
-59.415855
-79.643426
-89.757211
-37.924061
53.100007
107.461603
80.912917
16.437535
-16.432267
-6.318482
27.815544
64.478015
121.368058
187.107663
204.806787
168.144315
107.461603
85.969809
135.274513
194.693002
197.221448
