-5.393991
-6.742791
1.350008
1.350008
-1.347592
1.350008
5.396408
1.350008
-2.696391
0.001208
-2.696391
-5.393991
-4.045191
-1.347592
0.001208
-1.347592
-2.696391
0.001208
6.745208
2.698808
0.001208
0.001208
-4.045191
-5.393991
1.350008
0.001208
-4.045191
-1.347592
4.047608
2.698808
0.001208
-2.696391
2.698808
2.698808
-5.393991
1.350008
0.001208
-4.045191
0.001208
4.047608
5.396408
2.698808
1.350008
2.698808
2.698808
0.001208
-2.696391
-1.347592
0.001208
1.350008
2.698808
1.350008
-1.347592
1.350008
4.047608
1.350008
1.350008
0.001208
1.350008
6.745208
4.047608
0.001208
-2.696391
-4.045191
-2.696391
2.698808
6.745208
2.698808
0.001208
1.350008
2.698808
5.396408
1.350008
4.047608
1.350008
-4.045191
-2.696391
0.001208
0.001208
-2.696391
-4.045191
-2.696391
2.698808
1.350008
-2.696391
1.350008
4.047608
-1.347592
-2.696391
-1.347592
-1.347592
2.698808
0.001208
-2.696391
0.001208
-1.347592
-1.347592
1.350008
1.350008
-1.347592
-2.696391
-2.696391
-1.347592
1.350008
4.047608
5.396408
-4.045191
-5.393991
2.698808
-1.347592
-1.347592
0.001208
-1.347592
-5.393991
-5.393991
4.047608
0.001208
-2.696391
-2.696391
-6.742791
-1.347592
2.698808
0.001208
1.350008
2.698808
-4.045191
-4.045191
2.698808
4.047608
1.350008
1.350008
0.001208
1.350008
1.350008
2.698808
2.698808
-1.347592
-2.696391
-2.696391
0.001208
5.396408
5.396408
2.698808
2.698808
0.001208
-1.347592
5.396408
5.396408
0.001208
-5.393991
-6.742791
-2.696391
-1.347592
0.001208
0.001208
1.350008
-2.696391
-1.347592
5.396408
4.047608
2.698808
-1.347592
-5.393991
-2.696391
1.350008
1.350008
-1.347592
-5.393991
0.001208
2.698808
1.350008
0.001208
1.350008
-2.696391
-6.742791
0.001208
-1.347592
-2.696391
-4.045191
-1.347592
2.698808
-1.347592
1.350008
5.396408
2.698808
2.698808
0.001208
1.350008
1.350008
-2.696391
1.350008
1.350008
-1.347592
-2.696391
1.350008
1.350008
-1.347592
-1.347592
0.001208
-1.347592
-1.347592
2.698808
1.350008
-2.696391
-1.347592
2.698808
5.396408
0.001208
-1.347592
0.001208
0.001208
5.396408
6.745208
0.001208
-2.696391
0.001208
4.047608
5.396408
-1.347592
-2.696391
2.698808
1.350008
-4.045191
-4.045191
-2.696391
4.047608
1.350008
4.047608
2.698808
-2.696391
2.698808
4.047608
0.001208
-2.696391
-4.045191
-2.696391
-4.045191
-4.045191
2.698808
2.698808
-1.347592
1.350008
4.047608
2.698808
0.001208
0.001208
-4.045191
-6.742791
-4.045191
1.350008
0.001208
0.001208
1.350008
0.001208
0.001208
1.350008
-2.696391
1.350008
2.698808
0.001208
-1.347592
-4.045191
-2.696391
-2.696391
-1.347592
0.001208
-1.347592
-1.347592
1.350008
1.350008
-1.347592
-2.696391
2.698808
-1.347592
-8.091591
-1.347592
-2.696391
-1.347592
2.698808
1.350008
0.001208
0.001208
0.001208
-1.347592
0.001208
4.047608
0.001208
-5.393991
-4.045191
0.001208
0.001208
0.001208
0.001208
0.001208
-4.045191
1.350008
8.094008
4.047608
1.350008
1.350008
5.396408
2.698808
-2.696391
-2.696391
-1.347592
-2.696391
-2.696391
1.350008
2.698808
1.350008
-1.347592
0.001208
2.698808
-1.347592
0.001208
0.001208
-1.347592
5.396408
-1.347592
-6.742791
2.698808
0.001208
-1.347592
-2.696391
-1.347592
1.350008
1.350008
2.698808
2.698808
2.698808
1.350008
0.001208
-2.696391
0.001208
1.350008
0.001208
-1.347592
1.350008
5.396408
4.047608
0.001208
-1.347592
-4.045191
-2.696391
-2.696391
-4.045191
0.001208
1.350008
-4.045191
-4.045191
1.350008
2.698808
4.047608
0.001208
1.350008
1.350008
2.698808
4.047608
-1.347592
1.350008
-1.347592
-1.347592
0.001208
-2.696391
1.350008
-1.347592
-1.347592
-1.347592
-2.696391
2.698808
0.001208
-1.347592
-1.347592
-1.347592
0.001208
0.001208
1.350008
-4.045191
-1.347592
4.047608
0.001208
1.350008
2.698808
2.698808
5.396408
1.350008
-2.696391
1.350008
-2.696391
-5.393991
-2.696391
0.001208
-1.347592
-2.696391
2.698808
-1.347592
-2.696391
-1.347592
1.350008
0.001208
-4.045191
-1.347592
-2.696391
-5.393991
-2.696391
1.350008
4.047608
1.350008
0.001208
0.001208
-4.045191
-4.045191
-1.347592
-5.393991
-5.393991
-5.393991
-2.696391
2.698808
4.047608
2.698808
-2.696391
-1.347592
2.698808
2.698808
-1.347592
2.698808
-1.347592
-4.045191
0.001208
0.001208
2.698808
1.350008
1.350008
1.350008
-2.696391
2.698808
4.047608
2.698808
2.698808
2.698808
1.350008
0.001208
-1.347592
0.001208
-1.347592
-2.696391
-2.696391
-1.347592
1.350008
5.396408
2.698808
1.350008
-1.347592
2.698808
5.396408
5.396408
0.001208
-2.696391
-1.347592
0.001208
-1.347592
0.001208
1.350008
2.698808
-1.347592
-4.045191
1.350008
1.350008
0.001208
0.001208
-2.696391
-4.045191
1.350008
0.001208
-4.045191
-1.347592
4.047608
8.094008
0.001208
-5.393991
-1.347592
-2.696391
-1.347592
0.001208
2.698808
-2.696391
-6.742791
1.350008
1.350008
-8.091591
-8.091591
2.698808
-1.347592
-4.045191
0.001208
1.350008
2.698808
1.350008
4.047608
-1.347592
-4.045191
1.350008
-1.347592
-2.696391
1.350008
0.001208
0.001208
1.350008
2.698808
2.698808
0.001208
-2.696391
-1.347592
-4.045191
-1.347592
0.001208
-5.393991
-4.045191
2.698808
1.350008
0.001208
4.047608
1.350008
-1.347592
-2.696391
-2.696391
2.698808
0.001208
-2.696391
2.698808
-1.347592
-1.347592
5.396408
5.396408
2.698808
1.350008
1.350008
-2.696391
-2.696391
2.698808
5.396408
2.698808
-4.045191
-1.347592
1.350008
-1.347592
1.350008
-1.347592
-2.696391
2.698808
1.350008
-1.347592
0.001208
-1.347592
-2.696391
-1.347592
-1.347592
1.350008
2.698808
2.698808
1.350008
0.001208
0.001208
-1.347592
-1.347592
1.350008
-1.347592
-2.696391
4.047608
4.047608
-1.347592
0.001208
-1.347592
-2.696391
-2.696391
-1.347592
0.001208
2.698808
1.350008
2.698808
2.698808
-1.347592
-4.045191
-2.696391
0.001208
-1.347592
-2.696391
-1.347592
5.396408
2.698808
1.350008
8.094008
5.396408
0.001208
0.001208
2.698808
-1.347592
-2.696391
2.698808
-1.347592
-6.742791
-1.347592
4.047608
-1.347592
-5.393991
-6.742791
-8.091591
0.001208
4.047608
1.350008
-2.696391
-2.696391
0.001208
-4.045191
-4.045191
-2.696391
-1.347592
2.698808
1.350008
1.350008
4.047608
-1.347592
-5.393991
-8.091591
-2.696391
2.698808
8.094008
4.047608
-5.393991
-4.045191
-1.347592
-5.393991
0.001208
-1.347592
-8.091591
-4.045191
2.698808
9.442808
8.094008
-5.393991
-5.393991
-4.045191
-2.696391
-2.696391
-2.696391
4.047608
-1.347592
-1.347592
9.442808
6.745208
-1.347592
-2.696391
-2.696391
-6.742791
0.001208
10.791607
-2.696391
-12.137991
-1.347592
4.047608
14.838007
14.838007
4.047608
2.698808
1.350008
-14.835591
-21.579590
-10.789191
-6.742791
-5.393991
2.698808
6.745208
6.745208
6.745208
10.791607
4.047608
-13.486791
-16.184390
-2.696391
0.001208
0.001208
5.396408
4.047608
0.001208
1.350008
8.094008
6.745208
-2.696391
-8.091591
-2.696391
-5.393991
-9.440391
-10.789191
-8.091591
-2.696391
5.396408
12.140407
6.745208
-8.091591
-6.742791
-2.696391
-10.789191
-5.393991
6.745208
5.396408
-2.696391
0.001208
8.094008
4.047608
8.094008
4.047608
-8.091591
-1.347592
9.442808
5.396408
1.350008
12.140407
16.186807
10.791607
16.186807
22.930807
16.186807
2.698808
-4.045191
-9.440391
1.350008
13.489207
8.094008
6.745208
14.838007
6.745208
2.698808
8.094008
8.094008
-14.835591
-31.021189
-12.137991
5.396408
-5.393991
-9.440391
-5.393991
-5.393991
2.698808
6.745208
-2.696391
-5.393991
-20.230790
-36.416389
-22.928390
-2.696391
4.047608
-1.347592
-2.696391
-6.742791
-6.742791
8.094008
4.047608
-17.533190
-17.533190
4.047608
8.094008
-5.393991
-2.696391
-6.742791
-16.184390
-4.045191
12.140407
1.350008
-12.137991
-10.789191
-8.091591
-12.137991
-16.184390
-18.881990
-5.393991
2.698808
-5.393991
-8.091591
1.350008
9.442808
2.698808
-9.440391
-14.835591
-10.789191
0.001208
5.396408
12.140407
8.094008
12.140407
13.489207
6.745208
18.884407
-6.742791
-43.160388
1.350008
35.070006
-9.440391
-63.392387
-60.694787
-32.369989
-29.672389
-60.694787
-51.253188
74.185202
103.858800
-67.438786
-165.901179
-91.717185
-41.811588
-213.109175
-300.781168
25.628406
380.362779
352.037981
64.743603
-126.785982
-66.089987
52.604404
-16.184390
-134.878781
-26.974790
173.996395
258.970788
276.505187
263.017188
165.903595
25.628406
-48.555588
-2.696391
52.604404
43.162805
31.023606
64.743603
132.183598
180.740394
133.532398
49.906804
-4.045191
-75.531586
-125.437182
-105.205183
-74.182786
-57.997187
-4.045191
74.185202
114.649199
79.580402
-17.533190
-84.973185
-102.507584
-115.995583
-97.112384
-39.113989
21.582007
70.138803
82.278002
63.394803
18.884407
-31.021189
-49.904388
-52.601988
-74.182786
-83.624385
-53.950787
1.350008
29.674806
16.186807
-20.230790
-57.997187
-57.997187
-39.113989
-57.997187
-98.461184
-87.670785
-40.462789
-40.462789
-66.089987
-55.299587
-31.021189
-13.486791
-40.462789
-95.763584
-94.414784
-37.765189
10.791607
10.791607
-21.579590
-29.672389
-13.486791
9.442808
35.070006
57.999604
43.162805
1.350008
-8.091591
5.396408
56.650804
125.439598
128.137198
66.092403
33.721206
47.209205
63.394803
87.673201
103.858800
79.580402
71.487603
128.137198
168.601195
136.229998
87.673201
37.767605
-18.881990
-25.625990
36.418805
64.743603
-6.742791
-124.088382
-198.272376
-194.225976
-152.413180
-145.669180
-180.737978
-200.969976
-209.062775
-227.945974
-252.224372
-271.107570
-273.805170
-256.270772
-206.365176
-147.017980
-109.251583
-107.902783
-149.715580
-194.225976
-140.273981
-9.440391
40.465205
-17.533190
-32.369989
26.977206
72.836403
115.997999
151.066796
129.485998
107.905200
157.810796
199.623593
184.786794
188.833194
173.996395
114.649199
168.601195
277.853987
252.226789
180.740394
145.671597
94.417201
106.556400
225.250791
249.529189
192.879593
241.436389
271.109987
215.809191
222.553191
250.877989
248.180389
299.434785
366.874780
364.177180
322.364383
184.786794
-80.926785
-269.758771
-296.734768
-222.550774
-20.230790
144.322797
18.884407
-122.739582
-130.832381
-362.825963
-611.005144
-534.123550
-532.774750
-567.843547
-145.669180
196.925993
-51.253188
-269.758771
-289.990769
-480.171554
-419.475559
-53.950787
-138.925181
-352.035564
20.233207
321.015583
144.322797
133.532398
152.415596
-163.203579
-137.576381
253.575588
206.367592
35.070006
248.180389
306.178784
167.252395
288.644386
229.297190
-191.528377
-261.665971
-18.881990
18.884407
18.884407
90.370801
-37.765189
-182.086777
-168.598778
-316.966767
-457.241956
-288.641969
-183.435577
-172.645178
91.719601
138.927597
-269.758771
-360.128363
-117.344383
-147.017980
-155.110780
94.417201
159.159596
211.762792
308.876384
-182.086777
-474.776355
543.567566
1583.492284
1011.601129
-213.109175
-548.960349
21.582007
1134.341919
1880.228261
1092.529123
-182.086777
-117.344383
673.052356
816.025144
423.524375
-213.109175
-805.232329
-364.174763
604.263561
335.852382
-611.005144
-566.494747
-156.459579
-399.243560
-695.979537
-934.717118
-1333.961887
-891.555522
218.506791
169.949995
-743.187533
-884.811522
-577.285146
-445.102757
-110.600383
-129.483582
-768.814731
-573.238747
542.218766
789.049146
168.601195
-26.974790
74.185202
195.577193
589.426762
613.705160
-32.369989
-115.995583
655.517957
919.882736
422.175575
-44.509188
-400.592360
-453.195556
155.113196
539.521166
-105.205183
-739.141134
-455.893156
-20.230790
-48.555588
-308.873968
-647.422741
-766.117132
-265.712371
254.924388
-24.277190
-505.798752
-408.685160
-28.323589
280.551586
414.082776
167.252395
-120.041982
190.181993
780.956347
888.860339
594.821962
397.897177
528.730767
938.765935
1286.756307
1228.757912
782.305147
318.317983
145.671597
160.508396
110.602800
52.604404
124.090799
20.233207
-260.317171
-152.413180
12.140407
-528.728350
-1141.083502
-1096.573106
-964.390716
-879.416323
-424.870758
-280.549170
-752.629133
-803.883529
-450.497956
-511.193952
-628.539542
-521.984351
-687.886738
-637.981142
186.135594
727.004351
373.618779
76.882802
202.321192
285.946786
418.129176
597.519561
352.037981
67.441203
442.407574
934.719535
794.444346
349.340381
74.185202
-80.926785
5.396408
315.620384
142.973997
-597.517145
-852.440325
-302.129968
59.348404
-145.669180
-438.358757
-751.280333
-849.742725
-284.595569
144.322797
-341.245165
-771.512331
-431.614758
37.767605
346.642781
492.313170
151.066796
-187.481977
218.506791
786.351547
793.095546
602.914761
563.799564
643.378758
1026.437928
1512.005890
1428.380296
950.905134
632.588359
391.153178
233.343590
237.389990
52.604404
-157.808379
62.046003
142.973997
-218.504375
-264.363571
-252.224372
-852.440325
-1271.917092
-1118.153904
-1165.361900
-1205.825897
-659.561940
-299.432368
-592.121945
-752.629133
-656.864340
-729.699535
-604.261144
-289.990769
-459.939556
-505.798752
304.829984
907.743537
600.217161
229.297190
194.228393
249.529189
470.732371
646.076358
395.199577
175.345195
540.869966
971.137132
820.071544
393.850777
98.463601
-188.830777
-315.617967
-145.669180
-269.758771
-731.048334
-671.701139
-200.969976
-156.459579
-415.429159
-598.865945
-845.696325
-838.952326
-322.361966
-44.509188
-287.293169
-263.014771
155.113196
358.781980
379.013979
418.129176
245.482789
120.044399
442.407574
797.141946
892.906738
1021.042728
1146.481118
1100.621922
1216.618713
1578.097085
1431.077896
447.802773
-349.337964
-226.597174
57.999604
-2.696391
111.951600
153.764396
-387.104361
-584.029146
-68.787586
-327.757166
-1428.377880
-1702.184258
-1253.033894
-1050.713909
-623.144343
-103.856384
-550.309149
-1142.432302
-700.025937
-242.782773
-488.264353
-573.238747
-447.800357
-454.544356
97.114801
1029.135528
1045.321126
346.642781
103.858800
283.249186
400.594777
550.311565
570.543564
223.901991
103.858800
571.892363
882.116339
585.380362
159.159596
-144.320380
-384.406762
-439.707557
-420.824359
-573.238747
-693.281937
-562.448348
-366.872363
-295.385969
-420.824359
-686.537938
-770.163531
-524.681951
-219.853174
-93.065984
-28.323589
198.274793
500.405969
592.124362
458.593172
319.666783
296.737185
523.335567
938.765935
1195.037915
1232.804312
1263.826709
1340.708303
1522.796289
1758.836271
1379.823500
101.161200
-855.137925
-624.493143
-230.643574
-357.430764
-213.109175
9.442808
-535.472350
-821.417927
-312.920367
-682.491538
-1881.574644
-1982.734636
-1290.800291
-964.390716
-393.848361
202.321192
-339.896365
-945.507518
-414.080359
32.372406
-252.224372
-327.757166
-138.925181
-16.184390
601.565961
1502.564291
1474.239493
640.681158
188.833194
343.945181
526.033167
457.244372
218.506791
-105.205183
-171.296378
360.130780
766.119548
226.599591
-575.936347
-844.347526
-1031.830711
-1246.289894
-940.112318
-620.446743
-865.928324
-828.161927
-207.713975
-29.672389
-412.731559
-516.589151
-380.360362
-256.270772
213.111592
806.583545
875.372340
755.329149
958.997933
981.927531
639.332358
609.658761
822.769144
749.933950
785.002747
1205.828314
1405.450698
1305.639506
1340.708303
1382.521100
1250.338710
693.284354
-611.005144
-1552.467470
-1185.593899
-880.765123
-1159.966701
-700.025937
-318.315567
-1247.638694
-1520.096273
-503.101152
-751.280333
-2085.243428
-2048.825831
-1081.736307
-392.499561
567.845964
1196.386715
415.431576
-302.129968
292.690785
805.234745
420.826775
110.602800
287.295586
577.287563
1060.157925
1715.674674
1653.629879
551.660365
-357.430764
-248.177972
62.046003
-187.481977
-619.097943
-971.134716
-1244.941094
-759.373132
238.738790
28.326006
-1216.616296
-1475.585876
-995.413114
-1189.640299
-1184.245099
-321.013167
-62.043587
-405.987560
229.297190
1076.343524
620.449160
-51.253188
64.743603
354.735581
722.957952
1134.341919
1092.529123
876.721140
980.578731
1095.226722
745.887550
125.439598
-56.648387
273.807587
480.173971
601.565961
917.185136
936.068335
621.797960
652.820357
992.717931
1083.087523
325.061983
-1590.233867
-2860.803368
-1839.761848
-725.653135
-876.718723
-354.733164
173.996395
-844.347526
-985.971514
439.709974
207.716392
-1390.611483
-1280.009891
98.463601
1270.570709
2325.332226
2171.569038
490.964370
-449.149157
68.790003
465.337172
-67.438786
-957.646717
-1027.784311
-115.995583
531.428367
477.476371
-89.019585
-1263.824293
-2083.894628
-1483.678675
-377.662762
-157.808379
-451.846756
-285.944369
277.853987
701.377153
503.103569
-40.462789
87.673201
353.386781
51.255604
298.085985
686.540355
-13.486791
-469.381155
-44.509188
-141.622781
-550.309149
-229.294774
156.461996
-122.739582
-442.405157
-310.222767
4.047608
249.529189
316.969183
449.151573
785.002747
725.655551
408.687576
509.847568
554.357965
461.290772
905.045937
1436.473096
1512.005890
1553.818687
1605.073083
1478.285892
1248.989910
-295.385969
-3316.697732
-4256.811258
-2301.051411
-1228.755495
-1146.478702
-155.110780
-51.253188
-886.160322
-202.318776
539.521166
-775.558731
-1737.253056
-237.387573
2050.177048
3343.676146
3125.170563
1607.770682
311.573984
-1.347592
-152.413180
-486.915554
-1106.014705
-1629.349064
-918.531520
380.362779
524.684367
-571.889947
-1808.739450
-2306.446611
-1807.390650
-592.121945
227.948390
-26.974790
120.044399
1130.295520
1222.013913
689.237954
724.306752
589.426762
321.015583
463.988372
329.108383
-145.669180
-387.104361
-511.193952
-802.534729
-1099.270706
-968.437116
-306.176368
200.972393
-62.043587
-437.009957
-230.643574
90.370801
405.989976
861.884341
853.791541
679.796355
917.185136
843.001142
443.756374
325.061983
252.226789
523.335567
1335.313104
1730.511473
1497.169091
1261.129110
1097.924322
1123.551520
864.581941
-1646.883463
-5000.000000
-4391.691248
-1273.265892
-416.777959
-434.312358
157.810796
-404.638760
-729.699535
559.753164
771.514748
-879.416323
-1312.381089
709.469953
3146.751362
3915.567302
2441.329017
234.692390
-721.606735
-704.072337
-613.702744
-774.209931
-1653.627462
-2024.547433
-589.424346
783.653947
267.063587
-1235.499495
-2178.310621
-1901.806643
-686.537938
594.821962
977.881132
579.985163
505.801169
814.676344
1176.154716
1391.962699
627.193159
-343.942765
-147.017980
142.973997
-179.389178
-554.355548
-1151.873901
-1425.680280
-832.208327
-330.454766
-152.413180
39.116405
-136.227581
-296.734768
141.625197
527.381967
453.197973
512.545168
852.442742
1151.876318
1257.082710
753.980349
-86.321985
-136.227581
399.245977
682.493955
922.580336
1242.245911
1371.730701
1315.081105
1145.132319
1025.089128
929.324335
-466.683555
-3614.782509
-4705.961623
-2035.337832
-329.105966
-778.256331
-233.341173
203.669992
-516.589151
-28.323589
914.487537
-101.158784
-1228.755495
-72.833986
2058.269847
3220.935356
2696.252197
838.954743
-474.776355
-600.214745
-677.096339
-848.393925
-1271.917092
-1868.086645
-1158.617901
294.039585
404.641177
-633.934742
-1478.283476
-1560.560269
-921.229120
133.532398
927.975536
762.073149
306.178784
511.196368
999.461930
1257.082710
811.978745
-98.461184
-295.385969
-346.640365
-836.254726
-658.213140
-405.987560
-896.950721
-874.021123
-349.337964
-172.645178
47.209205
206.367592
-25.625990
-106.553983
160.508396
512.545168
851.093942
911.789937
737.794751
770.165948
575.938763
-18.881990
55.302004
609.658761
689.237954
820.071544
1262.477909
1386.567500
1311.034706
1217.967513
990.020331
843.001142
-226.597174
-2982.195358
-4183.976064
-2149.985823
-794.441929
-1081.736307
-343.942765
271.109987
-437.009957
-169.947578
878.069940
133.532398
-1110.061105
-167.249979
1781.765869
2781.226590
2539.791409
1150.527518
-160.505979
-524.681951
-689.235538
-803.883529
-1103.317105
-1748.043455
-1370.379484
-37.765189
372.269979
-428.917158
-1244.941094
-1342.054687
-907.741121
-130.832381
744.538750
798.490746
277.853987
361.479580
979.229932
1374.428301
818.722744
-130.832381
-219.853174
-381.709162
-953.600317
-575.936347
-183.435577
-764.768332
-1070.945908
-609.656344
-41.811588
164.554795
94.417201
-53.950787
-173.993978
182.089194
779.607547
985.973931
841.652342
559.753164
617.751560
713.516352
218.506791
8.094008
342.596381
543.567566
798.490746
1216.618713
1502.564291
1350.149903
878.069940
843.001142
1178.852316
227.948390
-2773.131374
-4420.016045
-2302.400211
-490.961953
-992.715514
-643.376341
130.834798
-342.593965
-102.507584
899.650738
273.807587
-1159.966701
-551.657948
1750.743471
2995.685774
2367.145023
971.137132
-82.275585
-411.382759
-566.494747
-838.952326
-1302.939490
-1901.806643
-1397.355482
111.951600
507.149969
-488.264353
-1356.891485
-1300.241890
-623.144343
72.836403
650.122757
582.682763
0.001208
476.127571
1521.447489
1340.708303
347.991581
-283.246770
-277.851570
-353.384364
-849.742725
-767.465932
-508.496352
-872.672323
-674.398739
32.372406
52.604404
-175.342778
-33.718789
168.601195
120.044399
202.321192
640.681158
824.117944
667.657156
679.796355
848.396342
535.474766
-191.528377
-173.993978
550.311565
852.442742
878.069940
1147.829918
1362.289102
1356.893902
1199.084314
938.765935
821.420344
-144.320380
-2820.339371
-4084.164872
-2059.616230
-629.888342
-1057.457909
-550.309149
125.439598
-311.571567
2.698808
737.794751
0.001208
-868.625924
-9.440391
1758.836271
2748.855393
2209.335435
797.141946
-113.297983
-396.545961
-732.397134
-984.622715
-1263.824293
-1687.347460
-1178.849899
12.140407
186.135594
-579.982746
-1128.944303
-1106.014705
-584.029146
168.601195
708.121153
582.682763
214.460391
673.052356
1332.615504
984.625131
230.645990
-52.601988
-66.089987
-570.541147
-1224.709096
-771.512331
-276.502770
-745.885133
-650.120341
-91.717185
-125.437182
-37.765189
347.991581
299.434785
-79.577985
1.350008
640.681158
1045.321126
887.511539
584.031563
459.941972
279.202786
12.140407
164.554795
511.196368
597.519561
840.303542
1320.476305
1482.332292
1301.593106
1035.879527
945.509934
963.044333
-509.845152
-3334.232130
-3671.432104
-1529.537872
-849.742725
-1088.480306
-368.221163
-120.041982
-415.429159
302.132385
814.676344
-315.617967
-936.065918
478.825171
2110.873043
2600.487405
1858.647463
438.361174
-236.038773
-327.757166
-710.816336
-976.529915
-1387.913883
-1766.926653
-902.345921
210.413992
-21.579590
-867.277124
-1182.896299
-876.718723
-219.853174
476.127571
740.492350
370.921179
157.810796
691.935554
1216.618713
915.836337
151.066796
-171.296378
-302.129968
-871.323523
-807.929928
-200.969976
-608.307544
-1029.133111
-481.520354
-41.811588
97.114801
184.786794
103.858800
-28.323589
29.674806
482.871570
879.418739
722.957952
411.385176
588.077962
903.697138
329.108383
-327.757166
99.812400
628.541959
840.303542
1147.829918
1290.802707
1292.151507
1154.573918
1053.413926
1257.082710
735.097151
-1551.118670
-3845.427290
-3121.121747
-762.070732
-528.728350
-1280.009891
-683.840338
-172.645178
-43.160388
673.052356
497.708369
-758.024332
-716.211536
1021.042728
2580.255406
2566.767407
1104.668322
-172.645178
-236.038773
-178.040378
-664.957140
-1189.640299
-1688.696259
-1596.977867
-428.917158
384.409178
-202.318776
-1104.665905
-1263.824293
-590.773145
354.735581
660.913157
335.852382
55.302004
238.738790
937.417135
1358.242702
710.818753
-388.453161
-602.912344
-66.089987
-62.043587
-563.797148
-905.043521
-1049.365109
-725.653135
-80.926785
159.159596
-59.345987
-184.784377
78.231602
361.479580
399.245977
354.735581
331.805982
526.033167
793.095546
895.604338
722.957952
67.441203
-288.641969
203.669992
716.213952
910.441137
965.741933
1081.738724
1364.986701
1351.498702
1062.855525
1025.089128
528.730767
-1633.395464
-3691.664102
-2731.318578
-848.393925
-1026.435511
-1182.896299
-250.875572
-68.787586
-36.416389
581.333963
314.271584
-602.912344
-357.430764
1101.970722
2321.285826
2226.869834
1043.972327
117.346799
-89.019585
-504.449952
-1010.249913
-1141.083502
-1466.144277
-1413.541081
-381.709162
167.252395
-415.429159
-973.832315
-923.926719
-447.800357
138.927597
499.057169
469.383572
152.415596
196.925993
945.509934
1364.986701
605.612361
-322.361966
-190.179577
218.506791
-443.753957
-1339.357087
-1170.757100
-594.819545
-287.293169
-132.181181
-188.830777
-241.433973
71.487603
484.220370
451.849173
45.860405
-37.765189
538.172366
1141.085919
1077.692324
674.401155
303.481185
-129.483582
-118.693182
451.849173
714.865152
574.589963
745.887550
1313.732305
1649.583479
1369.033101
864.581941
802.537145
285.946786
-1994.873835
-3570.272112
-2151.334623
-762.070732
-1095.224306
-852.440325
-194.225976
-380.360362
-132.181181
637.983558
244.133989
-625.841943
-117.344383
1406.799498
2413.004219
1984.085853
656.866757
-64.741187
-206.365176
-590.773145
-783.651530
-1037.225910
-1638.790663
-1246.289894
-105.205183
33.721206
-675.747539
-1026.435511
-782.302730
-331.803566
287.295586
736.445951
327.759583
1.350008
553.009165
843.001142
697.330754
496.359569
55.302004
-156.459579
-426.219558
-930.670719
-701.374737
-314.269167
-567.843547
-658.213140
-342.593965
-49.904388
215.809191
391.153178
192.879593
-121.390782
37.767605
492.313170
811.978745
716.213952
368.223579
557.055565
740.492350
179.391594
-165.901179
120.044399
609.658761
1045.321126
1281.361108
1377.125900
1137.039519
890.209139
1153.225118
1246.292311
-106.553983
-2750.201776
-3639.060907
-1649.581062
-372.267563
-918.531520
-1042.621110
-708.118736
-415.429159
389.804378
840.303542
-109.251583
-915.833920
157.810796
1930.133857
2543.837809
1664.420278
218.506791
-283.246770
-94.414784
-338.547565
-732.397134
-1333.961887
-1808.739450
-1007.552313
86.324402
32.372406
-771.512331
-1251.685094
-807.929928
86.324402
642.029958
466.685972
-41.811588
132.183598
682.493955
890.209139
867.279540
362.828380
-200.969976
-110.600383
-114.646783
-693.281937
-1053.411509
-821.417927
-565.145947
-374.965162
-31.021189
0.001208
-62.043587
222.553191
211.762792
52.604404
200.972393
350.689181
733.748351
987.322731
647.425158
509.847568
415.431576
-59.345987
-129.483582
350.689181
814.676344
1081.738724
1253.036310
1315.081105
1151.876318
979.229932
1097.924322
1008.903529
-795.790729
-3369.300928
-3169.678543
-1022.389112
-388.453161
-820.069127
-903.694721
-755.326733
-217.155575
623.146759
640.681158
-427.568358
-760.721932
667.657156
2311.844227
2407.609020
1016.996329
-175.342778
-306.176368
-272.456370
-391.150761
-720.257935
-1497.166674
-1598.326666
-551.657948
205.018792
-179.389178
-1034.528311
-1228.755495
-508.496352
389.804378
687.889154
218.506791
-144.320380
245.482789
802.537145
1037.228327
770.165948
48.558004
-443.753957
-203.667576
186.135594
-431.614758
-1439.168279
-1151.873901
-206.365176
97.114801
6.745208
-175.342778
-246.829172
52.604404
403.292377
388.455578
114.649199
89.022001
573.241163
1023.740328
932.021935
577.287563
210.413992
-148.366780
-51.253188
598.868361
984.625131
961.695533
1073.645924
1262.477909
1312.383505
1212.572313
1154.573918
511.196368
-1838.413048
-3652.548906
-2321.283410
-532.774750
-646.073941
-953.600317
-775.558731
-671.701139
-17.533190
749.933950
148.369197
-820.069127
-198.272376
1437.821896
2419.748219
1959.807455
539.521166
-307.525168
-219.853174
-194.225976
-493.659553
-964.390716
-1425.680280
-1181.547499
-267.061171
28.326006
-712.165136
-1196.384298
-817.371528
-196.923576
388.455578
563.799564
184.786794
53.953204
349.340381
650.122757
753.980349
482.871570
191.530793
149.717997
1.350008
-250.875572
-878.067523
-1572.699468
-981.925115
147.020397
199.623593
-188.830777
-206.365176
-26.974790
237.389990
219.855591
-86.321985
-45.857988
381.711578
956.300333
1302.941906
764.770748
74.185202
199.623593
283.249186
98.463601
403.292377
751.282749
990.020331
1437.821896
1452.658694
1066.901925
867.279540
933.370735
511.196368
-1692.742659
-3591.852910
-2302.400211
-472.078755
-669.003539
-992.715514
-642.027541
-466.683555
-18.881990
513.893968
17.535607
-662.259540
-8.091591
1467.495493
2349.610624
1791.207468
430.268375
-202.318776
-219.853174
-360.128363
-513.891551
-944.158718
-1382.518683
-1003.505913
-277.851570
-114.646783
-654.166740
-1226.057896
-890.206722
47.209205
473.429971
358.781980
187.484394
106.556400
337.201182
647.425158
532.777167
358.781980
366.874780
333.154782
160.508396
-629.888342
-1441.865879
-998.110714
-244.131573
-206.365176
-256.270772
-169.947578
-25.625990
227.948390
231.994790
-94.414784
-267.061171
37.767605
748.585150
1266.524309
972.485932
455.895573
349.340381
206.367592
63.394803
231.994790
454.546773
751.282749
1170.759517
1386.567500
1281.361108
953.602734
801.188346
1062.855525
263.017188
-2305.097811
-3327.488131
-1412.192281
-271.107570
-848.393925
-983.273915
-864.579524
-709.467536
184.786794
656.866757
-134.878781
-685.189138
148.369197
1687.349876
2372.540222
1393.311499
84.975602
-206.365176
-157.808379
-244.131573
-338.547565
-937.414718
-1418.936281
-829.510727
-109.251583
-265.712371
-965.739516
-1265.173093
-621.795543
183.437994
408.687576
405.989976
183.437994
-164.552379
260.319588
853.791541
389.804378
-40.462789
422.175575
695.981954
334.503582
-463.985955
-1332.613087
-1359.589085
-593.470745
105.207600
206.367592
-330.454766
-513.891551
211.762792
577.287563
26.977206
-347.989164
-130.832381
486.917970
1222.013913
1195.037915
500.405969
183.437994
226.599591
196.925993
169.949995
281.900386
708.121153
1273.268309
1448.612295
1285.407508
1045.321126
861.884341
942.812334
94.417201
-2346.910608
-3277.582535
-1463.446677
-303.478768
-669.003539
-786.349130
-871.323523
-798.488329
153.764396
485.569170
-366.872363
-596.168345
373.618779
1731.860273
2336.122625
1406.799498
114.649199
-238.736373
-160.505979
-128.134782
-281.897970
-985.971514
-1366.333085
-652.817941
-93.065984
-449.149157
-953.600317
-1146.478702
-813.325128
45.860405
555.706765
404.641177
196.925993
-72.833986
-267.061171
387.106778
1110.063521
695.981954
153.764396
302.132385
55.302004
-621.795543
-651.469141
-554.355548
-852.440325
-612.353944
82.278002
230.645990
-86.321985
-238.736373
-161.854779
-110.600383
-36.416389
311.573984
716.213952
732.399551
674.401155
778.258747
650.122757
389.804378
148.369197
-13.486791
334.503582
1034.530727
1491.773891
1351.498702
879.418739
791.746746
1242.245911
1232.804312
-667.654739
-3148.097745
-2937.684962
-903.694721
-213.109175
-632.585942
-892.904322
-1110.061105
-602.912344
637.983558
364.177180
-996.761914
-675.747539
953.602734
2170.220238
2163.476239
856.489141
-151.064380
-74.182786
64.743603
-44.509188
-528.728350
-1263.824293
-1115.456304
-268.409971
-141.622781
-752.629133
-1177.501099
-1056.109109
-387.104361
276.505187
256.273188
-36.416389
-156.459579
-6.742791
579.985163
810.629945
345.293981
205.018792
523.335567
569.194764
196.925993
-446.451557
-1097.921906
-1135.688303
-404.638760
223.901991
106.556400
-395.197161
-608.307544
-207.713975
250.877989
178.042794
-84.973185
-18.881990
493.661970
1048.018726
1016.996329
517.940368
298.085985
488.266770
519.289168
267.063587
187.484394
628.541959
1377.125900
1637.444280
1243.594711
859.186741
968.439532
876.721140
-980.576315
-3153.492945
-2642.297785
-867.277124
-292.688369
-377.662762
-728.350735
-1116.805104
-459.939556
435.663574
-12.137991
-861.881924
-553.006748
977.881132
2462.909815
2125.709842
592.124362
-117.344383
-159.157179
-79.577985
25.628406
-542.216349
-1182.896299
-865.928324
-275.153970
-233.341173
-733.745934
-1220.662696
-1065.550708
-431.614758
134.881198
347.991581
94.417201
-252.224372
-64.741187
482.871570
775.561148
664.959556
350.689181
285.946786
388.455578
51.255604
-405.987560
-660.910740
-712.165136
-161.854779
137.578798
-391.150761
-530.077150
-263.014771
-205.016376
-16.184390
35.070006
-153.761980
109.254000
615.053960
751.282749
546.265166
244.133989
312.922784
836.257143
1057.460325
712.167553
258.970788
264.365988
1039.925927
1725.116273
1490.425092
1049.367526
876.721140
120.044399
-1517.398673
-2453.465799
-1752.089854
-1066.899508
-1110.061105
-763.419532
-469.381155
-636.632342
-323.710766
-1.347592
-380.360362
-604.261144
-14.835591
1302.941906
2203.940236
1466.146693
449.151573
372.269979
151.066796
-180.737978
-161.854779
-682.491538
-1069.597108
-422.173159
-109.251583
-589.424346
-1037.225910
-1216.616296
-791.744330
-121.390782
-18.881990
-138.925181
-283.246770
-285.944369
432.965974
933.370735
531.428367
248.180389
411.385176
538.172366
392.501978
-43.160388
-476.125154
-539.518749
-194.225976
110.602800
-161.854779
-735.094734
-705.421136
-99.809984
132.183598
-132.181181
-327.757166
-219.853174
264.365988
749.933950
679.796355
271.109987
152.415596
708.121153
1414.892297
1127.597920
78.231602
-179.389178
753.980349
1622.607481
1591.585084
1110.063521
875.372340
786.351547
-244.131573
-1919.341041
-2194.496220
-1503.910674
-1270.568292
-691.933137
-267.061171
-820.069127
-729.699535
-64.741187
-291.339569
-674.398739
-426.219558
437.012374
1748.045871
2100.082644
1077.692324
296.737185
95.766001
9.442808
164.554795
-176.691578
-890.206722
-710.816336
-178.040378
-203.667576
-652.817941
-1242.243494
-1266.521892
-643.376341
-117.344383
55.302004
-238.736373
-562.448348
-107.902783
536.823566
605.612361
542.218766
540.869966
462.639572
535.474766
415.431576
-215.806775
-628.539542
-403.289960
101.161200
264.365988
-300.781168
-799.837129
-548.960349
-173.993978
-94.414784
-161.854779
-277.851570
-133.529981
377.665179
724.306752
559.753164
230.645990
240.087589
772.863548
1343.405903
983.276331
-39.113989
-90.368385
976.532332
1679.257077
1545.725887
1200.433114
983.276331
338.549982
-1084.433907
-1912.597042
-1512.003473
-1343.403486
-1271.917092
-462.637155
-387.104361
-1006.203513
-574.587547
-151.064380
-756.675532
-785.000330
107.905200
1006.205929
1659.025078
1499.866691
663.610756
160.508396
106.556400
302.132385
287.295586
-374.965162
-740.489934
-265.712371
-31.021189
-410.033960
-882.113923
-1232.801895
-1015.645112
-310.222767
-52.601988
-316.966767
-646.073941
-678.445139
25.628406
733.748351
594.821962
306.178784
310.225184
365.525980
550.311565
462.639572
-128.134782
-401.941160
-79.577985
267.063587
203.669992
-383.057962
-775.558731
-347.989164
68.790003
-37.765189
-203.667576
-426.219558
-373.616362
362.828380
805.234745
462.639572
111.951600
269.761187
923.929136
1405.450698
972.485932
118.695599
4.047608
859.186741
1797.951467
2027.247449
1498.517891
311.573984
-1199.081898
-1684.649860
-816.022728
-662.259540
-1587.536267
-1572.699468
-826.813127
-476.125154
-120.041982
-242.782773
-1161.315501
-1346.101086
-202.318776
1172.108316
1694.093876
1073.645924
253.575588
225.250791
548.962765
639.332358
388.455578
-308.873968
-615.051544
6.745208
361.479580
-194.225976
-985.971514
-1364.984285
-1014.296312
-339.896365
-99.809984
-441.056357
-915.833920
-693.281937
207.716392
489.615570
28.326006
-16.184390
392.501978
673.052356
694.633154
250.877989
-310.222767
-202.318776
342.596381
530.079567
165.903595
-445.102757
-764.768332
-411.382759
134.881198
55.302004
-379.011562
-410.033960
-98.461184
279.202786
516.591568
334.503582
160.508396
420.826775
820.071544
1042.623527
681.145155
13.489207
242.785189
1107.365922
1398.706699
1373.079501
1389.265099
844.349942
-273.805170
-1119.502704
-1093.875506
-840.301126
-1127.595503
-1079.038707
-489.613153
-643.376341
-905.043521
-453.195556
-642.027541
-1115.456304
-422.173159
457.244372
780.956347
1056.111526
826.815544
209.065192
140.276397
364.177180
434.314774
361.479580
4.047608
-199.621176
-12.137991
-120.041982
-497.705953
-713.513936
-802.534729
-643.376341
-354.733164
-384.406762
-605.609944
-602.912344
-342.593965
-94.414784
41.814005
187.484394
319.666783
339.898782
241.436389
159.159596
183.437994
190.181993
210.413992
217.157991
-47.206788
-294.037169
-70.136386
194.228393
16.186807
-279.200370
-391.150761
-283.246770
121.393199
391.153178
168.601195
-53.950787
68.790003
428.919575
828.164343
837.605943
415.431576
94.417201
288.644386
895.604338
1285.407508
1257.082710
1242.245911
834.908343
-288.641969
-821.417927
-400.592360
-473.427555
-934.717118
-871.323523
-836.254726
-844.347526
-477.473954
-356.081964
-710.816336
-1023.737912
-731.048334
111.951600
667.657156
646.076358
370.921179
20.233207
36.418805
544.916366
677.098755
240.087589
-35.067589
-51.253188
83.626802
188.833194
-140.273981
-555.704348
-681.142738
-616.400343
-360.128363
-273.805170
-570.541147
-623.144343
-242.782773
-49.904388
-103.856384
21.582007
76.882802
-103.856384
-75.531586
144.322797
219.855591
256.273188
392.501978
237.389990
-260.317171
-287.293169
227.948390
437.012374
176.693994
-84.973185
-190.179577
-93.065984
244.133989
339.898782
8.094008
-121.390782
110.602800
434.314774
710.818753
558.404365
157.810796
105.207600
302.132385
629.890759
1033.181927
1100.621922
948.207534
708.121153
-71.485186
-756.675532
-397.894761
-74.182786
-396.545961
-392.499561
-474.776355
-915.833920
-687.886738
-295.385969
-631.237142
-930.670719
-647.422741
-107.902783
480.173971
574.589963
-48.555588
-339.896365
-31.021189
182.089194
403.292377
485.569170
93.068401
-111.949183
120.044399
164.554795
-63.392387
-207.713975
-304.827568
-295.385969
-249.526772
-420.824359
-430.265958
-195.574776
-176.691578
-330.454766
-346.640365
-184.784377
-89.019585
-52.601988
40.465205
-5.393991
-114.646783
109.254000
512.545168
400.594777
-246.829172
-451.846756
70.138803
500.405969
445.105173
155.113196
-179.389178
-225.248374
226.599591
516.591568
192.879593
-51.253188
125.439598
292.690785
423.524375
442.407574
184.786794
90.370801
322.364383
558.404365
721.609152
820.071544
851.093942
629.890759
-83.624385
-639.329942
-372.267563
-75.531586
-237.387573
-148.366780
-160.505979
-724.304335
-751.280333
-257.619572
-431.614758
-816.022728
-495.008353
-41.811588
74.185202
215.809191
186.135594
-242.782773
-376.313962
49.906804
276.505187
142.973997
203.669992
292.690785
82.278002
-53.950787
-67.438786
-245.480372
-218.504375
39.116405
-113.297983
-426.219558
-331.803566
-173.993978
-246.829172
-249.526772
-159.157179
-179.389178
-168.598778
-111.949183
-160.505979
-125.437182
28.326006
115.997999
128.137198
70.138803
-82.275585
-134.878781
115.997999
346.642781
257.621988
98.463601
80.929202
164.554795
269.761187
281.900386
120.044399
6.745208
173.996395
400.594777
451.849173
373.618779
205.018792
-17.533190
40.465205
503.103569
779.607547
656.866757
590.775562
446.453973
-93.065984
-370.918763
-48.555588
-29.672389
-376.313962
-196.923576
78.231602
-323.710766
-569.192347
-311.571567
-495.008353
-691.933137
-183.435577
-6.742791
-327.757166
-78.229186
222.553191
-165.901179
-275.153970
86.324402
-22.928390
-110.600383
345.293981
331.805982
-164.552379
-157.808379
-28.323589
-245.480372
-140.273981
142.973997
-62.043587
-226.597174
-36.416389
-82.275585
-283.246770
-199.621176
-134.878781
-306.176368
-287.293169
-82.275585
-117.344383
-145.669180
83.626802
101.161200
-43.160388
57.999604
6.745208
-149.715580
60.697204
238.738790
93.068401
33.721206
182.089194
214.460391
246.831589
389.804378
277.853987
94.417201
226.599591
403.292377
330.457182
130.834798
-12.137991
-45.857988
198.274793
558.404365
569.194764
481.522771
613.705160
561.101964
57.999604
-354.733164
-268.409971
-149.715580
-148.366780
51.255604
72.836403
-311.571567
-458.590756
-294.037169
-443.753957
-594.819545
-226.597174
-22.928390
-184.784377
-57.997187
45.860405
-214.457975
-284.595569
-103.856384
-64.741187
-55.299587
105.207600
120.044399
-35.067589
-12.137991
4.047608
-115.995583
-126.785982
-64.741187
-52.601988
-67.438786
-128.134782
-190.179577
-152.413180
-117.344383
-129.483582
-97.112384
-194.225976
-319.664367
-183.435577
-10.789191
2.698808
-29.672389
-37.765189
-14.835591
-43.160388
2.698808
142.973997
70.138803
-9.440391
173.996395
288.644386
183.437994
182.089194
304.829984
258.970788
195.577193
249.529189
203.669992
173.996395
205.018792
103.858800
10.791607
184.786794
439.709974
463.988372
422.175575
399.245977
222.553191
134.881198
126.788398
-126.785982
-267.061171
29.674806
209.065192
10.791607
-107.902783
-214.457975
-426.219558
-310.222767
-66.089987
-176.691578
-385.755561
-295.385969
-78.229186
-44.509188
-71.485186
-152.413180
-302.129968
-178.040378
75.534002
22.930807
-152.413180
-157.808379
-140.273981
-64.741187
79.580402
-49.904388
-218.504375
-60.694787
101.161200
25.628406
-71.485186
-75.531586
-137.576381
-106.553983
8.094008
-183.435577
-358.779564
-171.296378
0.001208
-24.277190
-45.857988
-79.577985
-145.669180
-1.347592
188.833194
89.022001
-103.856384
-64.741187
115.997999
178.042794
171.298795
128.137198
71.487603
238.738790
453.197973
334.503582
80.929202
111.951600
202.321192
113.300399
109.254000
159.159596
148.369197
258.970788
438.361174
388.455578
184.786794
153.764396
198.274793
179.391594
71.487603
-83.624385
-44.509188
91.719601
40.465205
-152.413180
-272.456370
-296.734768
-219.853174
-55.299587
-76.880386
-241.433973
-234.689973
-132.181181
-55.299587
-36.416389
-230.643574
-404.638760
-198.272376
25.628406
-68.787586
-149.715580
-133.529981
-149.715580
-24.277190
107.905200
-60.694787
-250.875572
-111.949183
60.697204
-33.718789
-145.669180
-122.739582
-87.670785
32.372406
153.764396
-47.206788
-296.734768
-133.529981
98.463601
10.791607
-128.134782
-214.457975
-230.643574
0.001208
230.645990
95.766001
-128.134782
-12.137991
209.065192
184.786794
114.649199
84.975602
26.977206
159.159596
385.757978
264.365988
26.977206
125.439598
200.972393
31.023606
31.023606
184.786794
183.437994
209.065192
366.874780
271.109987
1.350008
-8.091591
130.834798
91.719601
18.884407
129.485998
199.623593
114.649199
17.535607
-145.669180
-277.851570
-172.645178
28.326006
71.487603
-17.533190
-71.485186
-138.925181
-186.133177
-71.485186
-90.368385
-234.689973
-130.832381
21.582007
-37.765189
-91.717185
-97.112384
-223.899574
-213.109175
-24.277190
-60.694787
-159.157179
-86.321985
-33.718789
-41.811588
-16.184390
-16.184390
-84.973185
-29.672389
111.951600
43.162805
-128.134782
-287.293169
-291.339569
-62.043587
63.394803
-17.533190
-76.880386
-10.789191
35.070006
6.745208
-9.440391
-72.833986
-76.880386
94.417201
202.321192
83.626802
-67.438786
-25.625990
99.812400
164.554795
217.157991
182.089194
110.602800
102.510000
56.650804
-9.440391
-22.928390
18.884407
62.046003
161.857196
254.924388
91.719601
-13.486791
176.693994
238.738790
82.278002
43.162805
71.487603
10.791607
21.582007
64.743603
-16.184390
-5.393991
125.439598
63.394803
-9.440391
80.929202
25.628406
-63.392387
17.535607
33.721206
-82.275585
-163.203579
-121.390782
-75.531586
-113.297983
-114.646783
-75.531586
-64.741187
-17.533190
21.582007
-51.253188
-137.576381
-86.321985
-87.670785
-168.598778
-89.019585
9.442808
-48.555588
-80.926785
-16.184390
-62.043587
-169.947578
-49.904388
22.930807
-165.901179
-180.737978
33.721206
57.999604
-48.555588
-22.928390
-60.694787
-133.529981
-18.881990
62.046003
-55.299587
-109.251583
49.906804
138.927597
91.719601
107.905200
25.628406
-101.158784
-1.347592
120.044399
35.070006
-18.881990
82.278002
120.044399
210.413992
246.831589
-59.345987
-213.109175
9.442808
199.623593
105.207600
-39.113989
105.207600
160.508396
49.906804
90.370801
25.628406
-51.253188
93.068401
102.510000
-47.206788
21.582007
184.786794
82.278002
-39.113989
89.022001
121.393199
51.255604
71.487603
-8.091591
-118.693182
-90.368385
20.233207
21.582007
-31.021189
-22.928390
-141.622781
-206.365176
-40.462789
66.092403
10.791607
-82.275585
-87.670785
-22.928390
89.022001
109.254000
-113.297983
-263.014771
-152.413180
-20.230790
-36.416389
-120.041982
-80.926785
21.582007
44.511605
-12.137991
-101.158784
-107.902783
-79.577985
-47.206788
-33.718789
-173.993978
-218.504375
-8.091591
128.137198
91.719601
25.628406
56.650804
99.812400
-21.579590
-80.926785
-25.625990
-26.974790
68.790003
167.252395
76.882802
-57.997187
-16.184390
161.857196
82.278002
-145.669180
-10.789191
233.343590
59.348404
-114.646783
93.068401
87.673201
-118.693182
-68.787586
33.721206
35.070006
13.489207
130.834798
234.692390
122.741999
125.439598
149.717997
-29.672389
-117.344383
22.930807
103.858800
-64.741187
-35.067589
107.905200
-180.737978
-191.528377
211.762792
157.810796
-118.693182
-57.997187
110.602800
2.698808
-62.043587
109.254000
71.487603
-109.251583
-84.973185
48.558004
10.791607
-128.134782
-62.043587
122.741999
149.717997
-53.950787
-199.621176
-43.160388
97.114801
0.001208
-160.505979
-191.528377
-109.251583
-9.440391
45.860405
-24.277190
-74.182786
-43.160388
-18.881990
-12.137991
-51.253188
-103.856384
-142.971580
-71.485186
63.394803
40.465205
-52.601988
-53.950787
-26.974790
-70.136386
26.977206
141.625197
45.860405
2.698808
-8.091591
-6.742791
-51.253188
-67.438786
102.510000
72.836403
-63.392387
-35.067589
16.186807
67.441203
110.602800
118.695599
51.255604
-17.533190
-12.137991
45.860405
84.975602
-18.881990
14.838007
52.604404
-86.321985
18.884407
238.738790
203.669992
-80.926785
-148.366780
8.094008
13.489207
95.766001
205.018792
136.229998
-17.533190
-51.253188
4.047608
-40.462789
-29.672389
-64.741187
-52.601988
140.276397
78.231602
-137.576381
-98.461184
39.116405
20.233207
75.534002
141.625197
-103.856384
-122.739582
45.860405
-43.160388
-98.461184
-48.555588
63.394803
49.906804
0.001208
80.929202
-35.067589
-129.483582
-9.440391
9.442808
-51.253188
-102.507584
-22.928390
41.814005
-44.509188
47.209205
66.092403
-113.297983
-168.598778
-47.206788
63.394803
-128.134782
-167.249979
59.348404
6.745208
-60.694787
-56.648387
-71.485186
148.369197
183.437994
-71.485186
-118.693182
49.906804
75.534002
-57.997187
103.858800
176.693994
-159.157179
-199.621176
-39.113989
-2.696391
32.372406
25.628406
0.001208
-63.392387
43.162805
95.766001
-205.016376
-254.921972
184.786794
451.849173
140.276397
-26.974790
-94.414784
-656.864340
-161.854779
899.650738
261.668388
-520.635551
-82.275585
234.692390
-285.944369
-720.257935
-78.229186
349.340381
210.413992
507.149969
219.855591
-384.406762
-267.061171
57.999604
214.460391
319.666783
411.385176
-147.017980
-694.630737
-110.600383
527.381967
468.034772
249.529189
-107.902783
-416.777959
-230.643574
93.068401
264.365988
349.340381
265.714787
-144.320380
-458.590756
-82.275585
308.876384
192.879593
70.138803
24.279606
-159.157179
-249.526772
2.698808
241.436389
209.065192
12.140407
-183.435577
-173.993978
-32.369989
49.906804
-35.067589
-99.809984
-64.741187
-1.347592
99.812400
43.162805
-98.461184
-157.808379
-41.811588
106.556400
18.884407
-126.785982
-191.528377
-144.320380
-6.742791
74.185202
60.697204
37.767605
-57.997187
-190.179577
-86.321985
63.394803
52.604404
-9.440391
-113.297983
-16.184390
37.767605
-55.299587
51.255604
-33.718789
-94.414784
115.997999
93.068401
-103.856384
-63.392387
95.766001
-36.416389
-120.041982
10.791607
33.721206
-62.043587
-133.529981
72.836403
173.996395
51.255604
-2.696391
-29.672389
79.580402
12.140407
-57.997187
-62.043587
-52.601988
240.087589
72.836403
-122.739582
40.465205
-8.091591
-17.533190
36.418805
94.417201
-44.509188
-169.947578
51.255604
165.903595
99.812400
-205.016376
-253.573172
145.671597
222.553191
40.465205
-60.694787
159.159596
126.788398
-102.507584
-51.253188
-113.297983
86.324402
79.580402
-110.600383
-67.438786
-164.552379
101.161200
141.625197
-55.299587
-28.323589
-70.136386
57.999604
40.465205
71.487603
167.252395
47.209205
-79.577985
-245.480372
74.185202
345.293981
-17.533190
-295.385969
-110.600383
205.018792
-31.021189
-115.995583
187.484394
41.814005
-107.902783
20.233207
175.345195
48.558004
-132.181181
-45.857988
-79.577985
-53.950787
168.601195
200.972393
-62.043587
-156.459579
71.487603
76.882802
-95.763584
-106.553983
6.745208
144.322797
24.279606
-261.665971
-74.182786
325.061983
183.437994
-176.691578
-86.321985
156.461996
-43.160388
-294.037169
60.697204
272.458787
-173.993978
-148.366780
140.276397
72.836403
13.489207
-179.389178
-281.897970
83.626802
341.247582
-22.928390
-296.734768
-21.579590
269.761187
113.300399
-133.529981
-173.993978
-78.229186
83.626802
-24.277190
-80.926785
-25.625990
-107.902783
-128.134782
74.185202
207.716392
-111.949183
-142.971580
155.113196
121.393199
-141.622781
-124.088382
190.181993
32.372406
-120.041982
-91.717185
-138.925181
152.415596
191.530793
-183.435577
-287.293169
217.157991
414.082776
-31.021189
-178.040378
-48.555588
-12.137991
-45.857988
93.068401
66.092403
-215.806775
-64.741187
257.621988
62.046003
-126.785982
10.791607
10.791607
-35.067589
74.185202
169.949995
18.884407
-121.390782
18.884407
159.159596
-78.229186
28.326006
182.089194
-308.873968
-97.112384
256.273188
105.207600
-175.342778
-172.645178
284.597986
128.137198
32.372406
-71.485186
-267.061171
24.279606
140.276397
115.997999
-156.459579
-59.345987
237.389990
148.369197
12.140407
-179.389178
36.418805
211.762792
-22.928390
-315.617967
-145.669180
172.647595
-17.533190
0.001208
59.348404
-106.553983
-5.393991
126.788398
137.578798
2.698808
-102.507584
-99.809984
-103.856384
128.137198
-43.160388
-172.645178
132.183598
33.721206
-55.299587
-39.113989
133.532398
196.925993
-202.318776
-126.785982
200.972393
22.930807
-229.294774
-176.691578
-29.672389
-32.369989
0.001208
144.322797
121.393199
-35.067589
-107.902783
79.580402
149.717997
-29.672389
-109.251583
-145.669180
-12.137991
141.625197
14.838007
-36.416389
97.114801
62.046003
-52.601988
-36.416389
-17.533190
-105.205183
-59.345987
41.814005
-31.021189
-8.091591
-67.438786
-51.253188
122.741999
32.372406
-14.835591
-49.904388
67.441203
76.882802
-90.368385
72.836403
84.975602
62.046003
-168.598778
-196.923576
56.650804
-10.789191
163.205996
-80.926785
-289.990769
44.511605
157.810796
103.858800
-79.577985
5.396408
-17.533190
-80.926785
168.601195
83.626802
14.838007
-26.974790
-14.835591
40.465205
-195.574776
118.695599
89.022001
-343.942765
75.534002
249.529189
53.953204
-176.691578
-113.297983
213.111592
4.047608
-26.974790
4.047608
-36.416389
25.628406
18.884407
40.465205
-114.646783
102.510000
83.626802
-136.227581
93.068401
83.626802
-13.486791
-115.995583
-28.323589
98.463601
-31.021189
8.094008
117.346799
-20.230790
-160.505979
-35.067589
107.905200
91.719601
-167.249979
-147.017980
151.066796
106.556400
-90.368385
-71.485186
113.300399
97.114801
-60.694787
-107.902783
48.558004
113.300399
12.140407
-8.091591
57.999604
31.023606
-13.486791
118.695599
-78.229186
-129.483582
12.140407
-60.694787
28.326006
-114.646783
-83.624385
78.231602
80.929202
63.394803
-63.392387
71.487603
16.186807
-25.625990
31.023606
-71.485186
25.628406
51.255604
-53.950787
-142.971580
-28.323589
129.485998
43.162805
-28.323589
-53.950787
53.953204
167.252395
4.047608
-176.691578
-122.739582
70.138803
5.396408
-78.229186
56.650804
-89.019585
-20.230790
164.554795
-26.974790
-72.833986
-35.067589
57.999604
-6.742791
-184.784377
-31.021189
82.278002
132.183598
21.582007
-60.694787
71.487603
-28.323589
-17.533190
-17.533190
35.070006
-17.533190
-194.225976
56.650804
117.346799
-43.160388
-102.507584
-67.438786
-2.696391
16.186807
133.532398
33.721206
-84.973185
133.532398
21.582007
-78.229186
184.786794
10.791607
-184.784377
-24.277190
1.350008
-14.835591
0.001208
-41.811588
-14.835591
-83.624385
111.951600
76.882802
-300.781168
71.487603
304.829984
36.418805
-267.061171
-188.830777
322.364383
99.812400
-176.691578
16.186807
-122.739582
71.487603
227.948390
-25.625990
-49.904388
-36.416389
114.649199
-37.765189
-72.833986
147.020397
-147.017980
-186.133177
-20.230790
60.697204
87.673201
14.838007
66.092403
-14.835591
-21.579590
63.394803
102.510000
-5.393991
-121.390782
31.023606
-6.742791
-12.137991
178.042794
72.836403
-141.622781
-87.670785
202.321192
87.673201
-187.481977
-117.344383
-122.739582
136.229998
102.510000
-176.691578
1.350008
6.745208
200.972393
103.858800
-248.177972
91.719601
167.252395
-144.320380
-68.787586
198.274793
121.393199
-132.181181
-165.901179
122.741999
156.461996
-187.481977
-145.669180
8.094008
-33.718789
29.674806
129.485998
-5.393991
-71.485186
-4.045191
-39.113989
-33.718789
56.650804
140.276397
-8.091591
-13.486791
-43.160388
-106.553983
140.276397
95.766001
-103.856384
-244.131573
14.838007
260.319588
-8.091591
-66.089987
24.279606
-47.206788
24.279606
114.649199
-134.878781
-138.925181
-20.230790
-8.091591
95.766001
39.116405
-12.137991
-44.509188
60.697204
115.997999
6.745208
-97.112384
-122.739582
137.578798
90.370801
-138.925181
5.396408
79.580402
-17.533190
-56.648387
-176.691578
-107.902783
39.116405
29.674806
93.068401
99.812400
144.322797
-172.645178
-253.573172
191.530793
117.346799
18.884407
-114.646783
-137.576381
74.185202
67.441203
109.254000
2.698808
-62.043587
-37.765189
-110.600383
26.977206
178.042794
4.047608
-152.413180
-31.021189
4.047608
-53.950787
86.324402
78.231602
-76.880386
-49.904388
-13.486791
26.977206
60.697204
180.740394
21.582007
-218.504375
8.094008
55.302004
14.838007
-51.253188
-66.089987
4.047608
-22.928390
57.999604
-51.253188
75.534002
125.439598
-133.529981
-57.997187
63.394803
149.717997
-36.416389
-234.689973
-28.323589
9.442808
-33.718789
75.534002
4.047608
-41.811588
76.882802
-1.347592
59.348404
209.065192
-44.509188
-271.107570
-176.691578
147.020397
271.109987
-90.368385
-184.784377
-28.323589
-44.509188
90.370801
130.834798
126.788398
70.138803
-160.505979
-149.715580
-71.485186
124.090799
242.785189
16.186807
-210.411575
-202.318776
-82.275585
156.461996
392.501978
157.810796
-130.832381
-191.528377
-207.713975
-52.601988
223.901991
179.391594
-72.833986
-176.691578
-97.112384
37.767605
41.814005
128.137198
138.927597
-8.091591
-171.296378
-86.321985
113.300399
223.901991
149.717997
-244.131573
-196.923576
22.930807
52.604404
71.487603
-41.811588
-13.486791
-12.137991
13.489207
39.116405
21.582007
122.741999
47.209205
-10.789191
-39.113989
-90.368385
-151.064380
-67.438786
129.485998
12.140407
-40.462789
-8.091591
44.511605
-12.137991
-18.881990
187.484394
-44.509188
-113.297983
44.511605
-168.598778
-20.230790
202.321192
-56.648387
-192.877177
-75.531586
176.693994
102.510000
-99.809984
12.140407
-44.509188
13.489207
-10.789191
-147.017980
8.094008
35.070006
-51.253188
-114.646783
80.929202
79.580402
-115.995583
74.185202
113.300399
-26.974790
-110.600383
-102.507584
-89.019585
6.745208
126.788398
-40.462789
-149.715580
-40.462789
76.882802
43.162805
13.489207
12.140407
-70.136386
-64.741187
35.070006
53.953204
-76.880386
-98.461184
90.370801
59.348404
-114.646783
-124.088382
-20.230790
164.554795
101.161200
-122.739582
-49.904388
110.602800
36.418805
-48.555588
21.582007
2.698808
-70.136386
-36.416389
-21.579590
26.977206
41.814005
48.558004
28.326006
-82.275585
-35.067589
79.580402
64.743603
40.465205
122.741999
6.745208
-187.481977
-14.835591
43.162805
-17.533190
21.582007
-40.462789
64.743603
18.884407
-40.462789
117.346799
51.255604
-4.045191
-43.160388
-2.696391
57.999604
-18.881990
-74.182786
-20.230790
141.625197
97.114801
-70.136386
6.745208
87.673201
70.138803
32.372406
-49.904388
-33.718789
13.489207
14.838007
-70.136386
41.814005
144.322797
-31.021189
-47.206788
33.721206
79.580402
59.348404
40.465205
37.767605
-70.136386
-21.579590
40.465205
53.953204
36.418805
-36.416389
48.558004
32.372406
-21.579590
-89.019585
-37.765189
171.298795
122.741999
-41.811588
-140.273981
-51.253188
140.276397
45.860405
-45.857988
53.953204
-86.321985
-157.808379
56.650804
137.578798
-13.486791
-83.624385
6.745208
72.836403
75.534002
2.698808
-52.601988
-98.461184
-53.950787
17.535607
-14.835591
-64.741187
-16.184390
8.094008
22.930807
40.465205
-29.672389
-21.579590
37.767605
-14.835591
-78.229186
12.140407
-33.718789
-140.273981
-94.414784
72.836403
68.790003
-117.344383
18.884407
221.204391
66.092403
-188.830777
-103.856384
117.346799
89.022001
-115.995583
-202.318776
-31.021189
110.602800
13.489207
-133.529981
22.930807
180.740394
-14.835591
-105.205183
28.326006
98.463601
60.697204
-83.624385
-93.065984
99.812400
82.278002
-37.765189
-78.229186
2.698808
68.790003
-68.787586
45.860405
115.997999
0.001208
90.370801
78.231602
-13.486791
-59.345987
-86.321985
10.791607
25.628406
-35.067589
39.116405
47.209205
90.370801
79.580402
-14.835591
62.046003
26.977206
-76.880386
-35.067589
-70.136386
-32.369989
21.582007
6.745208
31.023606
-33.718789
-63.392387
31.023606
140.276397
-47.206788
-93.065984
-52.601988
-67.438786
41.814005
-52.601988
-12.137991
-120.041982
-182.086777
148.369197
93.068401
-70.136386
-9.440391
14.838007
6.745208
-79.577985
-71.485186
21.582007
-9.440391
-149.715580
-176.691578
39.116405
51.255604
-24.277190
32.372406
-59.345987
-63.392387
75.534002
68.790003
-64.741187
-99.809984
51.255604
2.698808
-40.462789
97.114801
57.999604
-14.835591
-63.392387
87.673201
134.881198
-51.253188
-20.230790
86.324402
149.717997
133.532398
74.185202
-60.694787
-8.091591
217.157991
132.183598
-16.184390
36.418805
176.693994
121.393199
35.070006
86.324402
184.786794
223.901991
39.116405
-106.553983
2.698808
277.853987
244.133989
40.465205
56.650804
187.484394
161.857196
90.370801
83.626802
-5.393991
140.276397
95.766001
-84.973185
101.161200
252.226789
115.997999
-72.833986
67.441203
258.970788
72.836403
-22.928390
55.302004
10.791607
13.489207
78.231602
101.161200
-31.021189
-71.485186
24.279606
70.138803
90.370801
-62.043587
-120.041982
64.743603
53.953204
-52.601988
-134.878781
-76.880386
106.556400
57.999604
-110.600383
-194.225976
86.324402
132.183598
-79.577985
-113.297983
-114.646783
-2.696391
-63.392387
-68.787586
-49.904388
-124.088382
-10.789191
-12.137991
-132.181181
-5.393991
91.719601
-6.742791
-160.505979
-176.691578
-20.230790
9.442808
-51.253188
-171.296378
-63.392387
102.510000
-26.974790
-79.577985
-18.881990
-1.347592
-80.926785
-28.323589
78.231602
-80.926785
-52.601988
32.372406
-64.741187
-43.160388
31.023606
-1.347592
-97.112384
16.186807
56.650804
17.535607
25.628406
-25.625990
-9.440391
86.324402
84.975602
-105.205183
-103.856384
60.697204
16.186807
-32.369989
80.929202
40.465205
-26.974790
90.370801
115.997999
-67.438786
-75.531586
86.324402
48.558004
-84.973185
-31.021189
141.625197
5.396408
-136.227581
53.953204
187.484394
111.951600
-101.158784
-95.763584
103.858800
26.977206
33.721206
40.465205
-118.693182
-26.974790
86.324402
64.743603
-76.880386
-45.857988
106.556400
-28.323589
-56.648387
79.580402
94.417201
-51.253188
-138.925181
-12.137991
79.580402
4.047608
-161.854779
12.140407
236.041190
32.372406
-160.505979
-72.833986
186.135594
70.138803
-183.435577
-111.949183
60.697204
134.881198
-99.809984
-149.715580
121.393199
207.716392
-14.835591
-192.877177
9.442808
167.252395
13.489207
-223.899574
-80.926785
182.089194
59.348404
-71.485186
41.814005
91.719601
-74.182786
-93.065984
16.186807
110.602800
99.812400
1.350008
-101.158784
-43.160388
213.111592
144.322797
-159.157179
-160.505979
133.532398
156.461996
-80.926785
-128.134782
72.836403
136.229998
-2.696391
-24.277190
4.047608
82.278002
87.673201
4.047608
-22.928390
-43.160388
9.442808
31.023606
70.138803
12.140407
-165.901179
-36.416389
76.882802
91.719601
36.418805
-25.625990
75.534002
-33.718789
-48.555588
-87.670785
-16.184390
90.370801
-137.576381
-13.486791
130.834798
-17.533190
-134.878781
-98.461184
41.814005
26.977206
-20.230790
-41.811588
-60.694787
-16.184390
-82.275585
-22.928390
9.442808
-70.136386
-62.043587
-102.507584
32.372406
-94.414784
-164.552379
-14.835591
-126.785982
-37.765189
-18.881990
-93.065984
-83.624385
-72.833986
-24.277190
-102.507584
-129.483582
-10.789191
-53.950787
-80.926785
-122.739582
-183.435577
-82.275585
-74.182786
-28.323589
-21.579590
-57.997187
-190.179577
-142.971580
57.999604
-33.718789
-141.622781
-140.273981
-17.533190
18.884407
-93.065984
-118.693182
-52.601988
-47.206788
24.279606
-20.230790
-78.229186
5.396408
-95.763584
-62.043587
2.698808
-138.925181
-35.067589
138.927597
18.884407
10.791607
-103.856384
-72.833986
186.135594
60.697204
-49.904388
-83.624385
-10.789191
102.510000
36.418805
-37.765189
18.884407
70.138803
83.626802
186.135594
-31.021189
-60.694787
159.159596
56.650804
20.233207
-37.765189
64.743603
167.252395
55.302004
41.814005
-53.950787
-29.672389
226.599591
117.346799
-94.414784
78.231602
68.790003
-4.045191
28.326006
94.417201
71.487603
-120.041982
39.116405
144.322797
33.721206
-59.345987
-5.393991
83.626802
36.418805
5.396408
-97.112384
51.255604
39.116405
-24.277190
10.791607
-106.553983
22.930807
22.930807
37.767605
26.977206
-72.833986
-31.021189
59.348404
-4.045191
-145.669180
-21.579590
91.719601
53.953204
-153.761980
-105.205183
28.326006
59.348404
-20.230790
-190.179577
40.465205
28.326006
-70.136386
62.046003
-41.811588
-142.971580
31.023606
115.997999
-66.089987
-138.925181
-45.857988
109.254000
22.930807
-80.926785
-32.369989
-75.531586
-60.694787
-9.440391
53.953204
-101.158784
-155.110780
-2.696391
102.510000
33.721206
-121.390782
-56.648387
-48.555588
-2.696391
-160.505979
-161.854779
109.254000
36.418805
-66.089987
-76.880386
-4.045191
49.906804
-5.393991
-9.440391
98.463601
12.140407
-98.461184
-70.136386
57.999604
168.601195
-47.206788
-55.299587
70.138803
52.604404
56.650804
117.346799
133.532398
52.604404
24.279606
22.930807
145.671597
134.881198
5.396408
24.279606
149.717997
161.857196
113.300399
245.482789
238.738790
56.650804
-21.579590
141.625197
242.785189
114.649199
31.023606
149.717997
217.157991
120.044399
137.578798
151.066796
206.367592
182.089194
106.556400
64.743603
63.394803
192.879593
110.602800
-75.531586
-72.833986
125.439598
206.367592
40.465205
-16.184390
95.766001
55.302004
0.001208
48.558004
32.372406
-8.091591
-40.462789
-5.393991
-53.950787
-57.997187
55.302004
33.721206
-2.696391
24.279606
-56.648387
-126.785982
-48.555588
-35.067589
-244.131573
-379.011562
-149.715580
14.838007
-269.758771
-480.171554
-330.454766
-264.363571
-307.525168
-403.289960
-469.381155
-550.309149
-559.750748
-426.219558
-468.032355
-569.192347
-488.264353
-447.800357
-543.565149
-334.501165
-302.129968
-401.941160
-362.825963
-308.873968
-37.765189
-124.088382
-268.409971
-47.206788
59.348404
-12.137991
207.716392
333.154782
142.973997
276.505187
441.058774
431.617174
392.501978
469.383572
554.357965
392.501978
366.874780
600.217161
613.705160
474.778771
486.917970
463.988372
489.615570
412.733976
373.618779
539.521166
372.269979
222.553191
261.668388
388.455578
380.362779
128.137198
163.205996
362.828380
292.690785
57.999604
109.254000
205.018792
203.669992
117.346799
-12.137991
52.604404
31.023606
25.628406
59.348404
70.138803
14.838007
-113.297983
-24.277190
21.582007
-103.856384
-115.995583
-132.181181
-136.227581
-173.993978
-179.389178
-57.997187
-241.433973
-325.059566
-187.481977
-188.830777
-187.481977
-308.873968
-240.085173
-105.205183
-327.757166
-349.337964
-244.131573
-209.062775
-195.574776
-218.504375
-252.224372
-376.313962
-233.341173
-161.854779
-184.784377
-238.736373
-401.941160
-240.085173
-171.296378
-230.643574
-280.549170
-393.848361
-249.526772
-163.203579
-298.083568
-303.478768
-238.736373
-133.529981
-207.713975
-388.453161
-321.013167
-227.945974
-253.573172
-323.710766
-194.225976
-137.576381
-264.363571
-260.317171
-200.969976
-95.763584
-111.949183
-203.667576
-79.577985
4.047608
-117.344383
-84.973185
66.092403
82.278002
-43.160388
20.233207
231.994790
188.833194
182.089194
287.295586
248.180389
294.039585
416.780376
430.268375
435.663574
395.199577
469.383572
584.031563
531.428367
520.637968
566.497164
625.844359
666.308356
701.377153
582.682763
584.031563
768.817148
744.538750
612.356360
489.615570
578.636363
704.074753
608.309961
486.917970
573.241163
501.754769
544.916366
439.709974
191.530793
485.569170
435.663574
222.553191
94.417201
234.692390
361.479580
129.485998
24.279606
29.674806
56.650804
49.906804
83.626802
-128.134782
-138.925181
43.162805
18.884407
-265.712371
-357.430764
-155.110780
-132.181181
-268.409971
-384.406762
-225.248374
-202.318776
-283.246770
-426.219558
-400.592360
-198.272376
-256.270772
-437.009957
-462.637155
-469.381155
-362.825963
-288.641969
-509.845152
-497.705953
-388.453161
-345.291565
-447.800357
-416.777959
-353.384364
-463.985955
-553.006748
-373.616362
-291.339569
-493.659553
-431.614758
-370.918763
-307.525168
-399.243560
-410.033960
-299.432368
-257.619572
-303.478768
-322.361966
-329.105966
-387.104361
-211.760375
-165.901179
-219.853174
-314.269167
-245.480372
-84.973185
-160.505979
-218.504375
-172.645178
-120.041982
-8.091591
-63.392387
-254.921972
-191.528377
-18.881990
59.348404
-75.531586
-213.109175
-59.345987
117.346799
47.209205
-89.019585
-120.041982
63.394803
195.577193
5.396408
-102.507584
-2.696391
76.882802
130.834798
55.302004
72.836403
130.834798
45.860405
93.068401
124.090799
153.764396
106.556400
35.070006
156.461996
187.484394
67.441203
105.207600
186.135594
151.066796
115.997999
120.044399
129.485998
117.346799
161.857196
190.181993
111.951600
44.511605
147.020397
148.369197
125.439598
215.809191
124.090799
59.348404
171.298795
153.764396
171.298795
202.321192
62.046003
56.650804
148.369197
120.044399
111.951600
107.905200
113.300399
169.949995
141.625197
90.370801
51.255604
109.254000
151.066796
122.741999
59.348404
57.999604
184.786794
99.812400
4.047608
141.625197
68.790003
-32.369989
122.741999
155.113196
52.604404
-68.787586
13.489207
133.532398
133.532398
71.487603
-156.459579
-22.928390
203.669992
113.300399
-70.136386
-62.043587
125.439598
35.070006
47.209205
57.999604
-93.065984
-10.789191
74.185202
-25.625990
-18.881990
66.092403
-29.672389
-64.741187
48.558004
87.673201
-52.601988
-59.345987
53.953204
-52.601988
-32.369989
-13.486791
-110.600383
43.162805
52.604404
-45.857988
-47.206788
-51.253188
35.070006
-28.323589
-147.017980
-32.369989
37.767605
-2.696391
33.721206
-142.971580
-130.832381
80.929202
-12.137991
-60.694787
-57.997187
-86.321985
-17.533190
32.372406
-94.414784
-102.507584
-20.230790
44.511605
-10.789191
-115.995583
-21.579590
-91.717185
-86.321985
9.442808
5.396408
-83.624385
-202.318776
-36.416389
51.255604
-67.438786
-106.553983
-151.064380
-79.577985
20.233207
-16.184390
-142.971580
-153.761980
20.233207
-29.672389
-163.203579
-56.648387
-13.486791
-113.297983
-84.973185
-138.925181
-78.229186
17.535607
-48.555588
-110.600383
-70.136386
-45.857988
-126.785982
-94.414784
-114.646783
-12.137991
-17.533190
-105.205183
-40.462789
-57.997187
26.977206
6.745208
-191.528377
-118.693182
4.047608
-13.486791
-36.416389
-102.507584
8.094008
35.070006
-111.949183
-74.182786
130.834798
47.209205
-79.577985
0.001208
-9.440391
39.116405
-71.485186
-169.947578
97.114801
169.949995
-10.789191
-35.067589
2.698808
117.346799
-1.347592
-44.509188
56.650804
2.698808
26.977206
4.047608
160.508396
102.510000
-94.414784
25.628406
125.439598
60.697204
-6.742791
40.465205
40.465205
51.255604
99.812400
48.558004
-17.533190
-4.045191
80.929202
169.949995
-29.672389
-55.299587
210.413992
41.814005
-70.136386
35.070006
68.790003
192.879593
20.233207
-121.390782
57.999604
28.326006
52.604404
0.001208
-9.440391
167.252395
29.674806
-21.579590
-17.533190
-39.113989
56.650804
21.582007
-39.113989
-10.789191
-84.973185
82.278002
78.231602
-60.694787
71.487603
-79.577985
-28.323589
10.791607
-13.486791
75.534002
-25.625990
-26.974790
21.582007
-64.741187
-29.672389
141.625197
-4.045191
-84.973185
-17.533190
43.162805
114.649199
-67.438786
-122.739582
49.906804
144.322797
-2.696391
-79.577985
33.721206
84.975602
32.372406
-13.486791
70.138803
26.977206
-52.601988
-6.742791
159.159596
173.996395
-12.137991
-106.553983
-6.742791
151.066796
25.628406
-79.577985
126.788398
238.738790
-5.393991
-90.368385
94.417201
118.695599
36.418805
35.070006
110.602800
52.604404
4.047608
178.042794
91.719601
-99.809984
98.463601
206.367592
-20.230790
-82.275585
132.183598
106.556400
-33.718789
17.535607
48.558004
74.185202
9.442808
25.628406
115.997999
17.535607
-89.019585
-84.973185
52.604404
121.393199
-22.928390
-118.693182
35.070006
32.372406
-40.462789
-41.811588
-53.950787
14.838007
22.930807
-31.021189
-117.344383
17.535607
6.745208
-110.600383
-48.555588
-22.928390
6.745208
-37.765189
-102.507584
-120.041982
28.326006
21.582007
-115.995583
-48.555588
16.186807
-53.950787
-71.485186
-43.160388
-5.393991
22.930807
-94.414784
-72.833986
-33.718789
-1.347592
24.279606
-99.809984
-55.299587
67.441203
-25.625990
-57.997187
-14.835591
-106.553983
-60.694787
60.697204
35.070006
-66.089987
-44.509188
-8.091591
9.442808
-32.369989
-94.414784
-51.253188
-49.904388
-93.065984
-57.997187
-29.672389
-41.811588
-40.462789
-101.158784
-45.857988
-37.765189
-31.021189
12.140407
-124.088382
-142.971580
26.977206
8.094008
-78.229186
-94.414784
-51.253188
84.975602
5.396408
-93.065984
-47.206788
60.697204
48.558004
33.721206
86.324402
-14.835591
31.023606
217.157991
136.229998
-35.067589
39.116405
157.810796
184.786794
124.090799
126.788398
74.185202
107.905200
226.599591
128.137198
156.461996
203.669992
164.554795
83.626802
110.602800
264.365988
145.671597
-13.486791
117.346799
165.903595
106.556400
109.254000
86.324402
-9.440391
-25.625990
80.929202
4.047608
31.023606
68.790003
-43.160388
-31.021189
-125.437182
-29.672389
86.324402
-70.136386
-64.741187
-45.857988
-49.904388
66.092403
68.790003
-71.485186
-102.507584
-72.833986
70.138803
182.089194
33.721206
-25.625990
72.836403
142.973997
165.903595
132.183598
48.558004
152.415596
211.762792
157.810796
168.601195
117.346799
187.484394
217.157991
171.298795
179.391594
129.485998
153.764396
187.484394
155.113196
140.276397
31.023606
-14.835591
114.649199
168.601195
0.001208
-56.648387
64.743603
1.350008
-62.043587
-9.440391
-64.741187
-111.949183
-67.438786
-47.206788
-87.670785
-144.320380
-33.718789
-67.438786
-202.318776
-133.529981
-86.321985
-35.067589
1.350008
-40.462789
-147.017980
-163.203579
-32.369989
22.930807
-48.555588
-45.857988
-51.253188
-25.625990
36.418805
-13.486791
8.094008
9.442808
14.838007
78.231602
41.814005
-20.230790
-1.347592
48.558004
87.673201
-10.789191
-133.529981
14.838007
121.393199
-33.718789
-28.323589
35.070006
-60.694787
-86.321985
-82.275585
16.186807
62.046003
-159.157179
-157.808379
4.047608
-16.184390
37.767605
-40.462789
-156.459579
-57.997187
-13.486791
-9.440391
-64.741187
-6.742791
59.348404
-101.158784
-91.717185
53.953204
55.302004
39.116405
-16.184390
-24.277190
110.602800
82.278002
-52.601988
-10.789191
33.721206
-1.347592
-72.833986
-43.160388
6.745208
-111.949183
-103.856384
-137.576381
-192.877177
-136.227581
-211.760375
-289.990769
-168.598778
-231.992374
-418.126759
-432.963558
-422.173159
-360.128363
-389.801961
-384.406762
-412.731559
-493.659553
-538.169950
-509.845152
-365.523563
-352.035564
-451.846756
-579.982746
-481.520354
-304.827568
-273.805170
-345.291565
-400.592360
-331.803566
-273.805170
-209.062775
-178.040378
-200.969976
-203.667576
-95.763584
-102.507584
-114.646783
-26.974790
43.162805
70.138803
12.140407
60.697204
80.929202
138.927597
180.740394
244.133989
321.015583
172.647595
190.181993
295.388385
319.666783
352.037981
284.597986
312.922784
427.570775
353.386781
368.223579
405.989976
470.732371
535.474766
325.061983
361.479580
504.452369
504.452369
495.010770
410.036376
419.477975
455.895573
441.058774
493.661970
523.335567
495.010770
323.713183
404.641177
516.591568
370.921179
393.850777
384.409178
376.316379
333.154782
319.666783
362.828380
285.946786
229.297190
327.759583
272.458787
82.278002
192.879593
257.621988
156.461996
126.788398
141.625197
68.790003
49.906804
62.046003
75.534002
57.999604
-28.323589
33.721206
-124.088382
-97.112384
63.394803
-136.227581
-186.133177
-117.344383
-122.739582
-140.273981
-188.830777
-167.249979
-144.320380
-287.293169
-289.990769
-188.830777
-214.457975
-244.131573
-302.129968
-366.872363
-281.897970
-192.877177
-240.085173
-392.499561
-472.078755
-395.197161
-230.643574
-184.784377
-381.709162
-476.125154
-427.568358
-341.245165
-314.269167
-331.803566
-347.989164
-458.590756
-435.661158
-303.478768
-333.152366
-407.336360
-315.617967
-350.686764
-447.800357
-353.384364
-257.619572
-303.478768
-400.592360
-335.849965
-250.875572
-316.966767
-393.848361
-271.107570
-188.830777
-327.757166
-326.408366
-186.133177
-229.294774
-273.805170
-263.014771
-285.944369
-180.737978
-110.600383
-178.040378
-194.225976
-163.203579
-121.390782
-91.717185
-97.112384
-84.973185
-106.553983
-79.577985
-44.509188
-56.648387
-47.206788
-68.787586
-25.625990
62.046003
86.324402
-13.486791
-43.160388
83.626802
106.556400
98.463601
93.068401
53.953204
56.650804
111.951600
151.066796
194.228393
160.508396
84.975602
75.534002
195.577193
218.506791
-20.230790
180.740394
366.874780
39.116405
-14.835591
186.135594
268.412387
188.833194
68.790003
76.882802
148.369197
178.042794
194.228393
222.553191
129.485998
-21.579590
56.650804
245.482789
252.226789
118.695599
67.441203
199.623593
178.042794
52.604404
153.764396
148.369197
103.858800
156.461996
84.975602
106.556400
172.647595
125.439598
41.814005
8.094008
80.929202
106.556400
74.185202
78.231602
35.070006
-60.694787
-16.184390
37.767605
-67.438786
-59.345987
-31.021189
-78.229186
-80.926785
-76.880386
-132.181181
-172.645178
-205.016376
-191.528377
-152.413180
-118.693182
-168.598778
-288.641969
-231.992374
-236.038773
-167.249979
-160.505979
-327.757166
-269.758771
-141.622781
-159.157179
-261.665971
-214.457975
-160.505979
-149.715580
-179.389178
-202.318776
-141.622781
-114.646783
-66.089987
-55.299587
-142.971580
-101.158784
43.162805
24.279606
-17.533190
55.302004
79.580402
16.186807
66.092403
194.228393
192.879593
97.114801
102.510000
257.621988
326.410783
221.204391
160.508396
184.786794
275.156387
365.525980
271.109987
257.621988
322.364383
284.597986
233.343590
321.015583
347.991581
183.437994
156.461996
318.317983
432.965974
149.717997
130.834798
311.573984
161.857196
161.857196
287.295586
231.994790
49.906804
122.741999
248.180389
132.183598
68.790003
109.254000
20.233207
56.650804
152.415596
106.556400
84.975602
-91.717185
-186.133177
-31.021189
132.183598
140.276397
-102.507584
-277.851570
-51.253188
89.022001
-125.437182
-163.203579
-98.461184
-151.064380
-147.017980
-113.297983
-117.344383
-188.830777
-221.201974
-238.736373
-230.643574
-151.064380
-175.342778
-258.968371
-252.224372
-148.366780
-258.968371
-331.803566
-206.365176
-234.689973
-225.248374
-184.784377
-217.155575
-291.339569
-308.873968
-264.363571
-237.387573
-184.784377
-136.227581
-206.365176
-288.641969
-319.664367
-191.528377
-25.625990
-164.552379
-279.200370
-268.409971
-225.248374
-134.878781
-89.019585
-98.461184
-246.829172
-229.294774
-134.878781
-99.809984
-70.136386
-156.459579
-138.925181
-145.669180
-111.949183
-37.765189
-115.995583
-132.181181
-45.857988
-13.486791
-79.577985
-90.368385
-132.181181
-86.321985
87.673201
-28.323589
-71.485186
12.140407
-113.297983
-37.765189
80.929202
80.929202
4.047608
-79.577985
82.278002
71.487603
21.582007
133.532398
44.511605
13.489207
9.442808
63.394803
191.530793
89.022001
-24.277190
47.209205
136.229998
67.441203
47.209205
35.070006
33.721206
148.369197
137.578798
-6.742791
-20.230790
136.229998
133.532398
35.070006
10.791607
67.441203
246.831589
217.157991
-25.625990
22.930807
241.436389
319.666783
195.577193
134.881198
264.365988
265.714787
284.597986
349.340381
400.594777
358.781980
210.413992
330.457182
546.265166
557.055565
437.012374
339.898782
236.041190
376.316379
555.706765
400.594777
279.202786
294.039585
374.967579
276.505187
179.391594
200.972393
160.508396
134.881198
-4.045191
-102.507584
-12.137991
1.350008
-165.901179
-323.710766
-300.781168
-169.947578
-257.619572
-352.035564
-347.989164
-401.941160
-370.918763
-392.499561
-463.985955
-303.478768
-263.014771
-551.657948
-428.917158
-114.646783
-175.342778
-321.013167
-323.710766
-134.878781
24.279606
-95.763584
-99.809984
91.719601
78.231602
10.791607
39.116405
186.135594
333.154782
331.805982
178.042794
125.439598
338.549982
441.058774
381.711578
280.551586
263.017188
302.132385
312.922784
407.338776
404.641177
275.156387
217.157991
265.714787
325.061983
307.527584
236.041190
153.764396
111.951600
149.717997
176.693994
110.602800
29.674806
17.535607
-14.835591
-32.369989
4.047608
-80.926785
-97.112384
-190.179577
-252.224372
-103.856384
-137.576381
-207.713975
-316.966767
-404.638760
-343.942765
-312.920367
-393.848361
-327.757166
-289.990769
-482.869154
-449.149157
-374.965162
-396.545961
-353.384364
-310.222767
-419.475559
-485.566754
-304.827568
-211.760375
-323.710766
-333.152366
-236.038773
-173.993978
-172.645178
-238.736373
-82.275585
-32.369989
-66.089987
-55.299587
-153.761980
24.279606
126.788398
18.884407
75.534002
182.089194
137.578798
31.023606
99.812400
357.433180
295.388385
75.534002
169.949995
273.807587
249.529189
213.111592
265.714787
306.178784
298.085985
299.434785
241.436389
186.135594
322.364383
407.338776
294.039585
265.714787
187.484394
207.716392
296.737185
294.039585
288.644386
138.927597
134.881198
191.530793
196.925993
238.738790
167.252395
74.185202
68.790003
35.070006
9.442808
89.022001
40.465205
10.791607
-142.971580
-142.971580
16.186807
-39.113989
-163.203579
-265.712371
-99.809984
-86.321985
-213.109175
-238.736373
-160.505979
-140.273981
-167.249979
-198.272376
-254.921972
-187.481977
-41.811588
36.418805
-250.875572
-134.878781
142.973997
-1.347592
-86.321985
1.350008
176.693994
66.092403
24.279606
269.761187
176.693994
70.138803
287.295586
296.737185
240.087589
296.737185
252.226789
214.460391
283.249186
343.945181
283.249186
236.041190
295.388385
236.041190
258.970788
341.247582
222.553191
211.762792
260.319588
242.785189
126.788398
94.417201
129.485998
205.018792
237.389990
21.582007
-24.277190
110.602800
140.276397
-12.137991
-26.974790
60.697204
-9.440391
-103.856384
-94.414784
-26.974790
-118.693182
-133.529981
-180.737978
-248.177972
-231.992374
-206.365176
-167.249979
-250.875572
-368.221163
-431.614758
-249.526772
-307.525168
-412.731559
-389.801961
-480.171554
-388.453161
-428.917158
-442.405157
-380.360362
-358.779564
-485.566754
-480.171554
-354.733164
-377.662762
-341.245165
-405.987560
-396.545961
-368.221163
-256.270772
-263.014771
-389.801961
-303.478768
-207.713975
-213.109175
-237.387573
-137.576381
-125.437182
-288.641969
-292.688369
2.698808
-142.971580
-249.526772
47.209205
-109.251583
-179.389178
-57.997187
24.279606
-14.835591
-75.531586
83.626802
0.001208
25.628406
161.857196
76.882802
66.092403
107.905200
200.972393
148.369197
124.090799
364.177180
383.060378
118.695599
165.903595
423.524375
357.433180
271.109987
326.410783
381.711578
360.130780
368.223579
372.269979
360.130780
493.661970
451.849173
311.573984
381.711578
519.289168
412.733976
273.807587
385.757978
481.522771
381.711578
268.412387
393.850777
393.850777
321.015583
396.548377
308.876384
244.133989
318.317983
407.338776
316.969183
180.740394
215.809191
237.389990
173.996395
221.204391
294.039585
176.693994
190.181993
188.833194
56.650804
72.836403
168.601195
167.252395
93.068401
47.209205
0.001208
57.999604
41.814005
-55.299587
57.999604
60.697204
-47.206788
25.628406
-12.137991
-68.787586
-48.555588
-79.577985
-18.881990
-33.718789
-179.389178
-155.110780
-9.440391
-55.299587
-168.598778
-118.693182
-110.600383
-214.457975
-82.275585
-26.974790
-145.669180
-257.619572
-249.526772
-97.112384
-168.598778
-187.481977
-190.179577
-151.064380
-161.854779
-213.109175
-94.414784
-187.481977
-260.317171
-165.901179
-124.088382
-169.947578
-203.667576
-273.805170
-211.760375
5.396408
-129.483582
-298.083568
-188.830777
-114.646783
-111.949183
-186.133177
-171.296378
-145.669180
-198.272376
-109.251583
-141.622781
-168.598778
-89.019585
-132.181181
-167.249979
-115.995583
-25.625990
-41.811588
-179.389178
-172.645178
-70.136386
-67.438786
-115.995583
-145.669180
-25.625990
-17.533190
-152.413180
-102.507584
-51.253188
-24.277190
-51.253188
-68.787586
-29.672389
-31.021189
-60.694787
-103.856384
-9.440391
21.582007
-24.277190
-49.904388
-16.184390
31.023606
-49.904388
-12.137991
99.812400
21.582007
-44.509188
49.906804
36.418805
29.674806
95.766001
10.791607
-29.672389
63.394803
48.558004
76.882802
172.647595
71.487603
-41.811588
45.860405
151.066796
86.324402
-25.625990
-2.696391
155.113196
168.601195
83.626802
84.975602
1.350008
22.930807
187.484394
205.018792
111.951600
5.396408
-13.486791
84.975602
238.738790
196.925993
-51.253188
-16.184390
210.413992
187.484394
35.070006
109.254000
155.113196
55.302004
82.278002
124.090799
17.535607
10.791607
165.903595
137.578798
52.604404
97.114801
87.673201
14.838007
60.697204
105.207600
68.790003
79.580402
70.138803
47.209205
64.743603
82.278002
95.766001
-6.742791
-32.369989
169.949995
137.578798
14.838007
75.534002
75.534002
-29.672389
9.442808
137.578798
68.790003
-13.486791
9.442808
43.162805
39.116405
86.324402
36.418805
-67.438786
-4.045191
74.185202
43.162805
-44.509188
-18.881990
29.674806
-1.347592
6.745208
25.628406
-22.928390
-10.789191
107.905200
97.114801
-97.112384
-141.622781
6.745208
153.764396
106.556400
-63.392387
-103.856384
-31.021189
52.604404
70.138803
33.721206
-121.390782
-78.229186
106.556400
41.814005
-67.438786
-115.995583
-25.625990
44.511605
20.233207
-35.067589
-80.926785
-64.741187
-5.393991
63.394803
-44.509188
-106.553983
20.233207
37.767605
-60.694787
-75.531586
-70.136386
-44.509188
78.231602
20.233207
-107.902783
-97.112384
48.558004
41.814005
-45.857988
13.489207
-102.507584
-114.646783
-9.440391
66.092403
63.394803
-91.717185
-140.273981
-47.206788
29.674806
26.977206
39.116405
-89.019585
-83.624385
40.465205
-37.765189
-29.672389
0.001208
-51.253188
-107.902783
-4.045191
130.834798
8.094008
-138.925181
24.279606
93.068401
-147.017980
-26.974790
117.346799
-4.045191
-101.158784
-79.577985
49.906804
57.999604
82.278002
-56.648387
-95.763584
-6.742791
0.001208
-12.137991
-26.974790
125.439598
-25.625990
-173.993978
-1.347592
114.649199
0.001208
-20.230790
59.348404
-124.088382
-66.089987
122.741999
141.625197
-57.997187
-171.296378
71.487603
76.882802
24.279606
21.582007
-18.881990
20.233207
-5.393991
-18.881990
-21.579590
103.858800
120.044399
-26.974790
-114.646783
-59.345987
132.183598
74.185202
-35.067589
-59.345987
33.721206
72.836403
28.326006
-5.393991
-33.718789
74.185202
-33.718789
-51.253188
17.535607
35.070006
-17.533190
-1.347592
128.137198
-49.904388
-101.158784
8.094008
83.626802
43.162805
-28.323589
16.186807
-72.833986
-70.136386
86.324402
149.717997
-10.789191
-161.854779
-101.158784
48.558004
147.020397
49.906804
-72.833986
-130.832381
-41.811588
101.161200
4.047608
-78.229186
12.140407
24.279606
-106.553983
-35.067589
109.254000
-17.533190
-132.181181
-10.789191
64.743603
-26.974790
9.442808
6.745208
-180.737978
-94.414784
110.602800
67.441203
-72.833986
-126.785982
6.745208
55.302004
-9.440391
-80.926785
-102.507584
6.745208
21.582007
-16.184390
-32.369989
-40.462789
-26.974790
-21.579590
-2.696391
-6.742791
-62.043587
-113.297983
-13.486791
147.020397
44.511605
-113.297983
-138.925181
-36.416389
43.162805
1.350008
-26.974790
-45.857988
6.745208
18.884407
-31.021189
-21.579590
4.047608
-80.926785
-33.718789
36.418805
-8.091591
9.442808
37.767605
41.814005
-110.600383
-41.811588
98.463601
-33.718789
-51.253188
60.697204
82.278002
-37.765189
-51.253188
-9.440391
-1.347592
57.999604
-2.696391
-22.928390
-36.416389
68.790003
134.881198
-62.043587
-97.112384
-84.973185
29.674806
171.298795
82.278002
-103.856384
-82.275585
8.094008
25.628406
56.650804
4.047608
-56.648387
-59.345987
70.138803
89.022001
14.838007
-5.393991
-29.672389
-47.206788
-66.089987
25.628406
134.881198
36.418805
-51.253188
-31.021189
-63.392387
55.302004
125.439598
-22.928390
-110.600383
-28.323589
126.788398
147.020397
-16.184390
-83.624385
-71.485186
-67.438786
64.743603
161.857196
12.140407
-145.669180
-1.347592
107.905200
37.767605
-93.065984
-82.275585
66.092403
74.185202
13.489207
-95.763584
-36.416389
93.068401
32.372406
-39.113989
-70.136386
43.162805
60.697204
-41.811588
17.535607
12.140407
-43.160388
-12.137991
14.838007
26.977206
12.140407
-48.555588
-37.765189
37.767605
134.881198
10.791607
-172.645178
-41.811588
120.044399
106.556400
-66.089987
-141.622781
9.442808
118.695599
26.977206
-78.229186
-75.531586
78.231602
60.697204
-83.624385
-39.113989
17.535607
28.326006
1.350008
-9.440391
-68.787586
18.884407
105.207600
-44.509188
-186.133177
-13.486791
159.159596
-8.091591
-39.113989
33.721206
29.674806
-84.973185
-51.253188
99.812400
-12.137991
-95.763584
16.186807
57.999604
-4.045191
10.791607
20.233207
-74.182786
-66.089987
24.279606
72.836403
63.394803
-41.811588
-106.553983
-24.277190
80.929202
57.999604
-40.462789
-68.787586
41.814005
12.140407
4.047608
