82.968506
94.030462
60.844596
11.065796
-33.182025
-55.305936
-44.243981
-46.087640
-88.491802
-153.019875
-184.362082
-173.300127
-136.426942
-114.303032
-136.426942
-173.300127
-215.704289
-215.704289
-195.424038
-206.485993
-234.140882
-256.264792
-245.202837
-210.173312
-182.518423
-154.863535
-160.394512
-175.143786
-173.300127
-175.143786
-176.987445
-184.362082
-202.798675
-193.580379
-160.394512
-123.521328
-90.335461
-84.804484
-95.866439
-92.179121
-84.804484
-82.960825
-92.179121
-110.615713
-99.553758
-77.429847
-47.931299
-16.589092
9.222137
35.033366
53.469959
57.157277
66.375573
75.593870
101.405099
114.310713
101.405099
95.874121
129.059987
160.402194
162.245853
182.526105
213.868312
235.992223
256.272474
283.927363
291.302000
280.240044
278.396385
278.396385
285.771022
287.614681
263.647111
219.399290
193.588060
199.119038
228.617586
248.897837
221.242949
153.027557
95.874121
77.437529
84.812166
84.812166
40.564344
-18.432751
-51.618618
-55.305936
-33.182025
-16.589092
-49.774958
-105.084735
-149.332557
-158.550853
-138.270602
-132.739624
-167.769149
-221.235267
-252.577474
-234.140882
-193.580379
-182.518423
-202.798675
-224.922586
-228.609904
-215.704289
-188.049401
-176.987445
-191.736719
-212.016971
-206.485993
-160.394512
-123.521328
-121.677668
-138.270602
-154.863535
-143.801579
-114.303032
-105.084735
-123.521328
-129.052305
-123.521328
-119.834009
-105.084735
-77.429847
-62.680573
-64.524232
-75.586188
-58.993255
-14.745433
1.847500
-11.058114
-3.683478
33.189707
71.906551
88.499484
110.623395
119.841691
119.841691
119.841691
129.059987
156.714876
169.620490
154.871217
167.776831
226.773927
278.396385
278.396385
267.334430
261.803452
258.116134
269.178089
278.396385
276.552726
259.959793
223.086608
200.962697
210.180994
243.366860
256.272474
219.399290
165.933172
114.310713
81.124847
71.906551
75.593870
53.469959
9.222137
-35.025684
-51.618618
-31.338366
-11.058114
-35.025684
-108.772054
-171.456468
-195.424038
-182.518423
-169.612809
-180.674764
-213.860630
-245.202837
-234.140882
-186.205742
-162.238172
-178.831105
-215.704289
-239.671859
-226.766245
-202.798675
-176.987445
-182.518423
-206.485993
-202.798675
-175.143786
-127.208646
-112.459372
-136.426942
-169.612809
-178.831105
-154.863535
-121.677668
-117.990350
-138.270602
-140.114261
-112.459372
-77.429847
-64.524232
-77.429847
-95.866439
-84.804484
-27.651048
18.440433
23.971411
14.753115
11.065796
27.658729
53.469959
82.968506
95.874121
68.219233
47.938981
97.717780
178.838787
193.588060
151.183898
162.245853
234.148564
271.021748
241.523201
230.461245
271.021748
276.552726
245.210519
252.585156
318.956888
368.735688
328.175185
267.334430
256.272474
259.959793
245.210519
219.399290
191.744401
149.340239
101.405099
68.219233
70.062892
103.248758
106.936076
70.062892
18.440433
-23.963729
-35.025684
-33.182025
-55.305936
-114.303032
-175.143786
-200.955015
-182.518423
-149.332557
-138.270602
-158.550853
-195.424038
-221.235267
-213.860630
-184.362082
-189.893060
-235.984541
-274.701385
-272.857726
-239.671859
-204.642334
-191.736719
-193.580379
-195.424038
-184.362082
-156.707194
-134.583283
-153.019875
-193.580379
-200.955015
-160.394512
-125.364987
-136.426942
-156.707194
-141.957920
-99.553758
-84.804484
-101.397417
-108.772054
-94.022780
-84.804484
-75.586188
-36.869344
-3.683478
-11.058114
-53.462277
-33.182025
51.626299
86.655825
38.720685
18.440433
106.936076
200.962697
169.620490
117.998032
178.838787
235.992223
199.119038
189.900742
256.272474
302.363955
269.178089
235.992223
271.021748
341.080799
365.048369
322.644207
306.051274
317.113229
272.865407
200.962697
186.213424
221.242949
234.148564
199.119038
134.590965
99.561440
106.936076
130.903647
129.059987
99.561440
44.251663
-20.276411
-58.993255
-47.931299
-33.182025
-60.836914
-123.521328
-175.143786
-173.300127
-147.488898
-147.488898
-171.456468
-200.955015
-226.766245
-234.140882
-210.173312
-189.893060
-224.922586
-271.014066
-276.545044
-235.984541
-186.205742
-162.238172
-165.925490
-180.674764
-171.456468
-149.332557
-136.426942
-143.801579
-156.707194
-175.143786
-200.955015
-195.424038
-151.176216
-121.677668
-129.052305
-145.645238
-123.521328
-84.804484
-86.648143
-112.459372
-103.241076
-71.898869
-64.524232
-75.586188
-47.931299
9.222137
14.753115
11.065796
47.938981
103.248758
112.467054
73.750210
92.186803
158.558535
175.151468
147.496580
119.841691
151.183898
230.461245
261.803452
234.148564
230.461245
285.771022
324.487866
320.800548
313.425911
318.956888
315.269570
282.083704
239.679541
217.555630
215.711971
235.992223
258.116134
254.428815
210.180994
136.434624
94.030462
97.717780
106.936076
68.219233
-5.527137
-51.618618
-51.618618
-23.963729
-11.058114
-38.713003
-101.397417
-153.019875
-171.456468
-175.143786
-173.300127
-184.362082
-217.547949
-247.046496
-232.297222
-191.736719
-162.238172
-182.518423
-234.140882
-261.795770
-243.359178
-221.235267
-199.111356
-189.893060
-186.205742
-178.831105
-171.456468
-162.238172
-140.114261
-121.677668
-140.114261
-202.798675
-219.391608
-171.456468
-125.364987
-123.521328
-154.863535
-145.645238
-94.022780
-62.680573
-66.367891
-84.804484
-75.586188
-57.149595
-42.400321
-18.432751
-12.901774
-14.745433
-5.527137
22.127752
79.281188
143.809261
136.434624
103.248758
138.278283
188.057083
171.464150
129.059987
160.402194
248.897837
272.865407
239.679541
263.647111
337.393481
370.579347
348.455436
328.175185
324.487866
326.331525
306.051274
254.428815
213.868312
199.119038
208.337334
241.523201
250.741497
195.431720
125.372669
99.561440
112.467054
112.467054
82.968506
27.658729
-46.087640
-92.179121
-58.993255
-5.527137
-31.338366
-127.208646
-191.736719
-191.736719
-167.769149
-158.550853
-175.143786
-221.235267
-280.232363
-293.137977
-235.984541
-188.049401
-219.391608
-280.232363
-285.763340
-247.046496
-210.173312
-180.674764
-160.394512
-154.863535
-165.925490
-182.518423
-186.205742
-160.394512
-141.957920
-167.769149
-206.485993
-208.329652
-147.488898
-108.772054
-129.052305
-141.957920
-117.990350
-88.491802
-81.117165
-84.804484
-88.491802
-108.772054
-105.084735
-16.589092
57.157277
29.502389
-40.556662
-22.120070
73.750210
112.467054
101.405099
92.186803
94.030462
97.717780
121.685350
215.711971
258.116134
188.057083
147.496580
202.806357
302.363955
352.142755
294.989318
254.428815
318.956888
381.641302
376.110325
335.549821
298.676637
248.897837
197.275379
212.024653
252.585156
259.959793
223.086608
154.871217
105.092417
127.216328
162.245853
123.529010
38.720685
-20.276411
-51.618618
-64.524232
-36.869344
-12.901774
-53.462277
-136.426942
-195.424038
-180.674764
-132.739624
-143.801579
-215.704289
-267.326748
-283.919681
-285.763340
-243.359178
-191.736719
-213.860630
-263.639429
-252.577474
-193.580379
-160.394512
-162.238172
-151.176216
-140.114261
-171.456468
-199.111356
-178.831105
-165.925490
-191.736719
-230.453563
-200.955015
-110.615713
-86.648143
-123.521328
-132.739624
-101.397417
-68.211551
-110.615713
-188.049401
-145.645238
-53.462277
-53.462277
-47.931299
12.909456
0.003841
-49.774958
25.815070
116.154373
59.000936
-3.683478
40.564344
101.405099
114.310713
149.340239
215.711971
239.679541
175.151468
123.529010
219.399290
328.175185
322.644207
285.771022
313.425911
381.641302
379.797643
322.644207
320.800548
363.204710
315.269570
186.213424
149.340239
234.148564
300.520296
245.210519
141.965602
95.874121
105.092417
132.747306
140.121943
92.186803
3.691159
-64.524232
-75.586188
-47.931299
-22.120070
-66.367891
-165.925490
-226.766245
-210.173312
-175.143786
-178.831105
-215.704289
-254.421133
-271.014066
-276.545044
-265.483089
-228.609904
-221.235267
-252.577474
-248.890156
-200.955015
-160.394512
-153.019875
-130.895965
-108.772054
-140.114261
-162.238172
-140.114261
-153.019875
-215.704289
-245.202837
-202.798675
-158.550853
-119.834009
-62.680573
-47.931299
-108.772054
-165.925490
-160.394512
-119.834009
-79.273506
-73.742528
-58.993255
-31.338366
-73.742528
-16.589092
162.245853
119.841691
-86.648143
-36.869344
189.900742
129.059987
-25.807388
82.968506
212.024653
210.180994
165.933172
149.340239
219.399290
337.393481
365.048369
271.021748
252.585156
320.800548
355.830073
400.077895
409.296191
330.018844
269.178089
271.021748
252.585156
226.773927
245.210519
247.054178
188.057083
114.310713
92.186803
123.529010
140.121943
99.561440
36.877026
-18.432751
-75.586188
-101.397417
-86.648143
-68.211551
-116.146691
-212.016971
-282.076022
-271.014066
-226.766245
-206.485993
-234.140882
-267.326748
-269.170407
-285.763340
-291.294318
-235.984541
-188.049401
-217.547949
-239.671859
-167.769149
-95.866439
-99.553758
-121.677668
-127.208646
-127.208646
-147.488898
-151.176216
-160.394512
-267.326748
-346.604095
-180.674764
22.127752
-162.238172
-333.698480
-51.618618
193.588060
51.626299
-193.580379
-282.076022
-143.801579
66.375573
82.968506
-94.022780
-132.739624
27.658729
129.059987
147.496580
129.059987
18.440433
-25.807388
75.593870
180.682446
228.617586
212.024653
204.650016
178.838787
164.089513
298.676637
436.951079
398.234235
306.051274
298.676637
407.452532
534.665019
481.198901
304.207614
259.959793
315.269570
252.585156
151.183898
171.464150
184.369764
94.030462
22.127752
31.346048
51.626299
49.782640
23.971411
9.222137
-23.963729
-106.928395
-175.143786
-145.645238
-123.521328
-210.173312
-294.981636
-311.574569
-326.323843
-324.480184
-289.450659
-274.701385
-289.450659
-289.450659
-256.264792
-204.642334
-99.553758
-46.087640
-82.960825
-103.241076
-73.742528
-53.462277
-49.774958
-29.494707
-49.774958
-108.772054
-173.300127
-250.733815
-261.795770
-169.612809
-234.140882
-505.158789
-387.164598
64.531914
143.809261
-35.025684
-35.025684
-29.494707
-140.114261
-112.459372
22.127752
29.502389
-25.807388
-23.963729
-35.025684
-127.208646
-35.025684
248.897837
326.331525
143.809261
88.499484
215.711971
223.086608
188.057083
217.555630
202.806357
215.711971
376.110325
545.726974
582.600159
553.101611
554.945270
636.066276
656.346528
462.762309
309.738592
322.644207
230.461245
-20.276411
-129.052305
-105.084735
-213.860630
-379.789961
-366.884346
-213.860630
-158.550853
-232.297222
-230.453563
-108.772054
-105.084735
-228.609904
-232.297222
-141.957920
-193.580379
-313.418229
-333.698480
-302.356273
-258.108452
-199.111356
-149.332557
-55.305936
40.564344
62.688255
62.688255
138.278283
182.526105
71.906551
-36.869344
-12.901774
14.753115
-66.367891
-200.955015
-283.919681
-376.102643
-490.409515
-464.598286
-322.636525
-280.232363
-318.949206
-254.421133
-110.615713
-42.400321
-77.429847
-103.241076
-38.713003
31.346048
40.564344
59.000936
129.059987
173.307809
164.089513
143.809261
151.183898
169.620490
145.652920
117.998032
197.275379
254.428815
167.776831
199.119038
414.827168
494.104516
460.918649
595.505773
742.998512
711.656305
702.438009
864.680021
1028.765693
868.367340
379.797643
31.346048
33.189707
-73.742528
-562.312225
-929.200413
-897.858206
-857.297703
-938.418709
-870.203317
-628.683958
-422.194123
-317.105547
-154.863535
129.059987
285.771022
180.682446
82.968506
176.995127
234.148564
119.841691
-9.214455
-60.836914
-77.429847
-79.273506
-38.713003
71.906551
182.526105
99.561440
-51.618618
33.189707
189.900742
60.844596
-232.297222
-337.385799
-376.102643
-617.622002
-855.454043
-768.802059
-534.657337
-564.155884
-754.052786
-595.498091
-125.364987
130.903647
92.186803
103.248758
254.428815
352.142755
326.331525
302.363955
330.018844
276.552726
141.965602
162.245853
337.393481
313.425911
66.375573
-25.807388
119.841691
243.366860
223.086608
184.369764
230.461245
317.113229
398.234235
569.694544
835.181474
951.332005
842.556111
905.240525
1316.376534
1467.556591
868.367340
-1.839818
-431.412420
-573.374181
-986.353849
-1498.891116
-1648.227514
-1603.979692
-1592.917737
-1336.649103
-744.834489
-191.736719
62.688255
235.992223
637.909936
1104.355722
1181.789410
862.836362
639.753595
601.036751
401.921554
70.062892
-151.176216
-298.668955
-477.503900
-584.436136
-466.441945
-182.518423
-90.335461
-289.450659
-365.040687
-182.518423
-162.238172
-453.536330
-744.834489
-827.799155
-711.648623
-547.562951
-475.660241
-300.512614
51.626299
178.838787
116.154373
324.487866
602.880410
525.446722
306.051274
206.493675
154.871217
99.561440
-44.243981
-230.453563
-204.642334
-129.052305
-223.078926
-176.987445
75.593870
147.496580
75.593870
154.871217
300.520296
390.859598
405.608872
357.673732
499.635493
857.305384
1002.954464
960.550302
1080.388152
1318.220193
1565.270530
1620.580307
1050.889604
9.222137
-761.427422
-1111.722677
-1515.484049
-2063.050841
-2435.470006
-2431.782688
-2064.894500
-1447.268657
-693.212031
40.564344
578.912840
993.736168
1498.898798
1959.813606
1985.624835
1578.176145
1078.544492
685.845076
294.989318
-156.707194
-547.562951
-872.046976
-1155.970498
-1244.466142
-982.666530
-588.123454
-405.601190
-401.913872
-350.291413
-199.111356
-132.739624
-326.323843
-637.902254
-680.306416
-435.099738
-261.795770
-84.804484
346.611777
636.066276
516.228426
427.732783
597.349433
671.095802
420.358146
9.222137
-289.450659
-359.509710
-414.819487
-584.436136
-612.091025
-495.940493
-460.910967
-330.011162
49.782640
348.455436
411.139850
442.482057
547.570633
706.125327
798.308289
671.095802
507.010130
538.352337
695.063372
932.895413
1163.352817
1185.476728
1277.659690
1718.294246
1793.884275
757.747786
-717.179601
-1532.076982
-1797.563912
-2299.039223
-3010.691687
-3193.213951
-2651.178137
-1874.997599
-1021.383374
119.841691
1207.600639
1753.323772
2092.557071
2647.498500
2994.106436
2551.628220
1543.146619
634.222617
14.753115
-595.498091
-1272.121030
-1736.723157
-1908.183466
-1965.336902
-1801.251230
-1179.938068
-431.412420
-77.429847
-64.524232
51.626299
352.142755
459.074990
125.372669
-330.011162
-385.320939
-103.241076
68.219233
226.773927
613.942366
768.809741
412.983509
134.590965
224.930267
199.119038
-202.798675
-695.055690
-896.014546
-765.114741
-632.371276
-648.964209
-538.344655
-291.294318
-110.615713
188.057083
634.222617
811.213904
704.281668
685.845076
770.653401
803.839267
733.780216
492.260856
248.897837
331.862503
667.408483
978.986894
1157.821840
1248.161142
1495.211479
1921.096762
1694.326676
158.558535
-1637.165558
-2352.505341
-2459.437576
-2984.880458
-3545.352865
-3235.618114
-2208.699921
-1096.973403
105.092417
1508.117094
2601.407019
2935.109341
2936.953000
3130.537219
3053.103531
2024.341679
462.762309
-682.150075
-1292.401282
-1858.404666
-2369.098274
-2474.186850
-2264.009698
-1956.118606
-1366.147651
-400.070213
488.573538
800.151948
586.287477
457.231331
709.812646
765.122423
197.275379
-411.132168
-442.474375
-140.114261
75.593870
269.178089
556.788929
641.597254
271.021748
-182.518423
-282.076022
-261.795770
-562.312225
-1065.631196
-1244.466142
-951.324323
-534.657337
-285.763340
-141.957920
103.248758
429.576442
676.626780
870.210999
997.423486
892.334910
615.786025
433.263761
455.387672
519.915745
361.361051
49.782640
59.000936
556.788929
1109.886699
1342.187763
1386.435584
1633.485922
1983.781176
1467.556591
-372.415324
-2129.422574
-2577.431767
-2693.582299
-3375.736215
-3641.223145
-2793.139898
-1504.422093
-267.326748
1091.450107
2461.288918
3309.372165
3359.150964
3060.478168
2924.047385
2444.695984
980.830553
-724.554238
-1642.696536
-2070.425478
-2540.558583
-2745.204758
-2457.593917
-1932.151036
-1327.430807
-551.250270
409.296191
1174.414773
1261.066757
855.461725
634.222617
720.874601
601.036751
36.877026
-591.810773
-805.675244
-497.784152
-7.370796
287.614681
396.390576
398.234235
167.776831
-156.707194
-320.792866
-425.881442
-719.023260
-1102.504381
-1183.625387
-801.987926
-306.043592
-51.618618
64.531914
274.709067
560.476248
822.275859
980.830553
925.520776
713.499964
490.417197
313.425911
248.897837
261.803452
129.059987
-106.928395
9.222137
554.945270
1115.417677
1432.527065
1524.710027
1686.952040
2090.713412
1769.916705
-130.895965
-2271.384335
-2936.945318
-2892.697496
-3405.234763
-3687.314626
-2848.449675
-1449.112316
-44.243981
1399.341199
2767.336350
3672.573034
3667.042056
2966.451547
2540.566265
2186.583692
766.966082
-1203.905638
-2251.104083
-2485.248806
-2702.800595
-2723.080847
-2293.508245
-1651.914832
-943.949687
-197.267697
641.597254
1438.058043
1594.769078
999.267145
510.697449
510.697449
444.325716
1.847500
-554.937588
-857.297703
-682.150075
-213.860630
182.526105
416.670828
448.013035
173.307809
-169.612809
-315.261888
-466.441945
-759.583763
-1050.881922
-1141.221225
-844.392088
-293.137977
134.590965
322.644207
440.638398
599.193092
805.682926
951.332005
851.774407
591.818455
405.608872
241.523201
88.499484
71.906551
79.281188
-16.589092
-11.058114
361.361051
1039.827649
1629.798603
1786.509638
1734.887180
2011.436065
2035.403635
523.603063
-1913.714443
-3182.151996
-3167.402722
-3390.485489
-3766.591973
-3132.373197
-1618.728966
-27.651048
1414.090473
2754.430736
3775.817951
3925.154349
3113.944286
2326.701793
1930.315058
809.370244
-1192.843683
-2553.464197
-2787.608920
-2789.452579
-2734.142802
-2206.856261
-1371.678629
-595.498091
70.062892
766.966082
1502.586116
1764.385727
1185.476728
440.638398
235.992223
250.741497
-16.589092
-460.910967
-765.114741
-766.958400
-481.191219
-75.586188
333.706162
488.573538
169.620490
-258.108452
-368.728006
-422.194123
-713.492282
-977.135553
-953.167983
-720.866919
-333.698480
175.151468
545.726974
599.193092
505.166471
530.977700
719.030942
787.246334
551.257952
272.865407
153.027557
60.844596
-11.058114
55.313618
90.343143
25.815070
248.897837
907.084184
1624.267626
1991.155813
1950.595310
1908.191148
2028.028998
1227.880890
-1085.911448
-3165.559063
-3657.816078
-3659.659737
-3871.680549
-3394.172808
-2046.457908
-433.256079
1262.910416
2774.710987
3772.130632
4181.422982
3663.354738
2474.194532
1668.515447
925.520776
-755.896445
-2488.936124
-3073.376101
-3008.848028
-2815.263808
-2230.823831
-1412.239132
-606.560047
171.464150
783.559015
1307.158237
1723.825224
1482.305865
628.691640
79.281188
47.938981
-11.058114
-263.639429
-571.530521
-737.459852
-593.654432
-291.294318
49.782640
418.514487
407.452532
-123.521328
-518.064404
-505.158789
-578.905158
-798.300607
-853.610384
-733.772534
-429.568760
59.000936
453.544012
636.066276
650.815550
495.948175
401.921554
577.069181
641.597254
372.423006
129.059987
18.440433
-62.680573
25.815070
186.213424
154.871217
156.714876
516.228426
1209.444298
1956.126288
2243.737128
1981.937517
1911.878466
1854.725030
352.142755
-2271.384335
-3786.872224
-3777.653928
-3773.966610
-3871.680549
-2925.883362
-1032.445330
805.682926
2193.958329
3368.369260
4301.260832
4306.791810
3091.820375
1745.949135
1074.857174
23.971411
-1939.525673
-3320.426438
-3281.709594
-2830.013082
-2522.121990
-1862.091985
-790.925970
154.871217
719.030942
1161.509158
1651.922514
1775.447683
1130.166951
254.428815
-95.866439
-103.241076
-293.137977
-626.840298
-761.427422
-595.498091
-352.135073
-173.300127
47.938981
298.676637
226.773927
-215.704289
-573.374181
-658.182505
-654.495187
-654.495187
-648.964209
-494.096834
-94.022780
311.582251
492.260856
560.476248
549.414293
372.423006
235.992223
309.738592
425.889124
409.296191
208.337334
-38.713003
1.847500
263.647111
283.927363
132.747306
300.520296
842.556111
1467.556591
1981.937517
2186.583692
2110.993663
2064.902182
1478.618546
-619.465661
-3161.871744
-4122.418205
-3862.462253
-3884.586164
-3691.001944
-2260.322379
-241.515519
1504.429775
2986.731799
4137.175161
4561.216784
3963.871193
2546.097242
1281.347008
494.104516
-894.170887
-2887.166519
-3779.497587
-3287.240572
-2689.894981
-2147.859166
-1150.439521
-105.084735
554.945270
1049.045945
1543.146619
1847.350393
1578.176145
665.564824
-160.394512
-307.887251
-226.766245
-435.099738
-689.524712
-722.710579
-634.214935
-422.194123
-62.680573
254.428815
259.959793
-33.182025
-318.949206
-385.320939
-431.412420
-604.716388
-707.961305
-573.374181
-294.981636
-44.243981
180.682446
387.172280
436.951079
311.582251
237.835882
366.892028
494.104516
405.608872
274.709067
248.897837
221.242949
123.529010
92.186803
156.714876
210.180994
383.484962
868.367340
1565.270530
2099.931708
2181.052714
2103.619026
2217.925899
1476.774887
-1122.784632
-3827.432728
-4410.029045
-3877.211527
-3897.491778
-3584.069709
-1957.962265
186.213424
2087.026093
3617.263257
4588.871673
4734.520752
3755.537699
2055.683886
860.992703
125.372669
-1508.109412
-3567.476776
-4162.978708
-3366.517919
-2507.372716
-1740.410475
-731.928875
250.741497
943.957368
1441.745361
1858.412348
1998.530450
1439.901702
328.175185
-438.787057
-492.253174
-405.601190
-602.872728
-814.893540
-787.238652
-588.123454
-250.733815
193.588060
400.077895
110.623395
-309.730910
-337.385799
-153.019875
-309.730910
-731.928875
-860.985021
-473.816582
-3.683478
129.059987
119.841691
226.773927
293.145659
267.334430
359.517391
494.104516
464.605968
306.051274
258.116134
368.735688
346.611777
51.626299
-153.019875
-16.589092
191.744401
370.579347
798.308289
1497.055138
2110.993663
2308.265201
2256.642743
2352.513023
1686.952040
-982.666530
-3993.362059
-4629.424494
-3818.214431
-3816.370772
-3724.187810
-2088.862070
230.461245
2228.987854
3759.225018
4607.308265
4712.396842
3862.469935
2029.872657
567.850885
-22.120070
-1452.799635
-3709.438537
-4398.967090
-3338.863031
-2356.192659
-1644.540195
-608.403706
400.077895
1087.762789
1580.019804
1886.067237
1994.843131
1543.146619
335.549821
-636.058595
-637.902254
-436.943397
-676.619098
-936.575050
-894.170887
-645.276891
-224.922586
289.458341
486.729879
165.933172
-204.642334
-145.645238
-18.432751
-344.760436
-785.394992
-794.613289
-477.503900
-182.518423
-68.211551
-9.214455
175.151468
318.956888
258.116134
337.393481
601.036751
591.818455
396.390576
427.732783
481.198901
221.242949
-112.459372
-193.580379
-55.305936
106.936076
276.552726
676.626780
1449.119998
2175.521736
2310.108860
2149.710507
2334.076430
1974.562880
-453.536330
-3700.220240
-4861.725557
-4076.326724
-3641.223145
-3565.633116
-2326.694112
-51.618618
2158.928803
3714.977196
4485.626756
4623.901198
3899.343120
2085.182434
405.608872
-228.609904
-1286.870304
-3421.827696
-4515.117622
-3567.476776
-2197.637965
-1382.740584
-602.872728
361.361051
1192.851365
1655.609833
1816.008186
1893.441874
1556.052234
381.641302
-770.645719
-879.421613
-497.784152
-612.091025
-964.229938
-908.920161
-599.185410
-302.356273
127.216328
540.195996
435.107420
-75.586188
-243.359178
68.219233
92.186803
-586.279795
-1261.059075
-1036.132648
-226.766245
71.906551
-171.456468
-108.772054
294.989318
497.791834
542.039656
671.095802
724.561920
558.632589
328.175185
311.582251
418.514487
119.841691
-451.692671
-479.347560
62.688255
448.013035
625.004321
1074.857174
1834.444778
2428.103051
2441.008666
2251.111765
2184.740033
879.429295
-2372.785592
-4896.755083
-4596.238628
-3534.290909
-3495.574066
-3019.909983
-1071.162174
1425.152428
3443.959289
4432.160638
4531.718237
4192.484938
2964.607888
923.677117
-337.385799
-877.577954
-2494.467102
-4437.683934
-4351.031950
-2699.113277
-1438.050361
-744.834489
44.251663
951.332005
1672.202766
1983.781176
1963.500925
1690.639358
844.399770
-438.787057
-1102.504381
-844.392088
-637.902254
-868.359658
-969.760916
-722.710579
-383.477280
16.596774
464.605968
567.850885
149.340239
-228.609904
-66.367891
167.776831
-261.795770
-1036.132648
-1224.185890
-678.462757
-151.176216
-99.553758
-140.114261
105.092417
429.576442
567.850885
678.470439
857.305384
816.744881
448.013035
197.275379
247.054178
147.496580
-296.825296
-569.686862
-313.418229
167.776831
547.570633
925.520776
1528.397345
2258.486402
2512.911376
2216.082239
2162.616122
1823.382823
-527.282700
-3853.243957
-5000.000000
-4000.736696
-3425.515015
-3357.299623
-2105.455004
306.051274
2630.905567
4006.275355
4347.352313
4266.231307
3685.478649
1900.816511
-49.774958
-757.740104
-1537.607960
-3541.665546
-4690.265249
-3552.727502
-1863.935644
-973.448234
-298.668955
617.629684
1487.836842
1994.843131
2044.621931
1827.070141
1318.220193
204.650016
-982.666530
-1261.059075
-903.389183
-855.454043
-1014.008737
-809.362563
-377.946302
-62.680573
304.207614
730.092897
630.535299
-27.651048
-339.229458
-5.527137
95.874121
-584.436136
-1340.336422
-1248.153460
-464.598286
-3.683478
-149.332557
-79.273506
451.700353
719.030942
660.033847
803.839267
931.051754
593.662114
108.779736
-3.683478
114.310713
-81.117165
-582.592477
-669.244461
-47.931299
566.007226
785.402674
1089.606448
1775.447683
2354.356682
2350.669364
2134.961233
2188.427351
1498.898798
-1251.840779
-4347.344631
-4858.038239
-3574.851413
-3145.278811
-3169.246381
-1797.563912
726.405579
2946.171296
4083.709043
4242.263737
4024.711947
3252.218729
1408.559495
-283.919681
-848.079406
-1856.561007
-3895.648119
-4640.486449
-3123.154900
-1325.587148
-521.751722
-23.963729
798.308289
1698.013995
2114.680982
1946.907991
1600.300056
962.393961
-291.294318
-1355.085696
-1301.619578
-765.114741
-731.928875
-943.949687
-763.271082
-237.828200
252.585156
584.443818
685.845076
346.611777
-243.359178
-398.226553
-66.367891
-62.680573
-713.492282
-1307.150556
-1124.628291
-361.353369
147.496580
82.968506
55.313618
431.420102
752.216808
794.620971
818.588541
722.718260
309.738592
-112.459372
-176.987445
-42.400321
-138.270602
-473.816582
-477.503900
141.965602
801.995607
1017.703738
1163.352817
1653.766173
2225.300536
2310.108860
1915.565784
1703.544973
1224.193572
-1034.288989
-4072.639406
-4780.604551
-3401.547445
-2852.136993
-3003.317050
-1707.224609
831.494155
2992.262777
3973.089489
3901.186779
3641.230827
3217.189203
1548.677597
-505.158789
-1200.218320
-1793.876593
-3643.066804
-4513.273962
-2922.196044
-1032.445330
-355.822391
25.815070
859.149044
1804.946230
2175.521736
1727.512543
1148.603543
711.656305
-247.046496
-1349.554718
-1406.708154
-765.114741
-623.152980
-877.577954
-676.619098
-5.527137
377.953984
276.552726
282.083704
411.139850
25.815070
-525.439041
-330.011162
151.183898
-171.456468
-1069.318514
-1369.834969
-610.247365
252.585156
204.650016
-171.456468
154.871217
772.497060
886.803932
750.373149
684.001417
438.794739
-3.683478
-254.421133
-108.772054
79.281188
-191.736719
-575.217840
-208.329652
674.783120
1102.512063
1056.420582
1196.538683
1727.512543
2164.459781
2072.276819
1891.598214
1769.916705
171.464150
-3082.594397
-4859.881898
-3761.060995
-2610.617634
-2927.727022
-2619.835930
-418.506805
2343.294727
3919.623371
3888.281164
3434.740993
3298.310209
2251.111765
138.278283
-1023.227034
-1331.118126
-2800.514535
-4448.745889
-3737.093425
-1474.923546
-171.456468
-82.960825
188.057083
1233.411868
2188.427351
2066.745842
1301.627260
776.184378
130.903647
-962.386279
-1539.451619
-1054.569241
-499.627811
-691.368372
-978.979212
-494.096834
389.015939
778.028037
652.659210
376.110325
-71.898869
-459.067308
-313.418229
42.408003
-180.674764
-936.575050
-1356.929355
-870.203317
9.222137
293.145659
-12.901774
-40.556662
416.670828
811.213904
947.644687
846.243429
444.325716
-20.276411
-169.612809
0.003841
121.685350
-130.895965
-529.126359
-429.568760
254.428815
866.523681
1063.795219
1120.948655
1386.435584
1910.034807
2184.740033
1959.813606
1755.167431
1132.010610
-1106.191699
-3816.370772
-4435.840275
-3346.237668
-2774.703305
-2660.396433
-1594.761396
599.193092
2905.610793
3995.213400
3687.322308
3274.342639
2911.141770
1428.839747
-462.754627
-1264.746393
-1935.838354
-3455.013562
-4109.512590
-2787.608920
-1014.008737
-108.772054
221.242949
742.998512
1629.798603
2149.710507
1710.919610
943.957368
459.074990
-269.170407
-1285.026645
-1522.858686
-875.734295
-538.344655
-789.082311
-591.810773
261.803452
687.688735
344.768118
173.307809
390.859598
129.059987
-521.751722
-577.061499
-55.305936
16.596774
-750.365467
-1414.082791
-960.542620
82.968506
307.894933
-119.834009
79.281188
770.653401
975.299575
763.278764
684.001417
542.039656
44.251663
-400.070213
-309.730910
47.938981
-3.683478
-457.223649
-405.601190
448.013035
1183.633069
1185.476728
1006.641782
1312.689215
1834.444778
1900.816511
1659.297151
1779.135001
1425.152428
-958.698960
-4039.453539
-4655.235723
-3053.095850
-2273.227994
-2673.302047
-1930.307376
658.190187
3255.906047
4122.425887
3573.015435
3099.195012
2758.118054
1296.096282
-647.120550
-1410.395473
-1865.779303
-3436.576970
-4422.934660
-2914.821407
-501.471471
473.824264
339.237140
667.408483
1688.795699
2284.297631
1749.636453
792.777311
156.714876
-606.560047
-1618.728966
-1716.442905
-755.896445
-274.701385
-674.775438
-604.716388
344.768118
956.862983
693.219713
335.549821
195.431720
-215.704289
-781.707674
-768.802059
-234.140882
-156.707194
-897.858206
-1412.239132
-704.273986
424.045465
534.665019
-27.651048
60.844596
707.968987
953.175665
766.966082
608.411388
352.142755
-160.394512
-484.878537
-278.388703
68.219233
-12.901774
-400.070213
-337.385799
427.732783
1168.883795
1255.535779
1019.547397
1087.762789
1500.742457
1790.196957
1714.606928
1646.391536
1375.373629
-350.291413
-3185.839314
-4452.433208
-3305.677165
-2225.292854
-2420.720732
-2066.738160
57.157277
2765.492691
4155.611753
3709.446219
2782.085624
2453.914281
1692.483017
-125.364987
-1489.672820
-2002.210087
-3043.877553
-4057.890132
-3115.780263
-835.173792
554.945270
652.659210
658.190187
1296.096282
2074.120479
1928.471399
825.963178
-151.176216
-691.368372
-1283.182985
-1563.419189
-955.011642
-239.671859
-285.763340
-451.692671
129.059987
905.240525
940.270050
405.608872
-38.713003
-361.353369
-737.459852
-872.046976
-519.908063
-173.300127
-464.598286
-1054.569241
-879.421613
147.496580
772.497060
379.797643
-57.149595
230.461245
759.591445
912.615161
647.128232
186.213424
-228.609904
-400.070213
-285.763340
-33.182025
68.219233
-165.925490
-352.135073
116.154373
969.768598
1329.282148
1054.576922
831.494155
1119.104996
1618.736648
1729.356202
1498.898798
1497.055138
1012.172760
-1233.404186
-3844.025661
-4140.854797
-2719.393528
-2133.109892
-2326.694112
-1355.085696
1167.040136
3554.578843
4091.083680
3066.009146
2337.763749
2114.680982
877.585636
-986.353849
-1845.499052
-2238.198468
-3274.334958
-3644.910463
-2029.864975
143.809261
962.393961
645.284573
637.909936
1452.807317
2007.748746
1327.438489
79.281188
-658.182505
-988.197508
-1308.994215
-1209.436616
-521.751722
-55.305936
-221.235267
-149.332557
625.004321
1082.231811
510.697449
-239.671859
-381.633620
-414.819487
-790.925970
-973.448234
-518.064404
-35.025684
-261.795770
-794.613289
-538.344655
438.794739
798.308289
175.151468
-217.547949
230.461245
757.747786
720.874601
344.768118
42.408003
-153.019875
-341.073117
-324.480184
47.938981
324.487866
38.720685
-232.297222
283.927363
1154.134521
1415.934132
975.299575
617.629684
919.989798
1463.869272
1487.836842
1309.001897
1480.462205
833.337814
-1672.195084
-4024.704266
-3792.403202
-2175.514054
-1699.849972
-2064.894500
-1148.595861
1502.586116
3832.971387
3877.219209
2472.350873
1773.604023
1659.297151
569.694544
-1065.631196
-1862.091985
-2302.726542
-3160.028085
-3255.898365
-1528.389664
597.349433
1179.945750
558.632589
460.918649
1309.001897
1863.943326
1176.258432
-173.300127
-993.728486
-1074.849492
-1026.914352
-873.890636
-326.323843
49.782640
-156.707194
-77.429847
671.095802
990.048849
307.894933
-471.972923
-636.058595
-510.689767
-505.158789
-534.657337
-359.509710
-130.895965
-241.515519
-527.282700
-344.760436
197.275379
265.490771
-143.801579
-186.205742
335.549821
813.057563
813.057563
471.980605
110.623395
-112.459372
-191.736719
-110.615713
66.375573
59.000936
-191.736719
-193.580379
379.797643
1073.013515
1216.818935
833.337814
591.818455
956.862983
1524.710027
1541.302960
1213.131617
1261.066757
881.272955
-1126.471951
-3392.329148
-3632.004849
-2404.127799
-1816.000504
-1928.463717
-1143.064884
1146.759884
3401.555127
3657.823760
2385.698889
1699.857654
1690.639358
735.623875
-969.760916
-1915.558103
-2195.794306
-2721.237188
-2885.322859
-1613.197988
335.549821
1143.072566
628.691640
387.172280
1133.854269
1703.544973
1030.609352
-328.167503
-1089.598766
-978.979212
-798.300607
-822.268177
-490.409515
62.688255
129.059987
101.405099
648.971891
967.924938
252.585156
-634.214935
-719.023260
-389.008257
-416.663146
-779.864015
-789.082311
-176.987445
259.959793
-99.553758
-484.878537
-145.645238
280.240044
84.812166
-215.704289
97.717780
717.187283
837.025133
429.576442
156.714876
182.526105
47.938981
-307.887251
-317.105547
40.564344
125.372669
-117.990350
14.753115
689.532394
1141.228906
936.582732
575.225522
733.780216
1309.001897
1528.397345
1250.004801
1334.813126
1554.208575
153.027557
-2599.555678
-3910.397393
-2962.756547
-1895.277851
-1889.746873
-1733.035838
-81.117165
2520.286013
3873.531890
3008.855710
1780.978660
1591.081759
1178.102091
-283.919681
-1548.669915
-2024.333997
-2477.874169
-2855.824312
-2110.985981
-245.202837
1183.633069
1071.169856
370.579347
569.694544
1345.875081
1305.314578
149.340239
-1043.507285
-1266.590052
-833.330133
-623.152980
-499.627811
5.534819
331.862503
180.682446
403.765213
927.364435
597.349433
-438.787057
-978.979212
-748.521808
-418.506805
-516.220744
-807.518903
-577.061499
94.030462
256.272474
-97.710098
-60.836914
265.490771
110.623395
-294.981636
-164.081831
510.697449
901.553206
514.384767
-7.370796
57.157277
278.396385
12.909456
-383.477280
-333.698480
-44.243981
81.124847
140.121943
448.013035
879.429295
943.957368
695.063372
706.125327
1052.733263
1220.506253
1021.391056
910.771502
1325.594830
1495.211479
-51.618618
-2682.520344
-3812.683454
-2841.075038
-1744.097794
-1557.888211
-1294.244941
151.183898
2407.822800
3619.106916
2828.177105
1556.052234
1187.320387
798.308289
-444.318034
-1561.575530
-1922.932739
-2146.015507
-2354.349000
-1721.973883
-73.742528
1268.441394
1139.385247
320.800548
267.334430
846.243429
838.868792
-105.084735
-1091.442425
-1194.687342
-648.964209
-318.949206
-165.925490
300.520296
597.349433
330.018844
272.865407
532.821359
180.682446
-678.462757
-1078.536811
-846.235747
-470.129264
-381.633620
-512.533426
-267.326748
320.800548
379.797643
-27.651048
14.753115
311.582251
18.440433
-545.719292
-433.256079
341.080799
798.308289
405.608872
-75.586188
112.467054
433.263761
156.714876
-307.887251
-298.668955
66.375573
302.363955
322.644207
505.166471
848.087088
805.682926
425.889124
435.107420
849.930748
1026.922034
855.461725
794.620971
1273.972371
1769.916705
722.718260
-1900.808829
-3633.848508
-3134.216856
-1921.089080
-1408.551813
-1226.029549
-361.353369
1598.456396
3325.965098
3117.631605
1727.512543
991.892509
672.939461
-182.518423
-1139.377565
-1688.788017
-2029.864975
-2125.735255
-1596.605055
-346.604095
947.644687
1202.069661
453.544012
-27.651048
261.803452
521.759404
129.059987
-698.743008
-1163.345135
-737.459852
-29.494707
239.679541
357.673732
536.508678
376.110325
151.183898
235.992223
-14.745433
-774.333037
-1178.094409
-953.167983
-534.657337
-195.424038
-99.553758
-40.556662
359.517391
604.724070
191.744401
-175.143786
-66.367891
-156.707194
-571.530521
-597.341751
-53.462277
543.883315
656.346528
359.517391
259.959793
471.980605
385.328621
-84.804484
-322.636525
-143.801579
82.968506
180.682446
313.425911
575.225522
741.154853
641.597254
508.853789
613.942366
848.087088
990.048849
975.299575
1060.107900
1504.429775
1404.872177
-446.161694
-2865.042608
-3576.695072
-2562.682493
-1441.737680
-1014.008737
-851.766725
252.585156
2431.790370
3497.425407
2352.513023
910.771502
466.449627
153.027557
-532.813677
-1224.185890
-1723.817542
-1825.218800
-1513.640390
-868.359658
258.116134
1148.603543
730.092897
-276.545044
-455.379990
53.469959
352.142755
-22.120070
-774.333037
-842.548429
42.408003
658.190187
567.850885
484.886219
341.080799
-101.397417
-254.421133
-210.173312
-601.029069
-1074.849492
-1093.286084
-742.990830
-101.397417
466.449627
418.514487
180.682446
318.956888
300.520296
-119.834009
-348.447754
-420.350464
-656.338846
-687.681053
-250.733815
366.892028
822.275859
805.682926
429.576442
315.269570
453.544012
235.992223
-269.170407
-451.692671
-223.078926
132.747306
444.325716
588.131136
606.567729
612.098706
562.319907
523.603063
599.193092
645.284573
632.378958
759.591445
1157.821840
1731.199861
1570.801508
-342.916776
-2850.293334
-3574.851413
-2439.157325
-1332.961785
-1102.504381
-1049.038263
129.059987
2428.103051
3508.487362
2243.737128
695.063372
344.768118
234.148564
-344.760436
-1039.819967
-1554.200893
-1738.566816
-1618.728966
-1028.758011
245.210519
1135.697929
540.195996
-492.253174
-542.031974
169.620490
680.314098
296.832978
-634.214935
-707.961305
223.086608
669.252143
401.921554
230.461245
-99.553758
-565.999544
-418.506805
-75.586188
-341.073117
-818.580859
-896.014546
-425.881442
438.794739
811.213904
210.180994
-300.512614
-82.960825
60.844596
-271.014066
-556.781248
-586.279795
-473.816582
-208.329652
186.213424
678.470439
1047.202286
844.399770
234.148564
-27.651048
99.561440
-47.931299
-507.002448
-608.403706
-151.176216
449.856694
781.715356
744.842171
630.535299
665.564824
577.069181
306.051274
228.617586
311.582251
377.953984
617.629684
1073.013515
1729.356202
2138.648552
945.801028
-1771.752682
-3532.447250
-3093.656353
-1910.027125
-1331.118126
-1290.557622
-698.743008
1393.810221
3442.115630
3117.631605
1362.468014
409.296191
180.682446
-197.267697
-757.740104
-1380.896925
-1738.566816
-1646.383854
-1244.466142
-202.798675
1108.043040
1132.010610
-99.553758
-809.362563
-353.978732
425.889124
516.228426
-361.353369
-988.197508
-280.232363
667.408483
691.376053
366.892028
68.219233
-372.415324
-470.129264
-156.707194
-158.550853
-525.439041
-814.893540
-707.961305
-3.683478
722.718260
481.198901
-298.668955
-420.350464
-38.713003
-29.494707
-366.884346
-527.282700
-335.542140
12.909456
208.337334
285.771022
584.443818
849.930748
494.104516
-121.677668
-247.046496
-84.804484
-127.208646
-230.453563
-116.146691
259.959793
672.939461
726.405579
532.821359
525.446722
449.856694
79.281188
-20.276411
296.832978
543.883315
746.685830
1049.045945
1358.780696
1910.034807
2044.621931
269.178089
-2533.183946
-3803.465158
-3123.154900
-1954.274946
-1240.778823
-955.011642
-11.058114
2190.271010
3652.292782
2756.274395
1060.107900
186.213424
-235.984541
-648.964209
-1061.943877
-1430.675724
-1417.770110
-1198.374661
-859.141362
173.307809
1202.069661
776.184378
-420.350464
-835.173792
-418.506805
191.744401
276.552726
-385.320939
-586.279795
256.272474
851.774407
674.783120
394.546917
-22.120070
-553.093929
-613.934684
-401.913872
-424.037783
-577.061499
-722.710579
-525.439041
326.331525
951.332005
435.107420
-455.379990
-547.562951
-40.556662
123.529010
-346.604095
-779.864015
-444.318034
317.113229
536.508678
200.962697
121.685350
424.045465
497.791834
173.307809
-134.583283
-191.736719
-81.117165
44.251663
138.278283
331.862503
582.600159
566.007226
317.113229
245.210519
300.520296
176.995127
25.815070
108.779736
389.015939
800.151948
1214.975276
1342.187763
1408.559495
1747.792794
1336.656785
-844.392088
-3362.830601
-4032.078902
-2776.546965
-1150.439521
-411.132168
-272.857726
849.930748
2925.891044
3528.767614
1952.438969
149.340239
-695.055690
-848.079406
-831.486473
-1049.038263
-1161.501476
-816.737199
-589.967114
-283.919681
680.314098
1071.169856
60.844596
-1006.634100
-1273.964689
-768.802059
282.083704
580.756499
-94.022780
25.815070
892.334910
966.081279
529.134041
47.938981
-794.613289
-1272.121030
-934.731390
-501.471471
-186.205742
-46.087640
-252.577474
55.313618
1050.889604
1222.349913
108.779736
-1032.445330
-1266.590052
-696.899349
-188.049401
-433.256079
-702.430327
-9.214455
978.986894
1080.388152
538.352337
250.741497
252.585156
153.027557
-57.149595
-265.483089
-370.571665
-221.235267
-9.214455
127.216328
477.511582
809.370244
610.255047
258.116134
200.962697
191.744401
141.965602
117.998032
81.124847
322.644207
835.181474
1135.697929
1248.161142
1463.869272
1683.264721
1238.942846
-661.869824
-3180.308337
-4048.671836
-2752.579394
-1052.725581
-215.704289
49.782640
888.647591
2575.595790
3272.498980
1808.633549
-182.518423
-1037.976307
-1004.790441
-781.707674
-741.147171
-706.117645
-414.819487
-309.730910
-241.515519
442.482057
824.119518
-3.683478
-1060.100218
-1454.643294
-984.510190
258.116134
857.305384
247.054178
114.310713
726.405579
713.499964
289.458341
-68.211551
-759.583763
-1163.345135
-811.206222
-427.725101
-38.713003
390.859598
224.930267
9.222137
394.546917
503.322812
-176.987445
-914.451139
-1146.752202
-757.740104
-88.491802
127.216328
16.596774
365.048369
929.208095
897.865888
330.018844
-204.642334
-436.943397
-326.323843
-110.615713
-184.362082
-263.639429
156.714876
610.255047
612.098706
580.756499
558.632589
234.148564
-22.120070
-94.022780
-217.547949
-14.745433
366.892028
298.676637
350.299095
905.240525
1220.506253
1253.692120
1235.255527
1032.453012
1082.231811
672.939461
-1511.796730
-3689.158285
-3488.199429
-1823.375141
-315.261888
481.198901
486.729879
1006.641782
2352.513023
2287.984950
562.319907
-654.495187
-903.389183
-761.427422
-318.949206
-94.022780
-49.774958
88.499484
-318.949206
-720.866919
-160.394512
129.059987
-606.560047
-1192.843683
-1111.722677
-243.359178
1135.697929
1428.839747
527.290382
119.841691
116.154373
-263.639429
-490.409515
-636.058595
-960.542620
-761.427422
-151.176216
271.021748
752.216808
943.957368
352.142755
-149.332557
-119.834009
-282.076022
-776.176696
-1191.000024
-1218.654912
-543.875633
385.328621
661.877506
460.918649
503.322812
726.405579
589.974796
-14.745433
-672.931779
-818.580859
-342.916776
151.183898
219.399290
208.337334
440.638398
613.942366
556.788929
403.765213
117.998032
-230.453563
-341.073117
-302.356273
-125.364987
398.234235
781.715356
623.160662
634.222617
1047.202286
1220.506253
1030.609352
625.004321
311.582251
696.907031
713.499964
-1159.657817
-3303.833505
-3344.394008
-1723.817542
51.626299
945.801028
676.626780
853.618066
2026.185338
1992.999472
433.263761
-704.273986
-1073.005833
-1045.350944
-495.940493
-42.400321
223.086608
510.697449
-11.058114
-768.802059
-298.668955
271.021748
-328.167503
-1084.067788
-1297.932259
-739.303512
663.721165
1290.565304
494.104516
22.127752
141.965602
-116.146691
-204.642334
-70.055210
-363.197028
-403.757531
-29.494707
11.065796
136.434624
427.732783
23.971411
-512.533426
-418.506805
-317.105547
-405.601190
-411.132168
-527.282700
-370.571665
396.390576
829.650496
425.889124
3.691159
-66.367891
-11.058114
23.971411
-254.421133
-595.498091
-235.984541
532.821359
776.184378
534.665019
282.083704
57.157277
-27.651048
3.691159
-134.583283
-263.639429
-105.084735
97.717780
328.175185
748.529490
956.862983
676.626780
317.113229
180.682446
234.148564
442.482057
571.538203
490.417197
693.219713
1305.314578
1084.075470
-702.430327
-2662.240092
-3058.626827
-1792.032934
-81.117165
621.317003
245.210519
464.605968
1556.052234
1657.453492
418.514487
-650.807868
-938.418709
-624.996639
-114.303032
11.065796
138.278283
490.417197
59.000936
-792.769629
-689.524712
-176.987445
-247.046496
-601.029069
-923.669435
-643.433231
580.756499
1255.535779
549.414293
-88.491802
-180.674764
-448.005353
-508.846107
-208.329652
-97.710098
117.998032
455.387672
280.240044
31.346048
165.933172
9.222137
-473.816582
-674.775438
-731.928875
-674.775438
-280.232363
-23.963729
27.658729
444.325716
807.526585
444.325716
-58.993255
-176.987445
-178.831105
-123.521328
-178.831105
-521.751722
-431.412420
346.611777
816.744881
643.440913
350.299095
79.281188
-36.869344
77.437529
27.658729
-176.987445
-108.772054
62.688255
158.558535
427.732783
722.718260
715.343624
490.417197
245.210519
129.059987
296.832978
630.535299
831.494155
853.618066
991.892509
1010.329101
-16.589092
-1869.466622
-2935.101659
-2398.596822
-903.389183
411.139850
647.128232
451.700353
1076.700833
1580.019804
698.750690
-481.191219
-833.330133
-595.498091
-105.084735
92.186803
-44.243981
359.517391
691.376053
-188.049401
-1032.445330
-776.176696
-436.943397
-403.757531
-455.379990
-667.400802
-219.391608
892.334910
997.423486
188.057083
-127.208646
-241.515519
-508.846107
-341.073117
-112.459372
-75.586188
330.018844
534.665019
7.378478
-293.137977
-153.019875
-226.766245
-294.981636
-223.078926
-374.258983
-392.695576
-138.270602
-119.834009
-71.898869
294.989318
304.207614
-145.645238
-322.636525
-147.488898
154.871217
448.013035
252.585156
-276.545044
-239.671859
248.897837
425.889124
346.611777
178.838787
-116.146691
-151.176216
75.593870
121.685350
105.092417
182.526105
116.154373
82.968506
311.582251
567.850885
672.939461
586.287477
298.676637
84.812166
189.900742
488.573538
746.685830
840.712451
890.491251
748.529490
-234.140882
-1782.814638
-2487.092465
-1775.440001
-379.789961
730.092897
820.432200
473.824264
757.747786
851.774407
-193.580379
-1211.280275
-1154.126839
-409.288509
433.263761
735.623875
553.101611
820.432200
1002.954464
-23.963729
-1226.029549
-1426.988406
-1100.660721
-612.091025
-272.857726
-418.506805
-134.583283
813.057563
993.736168
333.706162
-84.804484
-339.229458
-497.784152
-213.860630
-31.338366
-42.400321
294.989318
451.700353
-20.276411
-477.503900
-660.026165
-630.527617
-151.176216
342.924458
296.832978
101.405099
-1.839818
-199.111356
-287.606999
-250.733815
-331.854821
-318.949206
-151.176216
-86.648143
64.531914
436.951079
556.788929
342.924458
141.965602
40.564344
71.906551
202.806357
108.779736
-129.052305
-99.553758
38.720685
35.033366
79.281188
184.369764
259.959793
400.077895
444.325716
293.145659
293.145659
398.234235
265.490771
151.183898
256.272474
363.204710
601.036751
860.992703
838.868792
897.865888
715.343624
-626.840298
-2240.042128
-2581.119086
-1688.788017
-195.424038
1026.922034
1001.110805
580.756499
807.526585
490.417197
-728.241556
-1183.625387
-573.374181
267.334430
918.146139
706.125327
-25.807388
59.000936
339.237140
-427.725101
-1272.121030
-1244.466142
-790.925970
-27.651048
613.942366
433.263761
204.650016
440.638398
180.682446
-553.093929
-862.828680
-833.330133
-495.940493
300.520296
720.874601
507.010130
473.824264
462.762309
-62.680573
-545.719292
-652.651528
-588.123454
-212.016971
167.776831
68.219233
-86.648143
-66.367891
-265.483089
-470.129264
-304.199933
12.909456
291.302000
368.735688
101.405099
-68.211551
106.936076
153.027557
-62.680573
-189.893060
-112.459372
116.154373
346.611777
306.051274
180.682446
278.396385
313.425911
57.157277
-156.707194
-130.895965
86.655825
379.797643
420.358146
221.242949
217.555630
355.830073
311.582251
224.930267
230.461245
278.396385
543.883315
783.559015
676.626780
665.564824
547.570633
-448.005353
-1607.667011
-1816.000504
-1198.374661
-53.462277
984.517872
813.057563
178.838787
230.461245
-99.553758
-1163.345135
-1391.958880
-519.908063
595.505773
1484.149524
1299.783600
206.493675
-171.456468
33.189707
-468.285604
-1091.442425
-1054.569241
-731.928875
-125.364987
495.948175
383.484962
68.219233
215.711971
101.405099
-412.975827
-628.683958
-582.592477
-302.356273
302.363955
549.414293
271.021748
132.747306
53.469959
-261.795770
-499.627811
-534.657337
-333.698480
276.552726
717.187283
435.107420
-73.742528
-387.164598
-608.403706
-619.465661
-453.536330
-294.981636
79.281188
508.853789
490.417197
189.900742
-1.839818
-53.462277
7.378478
20.284093
-116.146691
-55.305936
247.054178
365.048369
272.865407
178.838787
73.750210
11.065796
11.065796
-44.243981
-1.839818
298.676637
547.570633
468.293286
230.461245
62.688255
38.720685
167.776831
271.021748
241.523201
346.611777
676.626780
818.588541
755.904127
667.408483
40.564344
-1043.507285
-1615.041647
-1482.298183
-798.300607
424.045465
1141.228906
696.907031
230.461245
60.844596
-674.775438
-1380.896925
-1078.536811
-134.583283
1021.391056
1659.297151
908.927843
-269.170407
-534.657337
-453.536330
-669.244461
-719.023260
-492.253174
-86.648143
481.198901
551.257952
-68.211551
-425.881442
-291.294318
-265.483089
-374.258983
-438.787057
-429.568760
-58.993255
510.697449
597.349433
269.178089
27.658729
-162.238172
-346.604095
-411.132168
-374.258983
-110.615713
363.204710
525.446722
178.838787
-245.202837
-479.347560
-534.657337
-370.571665
-140.114261
29.502389
226.773927
313.425911
114.310713
-212.016971
-330.011162
-127.208646
173.307809
267.334430
154.871217
112.467054
248.897837
346.611777
210.180994
9.222137
-11.058114
55.313618
55.313618
27.658729
94.030462
300.520296
481.198901
409.296191
140.121943
-5.527137
40.564344
154.871217
272.865407
357.673732
483.042560
654.502869
667.408483
529.134041
420.358146
70.062892
-612.091025
-1132.002928
-1192.843683
-719.023260
195.431720
759.591445
427.732783
-42.400321
-169.612809
-470.129264
-905.232843
-800.144266
-29.494707
951.332005
1399.341199
792.777311
-280.232363
-807.518903
-778.020356
-663.713483
-453.536330
-88.491802
300.520296
582.600159
457.231331
-123.521328
-560.468566
-536.500996
-366.884346
-232.297222
-121.677668
-75.586188
42.408003
193.588060
88.499484
-156.707194
-199.111356
-99.553758
-57.149595
-88.491802
-97.710098
51.626299
315.269570
368.735688
103.248758
-269.170407
-599.185410
-715.335942
-449.849012
-53.462277
197.275379
353.986414
407.452532
232.304904
-57.149595
-247.046496
-267.326748
-101.397417
145.652920
200.962697
114.310713
103.248758
130.903647
108.779736
132.747306
221.242949
250.741497
210.180994
134.590965
57.157277
68.219233
165.933172
204.650016
147.496580
110.623395
160.402194
247.054178
309.738592
318.956888
300.520296
346.611777
409.296191
330.018844
243.366860
261.803452
84.812166
-365.040687
-730.085215
-759.583763
-294.981636
424.045465
589.974796
68.219233
-361.353369
-508.846107
-737.459852
-857.297703
-527.282700
164.089513
956.862983
1270.285053
711.656305
-129.052305
-562.312225
-667.400802
-628.683958
-405.601190
-129.052305
132.747306
318.956888
147.496580
-287.606999
-475.660241
-350.291413
-156.707194
68.219233
204.650016
108.779736
-14.745433
-81.117165
-248.890156
-355.822391
-210.173312
1.847500
125.372669
108.779736
-29.494707
-84.804484
44.251663
127.216328
5.534819
-197.267697
-320.792866
-300.512614
-167.769149
-47.931299
40.564344
123.529010
130.903647
16.596774
-121.677668
-180.674764
-97.710098
75.593870
175.151468
164.089513
141.965602
134.590965
95.874121
38.720685
14.753115
44.251663
134.590965
175.151468
101.405099
55.313618
162.245853
315.269570
377.953984
341.080799
235.992223
129.059987
75.593870
64.531914
129.059987
259.959793
365.048369
444.325716
471.980605
411.139850
353.986414
175.151468
-293.137977
-735.616193
-792.769629
-459.067308
154.871217
621.317003
455.387672
-25.807388
-296.825296
-446.161694
-589.967114
-564.155884
-263.639429
256.272474
674.783120
547.570633
-29.494707
-521.751722
-652.651528
-457.223649
-112.459372
212.024653
446.169375
499.635493
247.054178
-235.984541
-672.931779
-809.362563
-584.436136
-182.518423
116.154373
210.180994
176.995127
82.968506
-82.960825
-272.857726
-307.887251
-114.303032
132.747306
219.399290
84.812166
-167.769149
-283.919681
-202.798675
-84.804484
-38.713003
-71.898869
-84.804484
-11.058114
49.782640
25.815070
11.065796
31.346048
-1.839818
-57.149595
-121.677668
-141.957920
-23.963729
112.467054
103.248758
53.469959
71.906551
84.812166
106.936076
167.776831
178.838787
149.340239
119.841691
53.469959
-23.963729
-5.527137
110.623395
245.210519
366.892028
409.296191
300.520296
129.059987
9.222137
-35.025684
47.938981
193.588060
293.145659
348.455436
372.423006
346.611777
344.768118
252.585156
-92.179121
-453.536330
-554.937588
-396.382894
-22.120070
296.832978
186.213424
-160.394512
-300.512614
-252.577474
-189.893060
-81.117165
92.186803
331.862503
459.074990
212.024653
-298.668955
-706.117645
-798.300607
-565.999544
-147.488898
235.992223
503.322812
604.724070
453.544012
81.124847
-298.668955
-471.972923
-396.382894
-208.329652
-125.364987
-189.893060
-241.515519
-208.329652
-147.488898
-132.739624
-97.710098
97.717780
342.924458
372.423006
119.841691
-217.547949
-396.382894
-346.604095
-189.893060
-60.836914
-3.683478
22.127752
35.033366
0.003841
-66.367891
-71.898869
9.222137
99.561440
116.154373
57.157277
-14.745433
-46.087640
-35.025684
-22.120070
-18.432751
-16.589092
7.378478
42.408003
64.531914
101.405099
143.809261
154.871217
138.278283
79.281188
36.877026
70.062892
140.121943
213.868312
245.210519
188.057083
75.593870
-12.901774
-71.898869
-71.898869
29.502389
169.620490
289.458341
368.735688
366.892028
298.676637
248.897837
180.682446
14.753115
-169.612809
-296.825296
-317.105547
-167.769149
59.000936
141.965602
59.000936
-55.305936
-103.241076
-57.149595
25.815070
46.095322
53.469959
108.779736
108.779736
-35.025684
-230.453563
-355.822391
-335.542140
-156.707194
16.596774
71.906551
88.499484
86.655825
18.440433
-82.960825
-147.488898
-117.990350
-20.276411
25.815070
-29.494707
-114.303032
-147.488898
-156.707194
-184.362082
-191.736719
-151.176216
-33.182025
68.219233
53.469959
-35.025684
-103.241076
-92.179121
-16.589092
22.127752
-33.182025
-123.521328
-149.332557
-129.052305
-123.521328
-141.957920
-143.801579
-73.742528
44.251663
138.278283
164.089513
125.372669
92.186803
66.375573
-14.745433
-114.303032
-153.019875
-123.521328
-70.055210
-7.370796
35.033366
51.626299
108.779736
171.464150
156.714876
156.714876
224.930267
226.773927
147.496580
62.688255
-38.713003
-86.648143
-18.432751
40.564344
53.469959
125.372669
215.711971
234.148564
245.210519
245.210519
202.806357
210.180994
210.180994
116.154373
-12.901774
-153.019875
-208.329652
-60.836914
108.779736
103.248758
1.847500
-70.055210
-71.898869
11.065796
97.717780
105.092417
114.310713
125.372669
42.408003
-101.397417
-193.580379
-199.111356
-149.332557
-88.491802
-47.931299
-46.087640
-31.338366
27.658729
33.189707
-31.338366
-92.179121
-97.710098
-47.931299
-20.276411
-55.305936
-103.241076
-134.583283
-129.052305
-114.303032
-145.645238
-140.114261
-27.651048
64.531914
35.033366
-58.993255
-138.270602
-173.300127
-112.459372
-73.742528
-151.176216
-200.955015
-125.364987
-14.745433
47.938981
27.658729
-22.120070
-38.713003
-22.120070
-44.243981
-94.022780
-108.772054
-66.367891
-9.214455
20.284093
16.596774
18.440433
36.877026
47.938981
59.000936
46.095322
36.877026
40.564344
18.440433
-23.963729
-18.432751
77.437529
164.089513
176.995127
134.590965
95.874121
121.685350
147.496580
112.467054
73.750210
68.219233
84.812166
99.561440
90.343143
71.906551
99.561440
153.027557
188.057083
189.900742
156.714876
64.531914
-22.120070
29.502389
154.871217
158.558535
33.189707
-86.648143
-99.553758
-35.025684
0.003841
-7.370796
0.003841
47.938981
71.906551
12.909456
-73.742528
-101.397417
-60.836914
-7.370796
5.534819
-31.338366
-60.836914
-66.367891
-84.804484
-121.677668
-140.114261
-95.866439
-16.589092
12.909456
-23.963729
-75.586188
-82.960825
-79.273506
-116.146691
-171.456468
-171.456468
-94.022780
0.003841
38.720685
-9.214455
-81.117165
-94.022780
-97.710098
-149.332557
-173.300127
-130.895965
-70.055210
-55.305936
-97.710098
-123.521328
-22.120070
119.841691
123.529010
22.127752
-73.742528
-108.772054
-92.179121
-105.084735
-153.019875
-112.459372
47.938981
162.245853
156.714876
97.717780
36.877026
16.596774
55.313618
70.062892
25.815070
18.440433
49.782640
55.313618
55.313618
97.717780
151.183898
189.900742
173.307809
97.717780
42.408003
49.782640
49.782640
20.284093
20.284093
75.593870
169.620490
254.428815
250.741497
189.900742
149.340239
132.747306
110.623395
40.564344
-62.680573
-84.804484
9.222137
81.124847
51.626299
-20.276411
-31.338366
23.971411
60.844596
55.313618
57.157277
68.219233
18.440433
-68.211551
-175.143786
-228.609904
-162.238172
-47.931299
9.222137
7.378478
-1.839818
0.003841
-5.527137
-60.836914
-136.426942
-141.957920
-101.397417
-64.524232
-66.367891
-110.615713
-140.114261
-105.084735
-82.960825
-108.772054
-106.928395
-60.836914
-5.527137
1.847500
-44.243981
-99.553758
-136.426942
-165.925490
-169.612809
-117.990350
-49.774958
0.003841
-7.370796
-79.273506
-134.583283
-82.960825
-3.683478
36.877026
31.346048
0.003841
-29.494707
-38.713003
-44.243981
-46.087640
-3.683478
57.157277
116.154373
129.059987
92.186803
44.251663
-1.839818
-29.494707
-40.556662
-29.494707
23.971411
95.874121
130.903647
132.747306
147.496580
173.307809
189.900742
184.369764
136.434624
47.938981
-36.869344
-55.305936
-35.025684
3.691159
75.593870
164.089513
234.148564
261.803452
232.304904
180.682446
