3.732551
5.225534
7.465008
6.718517
2.986059
-1.492890
-3.732364
-5.225347
-5.225347
-6.718330
-2.239381
-0.746398
-0.746398
4.479042
5.225534
5.225534
4.479042
1.493076
-0.746398
-3.732364
-4.478856
-4.478856
-5.971838
-4.478856
-1.492890
0.000093
0.746585
2.986059
5.225534
4.479042
5.225534
2.986059
0.000093
0.000093
-2.985873
-2.985873
-3.732364
-5.225347
-4.478856
-1.492890
0.746585
3.732551
5.972025
6.718517
6.718517
4.479042
1.493076
-1.492890
-2.239381
-5.971838
-3.732364
-2.985873
-3.732364
0.000093
4.479042
3.732551
7.465008
6.718517
3.732551
2.986059
-2.239381
-4.478856
-6.718330
-6.718330
-1.492890
-0.746398
0.000093
3.732551
5.972025
5.225534
3.732551
2.239568
0.746585
-2.239381
-5.971838
-5.971838
-3.732364
-3.732364
-2.239381
-1.492890
1.493076
3.732551
5.225534
5.972025
3.732551
1.493076
0.000093
-3.732364
-5.971838
-5.225347
-3.732364
-1.492890
0.746585
2.239568
2.986059
5.225534
3.732551
0.746585
-0.746398
-2.239381
-0.746398
-3.732364
-2.239381
-2.985873
-2.239381
1.493076
1.493076
2.986059
3.732551
1.493076
0.746585
0.000093
-0.746398
-2.239381
-2.985873
-2.985873
-2.239381
-2.239381
0.746585
1.493076
0.000093
1.493076
2.239568
1.493076
0.000093
-1.492890
-0.746398
-2.239381
-3.732364
-1.492890
0.000093
0.000093
2.239568
3.732551
3.732551
1.493076
1.493076
2.986059
1.493076
-1.492890
-2.239381
-2.239381
-2.239381
-3.732364
-2.239381
0.000093
0.000093
0.746585
3.732551
4.479042
2.986059
1.493076
2.239568
0.746585
-2.985873
-5.225347
-3.732364
-4.478856
-2.985873
0.000093
1.493076
5.225534
5.225534
2.239568
2.239568
2.986059
0.000093
-4.478856
-5.971838
-5.225347
-3.732364
-0.746398
1.493076
2.239568
2.239568
4.479042
4.479042
2.986059
0.746585
-1.492890
-3.732364
-3.732364
-2.985873
-3.732364
-5.225347
-1.492890
0.000093
2.239568
2.986059
2.986059
3.732551
0.000093
-1.492890
-2.239381
-3.732364
-4.478856
-5.971838
-2.239381
0.746585
2.239568
4.479042
4.479042
5.972025
4.479042
0.746585
-0.746398
-1.492890
-2.985873
-5.971838
-2.239381
-0.746398
-0.746398
3.732551
4.479042
6.718517
5.225534
0.746585
-1.492890
-3.732364
-5.225347
-5.971838
-4.478856
-0.746398
-0.746398
1.493076
2.986059
4.479042
5.972025
2.986059
1.493076
0.000093
-2.985873
-5.971838
-4.478856
-2.239381
-1.492890
-1.492890
0.000093
2.986059
5.225534
5.225534
1.493076
-2.239381
-1.492890
-2.239381
-2.985873
-2.985873
-3.732364
-1.492890
0.746585
2.239568
2.986059
5.225534
5.225534
3.732551
2.239568
-1.492890
-0.746398
-2.985873
-5.971838
-1.492890
-0.746398
-0.746398
2.986059
3.732551
4.479042
2.986059
2.986059
0.746585
-2.239381
-2.985873
-3.732364
-3.732364
-2.239381
-2.239381
-1.492890
2.986059
6.718517
4.479042
5.972025
2.239568
-1.492890
-1.492890
-2.985873
-0.746398
-2.239381
-2.239381
0.746585
0.746585
0.746585
2.239568
4.479042
2.986059
1.493076
2.986059
-0.746398
-4.478856
-3.732364
-5.225347
-3.732364
-3.732364
-2.239381
1.493076
2.986059
2.986059
4.479042
2.986059
1.493076
0.746585
-2.985873
-5.225347
-2.239381
-4.478856
-7.464821
-0.746398
0.000093
0.746585
5.225534
5.225534
5.972025
5.972025
0.000093
-2.985873
-2.239381
-7.464821
-8.211313
-4.478856
-2.985873
-0.746398
2.986059
6.718517
7.465008
8.211500
4.479042
1.493076
-0.746398
-5.971838
-8.957804
-9.704296
-5.971838
-2.239381
-0.746398
5.225534
6.718517
8.957991
8.211500
2.986059
2.239568
-2.239381
-4.478856
-8.957804
-9.704296
-5.225347
-2.985873
-0.746398
5.972025
9.704483
7.465008
6.718517
5.225534
0.746585
-4.478856
-8.957804
-7.464821
-8.211313
-6.718330
-2.985873
1.493076
6.718517
8.211500
11.197465
8.211500
3.732551
-0.746398
-5.971838
-9.704296
-6.718330
-5.225347
-4.478856
0.000093
3.732551
8.211500
8.211500
5.972025
8.211500
5.225534
-1.492890
-2.985873
-4.478856
-5.971838
-7.464821
-5.225347
-2.985873
0.000093
7.465008
8.957991
7.465008
8.211500
4.479042
2.986059
-2.239381
-6.718330
-6.718330
-6.718330
-4.478856
-3.732364
-2.985873
2.986059
5.225534
4.479042
5.972025
3.732551
2.239568
-0.746398
-5.225347
-8.957804
-8.957804
-8.211313
-5.225347
-2.239381
2.239568
5.972025
6.718517
6.718517
5.225534
5.225534
0.746585
-4.478856
-3.732364
-4.478856
-5.971838
-5.971838
-2.239381
0.000093
-0.746398
2.239568
5.225534
6.718517
5.225534
2.239568
0.000093
-1.492890
-2.985873
-5.971838
-6.718330
-6.718330
-5.225347
0.746585
4.479042
5.225534
8.211500
4.479042
2.239568
1.493076
-2.985873
-5.225347
-8.211313
-6.718330
-3.732364
-1.492890
1.493076
4.479042
5.972025
5.972025
5.225534
3.732551
2.239568
-0.746398
-2.985873
-6.718330
-8.211313
-5.225347
-3.732364
-0.746398
4.479042
6.718517
10.450974
8.957991
2.986059
2.239568
-5.225347
-5.971838
-7.464821
-9.704296
-2.985873
0.000093
1.493076
5.972025
8.211500
11.197465
8.211500
3.732551
0.000093
-2.985873
-6.718330
-10.450787
-11.197279
-5.971838
-0.746398
0.000093
3.732551
6.718517
8.211500
9.704483
3.732551
2.239568
1.493076
-6.718330
-10.450787
-9.704296
-3.732364
-3.732364
-3.732364
4.479042
9.704483
8.957991
7.465008
5.225534
2.986059
-2.239381
-4.478856
-7.464821
-8.211313
-5.971838
-4.478856
-0.746398
3.732551
6.718517
7.465008
8.957991
5.972025
3.732551
-0.746398
-5.225347
-5.225347
-6.718330
-8.211313
-5.971838
-2.239381
1.493076
4.479042
5.225534
4.479042
6.718517
5.225534
-0.746398
-3.732364
-3.732364
-3.732364
-5.971838
-5.971838
-2.239381
0.000093
1.493076
4.479042
7.465008
5.972025
2.239568
3.732551
5.225534
-1.492890
-5.971838
-2.985873
-4.478856
-5.225347
-2.985873
0.746585
4.479042
2.986059
2.986059
5.972025
1.493076
-0.746398
-1.492890
-2.985873
-3.732364
-5.225347
-4.478856
-2.239381
-0.746398
1.493076
2.986059
3.732551
3.732551
5.225534
1.493076
-1.492890
-0.746398
-3.732364
-5.971838
-4.478856
-5.225347
-2.239381
-0.746398
2.986059
3.732551
4.479042
6.718517
2.986059
-2.239381
-0.746398
-2.239381
-6.718330
-5.971838
-2.985873
-3.732364
-2.239381
4.479042
5.972025
5.972025
6.718517
4.479042
0.000093
-2.239381
-5.225347
-6.718330
-5.225347
-5.971838
-3.732364
0.746585
2.239568
5.972025
8.957991
6.718517
3.732551
0.000093
-4.478856
-3.732364
-4.478856
-5.971838
-3.732364
-1.492890
2.986059
5.972025
5.225534
5.972025
5.972025
1.493076
0.000093
-2.985873
-5.971838
-6.718330
-2.985873
-2.239381
-4.478856
0.746585
4.479042
2.986059
4.479042
3.732551
-0.746398
-0.746398
-3.732364
-5.971838
-2.985873
-1.492890
-2.239381
0.000093
4.479042
2.986059
0.746585
5.225534
5.972025
1.493076
2.239568
2.239568
-2.239381
-4.478856
-2.239381
0.000093
0.000093
-1.492890
2.239568
1.493076
0.000093
2.986059
4.479042
2.239568
1.493076
0.746585
-3.732364
-7.464821
-2.985873
-0.746398
-3.732364
-3.732364
-1.492890
1.493076
2.239568
2.239568
3.732551
2.239568
3.732551
2.986059
-2.239381
-5.225347
-0.746398
1.493076
-2.985873
0.000093
3.732551
1.493076
0.746585
2.239568
6.718517
6.718517
-2.239381
-5.225347
0.000093
0.000093
-2.985873
-2.985873
-0.746398
0.746585
5.225534
7.465008
2.986059
4.479042
8.211500
0.000093
-8.211313
-3.732364
-0.746398
-0.746398
-2.239381
-5.225347
2.239568
7.465008
2.986059
0.746585
0.746585
2.986059
-2.239381
-7.464821
-6.718330
-4.478856
-2.239381
-2.985873
-2.239381
0.746585
5.972025
8.211500
2.239568
-2.985873
0.000093
0.000093
-5.971838
-3.732364
-0.746398
0.000093
5.225534
0.746585
-1.492890
2.986059
2.239568
3.732551
4.479042
-2.239381
-5.971838
-0.746398
-1.492890
0.000093
4.479042
-1.492890
-8.957804
-2.985873
1.493076
0.746585
1.493076
-2.985873
-2.985873
2.239568
3.732551
-3.732364
-5.971838
0.000093
0.000093
-3.732364
-8.957804
-3.732364
2.239568
4.479042
1.493076
-0.746398
1.493076
2.239568
2.986059
0.746585
-4.478856
-5.971838
-5.225347
-0.746398
0.000093
5.225534
12.690448
8.957991
-2.239381
3.732551
14.929923
7.465008
0.000093
-6.718330
-11.943770
-1.492890
5.972025
0.000093
-3.732364
7.465008
13.436940
-0.746398
-2.985873
8.211500
3.732551
-13.436753
-14.183245
-1.492890
-10.450787
-17.915702
4.479042
11.197465
-8.957804
-5.971838
12.690448
8.211500
-4.478856
-2.985873
-6.718330
-14.183245
-3.732364
2.986059
-6.718330
-1.492890
11.197465
8.957991
7.465008
12.690448
11.943957
3.732551
1.493076
-1.492890
-1.492890
1.493076
0.000093
-2.985873
5.225534
11.943957
5.225534
2.239568
1.493076
2.239568
5.225534
-2.239381
-10.450787
-6.718330
0.000093
0.746585
0.746585
-5.971838
-10.450787
3.732551
6.718517
-8.957804
-8.957804
4.479042
-4.478856
-13.436753
-0.746398
-0.746398
-8.957804
-0.746398
0.746585
-7.464821
-2.985873
5.225534
0.746585
-5.971838
2.239568
8.957991
3.732551
0.000093
-0.746398
-3.732364
-2.239381
5.972025
6.718517
-2.239381
-1.492890
9.704483
11.943957
5.225534
-0.746398
3.732551
4.479042
-8.957804
-11.197279
4.479042
2.239568
-15.676228
-4.478856
10.450974
2.239568
-1.492890
2.239568
0.746585
3.732551
3.732551
-6.718330
-11.197279
-1.492890
1.493076
-3.732364
2.986059
12.690448
-0.746398
-8.211313
10.450974
15.676414
-2.985873
-7.464821
4.479042
-1.492890
-10.450787
0.000093
2.986059
-5.225347
-2.239381
9.704483
11.943957
1.493076
-2.985873
2.986059
2.239568
-10.450787
-8.957804
0.746585
-5.225347
-10.450787
-1.492890
5.225534
7.465008
9.704483
6.718517
2.239568
2.986059
-4.478856
-14.183245
-10.450787
-10.450787
-8.211313
2.239568
4.479042
2.239568
5.972025
13.436940
11.943957
-2.239381
-5.971838
0.000093
-5.225347
-18.662194
-14.929736
0.000093
-1.492890
-5.971838
0.000093
8.211500
8.957991
0.746585
-2.985873
3.732551
-1.492890
-10.450787
-4.478856
2.239568
-4.478856
0.000093
15.676414
14.183431
2.986059
1.493076
4.479042
5.972025
4.479042
-2.239381
-6.718330
-7.464821
-0.746398
5.972025
0.746585
-3.732364
4.479042
8.211500
4.479042
3.732551
0.000093
0.746585
-2.239381
-13.436753
-12.690262
-2.985873
-5.971838
-5.971838
11.197465
17.915889
12.690448
12.690448
14.183431
1.493076
-6.718330
3.732551
8.211500
0.746585
-2.985873
-3.732364
-1.492890
0.746585
3.732551
5.972025
5.225534
-4.478856
-2.985873
6.718517
-3.732364
-11.197279
1.493076
2.239568
-4.478856
-5.971838
-2.985873
2.986059
5.972025
0.746585
0.000093
14.183431
17.915889
11.197465
11.197465
0.746585
-8.211313
-5.971838
-3.732364
-0.746398
6.718517
-14.183245
1.493076
4.479042
-247.835077
-288.145616
348.611613
587.488885
-340.400020
-910.719507
-120.931526
532.248516
253.060704
-32.099040
-244.849111
-712.152775
-473.275503
721.110859
1077.187293
-183.636810
-1245.147689
-677.814167
628.545916
1180.949608
543.445888
-608.390460
-1033.890601
-90.325375
1248.880333
1325.768955
-8.957804
-915.198456
-409.823727
85.100122
339.653715
1397.432137
1263.810162
-1422.812660
-2408.181408
462.078317
2349.208768
962.974097
-690.504522
-1529.560941
-1571.364464
369.513374
2296.954365
1004.031129
-1658.703967
-2215.586608
-641.982576
1310.839125
1793.072619
73.902749
-1868.468071
-1793.818924
24.634312
1721.409437
1427.291796
-705.434352
-1903.553171
-806.210701
784.562635
1403.404068
785.309126
-809.196667
-1527.321467
-230.665773
1212.302250
1149.596966
141.086982
-941.325658
-1148.850288
185.129979
1504.180418
860.704765
-812.182633
-1258.584535
-221.707875
827.859140
853.986342
-27.620091
-889.071255
-765.900161
212.750164
854.732833
422.514269
-379.217577
-561.361497
-132.875389
412.809880
742.012621
498.656399
-166.467506
-256.792974
-175.425404
-679.307150
288.892295
2500.746538
1121.976782
-2959.838609
-2461.928795
1840.848073
2781.427333
550.910803
-1171.245033
-2364.884903
-1691.549591
1876.679664
3412.212630
135.861542
-3095.700058
-2529.859519
358.316002
2725.440472
2131.979749
-1143.624848
-3180.800086
-1654.971509
1473.574267
2915.795799
971.931995
-2226.037488
-2601.522701
-53.000801
2011.048130
1943.117406
17.915889
-2160.346238
-1795.311907
827.859140
2120.035885
974.171470
-731.561553
-1594.505700
-781.576482
1080.173259
1393.699679
-123.917492
-878.620374
-338.907037
-119.438543
-135.861355
377.724780
549.417820
-175.425404
-750.223840
-525.529906
-20.155177
419.528303
655.419609
194.087877
-690.504522
-789.041397
170.946641
1118.244324
1131.681171
132.875576
-962.973911
-527.022889
702.448572
312.033530
-63.451682
1519.110247
1146.611001
-2320.841906
-2282.024349
1933.413016
2821.737873
-41.056938
-1460.883725
-1598.238157
-1263.063484
1271.275077
3011.346708
318.005462
-2944.162288
-2389.519122
389.668644
2333.532447
1844.580531
-933.860743
-2920.274561
-1666.168881
1173.484694
2580.621126
1079.426768
-1865.482105
-2576.888482
-235.144722
1834.876141
1731.113826
167.960675
-1728.127674
-1802.776821
485.219553
2019.259536
1059.271498
-553.150090
-1322.036311
-816.661582
603.165206
1113.765376
434.458132
-146.312236
-793.520346
-1258.584535
-77.635020
1524.335687
995.819722
-796.506312
-1540.758313
-776.351042
659.152067
1467.602335
655.419609
-1025.679195
-1469.841623
-50.014836
1491.490062
1483.278656
212.003673
-976.410757
-729.322079
812.182819
758.435433
-836.816851
429.979184
2646.312376
-288.145616
-3798.148537
-472.529011
3504.031082
1558.674295
-986.861638
-1288.444194
-2120.782190
-887.578272
3068.826551
2859.062447
-1779.635586
-3662.287088
-1418.333711
1539.265517
3015.079165
1198.118912
-2571.663042
-3374.141379
-430.725488
2560.465856
2748.581708
-266.497364
-3173.335171
-2108.838327
1174.977677
2512.690402
1465.362861
-896.536169
-2719.468354
-1179.456439
2009.555147
2311.137703
104.508900
-1351.895970
-1572.857447
-554.643073
1690.056795
2168.557831
-568.079920
-2587.339363
-942.818641
1378.769850
1260.824196
-100.029764
-881.606340
-983.875672
-351.597392
795.013515
927.888998
-192.594708
-848.014223
-342.639494
385.189695
694.983658
616.602053
153.777337
-200.806114
165.721201
989.847791
167.960675
-1995.371622
-403.851795
3934.756664
2300.686823
-4064.645994
-3673.484460
2404.449138
3560.017943
668.109964
-980.889706
-2779.934164
-3010.600030
1829.650701
5000.000000
718.871385
-4187.070596
-3564.496705
150.044880
3345.774889
3295.013469
-1055.538854
-4561.809317
-2513.436707
1964.765658
3795.162758
1453.418997
-2606.001650
-3568.975654
-295.610531
2675.425544
2479.098285
151.537863
-2511.943724
-2471.633184
878.620561
2911.316850
1091.370631
-1276.500331
-1580.322362
-501.642179
931.621455
1256.345248
0.000093
-911.465999
-534.487804
-132.128898
-148.551710
234.398417
622.573984
100.776443
-816.661582
-877.873883
32.845718
861.451257
827.112649
-59.719225
-858.465104
-591.967647
576.291513
1451.926014
1040.609211
-182.143827
-609.136951
-191.101725
-576.291326
-114.959594
2761.272063
2674.679052
-2792.624519
-4652.881277
1084.652208
4518.512998
1445.954082
-1489.250401
-2455.210371
-2769.483283
416.542337
4560.316521
2319.349109
-3381.606293
-4296.804843
-664.377320
2758.286097
3408.480173
273.962465
-3755.598523
-3387.578225
721.857351
3421.170528
2277.545587
-1282.472263
-3416.691393
-1553.448668
1761.719977
2648.551850
1018.214467
-1445.953896
-2609.734107
-601.672036
2186.473627
1807.255957
-312.033344
-971.185317
-986.115147
-901.015118
611.376612
2016.273570
697.969623
-1717.676793
-1959.540031
-223.200858
1345.924225
1578.083074
241.863332
-1752.015401
-2034.935670
204.538758
2280.531553
1587.040971
-829.351937
-1943.863710
-724.843130
1341.445276
2294.714891
1173.484694
-944.311624
-1371.304748
-46.282378
230.665959
467.303757
2528.366723
1911.018272
-3175.574646
-4261.719744
1687.817321
4769.334134
1094.356597
-2202.149761
-2623.170954
-2196.924321
786.802109
4396.834887
2105.852547
-3622.723040
-4431.919800
-326.963173
3081.516907
3196.476594
-8.957804
-3725.738864
-3383.845768
685.279268
3563.003909
2374.589479
-1371.304748
-3515.974759
-1636.309222
1731.860318
2861.301921
1195.879438
-1626.604833
-2915.049121
-721.857164
2444.013186
2438.787746
-350.850900
-2287.249789
-1590.026751
593.460817
2007.315672
1055.539040
-1131.680984
-1827.411040
-459.838656
1031.651313
1054.792549
50.761514
-812.929124
-868.915985
-134.368372
785.309126
937.593387
5.225534
-701.701894
-248.581568
479.994112
743.505603
836.070547
609.137138
28.366769
-439.683386
-981.636198
-371.006170
2343.983328
3023.290571
-1369.065274
-4548.372470
-842.788783
3769.035556
2822.484364
-712.899266
-2742.609590
-2914.302629
-380.710559
3587.638127
3292.773994
-1782.621552
-4645.416362
-2016.273384
2145.416596
3602.567957
1261.570688
-2791.131536
-3911.615241
-591.967647
3049.417773
2999.402844
-313.526327
-3112.122870
-2365.631394
857.718799
2808.301026
1767.691909
-917.437931
-2667.960442
-1363.839833
1666.915559
2531.352689
334.428275
-1730.367148
-1562.406566
-196.327165
1052.553075
1318.304040
153.030846
-1339.205615
-1390.713527
-73.902563
1003.284637
910.719694
-112.720120
-1044.341482
-980.143215
62.705377
1071.961853
971.185504
-147.058727
-921.916880
-359.062307
692.744183
1181.696100
971.185504
285.906329
-388.921966
-621.827306
-372.499153
524.037110
1990.892860
1719.916454
-1414.601254
-3193.490441
-364.287747
3035.234435
2279.785061
-781.576482
-2521.648113
-2163.332204
102.269426
2707.524677
2266.348215
-1395.192475
-3580.173026
-1645.267120
1680.352406
2795.610671
827.859140
-2173.783085
-2946.401763
-525.529906
2205.882405
2235.742064
-173.185929
-2282.770840
-1811.734719
528.516058
2063.302533
1348.163699
-628.545730
-1820.692617
-1045.087973
900.268813
1783.368230
606.151172
-1208.569606
-1613.914478
-250.821043
1177.963643
1097.342563
-223.947350
-1222.006453
-918.184422
144.819440
848.014410
554.643260
-374.738628
-901.015118
-456.106199
421.767777
788.295092
368.020391
-232.158756
-307.554395
129.889610
575.545021
791.281058
776.351228
438.937081
-136.607847
-1027.172178
-1079.426581
1519.856739
3687.667985
505.374823
-4364.735567
-2842.639448
2791.131722
3891.460158
449.387962
-2318.602431
-3173.335171
-1706.479421
2436.548271
4291.579589
55.240463
-4498.357541
-3223.350100
1087.638174
3300.985400
2187.966610
-1275.753839
-3863.839787
-2087.936565
2011.048130
3280.830131
750.224027
-2160.346238
-2489.548979
-359.808798
1933.413016
2176.769238
281.427380
-1838.608412
-1970.737404
234.398417
2109.585005
1285.458415
-892.057221
-1641.534663
-622.573798
576.291513
1013.735518
462.078317
-665.870303
-1154.822220
-465.064096
450.880945
595.700291
156.763303
-350.104409
-633.024678
-345.625460
376.978289
710.659979
341.146698
-121.678017
-229.172790
-57.479750
453.120419
1121.976782
1023.439907
62.705377
-696.476454
-861.451070
-111.227137
1950.582320
2665.721154
-623.320289
-3787.697656
-1458.644251
2946.401949
2985.219506
-279.934210
-2472.379675
-2538.070925
-535.234295
2601.522887
2950.134407
-928.635303
-3851.895923
-2012.540926
1505.673401
2716.482575
1095.849580
-1732.606623
-2953.120186
-928.635303
1964.765658
2276.052604
39.564142
-1929.680372
-1654.225018
214.243147
1622.126071
1336.219835
-317.258784
-1624.365359
-891.310729
924.903032
1243.654892
-122.424509
-865.930019
-273.215787
154.523829
-55.986767
-132.128898
48.522039
58.226428
-75.395546
-303.821937
-537.473769
-175.425404
563.601158
551.657294
-297.850006
-767.393144
-306.061412
533.741499
997.312705
492.684468
-485.219366
-606.897477
515.079212
1549.716398
1163.033813
-228.426298
-1396.685458
-1079.426581
1245.894367
3118.094989
1010.003060
-3068.826365
-2958.345626
1378.023358
3503.284590
1143.625035
-1875.186495
-2762.018368
-1410.868796
1547.476923
3189.011679
617.348544
-3165.870257
-2958.345626
465.064283
2520.901808
1616.900630
-784.562448
-2523.141096
-1678.859236
1009.256569
2243.206979
718.871385
-1305.613498
-1581.815344
-341.146511
968.199538
1262.317179
163.481727
-1062.257277
-703.194877
472.529198
482.233587
-337.414054
-170.199963
497.909908
91.072053
-829.351937
-760.674721
229.172976
823.380191
462.078317
-554.643073
-1275.007348
-617.348357
885.338984
1345.924225
60.465903
-1275.753839
-1084.652021
392.654610
1609.435716
1085.398700
-512.839551
-1106.300274
78.381698
1544.490957
1623.619054
233.651925
-1431.770558
-1466.109166
862.944240
2989.698455
1324.275972
-2547.028823
-2840.399973
957.748657
3103.911651
1098.835546
-1632.576765
-2311.884008
-1118.244138
1180.949608
2470.886879
497.163416
-2555.240229
-2382.800698
493.430959
2019.259536
1023.439907
-774.111567
-1787.100500
-1099.581851
734.547706
1525.082179
332.935292
-995.073044
-888.324763
-61.212208
388.175661
465.810774
351.597579
-132.128898
-553.896582
-412.809693
-65.691157
192.594894
503.881840
450.134453
-460.585147
-1229.471368
-570.319394
809.196853
1121.976782
51.508005
-1152.582746
-1272.021382
-111.227137
1254.852265
1206.330319
-357.569324
-1454.165302
-752.463315
830.098615
1547.476923
720.364368
-696.476454
-959.241453
343.386172
1543.744466
1407.136526
77.635207
-1336.219649
-1153.329237
944.311811
2545.536027
1001.045163
-1991.639165
-2314.869974
418.781811
2450.731609
1355.628614
-1100.328342
-2269.333994
-1241.415231
1021.200433
2112.570971
529.262550
-1903.553171
-2040.907602
-2.239381
1448.193557
1035.383771
-391.161440
-1395.192475
-1036.130075
325.470377
1077.187293
406.837948
-485.965858
-568.826411
-203.045588
-18.662194
70.916784
379.964255
465.064283
-58.972733
-838.309834
-949.537064
145.565931
1327.261938
914.452151
-872.648442
-1784.114534
-655.419423
1078.680276
1472.081284
129.889610
-1504.926722
-1607.196055
52.254497
1611.675190
1219.020674
-529.262363
-1546.730245
-753.956298
953.269708
1602.717292
576.291513
-741.265942
-725.589621
474.768672
1333.980361
1218.274182
186.622962
-1073.454649
-1001.044976
904.747762
2290.235942
662.138033
-1867.721580
-1675.126779
657.659084
1884.144579
869.662663
-871.155459
-1807.255770
-1037.623058
930.128472
1742.311198
185.129979
-1702.000472
-1473.574080
129.889610
1019.707450
671.842422
-326.963173
-1046.580956
-740.519451
256.793161
671.095930
147.805406
-267.990347
-216.482435
-230.665773
-318.005275
-10.450787
500.895874
460.585334
-194.834182
-892.057221
-774.111567
359.808985
1165.273287
421.767777
-1035.383584
-1301.134549
-135.861355
939.086370
810.689836
-246.342094
-1106.300274
-904.747576
240.370349
1113.018884
638.996797
-553.896582
-970.438826
-195.580673
839.803004
991.340774
229.172976
-429.232505
-197.820148
585.995902
1049.567109
874.888103
52.254497
-862.944053
-629.292221
953.269708
1848.312988
371.752848
-1590.773242
-1328.754734
600.179240
1640.788358
773.365263
-853.239664
-1683.338185
-863.690544
859.211782
1419.826881
79.128190
-1373.544223
-1192.146794
44.789582
789.788075
530.009041
-285.159651
-800.985261
-497.163230
167.214184
357.569510
23.887821
-116.452577
-2.985873
-167.213997
-394.147406
-102.269239
432.218658
348.611613
-283.666668
-636.010644
-382.950034
187.369454
516.572195
195.580860
-523.290431
-747.984366
-134.368372
453.120419
301.582650
-240.370162
-552.403599
-405.344778
67.930818
456.852877
285.159837
-250.821043
-378.471085
61.958886
494.177450
441.176556
147.805406
10.450974
124.664170
449.387962
711.406470
677.814354
129.889610
-523.290431
-317.258784
699.462606
1289.937364
441.176556
-909.973016
-1031.651127
117.945747
1135.413628
853.986342
-379.217577
-1258.584535
-889.817746
339.653715
1008.510077
385.936186
-728.575587
-1036.130075
-335.174579
389.668644
447.148487
-38.817463
-478.500943
-430.725488
-66.437648
158.256286
31.352735
-79.128003
-17.915702
-126.156966
-238.130688
-64.944665
129.889610
-35.085006
-288.892108
-152.284168
55.986954
-33.592023
-207.524537
-179.904352
-41.803429
-41.056938
-73.156071
-79.874495
-173.185929
-218.721909
-91.071867
27.620278
-7.464821
-2.985873
57.479937
-7.464821
-53.000801
95.551002
291.131769
274.708957
156.016812
146.312423
220.215079
344.132664
480.740604
600.179240
362.794951
-258.285957
-382.203542
350.851087
1012.242535
571.066073
-447.148301
-712.152775
-124.663983
521.797635
629.292408
101.522934
-635.264153
-789.787888
-83.606952
553.150277
331.442309
-280.680702
-503.881653
-279.187719
-6.718330
129.889610
19.408872
-232.905247
-241.116653
-23.141142
68.677309
-105.255205
-215.735943
-94.057833
-41.056938
-41.056938
40.310633
-24.634125
-321.737733
-400.119338
-26.127108
220.215079
9.704483
-259.778940
-291.131582
-167.213997
-41.803429
37.324667
2.986059
-145.565745
-200.806114
-112.720120
-32.845532
-10.450787
48.522039
150.044880
93.311528
-54.493784
-41.803429
108.241357
206.031741
209.764198
188.862437
131.382593
119.438729
228.426485
381.457238
389.668644
129.143119
-116.452577
-13.436753
320.244937
423.260760
115.706272
-196.327165
-132.875389
167.960675
261.272110
82.860647
-117.945560
-196.327165
-55.986767
179.158048
206.778232
-38.070972
-224.693841
-99.283273
91.072053
105.255391
5.225534
-122.424509
-191.101725
-99.283273
73.902749
61.212394
-126.156966
-187.369267
-134.368372
-98.536782
-42.549921
-17.169211
-134.368372
-243.356128
-129.889424
-23.887634
-126.903458
-205.285063
-134.368372
-53.000801
-89.578884
-172.439438
-174.678912
-105.255205
-34.338515
-67.930631
-149.298202
-136.607847
-68.677122
6.718517
36.578176
-20.155177
-99.283273
-60.465716
62.705377
109.734340
108.241357
85.100122
70.170292
133.622068
232.158942
268.737025
214.989638
164.974710
172.439624
210.510690
203.045775
112.720306
61.212394
153.777337
315.019496
318.751954
100.776443
-73.156071
-38.070972
88.086087
185.876471
180.651031
32.845718
-142.579779
-103.015730
112.720306
172.439624
18.662380
-122.424509
-129.889424
-64.198174
11.943957
14.929923
-106.748188
-206.031554
-153.030659
-33.592023
-20.901668
-120.185034
-173.932421
-156.016625
-131.382406
-141.833287
-203.045588
-203.792080
-96.297307
-55.240276
-174.678912
-273.215787
-203.045588
-79.874495
-21.648159
-58.972733
-193.341199
-264.257889
-150.044693
22.394838
46.282565
-58.972733
-146.312236
-126.903458
26.127295
155.270320
120.185221
12.690448
-5.971838
97.043985
206.778232
235.891400
197.073843
173.186116
201.552792
253.807195
267.244042
180.651031
61.958886
59.719411
210.510690
363.541442
315.765988
86.593105
-61.958699
-6.718330
115.706272
171.693133
128.396627
19.408872
-61.212208
-26.127108
80.621173
108.987849
22.394838
-80.620986
-103.015730
-41.803429
5.972025
-38.070972
-92.564850
-95.550816
-106.001696
-128.396441
-106.748188
-45.535887
-38.817463
-136.607847
-241.116653
-242.609636
-151.537676
-85.846426
-90.325375
-134.368372
-183.636810
-203.045588
-170.199963
-89.578884
-47.775361
-114.213103
-210.510503
-200.059622
-84.353443
-14.183245
-28.366583
-81.367478
-123.171000
-85.099935
32.099227
106.748374
54.493971
-37.324480
-20.155177
125.410661
232.905434
193.341386
126.157153
153.030846
241.863332
301.582650
291.878260
197.073843
61.212394
41.057124
197.820334
349.358104
310.540547
147.058914
16.422906
-2.985873
80.621173
159.002778
133.622068
25.380803
-48.521853
-22.394651
66.437835
123.917678
56.733445
-100.776256
-165.721014
-62.705191
55.986954
27.620278
-90.325375
-170.199963
-182.143827
-114.959594
4.479042
35.085193
-112.720120
-259.778940
-226.933315
-104.508713
-54.493784
-127.649949
-235.891213
-233.651739
-120.931526
-60.465716
-117.199068
-179.904352
-177.664878
-140.340304
-101.522747
-104.508713
-129.889424
-123.171000
-85.099935
-66.437648
-73.156071
-62.705191
-44.789395
-14.929736
37.324667
56.733445
39.564142
55.986954
120.931712
167.214184
167.214184
182.890505
225.440519
251.567721
269.483516
269.483516
191.101911
81.367664
82.114156
219.468587
329.202834
284.413346
136.608033
-0.746398
-16.422719
98.536968
180.651031
127.650136
-8.211313
-76.142037
8.957991
130.636102
120.185221
-51.507819
-182.143827
-108.241171
54.493971
100.029951
-26.127108
-206.031554
-241.116653
-93.311341
59.719411
44.789582
-116.452577
-242.609636
-230.665773
-102.269239
-12.690262
-121.678017
-285.159651
-275.455261
-109.734154
-8.957804
-84.353443
-229.172790
-255.299992
-122.424509
-28.366583
-99.283273
-193.341199
-169.453472
-95.550816
-64.944665
-44.042904
-41.056938
-82.860461
-71.663088
26.127295
73.902749
20.901855
11.197465
97.043985
143.326457
129.143119
153.777337
214.989638
245.595789
261.272110
279.187905
245.595789
143.326457
65.691343
117.199255
244.102806
309.794056
238.130874
89.579070
4.479042
59.719411
158.256286
142.579965
35.085193
-27.620091
1.493076
79.874681
104.508900
-0.746398
-136.607847
-111.973628
47.775548
97.043985
-38.070972
-172.439438
-182.143827
-101.522747
-18.662194
-3.732364
-67.184140
-164.974523
-198.566639
-117.199068
-38.070972
-105.255205
-238.130688
-241.116653
-143.326270
-70.916597
-81.367478
-176.918387
-249.328060
-180.650844
-65.691157
-73.156071
-139.593813
-149.298202
-129.889424
-118.692051
-68.677122
-20.155177
-61.212208
-102.269239
-28.366583
52.254497
35.831684
18.662380
71.663275
121.678204
130.636102
141.833474
161.988744
198.566826
263.511584
279.934397
230.665959
191.101911
144.072948
88.086087
138.847508
277.694922
318.751954
190.355420
37.324667
1.493076
71.663275
117.199255
76.888715
39.564142
46.282565
36.578176
14.929923
26.127295
6.718517
-55.240276
-50.761327
0.000093
-35.085006
-111.973628
-103.015730
-64.944665
-68.677122
-55.240276
-40.310446
-100.029764
-159.002591
-114.213103
-53.747293
-116.452577
-240.370162
-250.821043
-141.833287
-35.085006
-38.817463
-167.213997
-267.990347
-208.271029
-71.663088
-48.521853
-141.833287
-200.059622
-175.425404
-98.536782
-21.648159
-11.943770
-85.099935
-135.114864
-57.479750
57.479937
61.212394
-14.929736
-23.141142
63.451869
146.312423
170.200150
161.988744
169.453658
220.961570
287.399312
286.652820
212.003673
130.636102
97.043985
118.692238
194.834369
274.708957
253.060704
143.326457
63.451869
61.958886
70.916784
45.536073
41.803616
84.353630
85.846613
9.704483
-39.563955
0.000093
41.803616
29.113261
-5.971838
-46.282378
-93.311341
-101.522747
-58.972733
-41.056938
-63.451682
-86.592918
-111.973628
-104.508713
-45.535887
-37.324480
-146.312236
-256.046483
-235.891213
-134.368372
-64.198174
-65.691157
-140.340304
-241.116653
-244.102619
-100.776256
8.957991
-94.057833
-263.511398
-257.539466
-94.804324
32.099227
1.493076
-122.424509
-185.876284
-97.043799
75.395732
123.171187
0.000093
-83.606952
-2.239381
143.326457
205.285249
175.425590
133.622068
149.298389
244.849297
323.230902
279.934397
187.369454
121.678204
67.930818
97.043985
241.116840
334.428275
237.384383
62.705377
-14.183245
24.634312
100.776443
136.608033
92.565036
-0.746398
-53.747293
-14.929736
70.170292
87.339596
-17.169211
-118.692051
-98.536782
-20.901668
8.957991
-33.592023
-103.762222
-147.058727
-130.635915
-48.521853
11.197465
-61.958699
-188.862250
-204.538571
-147.805219
-134.368372
-132.875389
-112.720120
-130.635915
-167.960489
-178.411369
-159.002591
-106.001696
-73.156071
-140.340304
-220.961384
-185.876284
-69.423614
-12.690262
-65.691157
-132.875389
-140.340304
-66.437648
34.338701
64.198360
-3.732364
-64.944665
2.239568
138.847508
194.834369
153.030846
117.945747
147.805406
214.989638
280.680888
300.836158
257.539653
155.270320
40.310633
44.789582
223.947536
384.443203
324.723885
111.973815
-41.056938
-14.929736
124.664170
189.608928
92.565036
-34.338515
-50.014836
26.873786
102.269426
94.804511
-24.634125
-135.114864
-85.099935
30.606244
16.422906
-85.099935
-154.523642
-159.749083
-81.367478
22.394838
8.957991
-126.156966
-215.735943
-164.974523
-88.832392
-102.269239
-170.199963
-208.271029
-179.157861
-100.029764
-66.437648
-140.340304
-210.510503
-167.213997
-85.846426
-97.043799
-163.481540
-158.256100
-94.057833
-75.395546
-97.790290
-87.339409
-54.493784
-24.634125
3.732551
3.732551
-20.155177
0.000093
89.579070
153.777337
136.608033
111.973815
137.354525
203.792266
273.215974
309.047564
265.751059
150.044880
62.705377
86.593105
211.257181
320.244937
294.864226
142.579965
20.155363
47.029056
144.072948
152.284354
44.043090
-43.296412
0.746585
88.086087
94.058019
23.887821
-70.170105
-119.438543
-44.042904
70.916784
33.592210
-140.340304
-214.242960
-108.987662
5.225534
23.141329
-44.789395
-164.974523
-213.496469
-105.255205
-23.141142
-115.706085
-232.158756
-217.975418
-119.438543
-49.268344
-81.367478
-188.115759
-231.412264
-153.030659
-67.930631
-87.339409
-153.777151
-164.974523
-108.987662
-63.451682
-76.142037
-94.804324
-70.916597
-40.310446
-34.338515
-30.606057
-17.915702
26.127295
107.494866
153.777337
110.480832
60.465903
119.438729
238.130874
297.103701
269.483516
193.341386
123.171187
101.522934
134.368559
191.848403
256.046670
267.244042
173.932607
69.423801
54.493971
92.565036
87.339596
39.564142
29.859752
59.719411
75.395732
50.761514
6.718517
-20.901668
-36.577989
-26.873600
14.183431
-4.478856
-106.748188
-162.735048
-89.578884
8.957991
14.183431
-53.747293
-143.326270
-191.848216
-124.663983
-33.592023
-97.043799
-251.567534
-267.990347
-124.663983
-18.662194
-59.719225
-168.706980
-235.891213
-203.045588
-98.536782
-56.733259
-123.171000
-187.369267
-157.509608
-75.395546
-44.789395
-70.916597
-76.888529
-46.282378
-24.634125
-30.606057
-25.380617
28.366769
105.255391
142.579965
103.015917
53.747480
117.945747
261.272110
317.258971
244.849297
175.425590
173.932607
185.129979
159.002778
128.396627
162.735235
241.116840
251.567721
159.002778
56.733445
31.352735
64.944852
91.072053
86.593105
47.775548
5.225534
-2.239381
28.366769
44.789582
-2.239381
-52.254310
-40.310446
-8.957804
-44.042904
-119.438543
-126.903458
-69.423614
-20.901668
-29.859566
-103.762222
-167.960489
-149.298202
-87.339409
-91.071867
-180.650844
-247.088585
-191.101725
-85.099935
-60.465716
-129.142932
-200.806114
-211.256994
-144.819253
-69.423614
-84.353443
-154.523642
-167.960489
-107.494679
-58.226242
-58.972733
-67.930631
-74.649054
-59.719225
-11.197279
19.408872
28.366769
53.000988
94.804511
105.255391
98.536968
141.833474
214.989638
241.116840
218.722096
218.722096
239.623857
215.736130
135.861542
91.818545
154.523829
259.032636
283.666854
191.101911
59.719411
10.450974
67.930818
133.622068
110.480832
26.873786
-6.718330
31.352735
70.170292
54.493971
-17.915702
-73.902563
-57.479750
-0.746398
-6.718330
-91.071867
-145.565745
-108.241171
-41.056938
-10.450787
-53.747293
-148.551710
-192.594708
-129.142932
-73.156071
-143.326270
-247.835077
-210.510503
-82.860461
-46.282378
-132.875389
-219.468401
-208.271029
-121.678017
-70.916597
-116.452577
-176.918387
-160.495574
-102.269239
-76.888529
-72.409580
-60.465716
-59.719225
-61.958699
-46.282378
-21.648159
2.239568
48.522039
101.522934
107.494866
74.649241
92.565036
189.608928
269.483516
248.581755
194.087877
193.341386
220.215079
200.059809
126.903644
100.776443
185.129979
284.413346
273.962465
146.312423
14.929923
8.211500
92.565036
135.861542
89.579070
11.943957
-20.155177
14.183431
76.142224
76.142224
-17.915702
-94.804324
-63.451682
-8.957804
-32.099040
-89.578884
-115.706085
-102.269239
-53.747293
-11.943770
-52.254310
-148.551710
-176.171895
-118.692051
-109.734154
-173.932421
-193.341199
-138.847321
-86.592918
-93.311341
-156.763117
-206.778046
-163.481540
-77.635020
-76.142037
-149.298202
-186.622776
-150.791185
-82.860461
-43.296412
-56.733259
-91.071867
-85.846426
-37.324480
-8.211313
-11.197279
-3.732364
29.859752
82.860647
120.931712
121.678204
116.452764
167.214184
241.116840
249.328246
215.736130
209.017707
199.313317
150.044880
106.748374
135.115050
229.172976
285.906329
217.229113
76.142224
10.450974
62.705377
123.917678
118.692238
64.944852
-5.225347
-35.085006
24.634312
103.762408
69.423801
-53.747293
-106.748188
-52.254310
-2.239381
-24.634125
-88.085901
-123.917492
-100.029764
-49.268344
-37.324480
-91.071867
-146.312236
-157.509608
-153.777151
-141.833287
-116.452577
-120.931526
-162.735048
-179.904352
-161.988557
-145.565745
-124.663983
-107.494679
-122.424509
-159.002591
-173.185929
-132.875389
-71.663088
-60.465716
-106.748188
-129.889424
-79.128003
-13.436753
12.690448
-8.957804
-35.831498
4.479042
94.804511
141.086982
108.987849
76.888715
119.438729
200.806300
244.102806
235.144908
209.017707
200.059809
192.594894
164.228218
132.875576
147.805406
213.496655
239.623857
175.425590
80.621173
45.536073
78.381698
116.452764
109.734340
50.015022
-7.464821
2.239568
55.986954
59.719411
-8.957804
-60.465716
-47.028870
-21.648159
-23.141142
-55.240276
-97.790290
-114.213103
-77.635020
-35.085006
-68.677122
-141.086796
-168.706980
-146.312236
-105.255205
-97.043799
-141.833287
-181.397335
-164.228031
-130.635915
-129.889424
-138.100830
-133.621881
-119.438543
-115.706085
-141.833287
-162.735048
-132.128898
-78.381512
-68.677122
-105.255205
-116.452577
-76.888529
-21.648159
6.718517
-14.929736
-31.352549
18.662380
89.579070
107.494866
88.832579
98.536968
141.833474
177.665065
199.313317
211.257181
209.017707
202.299283
196.327352
161.242252
123.917678
153.777337
220.215079
240.370349
185.876471
103.015917
69.423801
98.536968
120.185221
84.353630
31.352735
27.620278
55.240463
61.958886
33.592210
-19.408685
-44.042904
-17.169211
2.239568
-34.338515
-88.832392
-108.987662
-93.311341
-65.691157
-52.254310
-77.635020
-131.382406
-173.932421
-159.749083
-102.269239
-94.804324
-158.256100
-200.806114
-172.439438
-129.142932
-120.185034
-132.875389
-141.833287
-126.903458
-116.452577
-141.086796
-155.270134
-123.171000
-89.578884
-102.269239
-125.410475
-95.550816
-35.831498
-3.732364
-13.436753
-38.070972
-26.127108
35.085193
92.565036
102.269426
69.423801
71.663275
131.382593
197.820334
221.708062
193.341386
170.200150
202.299283
238.877366
206.031741
126.903644
102.269426
164.974710
243.356315
238.130874
147.805406
63.451869
59.719411
112.720306
138.847508
97.043985
14.929923
-26.873600
7.465008
57.479937
44.043090
-18.662194
-55.240276
-38.070972
-8.957804
-29.113074
-94.804324
-133.621881
-97.043799
-48.521853
-73.902563
-144.072762
-160.495574
-114.959594
-89.578884
-121.678017
-170.199963
-177.664878
-141.086796
-123.917492
-150.791185
-181.397335
-172.439438
-118.692051
-85.846426
-108.241171
-140.340304
-144.072762
-122.424509
-95.550816
-73.902563
-67.930631
-77.635020
-58.226242
-13.436753
8.957991
11.943957
26.873786
50.015022
61.958886
74.649241
104.508900
137.354525
156.016812
155.270320
158.256286
191.101911
235.144908
241.116840
198.566826
138.847508
118.692238
156.763303
215.736130
232.905434
175.425590
87.339596
64.198360
117.945747
156.016812
112.720306
20.901855
-26.127108
8.211500
58.226428
48.522039
-8.957804
-55.240276
-57.479750
-36.577989
-31.352549
-52.254310
-93.311341
-114.959594
-104.508713
-100.029764
-112.720120
-118.692051
-116.452577
-136.607847
-161.242066
-153.030659
-128.396441
-122.424509
-148.551710
-200.806114
-215.735943
-143.326270
-58.226242
-66.437648
-146.312236
-195.580673
-159.002591
-75.395546
-28.366583
-73.902563
-148.551710
-135.114864
-26.127108
55.986954
34.338701
-38.070972
-55.240276
21.648346
111.973815
126.157153
80.621173
64.198360
104.508900
172.439624
214.989638
189.608928
144.072948
158.256286
223.947536
247.088772
184.383488
114.213289
120.185221
185.876471
231.412451
200.059809
121.678204
66.437835
82.860647
127.650136
112.720306
47.775548
5.225534
15.676414
44.789582
39.564142
-8.957804
-47.028870
-36.577989
-9.704296
-26.127108
-82.860461
-119.438543
-94.804324
-51.507819
-52.254310
-122.424509
-190.355233
-170.199963
-91.071867
-52.254310
-107.494679
-200.059622
-243.356128
-199.313131
-111.227137
-86.592918
-142.579779
-193.341199
-176.918387
-122.424509
-86.592918
-88.832392
-128.396441
-159.002591
-119.438543
-48.521853
-25.380617
-58.972733
-73.902563
-30.606057
17.915889
38.071159
32.845718
26.873786
46.282565
85.846613
120.185221
123.917678
115.706272
133.622068
164.974710
190.355420
191.101911
182.890505
188.115945
191.101911
173.186116
144.072948
141.833474
172.439624
202.299283
185.876471
121.678204
71.663275
76.142224
105.255391
112.720306
76.142224
17.915889
-10.450787
10.450974
43.296599
35.831684
-15.676228
-68.677122
-76.888529
-34.338515
-14.183245
-58.226242
-117.945560
-140.340304
-114.213103
-78.381512
-72.409580
-112.720120
-171.692946
-185.876284
-135.861355
-100.029764
-134.368372
-194.834182
-201.552605
-156.763117
-123.171000
-114.959594
-124.663983
-147.058727
-144.072762
-108.241171
-78.381512
-79.874495
-93.311341
-93.311341
-73.902563
-41.803429
-11.943770
2.239568
2.986059
10.450974
35.085193
58.972920
59.719411
63.451869
89.579070
114.959781
119.438729
119.438729
135.861542
164.974710
181.397522
177.665065
179.904539
184.383488
163.481727
142.579965
155.270320
176.918573
173.932607
141.833474
108.241357
106.748374
123.917678
119.438729
81.367664
43.296599
40.310633
52.254497
38.071159
8.211500
-13.436753
-26.873600
-20.901668
-5.971838
-19.408685
-72.409580
-111.973628
-89.578884
-44.789395
-55.240276
-117.945560
-161.988557
-144.072762
-102.269239
-95.550816
-129.889424
-170.946455
-182.143827
-151.537676
-121.678017
-129.142932
-152.284168
-161.988557
-151.537676
-123.917492
-97.790290
-98.536782
-125.410475
-128.396441
-91.818358
-56.733259
-45.535887
-42.549921
-42.549921
-35.085006
-21.648159
-2.239381
23.887821
47.029056
47.029056
36.578176
52.254497
87.339596
110.480832
119.438729
120.185221
121.678204
127.650136
142.579965
164.974710
173.186116
165.721201
154.523829
136.608033
135.861542
170.200150
191.848403
149.298389
89.579070
91.818545
133.622068
139.593999
97.790477
60.465903
54.493971
55.986954
54.493971
48.522039
17.915889
-17.915702
-21.648159
2.239568
0.746585
-42.549921
-71.663088
-75.395546
-72.409580
-63.451682
-70.916597
-104.508713
-135.114864
-130.635915
-114.959594
-108.241171
-110.480645
-141.086796
-178.411369
-173.185929
-132.128898
-109.734154
-127.649949
-155.270134
-159.749083
-135.114864
-101.522747
-87.339409
-95.550816
-110.480645
-104.508713
-80.620986
-60.465716
-40.310446
-28.366583
-32.845532
-38.070972
-17.915702
23.887821
46.282565
38.817650
33.592210
44.789582
59.719411
85.846613
112.720306
106.001883
94.058019
106.748374
113.466798
117.945747
154.523829
191.101911
162.735235
100.029951
94.058019
144.819440
171.693133
151.537863
123.171187
111.227323
108.241357
106.748374
101.522934
83.607139
73.156258
80.621173
64.944852
24.634312
9.704483
26.127295
22.394838
-2.985873
3.732551
7.465008
-38.070972
-77.635020
-70.170105
-47.028870
-37.324480
-47.028870
-88.085901
-148.551710
-153.030659
-86.592918
-49.268344
-96.297307
-166.467506
-175.425404
-123.171000
-84.353443
-95.550816
-139.593813
-163.481540
-141.833287
-103.762222
-84.353443
-89.578884
-104.508713
-107.494679
-94.057833
-69.423614
-44.042904
-35.831498
-47.028870
-53.000801
-38.070972
-11.943770
1.493076
7.465008
20.901855
17.169397
4.479042
40.310633
103.762408
100.776443
39.564142
47.029056
119.438729
120.185221
79.874681
111.973815
153.777337
108.241357
67.184326
126.903644
181.397522
135.861542
88.832579
121.678204
141.833474
113.466798
107.494866
100.776443
57.479937
50.015022
106.001883
138.101016
76.142224
-1.492890
-8.957804
28.366769
58.226428
47.775548
-4.478856
-43.296412
-32.845532
-8.957804
-20.901668
-51.507819
-65.691157
-73.156071
-83.606952
-74.649054
-58.972733
-70.170105
-100.029764
-115.706085
-121.678017
-115.706085
-89.578884
-76.888529
-110.480645
-147.058727
-134.368372
-90.325375
-62.705191
-79.128003
-109.734154
-124.663983
-108.987662
-69.423614
-41.056938
-47.775361
-78.381512
-89.578884
-66.437648
-29.859566
5.225534
11.197465
-18.662194
-49.268344
-32.845532
20.155363
58.972920
53.000988
27.620278
25.380803
47.775548
68.677309
73.156258
75.395732
86.593105
103.015917
96.297494
75.395732
89.579070
126.157153
127.650136
85.100122
64.944852
110.480832
147.805406
117.945747
81.367664
88.832579
101.522934
90.325562
79.128190
76.142224
50.761514
27.620278
56.733445
80.621173
39.564142
-10.450787
4.479042
33.592210
3.732551
-35.085006
-23.141142
-10.450787
-32.099040
-51.507819
-45.535887
-39.563955
-57.479750
-85.099935
-94.057833
-75.395546
-49.268344
-49.268344
-81.367478
-111.973628
-108.987662
-87.339409
-77.635020
-88.832392
-104.508713
-108.241171
-97.043799
-77.635020
-58.972733
-63.451682
-86.592918
-90.325375
-71.663088
-58.226242
-55.986767
-47.775361
-39.563955
-45.535887
-56.733259
-41.803429
8.211500
38.071159
6.718517
-26.127108
-0.746398
42.550107
41.803616
14.183431
30.606244
54.493971
43.296599
57.479937
99.283460
100.029951
48.522039
37.324667
89.579070
108.987849
92.565036
91.818545
74.649241
36.578176
44.043090
91.072053
108.987849
94.058019
90.325562
86.593105
69.423801
58.972920
60.465903
36.578176
4.479042
26.873786
75.395732
72.409766
25.380803
-2.239381
-3.732364
-5.225347
3.732551
26.873786
21.648346
-25.380617
-60.465716
-47.028870
-11.197279
-9.704296
-48.521853
-77.635020
-67.184140
-39.563955
-32.099040
-51.507819
-60.465716
-71.663088
-94.057833
-95.550816
-61.212208
-41.056938
-70.916597
-104.508713
-90.325375
-58.972733
-47.775361
-51.507819
-58.226242
-57.479750
-49.268344
-38.070972
-40.310446
-55.986767
-51.507819
-22.394651
-8.211313
-17.915702
-23.887634
-13.436753
10.450974
32.099227
35.085193
11.197465
-16.422719
-8.211313
31.352735
53.747480
42.550107
27.620278
12.690448
6.718517
39.564142
89.579070
110.480832
94.058019
47.775548
-7.464821
-2.239381
69.423801
111.227323
62.705377
3.732551
23.141329
77.635207
94.804511
75.395732
53.000988
35.085193
12.690448
7.465008
35.831684
56.733445
32.845718
-2.985873
-2.239381
19.408872
24.634312
17.915889
12.690448
2.986059
-8.211313
-20.901668
-23.887634
-20.155177
-26.127108
-38.070972
-46.282378
-47.028870
-30.606057
-11.943770
-20.155177
-47.775361
-59.719225
-41.803429
-26.127108
-42.549921
-63.451682
-64.944665
-56.733259
-44.789395
-32.845532
-37.324480
-62.705191
-64.198174
-20.155177
17.169397
-8.211313
-56.733259
-61.958699
-28.366583
-17.169211
-35.085006
-44.789395
-23.141142
8.211500
15.676414
0.000093
-2.985873
26.873786
30.606244
0.746585
-5.971838
13.436940
15.676414
3.732551
8.957991
26.873786
26.127295
27.620278
59.719411
67.184326
29.859752
17.915889
46.282565
53.747480
23.141329
5.225534
10.450974
14.183431
29.859752
61.212394
69.423801
45.536073
28.366769
26.873786
23.141329
23.141329
30.606244
23.887821
-1.492890
-11.197279
14.929923
44.043090
32.845718
-2.985873
-5.225347
29.859752
48.522039
19.408872
-21.648159
-35.831498
-28.366583
-20.901668
-8.957804
2.986059
-8.957804
-26.873600
-23.141142
-11.197279
-11.197279
-17.169211
-18.662194
-26.127108
-41.056938
-38.070972
-30.606057
-35.085006
-42.549921
-38.070972
-24.634125
-20.901668
-22.394651
-19.408685
-20.901668
-24.634125
-14.183245
-7.464821
-29.113074
-51.507819
-38.070972
-12.690262
-10.450787
-10.450787
-0.746398
-2.985873
-14.929736
-8.957804
11.197465
25.380803
18.662380
-6.718330
-29.859566
-29.859566
-5.225347
23.141329
19.408872
1.493076
8.957991
38.071159
53.747480
42.550107
24.634312
2.239568
-19.408685
-5.225347
32.099227
42.550107
16.422906
2.239568
19.408872
37.324667
50.015022
55.986954
27.620278
-11.943770
-14.183245
18.662380
29.113261
7.465008
2.239568
15.676414
19.408872
20.155363
35.085193
44.043090
12.690448
-20.155177
-17.915702
-7.464821
-5.971838
4.479042
20.155363
2.239568
-34.338515
-27.620091
7.465008
7.465008
-18.662194
-21.648159
-4.478856
-6.718330
-16.422719
-11.943770
-7.464821
-17.169211
-27.620091
-26.873600
-19.408685
-14.183245
-23.887634
-38.817463
-18.662194
24.634312
26.127295
-14.929736
-41.056938
-31.352549
-12.690262
-8.957804
-19.408685
-36.577989
-44.789395
-25.380617
16.422906
50.015022
33.592210
-18.662194
-37.324480
-6.718330
11.197465
-23.141142
-44.042904
-14.929736
9.704483
9.704483
21.648346
41.057124
35.085193
20.155363
21.648346
12.690448
-22.394651
-28.366583
12.690448
26.873786
1.493076
-8.957804
8.957991
30.606244
38.071159
37.324667
17.915889
-11.943770
-12.690262
4.479042
14.929923
9.704483
6.718517
14.929923
14.929923
11.197465
12.690448
3.732551
-1.492890
12.690448
26.127295
12.690448
-15.676228
-22.394651
4.479042
34.338701
26.873786
-12.690262
-36.577989
-14.929736
9.704483
13.436940
11.197465
3.732551
-1.492890
2.239568
10.450974
11.943957
-9.704296
-44.042904
-49.268344
-20.155177
4.479042
3.732551
-3.732364
-2.985873
2.986059
8.211500
14.929923
5.225534
-35.831498
-67.184140
-43.296412
-5.971838
-11.943770
-23.887634
9.704483
35.831684
18.662380
1.493076
8.211500
5.225534
-16.422719
-30.606057
-38.817463
-47.028870
-23.141142
35.831684
58.972920
22.394838
-10.450787
2.986059
32.845718
27.620278
-1.492890
-27.620091
-39.563955
-24.634125
1.493076
17.915889
24.634312
23.141329
14.183431
15.676414
17.915889
2.986059
-12.690262
-11.943770
-0.746398
-2.985873
-9.704296
5.972025
17.169397
13.436940
11.197465
5.225534
-6.718330
-5.225347
10.450974
16.422906
5.972025
-2.985873
-2.239381
1.493076
8.211500
8.957991
-5.225347
-19.408685
-15.676228
4.479042
23.887821
21.648346
9.704483
5.225534
4.479042
3.732551
-2.985873
-19.408685
-29.113074
-22.394651
-11.197279
-7.464821
4.479042
27.620278
40.310633
25.380803
2.986059
-12.690262
-26.873600
-33.592023
-23.887634
-14.929736
-16.422719
-11.943770
8.211500
27.620278
35.085193
33.592210
22.394838
-8.211313
-36.577989
-44.042904
-36.577989
-14.929736
1.493076
-2.239381
2.986059
35.831684
55.240463
33.592210
-3.732364
-23.141142
-29.859566
-23.141142
-9.704296
-8.957804
-15.676228
-5.225347
13.436940
20.155363
19.408872
14.929923
1.493076
-11.197279
-17.915702
-19.408685
-13.436753
2.239568
19.408872
11.943957
-10.450787
-9.704296
8.211500
13.436940
4.479042
-6.718330
-11.197279
-4.478856
10.450974
21.648346
25.380803
12.690448
-6.718330
-14.929736
-12.690262
-11.943770
-18.662194
-7.464821
15.676414
17.169397
1.493076
5.972025
21.648346
20.901855
0.000093
-22.394651
-35.085006
-27.620091
-5.971838
3.732551
11.943957
25.380803
31.352735
28.366769
13.436940
-0.746398
-9.704296
-20.901668
-33.592023
-44.042904
-34.338515
5.225534
35.831684
40.310633
30.606244
11.197465
-2.239381
-9.704296
-9.704296
-19.408685
-41.803429
-44.042904
-22.394651
11.197465
29.113261
40.310633
35.831684
12.690448
8.211500
-9.704296
-34.338515
-24.634125
-6.718330
-4.478856
-12.690262
-2.239381
14.183431
16.422906
20.155363
12.690448
1.493076
-16.422719
-28.366583
-5.971838
5.225534
-2.239381
-8.211313
-4.478856
5.225534
8.957991
5.972025
5.972025
7.465008
-5.971838
-9.704296
-2.239381
14.183431
20.901855
14.929923
17.915889
-6.718330
-22.394651
-5.225347
-7.464821
-13.436753
0.000093
14.929923
5.225534
4.479042
26.127295
16.422906
-18.662194
-11.943770
-2.239381
-21.648159
-18.662194
1.493076
8.211500
-2.985873
18.662380
52.254497
23.141329
0.746585
5.972025
-17.169211
-30.606057
-23.887634
-11.943770
-5.971838
-8.211313
4.479042
29.113261
37.324667
20.155363
13.436940
11.197465
-4.478856
-23.141142
-41.056938
-38.070972
-19.408685
11.197465
30.606244
26.127295
27.620278
30.606244
24.634312
5.225534
-20.901668
-33.592023
-27.620091
-27.620091
-8.957804
4.479042
-1.492890
12.690448
14.183431
11.943957
5.972025
-11.943770
-12.690262
-16.422719
-23.141142
-30.606057
-26.873600
-4.478856
0.746585
13.436940
25.380803
4.479042
-8.211313
-2.985873
20.155363
16.422906
-23.887634
-28.366583
-14.183245
0.000093
13.436940
5.972025
-6.718330
3.732551
8.957991
20.901855
20.901855
0.746585
-8.211313
-12.690262
-105.255205
-320.244750
-78.381512
450.134453
318.005462
-82.113969
-183.636810
-195.580673
-60.465716
332.188800
272.469482
-390.414949
-253.060517
413.556371
129.889610
-300.835972
3.732551
194.087877
-64.198174
-119.438543
-50.761327
-108.241171
116.452764
348.611613
48.522039
-394.147406
-58.972733
455.359894
-133.621881
-321.737733
411.316897
-16.422719
-816.661582
223.201045
1051.060092
-360.555290
-701.701894
602.418714
288.892295
-601.672036
-163.481540
422.514269
79.128190
-487.458841
-113.466611
455.359894
143.326457
-12.690262
55.240463
-348.611426
-371.006170
135.861542
486.712536
196.327352
-360.555290
-438.190403
-61.958699
379.217763
320.244937
-40.310446
-212.003486
-2.985873
169.453658
-279.187719
-188.115759
438.937081
5.972025
-550.164125
183.636996
706.927521
-159.002591
-503.135162
214.243147
133.622068
-421.021099
-44.789395
429.979184
53.000988
-252.314026
-58.226242
-2.239381
10.450974
261.272110
186.622962
-241.116653
-122.424509
84.353630
-138.847321
-5.971838
284.413346
15.676414
-288.892108
122.424695
352.344070
-114.959594
-294.117548
-94.057833
90.325562
89.579070
38.817650
23.887821
-105.255205
18.662380
150.791371
-118.692051
-188.115759
55.240463
144.819440
-16.422719
-141.833287
64.198360
87.339596
-162.735048
55.986954
171.693133
-129.889424
-1.492890
57.479937
-225.440332
83.607139
226.187011
-372.499153
-259.032449
507.614297
455.359894
-355.329849
-574.051852
162.735235
409.823914
-161.988557
-285.906142
155.270320
297.850192
-236.637705
-229.172790
479.994112
187.369454
-531.501838
-258.285957
685.279268
397.880050
-1005.523925
-257.539466
1028.665347
-100.029764
-592.714139
381.457238
223.201045
-351.597392
67.184326
323.230902
-214.989452
-382.203542
117.945747
364.287934
-75.395546
-94.057833
134.368559
-203.792080
17.169397
244.849297
22.394838
-320.244750
-200.806114
656.166101
70.916784
-707.673826
166.467692
530.755533
-420.274608
-327.709665
779.337194
269.483516
-845.028258
-476.261468
945.804793
484.473061
-1239.922248
-132.875389
1117.497833
-217.228926
-627.052747
426.246726
71.663275
-734.547519
206.778232
1092.863614
-356.076341
-1257.838044
527.023075
1027.172364
-636.010644
-799.492278
633.771356
556.882734
-518.811483
-314.272818
269.483516
199.313317
-116.452577
-300.089480
-193.341199
834.577564
247.088772
-1422.066169
273.962465
1124.962748
-634.517661
-641.236085
309.794056
580.770462
74.649241
-461.331639
-89.578884
254.553687
45.536073
-190.355233
-164.974523
268.737025
325.470377
-282.173685
-494.923755
323.230902
751.717010
-571.065886
-711.406283
893.550390
584.502919
-817.408073
-408.330744
402.358999
148.551897
31.352735
-238.130688
-41.803429
567.333615
-117.945560
-591.221156
154.523829
628.545916
-378.471085
-604.658002
713.645944
276.201939
-621.080815
61.212394
399.373033
-357.569324
-346.371952
792.774041
271.722991
-945.058115
-33.592023
672.588913
-18.662194
-390.414949
-199.313131
286.652820
341.146698
-97.790290
-353.836866
105.255391
344.132664
-486.712349
-108.241171
471.036215
20.155363
-6.718330
-452.373741
-99.283273
633.771356
-173.932421
-469.543045
210.510690
310.540547
-124.663983
-250.821043
-68.677122
212.750164
129.889610
-318.005275
-164.228031
330.695817
252.314212
-406.091270
-396.386880
262.018601
321.737919
-41.803429
-279.934210
71.663275
389.668644
-109.734154
-529.262363
36.578176
629.292408
-95.550816
-667.363286
147.058914
733.054723
-46.282378
-667.363286
39.564142
565.094141
61.212394
-499.402704
-29.113074
479.247621
-89.578884
-399.372846
20.155363
504.628331
106.748374
-554.643073
70.170292
633.024865
-4.478856
-683.786099
-108.241171
667.363473
119.438729
-442.669352
-120.931526
373.992323
235.144908
-309.793869
-105.255205
128.396627
8.211500
122.424695
-29.113074
-94.804324
41.057124
-34.338515
-175.425404
-61.212208
309.794056
120.931712
-319.498258
-220.214892
164.228218
211.257181
-203.045588
-373.992136
-45.535887
304.568616
161.988744
-262.018415
-262.018415
99.283460
63.451869
-214.242960
-80.620986
188.862437
83.607139
-259.778940
-120.185034
229.919468
35.831684
-275.455261
-54.493784
205.285249
100.029951
19.408872
-133.621881
-81.367478
122.424695
97.043985
111.973815
34.338701
-61.212208
25.380803
199.313317
17.169397
-270.976313
80.621173
426.993218
157.509795
-225.440332
-29.859566
382.950221
159.749269
-327.709665
-192.594708
397.133559
402.358999
-189.608742
-270.229821
222.454553
361.301968
-138.100830
-501.642179
91.072053
638.250305
16.422906
-572.558869
-137.354338
320.244937
21.648346
-330.695631
-172.439438
194.087877
153.777337
-230.665773
-227.679807
-29.113074
42.550107
-155.270134
-297.850006
103.015917
191.101911
-179.904352
-294.117548
-14.929736
126.157153
-130.635915
-158.256100
14.183431
65.691343
-37.324480
-136.607847
-74.649054
-3.732364
59.719411
51.508005
-4.478856
-1.492890
23.887821
-20.901668
-67.184140
26.127295
104.508900
43.296599
-13.436753
65.691343
93.311528
4.479042
-26.127108
-17.169211
19.408872
144.819440
171.693133
-21.648159
-29.113074
132.129085
119.438729
29.859752
-46.282378
-2.985873
188.862437
263.511584
-4.478856
-173.185929
160.495761
326.216868
85.100122
-7.464821
3.732551
-144.072762
-37.324480
300.836158
217.229113
-138.847321
-273.962278
-78.381512
147.805406
111.973815
-113.466611
-319.498258
-165.721014
140.340491
129.143119
-145.565745
-259.778940
-199.313131
-209.017520
13.436940
200.059809
-48.521853
-309.793869
-159.002591
135.115050
62.705377
-144.819253
-226.186824
-108.987662
105.255391
87.339596
-55.986767
-58.972733
63.451869
-10.450787
-148.551710
41.057124
201.552792
21.648346
-200.806114
-111.973628
152.284354
210.510690
27.620278
-212.003486
-107.494679
229.172976
145.565931
-129.142932
-103.762222
90.325562
87.339596
-71.663088
13.436940
167.960675
53.000988
-105.255205
-4.478856
173.186116
153.030846
20.901855
-55.240276
8.211500
158.256286
176.918573
51.508005
61.212394
141.086982
130.636102
201.552792
272.469482
8.211500
-382.203542
-207.524537
399.373033
486.712536
-52.254310
-347.118443
-73.156071
168.707167
71.663275
-141.086796
-291.131582
-229.919281
2.239568
133.622068
38.071159
-124.663983
-304.568429
-368.766696
-50.014836
215.736130
-17.915702
-326.963173
-258.285957
-6.718330
100.029951
27.620278
-176.171895
-235.144722
4.479042
232.905434
162.735235
-138.100830
-323.977207
-170.199963
228.426485
370.259865
-54.493784
-353.836866
-9.704296
314.273005
130.636102
-157.509608
-206.031554
-42.549921
181.397522
195.580860
-40.310446
-179.157861
-58.226242
52.254497
79.874681
111.973815
-14.183245
-149.298202
-1.492890
194.087877
139.593999
-73.156071
-102.269239
111.227323
262.018601
196.327352
21.648346
-85.846426
14.929923
235.891400
235.144908
80.621173
120.931712
246.342280
170.946641
-109.734154
-181.397335
80.621173
226.187011
103.015917
-20.901668
-20.155177
-43.296412
-106.001696
-70.170105
-76.142037
-203.045588
-179.904352
20.155363
112.720306
-22.394651
-231.412264
-343.385986
-274.708770
-12.690262
105.255391
-77.635020
-198.566639
-81.367478
38.817650
20.155363
-38.070972
-170.199963
-206.778046
34.338701
227.679994
163.481727
-79.128003
-274.708770
-152.284168
248.581755
401.612507
10.450974
-281.427193
-69.423614
181.397522
147.058914
-47.775361
-217.228926
-191.101725
137.354525
350.851087
117.945747
-201.552605
-282.173685
-124.663983
130.636102
230.665959
4.479042
-232.905247
-61.212208
219.468587
177.665065
-2.985873
-142.579779
-111.973628
194.087877
414.302863
194.834369
-173.932421
-99.283273
240.370349
359.808985
256.046670
108.241357
73.902749
40.310633
-44.042904
-57.479750
113.466798
209.764198
-26.127108
-106.001696
54.493971
108.987849
-76.142037
-306.807903
-286.652633
-148.551710
22.394838
26.873786
-144.819253
-153.777151
-135.861355
-232.905247
-227.679807
-63.451682
-11.943770
-109.734154
-108.241171
-27.620091
-20.155177
-39.563955
-69.423614
-130.635915
-42.549921
153.777337
160.495761
34.338701
-3.732364
-61.958699
-123.171000
55.986954
253.807195
132.129085
-68.677122
-20.901668
91.072053
70.916784
29.113261
-73.156071
-156.763117
-5.225347
193.341386
124.664170
-98.536782
-170.946455
-125.410475
-32.845532
94.058019
100.029951
-26.127108
-96.297307
1.493076
111.973815
92.565036
-8.211313
-97.043799
42.550107
299.343175
268.737025
13.436940
-82.113969
100.029951
326.216868
353.090561
228.426485
98.536968
-36.577989
-128.396441
-38.070972
194.087877
228.426485
-70.170105
-212.003486
-2.239381
143.326457
19.408872
-240.370162
-388.175474
-226.933315
57.479937
87.339596
-103.762222
-235.891213
-272.469295
-255.299992
-130.635915
-23.141142
-91.071867
-161.988557
-107.494679
-15.676228
61.212394
46.282565
-97.790290
-188.862250
-29.859566
167.214184
165.721201
60.465903
-54.493784
-84.353443
6.718517
141.086982
183.636996
93.311528
10.450974
-21.648159
34.338701
95.551002
10.450974
-142.579779
-160.495574
29.859752
164.228218
102.269426
-42.549921
-165.721014
-158.256100
-29.859566
53.747480
-4.478856
-81.367478
-42.549921
68.677309
129.143119
97.790477
-6.718330
-88.085901
43.296599
258.286144
227.679994
58.972920
-4.478856
94.058019
309.794056
382.203729
255.300178
82.114156
-120.185034
-168.706980
50.761514
275.455448
220.961570
-47.775361
-181.397335
-58.972733
91.072053
30.606244
-239.623671
-429.232505
-257.539466
68.677309
128.396627
-46.282378
-232.905247
-347.864935
-276.201753
-83.606952
2.239568
-86.592918
-184.383301
-147.805219
-23.141142
107.494866
73.156258
-131.382406
-186.622776
-3.732364
182.144013
203.045775
108.241357
-23.141142
-116.452577
-39.563955
134.368559
185.129979
92.565036
11.943957
5.225534
76.888715
130.636102
17.915889
-166.467506
-200.059622
-43.296412
103.015917
98.536968
-9.704296
-135.861355
-158.256100
-76.888529
-17.915702
-21.648159
-46.282378
-61.958699
-20.901668
103.762408
172.439624
52.254497
-82.113969
-12.690262
164.228218
247.088772
151.537863
25.380803
73.902749
279.934397
400.866016
309.047564
156.016812
-82.860461
-238.130688
-30.606057
249.328246
241.863332
17.169397
-114.959594
-115.706085
-7.464821
100.776443
-110.480645
-436.697420
-353.090375
10.450974
98.536968
-7.464821
-120.185034
-338.907037
-367.273713
-94.057833
34.338701
-118.692051
-182.890318
-109.734154
-78.381512
34.338701
135.861542
-36.577989
-198.566639
-67.930631
125.410661
200.059809
171.693133
28.366769
-102.269239
-13.436753
101.522934
29.859752
83.607139
231.412451
100.029951
-49.268344
59.719411
112.720306
-49.268344
-188.115759
-199.313131
-76.888529
126.903644
164.228218
-27.620091
-178.411369
-141.833287
-86.592918
-54.493784
5.972025
-60.465716
-118.692051
32.099227
168.707167
144.072948
55.240463
-23.887634
-34.338515
148.551897
314.273005
150.791371
3.732551
176.172082
359.062493
332.188800
271.722991
126.157153
-217.228926
-262.764906
100.029951
315.765988
173.186116
-36.577989
-123.171000
-113.466611
36.578176
35.831684
-279.187719
-457.599182
-233.651739
27.620278
43.296599
-18.662194
-163.481540
-335.174579
-282.920176
-76.888529
4.479042
-81.367478
-179.904352
-205.285063
-38.817463
193.341386
93.311528
-186.622776
-147.058727
75.395732
145.565931
178.411556
161.988744
1.493076
-81.367478
49.268531
78.381698
-38.817463
40.310633
183.636996
127.650136
14.929923
38.071159
42.550107
-56.733259
-133.621881
-173.185929
-87.339409
45.536073
57.479937
-29.113074
-69.423614
