-4.702390
-1.567594
-0.000196
3.134600
-0.000196
1.567202
-0.000196
-0.000196
-1.567594
-0.000196
-0.000196
-3.134992
3.134600
1.567202
-1.567594
-4.702390
-0.000196
6.269396
-0.000196
-3.134992
-0.000196
1.567202
4.701998
-1.567594
-3.134992
-1.567594
-4.702390
-3.134992
4.701998
4.701998
-1.567594
-1.567594
-0.000196
-1.567594
-0.000196
-0.000196
-0.000196
-1.567594
-1.567594
1.567202
1.567202
-4.702390
-4.702390
-1.567594
-0.000196
1.567202
-1.567594
-3.134992
-1.567594
1.567202
3.134600
-0.000196
-3.134992
-4.702390
-0.000196
-3.134992
-3.134992
1.567202
1.567202
4.701998
3.134600
-1.567594
-3.134992
1.567202
3.134600
-0.000196
1.567202
1.567202
-0.000196
1.567202
1.567202
-4.702390
-3.134992
3.134600
3.134600
3.134600
3.134600
1.567202
1.567202
-0.000196
-1.567594
1.567202
-0.000196
4.701998
3.134600
-7.837186
-1.567594
3.134600
3.134600
-0.000196
-0.000196
1.567202
-3.134992
-3.134992
-0.000196
-1.567594
-6.269788
-1.567594
4.701998
-1.567594
-4.702390
-3.134992
1.567202
6.269396
-0.000196
-0.000196
6.269396
3.134600
-6.269788
-1.567594
-1.567594
-3.134992
6.269396
-6.269788
-9.404584
-0.000196
-0.000196
7.836794
4.701998
-10.971982
-3.134992
9.404192
6.269396
-0.000196
-0.000196
-6.269788
-4.702390
9.404192
-0.000196
-7.837186
4.701998
10.971590
4.701998
-1.567594
-1.567594
3.134600
9.404192
4.701998
-12.539380
-6.269788
10.971590
-0.000196
-7.837186
-1.567594
-4.702390
-4.702390
1.567202
-1.567594
-4.702390
9.404192
9.404192
-12.539380
-6.269788
9.404192
4.701998
-3.134992
-0.000196
-0.000196
3.134600
10.971590
-6.269788
-4.702390
4.701998
-4.702390
-1.567594
4.701998
7.836794
12.538989
-3.134992
-6.269788
1.567202
-3.134992
6.269396
7.836794
-9.404584
1.567202
3.134600
-10.971982
4.701998
12.538989
3.134600
3.134600
-0.000196
-9.404584
-0.000196
7.836794
-0.000196
1.567202
7.836794
-9.404584
-6.269788
12.538989
-0.000196
-7.837186
4.701998
10.971590
4.701998
-0.000196
-3.134992
-6.269788
-3.134992
-1.567594
-0.000196
4.701998
-3.134992
-10.971982
-1.567594
-0.000196
-1.567594
1.567202
4.701998
-6.269788
-6.269788
4.701998
6.269396
-0.000196
-10.971982
-9.404584
4.701998
-0.000196
-4.702390
-6.269788
1.567202
9.404192
-0.000196
-10.971982
-6.269788
17.241183
18.808581
-9.404584
-18.808973
-1.567594
12.538989
3.134600
-7.837186
-3.134992
7.836794
3.134600
-6.269788
-4.702390
-10.971982
1.567202
29.780367
-10.971982
-29.780759
20.375979
9.404192
-15.674177
9.404192
7.836794
-9.404584
-1.567594
4.701998
9.404192
-1.567594
-9.404584
-6.269788
-6.269788
6.269396
10.971590
6.269396
4.701998
-9.404584
-15.674177
-0.000196
15.673785
1.567202
-12.539380
-6.269788
1.567202
3.134600
3.134600
-3.134992
1.567202
9.404192
1.567202
-0.000196
-1.567594
3.134600
-0.000196
-15.674177
12.538989
25.078173
-17.241575
-23.511167
3.134600
20.375979
7.836794
-12.539380
-3.134992
-1.567594
-7.837186
3.134600
18.808581
9.404192
-21.943769
-20.376371
18.808581
15.673785
-7.837186
1.567202
7.836794
-0.000196
-15.674177
-14.106778
28.212969
28.212969
-15.674177
-25.078565
-0.000196
23.510775
12.538989
-17.241575
-14.106778
4.701998
14.106387
10.971590
-0.000196
-17.241575
-1.567594
15.673785
-4.702390
-0.000196
20.375979
-17.241575
-10.971982
37.617357
-7.837186
-36.050351
23.510775
17.241183
-17.241575
-12.539380
9.404192
21.943377
-21.943769
-29.780759
10.971590
7.836794
25.078173
31.347765
-29.780759
-26.645963
14.106387
-4.702390
1.567202
25.078173
-15.674177
-12.539380
21.943377
-4.702390
-14.106778
3.134600
1.567202
-6.269788
3.134600
-0.000196
-12.539380
4.701998
10.971590
-7.837186
3.134600
20.375979
-4.702390
-26.645963
-14.106778
17.241183
20.375979
-18.808973
-20.376371
15.673785
4.701998
-18.808973
4.701998
15.673785
9.404192
-7.837186
-17.241575
4.701998
-0.000196
1.567202
15.673785
-23.511167
-25.078565
20.375979
20.375979
-6.269788
-21.943769
-7.837186
3.134600
6.269396
20.375979
21.943377
9.404192
-21.943769
-18.808973
20.375979
10.971590
-10.971982
6.269396
4.701998
-12.539380
-4.702390
18.808581
4.701998
-18.808973
9.404192
12.538989
4.701998
-4.702390
-7.837186
45.454348
-18.808973
-21.943769
64.263124
-21.943769
105.015474
-278.997050
-711.598914
692.789746
1045.454309
-717.868506
-606.583244
351.096969
101.880678
103.448076
-39.185147
-266.457866
155.172212
137.930833
-106.583264
4.701998
23.510775
-12.539380
-90.909283
-26.645963
184.952775
51.723940
-153.605206
-47.022138
90.908891
47.021746
-75.235303
-10.971982
134.796037
-34.482953
-152.037808
79.937105
50.156542
-128.526837
9.404192
57.993532
15.673785
23.510775
-20.376371
57.993532
10.971590
-115.987652
37.617357
42.319552
-56.426526
31.347765
-73.667905
-62.696118
128.526445
15.673785
-4.702390
-25.078565
-106.583264
103.448076
100.313280
-83.072293
-136.363827
-50.156934
199.059357
76.802309
-169.279186
6.269396
43.886950
-72.100507
-15.674177
40.752154
3.134600
-111.285458
-9.404584
159.874406
141.065629
53.291338
-299.373225
-286.834040
282.131454
311.912018
26.645571
-61.128720
-255.486079
64.263124
394.984115
-768.025244
-909.091069
1086.206658
1090.908852
-420.062875
-445.141244
-352.664759
-84.639691
622.256833
130.093843
-235.109905
-73.667905
-158.307400
250.783493
-105.015866
-390.282312
581.504483
56.426134
-534.482934
391.849319
72.100115
-310.345011
214.733338
-122.257244
-81.504895
401.253707
68.965319
-95.611477
-109.718060
-462.382623
-346.395167
293.103241
636.363416
322.883804
-605.015846
-746.081671
554.858717
769.592250
-211.598934
-575.235283
-507.837167
409.090697
1095.611046
-64.263516
-1062.696079
-652.037788
368.338348
913.792872
92.476289
-305.642817
47.021746
-250.783885
-70.533109
130.093843
4.701998
76.802309
-463.950021
50.156542
880.877513
-105.015866
-398.119303
-188.087963
-336.990778
534.482542
231.974717
-587.774468
175.548387
384.012328
210.031144
-150.470409
-658.307380
311.912018
468.651823
-547.022118
-26.645963
572.100095
64.263124
-363.636545
-315.047206
219.435532
261.755280
-199.059749
122.256853
241.379105
-150.470409
-67.398312
-115.987652
-54.859128
166.143998
-142.633419
-10.971982
268.024872
-139.498623
-95.611477
224.137726
-131.661633
-368.338739
36.049959
376.175338
87.774095
-282.131846
-89.341885
194.357163
126.959047
-64.263516
-119.122448
-34.482953
-34.482953
-95.611477
61.128328
86.206697
-161.442196
-14.106778
177.115785
54.858736
3.134600
-144.200817
-65.830914
169.278794
-94.044079
-73.667905
79.937105
-360.501749
-227.272914
195.924561
244.513901
293.103241
-253.918681
-473.354409
144.200425
210.031144
48.589144
142.633027
103.448076
-53.291730
-164.576992
-126.959439
-170.846584
-48.589536
373.040542
147.335221
-109.718060
230.407319
-163.009594
-409.091089
214.733338
169.278794
10.971590
275.861862
90.908891
-103.448468
-89.341885
-148.903011
-70.533109
-37.617749
54.858736
150.470018
-64.263516
-79.937497
94.043688
178.683183
164.576600
-166.144390
-235.109905
175.548387
291.535843
208.463746
20.375979
-326.018992
-183.385769
92.476289
90.908891
142.633027
61.128328
32.915163
62.695726
-36.050351
54.858736
-155.172604
-410.658487
56.426134
380.877532
147.335221
-87.774487
-119.122448
-109.718060
-236.677303
-142.633419
79.937105
-31.348157
67.397921
253.918289
-108.150662
-264.890468
10.971590
37.617357
-50.156934
36.049959
180.250581
164.576600
-112.852856
-271.160060
-101.881070
-15.674177
-37.617749
87.774095
175.548387
39.184756
-28.213361
-3.134992
-181.818371
-172.413982
133.228639
217.868134
10.971590
-153.605206
34.482561
141.065629
-153.605206
-217.868526
101.880678
152.037416
25.078173
239.811707
200.626755
-321.316798
-217.868526
344.827377
97.178484
-282.131846
50.156542
203.761552
75.234911
128.526445
48.589144
-246.081691
-341.692973
-1.567594
269.592270
42.319552
-141.066021
163.009202
111.285066
-545.454720
-233.542507
542.319532
-76.802701
-617.555031
123.824251
275.861862
-264.890468
-101.881070
235.109513
-9.404584
-418.495477
-228.840312
340.125183
195.924561
-206.896740
-40.752545
-95.611477
-294.671031
106.582872
302.507629
-12.539380
-119.122448
83.071901
228.839921
-21.943769
-184.953167
36.049959
34.482561
-64.263516
230.407319
416.927687
-57.993924
-418.495477
43.886950
349.529571
-10.971982
21.943377
235.109513
-54.859128
40.752154
347.962173
37.617357
-148.903011
95.611086
214.733338
285.266251
235.109513
-53.291730
-4.702390
109.717668
-105.015866
62.695726
365.203552
122.256853
-86.207089
3.134600
-32.915555
-117.555050
-83.072293
-106.583264
-231.975108
-147.335613
-3.134992
-189.655361
-269.592662
-239.812099
-399.686701
-349.529963
-236.677303
-224.138118
-97.178876
-163.009594
-394.984506
-257.053477
-45.454740
-186.520565
-161.442196
-18.808973
-95.611477
-36.050351
95.611086
103.448076
98.745882
1.567202
75.234911
365.203552
340.125183
202.194154
282.131454
352.664367
387.147124
322.883804
172.413590
197.491959
409.090697
473.354018
349.529571
369.905746
376.175338
84.639299
-106.583264
299.372833
747.648678
575.234891
233.542115
247.648697
109.717668
-586.207070
-871.473516
-188.087963
520.375959
297.805435
-398.119303
-570.533089
-543.887322
-614.420235
-485.893594
-523.511147
-705.329322
-493.730584
-184.953167
-103.448468
-1.567594
-216.301128
-815.047186
-884.012700
-297.805827
9.404192
-87.774487
-9.404584
-3.134992
-211.598934
-139.498623
111.285066
115.987260
-61.128720
-39.185147
238.244309
330.720794
238.244309
283.698853
164.576600
-180.250973
-131.661633
324.451202
510.971571
242.946503
-31.348157
-119.122448
98.745882
512.538969
452.977843
39.184756
4.701998
446.708251
686.520153
172.413590
-227.272914
210.031144
706.896328
760.187862
553.291318
611.285047
1051.723901
145.767823
-1592.476623
-981.191380
946.708231
1208.463707
206.896348
-523.511147
-631.661613
-473.354409
-307.210215
-448.276040
-778.997031
-620.689827
-197.492351
-216.301128
-272.727458
-86.207089
-326.018992
-1004.702351
-1073.667865
-112.852856
568.965299
101.880678
-457.680429
-474.921807
-346.395167
-18.808973
346.394775
197.491959
-76.802701
-0.000196
173.980988
304.075027
300.940231
159.874406
-68.965710
-299.373225
43.886950
667.711377
537.617338
-59.561322
-341.692973
-199.059749
202.194154
376.175338
133.228639
-75.235303
23.510775
355.799163
509.404173
390.281920
225.705124
-0.000196
23.510775
333.855590
664.576581
1108.150231
1169.278755
666.143979
97.178484
-573.667885
-669.279167
42.319552
357.366561
432.601668
559.560911
-83.072293
-970.219594
-847.962545
-278.997050
-490.595788
-937.304234
-615.987633
-73.667905
-37.617749
-241.379497
-556.426506
-952.978215
-932.602040
-474.921807
-15.674177
147.335221
7.836794
-194.357555
-384.012720
-384.012720
-47.022138
147.335221
97.178484
216.300736
341.692581
222.570328
98.745882
81.504503
10.971590
-47.022138
181.817979
429.466872
341.692581
199.059357
56.426134
-177.116176
-241.379497
-79.937497
139.498231
268.024872
260.187882
228.839921
184.952775
222.570328
401.253707
311.912018
-84.639691
-68.965710
495.297590
1111.285027
1253.918250
899.686289
543.886930
-45.454740
-833.855963
-877.743108
7.836794
1047.021707
1047.021707
-141.066021
-1031.348118
-771.160040
-184.953167
-269.592662
-887.147497
-1006.269749
-365.203943
125.391649
54.858736
-266.457866
-713.166312
-1010.971943
-854.232137
-362.069147
242.946503
451.410445
-10.971982
-547.022118
-656.739982
-205.329341
294.670639
252.350891
59.560930
53.291338
241.379105
479.623610
366.770950
-29.780759
-280.564448
-139.498623
307.209823
570.532697
410.658095
133.228639
-136.363827
-285.266642
-155.172604
54.858736
181.817979
181.817979
130.093843
159.874406
210.031144
202.194154
214.733338
321.316406
311.912018
100.313280
56.426134
482.758406
1015.673745
1037.617318
710.031124
253.918289
-431.034662
-832.288565
-506.269769
416.927687
1045.454309
443.573454
-625.392021
-868.338720
-437.304254
-68.965710
-333.855982
-1018.808933
-970.219594
-150.470409
418.495085
227.272522
-446.708642
-921.630254
-913.793264
-507.837167
-1.567594
195.924561
95.611086
-98.746274
-289.968837
-283.699244
-76.802701
79.937105
36.049959
-56.426526
128.526445
463.949629
557.993513
263.322678
-272.727458
-543.887322
-164.576992
463.949629
608.150250
318.181610
3.134600
-177.116176
-98.746274
56.426134
3.134600
-111.285458
-47.022138
145.767823
346.394775
434.169066
249.216095
-105.015866
-120.689846
283.698853
456.112639
148.902620
-40.752545
307.209823
725.705105
631.661221
351.096969
178.683183
-210.031536
-576.802681
-405.956293
188.087571
601.880658
449.843047
-72.100507
-490.595788
-492.163186
-233.542507
-120.689846
-304.075419
-520.376351
-459.247827
-48.589536
369.905746
255.485687
-354.232157
-847.962545
-689.655341
-120.689846
241.379105
195.924561
-70.533109
-242.946895
-145.768215
20.375979
-7.837186
-155.172604
-227.272914
-92.476681
153.604814
257.053086
194.357163
-14.106778
-183.385769
-139.498623
-70.533109
-36.050351
72.100115
213.165940
264.890076
111.285066
-86.207089
-126.959439
-67.398312
152.037416
181.817979
-230.407710
-261.755672
203.761552
446.708251
269.592270
-164.576992
-332.288584
20.375979
415.360289
399.686309
36.049959
-202.194545
-37.617749
322.883804
567.397901
341.692581
-95.611477
-81.504895
114.419862
61.128328
-89.341885
-111.285458
144.200425
471.786619
407.523299
-111.285458
-567.398293
-369.906138
239.811707
435.736464
23.510775
-443.573846
-371.473536
213.165940
573.667493
211.598542
-460.815225
-702.194526
-304.075419
225.705124
354.231765
59.560930
-283.699244
-302.508021
-36.050351
133.228639
4.701998
-210.031536
-271.160060
-155.172604
51.723940
137.930833
-14.106778
-221.003322
-261.755672
-111.285458
29.780367
57.993532
14.106387
-65.830914
-101.881070
-36.050351
20.375979
-15.674177
-70.533109
-109.718060
-128.526837
-64.263516
9.404192
3.134600
28.212969
64.263124
-7.837186
-103.448468
-45.454740
183.385377
214.733338
-43.887342
-158.307400
20.375979
250.783493
200.626755
-65.830914
-122.257244
61.128328
214.733338
263.322678
257.053086
159.874406
-73.667905
-224.138118
-56.426526
247.648697
368.338348
272.727066
97.178484
20.375979
21.943377
15.673785
53.291338
61.128328
-18.808973
-73.667905
-1.567594
170.846192
271.159668
148.902620
-120.689846
-275.862254
-205.329341
-40.752545
57.993532
32.915163
-90.909283
-134.796429
-34.482953
31.347765
-25.078565
-180.250973
-272.727458
-167.711788
32.915163
167.711396
144.200425
-4.702390
-163.009594
-192.790157
-90.909283
-42.319943
-109.718060
-167.711788
-147.335613
-62.696118
39.184756
31.347765
-98.746274
-227.272914
-222.570720
-61.128720
42.319552
-17.241575
-70.533109
-72.100507
-51.724332
-42.319943
-172.413982
-224.138118
4.701998
120.689455
-23.511167
-72.100507
97.178484
136.363435
-67.398312
-115.987652
70.532717
203.761552
189.654969
117.554658
40.752154
103.448076
352.664367
460.814833
244.513901
-114.420254
-294.671031
-53.291730
404.388503
608.150250
420.062484
62.695726
-156.740002
-72.100507
144.200425
192.789765
54.858736
-95.611477
-86.207089
105.015474
294.670639
271.159668
-9.404584
-278.997050
-319.749400
-200.627147
-0.000196
153.604814
64.263124
-142.633419
-203.761943
-111.285458
-9.404584
-53.291730
-159.874798
-188.087963
-83.072293
131.661241
239.811707
84.639299
-197.492351
-329.153788
-211.598934
53.291338
214.733338
78.369707
-288.401439
-493.730584
-283.699244
36.049959
141.065629
-6.269788
-257.053477
-269.592662
14.106387
191.222367
-17.241575
-374.608332
-388.714914
-26.645963
277.429260
297.805435
-78.370099
-463.950021
-217.868526
169.278794
158.307008
64.263124
37.617357
86.206697
141.065629
87.774095
78.369707
159.874406
87.774095
-59.561322
184.952775
645.767804
675.548367
255.485687
-230.407710
-498.432778
-332.288584
183.385377
617.554639
706.896328
379.310134
-216.301128
-525.078545
-202.194545
330.720794
352.664367
-108.150662
-369.906138
-136.363827
252.350891
415.360289
164.576600
-347.962565
-619.122429
-405.956293
40.752154
374.607940
366.770950
-40.752545
-515.674157
-518.808953
-83.072293
228.839921
178.683183
-72.100507
-268.025264
-133.229031
235.109513
360.501357
-12.539380
-482.758798
-507.837167
-139.498623
333.855590
581.504483
213.165940
-454.545633
-633.229011
-316.614604
-12.539380
181.817979
188.087571
-115.987652
-297.805827
-89.341885
-4.702390
-228.840312
-332.288584
-261.755672
-12.539380
347.962173
347.962173
-29.780759
-446.708642
-506.269769
-65.830914
377.742736
531.347746
371.473144
134.796037
161.441804
-23.511167
-305.642817
216.300736
788.401027
315.046814
-246.081691
258.620484
1125.391610
1014.106347
-192.790157
-1288.401399
-1037.617710
318.181610
1368.338308
1258.620444
217.868134
-821.316778
-1021.943730
-373.040934
398.118911
539.184736
21.943377
-500.000176
-420.062875
120.689455
504.701979
219.435532
-636.363807
-1166.144351
-667.711769
357.366561
910.658076
584.639280
-302.508021
-1018.808933
-877.743108
-21.943769
628.526425
547.021726
47.021746
-371.473536
-341.692973
139.498231
424.764678
43.886950
-495.297982
-492.163186
15.673785
495.297590
539.184736
57.993532
-644.200798
-822.884176
-266.457866
277.429260
319.749008
50.156542
-255.486079
-307.210215
-68.965710
105.015474
-14.106778
-252.351283
-247.649089
53.291338
376.175338
432.601668
54.858736
-496.865380
-471.787011
239.811707
747.648678
606.582852
117.554658
-189.655361
114.419862
550.156522
373.040542
-98.746274
-78.370099
478.056212
1101.880639
1119.122017
75.234911
-1205.329302
-1401.254060
-225.705516
1357.366522
1731.974658
459.247435
-1084.639652
-1531.348098
-537.617730
843.259959
918.495066
-219.435924
-1064.263477
-791.536215
293.103241
1032.915124
449.843047
-990.595768
-1700.627089
-836.990759
673.980969
1344.827338
659.874386
-713.166312
-1431.034623
-793.103613
399.686309
912.225474
426.332076
-352.664759
-600.313652
-153.605206
490.595396
570.532697
-103.448468
-700.627128
-542.319924
133.228639
749.216076
722.570309
-86.207089
-913.793264
-890.282293
-194.357555
373.040542
504.701979
169.278794
-405.956293
-474.921807
-47.022138
134.796037
-4.702390
-156.740002
-158.307400
59.560930
343.259979
346.394775
-36.050351
-333.855982
-158.307400
152.037416
351.096969
598.745862
589.341474
97.178484
-194.357555
131.661241
409.090697
217.868134
227.272522
764.890056
1136.363396
534.482542
-945.141225
-1579.937438
-336.990778
1139.498192
1340.125143
547.021726
-561.128701
-1200.627108
-771.160040
271.159668
739.811687
78.369707
-793.103613
-794.671011
-9.404584
738.244289
547.021726
-605.015846
-1471.786972
-1039.185108
228.839921
1103.448037
852.664347
-299.373225
-1313.479768
-1137.931186
76.802309
990.595377
757.053066
-90.909283
-658.307380
-496.865380
239.811707
721.002911
274.294464
-615.987633
-844.827749
-133.229031
768.024852
957.680017
106.582872
-981.191380
-1112.852817
-233.542507
648.902600
728.839901
64.263124
-650.470390
-663.009574
75.234911
583.071882
183.385377
-492.163186
-583.072273
-1.567594
689.654949
763.322658
17.241183
-700.627128
-512.539361
324.451202
959.247415
949.843027
431.034270
-271.160060
-496.865380
150.470018
849.529551
949.843027
746.081280
360.501357
-100.313672
-412.225885
-539.185128
-216.301128
545.454328
1023.510736
672.413571
-344.827769
-1172.413943
-880.877904
200.626755
689.654949
92.476289
-724.138099
-852.664739
-141.066021
663.009182
474.921416
-739.812079
-1619.122390
-1086.207050
338.557785
1233.542075
764.890056
-644.200798
-1628.526778
-1150.470370
310.344620
1203.761512
744.513881
-346.395167
-916.928060
-426.332468
561.128309
877.742716
115.987260
-797.805807
-747.649069
213.165940
1070.532677
888.714503
-293.103633
-1277.429613
-1004.702351
137.930833
948.275629
747.648678
-147.335613
-818.181982
-614.420235
75.234911
333.855590
-1.567594
-231.975108
-25.078565
164.576600
163.009202
184.952775
95.611086
-65.830914
-4.702390
213.165940
515.673765
846.394755
815.046794
222.570328
-297.805827
-37.617749
885.579707
1663.009143
1322.883765
-228.840312
-1614.420195
-1250.783846
498.432386
1628.526386
1311.911978
92.476289
-1338.558137
-1794.670972
-576.802681
959.247415
1026.645532
-236.677303
-1340.125535
-1268.025225
-115.987652
913.792872
437.303862
-1136.363788
-1869.906079
-896.551885
702.194134
1358.933920
445.140852
-1271.160021
-2017.241496
-866.771322
943.573435
1568.965260
647.335202
-711.598914
-1252.351244
-442.006448
858.933940
1094.043648
90.908891
-805.642798
-598.746254
369.905746
1025.078134
644.200406
-465.517419
-1159.874759
-697.492332
380.877532
992.162775
681.817959
-221.003322
-957.680409
-863.636526
-47.022138
637.930814
611.285047
62.695726
-445.141244
-387.147516
156.739610
543.886930
423.197280
137.930833
92.476289
352.664367
786.833629
888.714503
390.281920
-47.022138
305.642425
1285.266211
1680.250522
390.281920
-1493.730545
-1672.413923
105.015474
1985.893143
2238.244230
363.636153
-2056.426448
-2482.758719
-570.533089
1390.281881
1313.479376
-368.338739
-1634.796370
-1368.338700
-95.611477
757.053066
134.796037
-1330.721147
-1805.642758
-631.661613
838.557765
1094.043648
-28.213361
-1576.802642
-2007.837108
-658.307380
1112.852425
1579.937046
584.639280
-769.592642
-1318.181962
-626.959419
568.965299
942.006037
255.485687
-355.799555
-200.627147
371.473144
721.002911
293.103241
-688.087943
-1029.780720
-100.313672
1103.448037
1246.081260
231.974717
-1015.674137
-1368.338700
-374.608332
949.843027
1115.987221
134.796037
-667.711769
-547.022118
169.278794
739.811687
568.965299
-25.078565
-9.404584
675.548367
989.027978
589.341474
153.604814
330.720794
1120.689415
1573.667454
669.278775
-1004.702351
-1612.852797
-283.699244
1711.598483
2352.664289
869.905726
-1669.279127
-2871.473438
-1217.868487
1409.090658
1912.225434
141.065629
-1724.138059
-2018.808894
-667.711769
815.046794
633.228619
-1021.943730
-1912.225826
-874.608312
656.739590
1001.567163
-51.724332
-1626.959380
-2095.611399
-633.229011
1316.614173
1742.946444
499.999784
-1026.645924
-1686.520506
-1034.482914
504.701979
1467.084386
1006.269357
-126.959439
-804.075400
-583.072273
213.165940
742.946483
362.068755
-379.310526
-354.232157
405.955901
847.962153
369.905746
-673.981361
-1217.868487
-460.815225
902.821085
1341.692541
429.466872
-769.592642
-1040.752506
-177.116176
945.140833
1297.805396
742.946483
79.937105
-36.050351
329.153396
813.479396
1252.350852
1534.482503
1076.802270
-363.636545
-1595.611419
-1112.852817
890.281901
2460.814755
1956.112580
-427.899866
-2675.548680
-2476.489127
56.426134
2012.538910
1300.940192
-882.445302
-2119.122370
-1490.595749
48.589144
777.429241
-189.655361
-1586.207030
-1456.112992
-10.971982
890.281901
398.118911
-891.849691
-1926.332409
-1478.056564
445.140852
1849.529512
1268.024833
-503.134972
-1840.125516
-1678.683516
51.723940
1788.400988
1622.256794
-72.100507
-1192.790118
-774.294836
326.018600
894.984095
415.360289
-438.871652
-387.147516
554.858717
885.579707
28.212969
-910.658467
-916.928060
-3.134992
1028.212930
1083.071862
1.567202
-921.630254
-699.059730
166.143998
816.614192
1017.241144
789.968425
294.670639
-6.269788
152.037416
648.902600
1478.056172
2178.683104
1373.040503
-1001.567555
-2503.134894
-1128.526797
1909.090638
3489.027881
1909.090638
-1636.363768
-3876.175593
-2435.736778
1150.469978
2873.040444
1219.435493
-1520.376312
-2771.159962
-1844.827710
188.087571
1214.733299
148.902620
-1463.949982
-1557.993865
-388.714914
467.084425
268.024872
-777.429633
-1705.329283
-1094.044040
858.933940
1871.473085
713.165920
-1244.514254
-2057.993846
-1020.376331
1070.532677
2208.463667
1125.391610
-826.018972
-1432.602021
-521.943749
601.880658
1108.150231
777.429241
-17.241575
-387.147516
-177.116176
-42.319943
-70.533109
40.752154
161.441804
159.874406
145.767823
43.886950
-224.138118
-286.834040
54.858736
479.623610
813.479396
951.410425
525.078153
-203.761943
-239.812099
655.172192
1860.501299
2514.106289
1333.855551
-1526.645904
-3065.830797
-989.028370
2658.306910
3956.112502
1636.363376
-2305.642739
-4380.877767
-2382.445244
1681.817920
3332.288075
1189.654930
-1904.388836
-3186.520447
-2137.931147
227.272522
1652.037357
547.021726
-1449.843399
-1827.586331
-764.890448
178.683183
316.614212
-449.843438
-1385.580079
-879.310506
920.062464
1532.915105
65.830522
-1496.865341
-1547.022079
-173.981380
1578.369648
1931.034211
291.535843
-1363.636506
-1205.329302
68.965319
1028.212930
1246.081260
669.278775
-322.884196
-753.918662
-376.175730
98.745882
418.495085
581.504483
203.761552
-399.686701
-440.439050
-141.066021
-6.269788
192.789765
509.404173
578.369687
565.830503
545.454328
128.526445
-216.301128
394.984115
1484.325765
2214.733260
2012.538910
9.404192
-2650.470312
-2501.567496
1120.689415
4133.228482
3239.811589
-550.156914
-4070.532952
-4166.144233
-274.294856
3578.369570
3084.639182
-557.993904
-3304.075302
-3451.410719
-1340.125535
1518.808522
2260.187803
-36.050351
-2288.401360
-2195.924875
-871.473516
310.344620
739.811687
-139.498623
-1233.542467
-568.965691
764.890056
431.034270
-744.514273
-946.708623
-293.103633
730.407299
1518.808522
780.564037
-970.219594
-1407.523652
-117.555050
1141.065590
1473.353978
888.714503
-467.084817
-1305.642778
-550.156914
692.789746
995.297571
540.752134
-180.250973
-843.260351
-666.144370
191.222367
540.752134
250.783493
48.589144
51.723940
200.626755
592.476270
741.379085
300.940231
100.313280
719.435513
1561.128270
2089.341415
1332.288153
-1294.670992
-2985.893496
-688.087943
3305.642308
4117.554502
943.573435
-3090.909166
-4562.695942
-1824.451535
2724.137628
4010.971434
753.918270
-3004.702273
-4007.837029
-2274.294778
982.758386
3065.830405
1315.046774
-2285.266564
-3391.849593
-1659.874739
471.786619
1512.538930
761.755260
-1213.166293
-1815.047147
-219.435924
800.940212
73.667513
-489.028390
-206.896740
189.654969
539.184736
393.416717
-460.815225
-703.761924
288.401047
1045.454309
746.081280
153.604814
-368.338739
-606.583244
-14.106778
799.372814
733.542095
47.021746
-432.602060
-557.993904
-280.564448
340.125183
540.752134
106.582872
-191.222759
-144.200817
-21.943769
399.686309
954.545221
902.821085
302.507629
25.078173
443.573454
1438.871221
2338.557706
1195.924522
-1832.288525
-2746.081593
352.664367
3697.491822
3247.648580
-255.486079
-3595.611340
-3840.125437
-261.755672
3512.538851
3067.397803
-753.918662
-3639.498486
-3581.504758
-1045.454700
2255.485609
2971.786521
-293.103633
-3550.156797
-3062.696001
-446.708642
1456.112600
1587.774037
-183.385769
-2163.009516
-1702.194487
432.601668
1064.263085
97.178484
-432.602060
-302.508021
-7.837186
363.636153
184.952775
-452.978235
-249.216487
739.811687
987.460580
307.209823
-379.310526
-710.031516
-233.542507
967.084406
1340.125143
175.548387
-1047.022098
-1029.780720
-86.207089
909.090678
1057.993493
18.808581
-979.623982
-735.109885
197.491959
882.444911
1083.071862
746.081280
67.397921
-266.457866
206.896348
1199.059318
2268.024794
2222.570250
-272.727458
-2967.084719
-1891.849652
2235.109434
4308.777065
1959.247376
-2078.370020
-4191.222602
-2529.780661
1620.689396
3874.607803
1652.037357
-2291.536156
-4017.241418
-2637.931127
578.369687
3037.617240
1826.018541
-2095.611399
-3874.608195
-1938.871593
708.463726
1769.592211
890.281901
-1205.329302
-2293.103554
-876.175710
985.893182
873.040522
-188.087963
-526.645943
-316.614604
131.661241
407.523299
-105.015866
-504.702371
282.131454
1148.902580
692.789746
-300.940623
-736.677283
-496.865380
573.667493
1557.993473
863.636134
-851.097341
-1470.219574
-520.376351
835.422969
1394.984075
540.752134
-1017.241535
-1349.529924
-95.611477
1045.454309
1159.874367
626.959027
7.836794
-206.896740
192.789765
835.422969
1299.372794
1879.310075
1761.755221
-526.645943
-2758.620777
-1266.457827
2647.335124
3973.353880
1282.131415
-2304.075341
-3877.742991
-2045.454661
1960.814774
3785.266113
1202.194114
-2584.639593
-3920.062738
-2388.714836
819.748988
3181.817861
1630.093784
-2485.893515
-3910.658350
-1688.087904
813.479396
1791.535784
968.651804
-1252.351244
-2525.078467
-1070.533069
935.736445
993.730173
100.313280
-420.062875
-609.718040
-186.520565
365.203552
-31.348157
-427.899866
454.545241
1313.479376
559.560911
-747.649069
-1065.830875
-244.514293
1250.783454
1884.012269
385.579726
-1543.887283
-1542.319885
86.206697
1471.786580
1427.899435
-26.645963
-1575.235244
-1319.749361
468.651823
1567.397862
1181.817940
145.767823
-473.354409
-169.279186
595.611066
1120.689415
1332.288153
1777.429202
1420.062444
-1031.348118
-2764.890370
-575.235283
3241.378987
3738.244172
498.432386
-2862.069049
-3789.968699
-1377.743089
2650.469920
3794.670502
525.078153
-3304.075302
-4070.532952
-1746.081632
1763.322619
3481.190890
929.466852
-3369.906020
-4014.106622
-1094.044040
1454.545202
2048.589065
689.654949
-1829.153729
-2822.884098
-865.203924
1332.288153
1294.670600
117.554658
-741.379477
-916.928060
-189.655361
445.140852
78.369707
-51.724332
736.676891
879.310114
-222.570720
-937.304234
-473.354409
536.049940
1501.567143
1266.457435
-523.511147
-1717.868467
-844.827749
849.529551
1645.767765
899.686289
-826.018972
-1811.912351
-653.605186
1258.620444
1595.611027
528.212950
-498.432778
-526.645943
385.579726
1163.009163
1097.178444
738.244289
1228.839881
1489.027959
-498.432778
-2394.984428
-675.548759
2863.636056
3490.595279
547.021726
-2639.498525
-3608.150525
-1396.551865
2617.554560
3876.175201
471.786619
-3534.482816
-4161.442039
-1521.943710
2112.852386
3683.385240
802.507610
-3826.018855
-4336.990622
-879.310506
1970.219163
2394.984036
567.397901
-2393.417030
-3335.423263
-760.188254
1979.623551
1788.400988
-39.185147
-1357.366914
-1445.141205
-108.150662
1105.015435
557.993513
-269.592662
147.335221
561.128309
26.645571
-457.680429
-335.423380
225.705124
1170.846153
1274.294425
-318.182002
-1612.852797
-912.225866
717.868115
1614.419804
1004.701959
-775.862234
-1949.843380
-815.047186
1318.181571
1816.614153
601.880658
-716.301108
-858.934332
343.259979
1545.454289
1463.949590
551.723920
587.774076
1380.877493
239.811707
-1910.658428
-1075.235264
2288.400968
3484.325686
916.927668
-2213.166253
-3368.338622
-1719.435865
2097.178405
3954.545104
946.708231
-3333.855865
-4236.677146
-1721.003263
1855.799104
3692.789628
1225.705085
-3644.200680
-4727.272738
-1111.285419
2128.526366
2537.617259
656.739590
-2398.119224
-3628.526700
-1037.617710
2163.009124
2210.031065
81.504503
-1710.031477
-1945.141186
-269.592662
1504.701939
1040.752114
-324.451594
-253.918681
277.429260
-48.589536
-269.592662
108.150270
470.219221
865.203532
780.564037
-470.219613
-1296.238390
-355.799555
984.325784
1261.755241
476.488814
-879.310506
-1615.987593
-412.225885
1501.567143
1634.795978
155.172212
-923.197652
-626.959419
669.278775
1625.391590
1266.457435
247.648697
307.209823
1499.999745
818.181590
-1617.554991
-1442.006409
1761.755221
3431.034152
1268.024833
-1910.658428
-3227.272797
-1860.501690
1750.783435
3907.523162
1197.491920
-3231.974991
-4211.598777
-1575.235244
1899.686250
3479.623492
1092.476250
-3553.291593
-4725.705340
-985.893574
2445.140774
2523.510677
278.996658
-2663.009496
-3578.369962
-821.316778
2415.360211
2304.074949
-197.492351
-2189.655283
-2087.774409
120.689455
2056.426056
1192.789726
-931.034642
-1070.533069
241.379105
747.648678
424.764678
-29.780759
-322.884196
197.491959
957.680017
432.601668
-677.116157
-706.896720
145.767823
888.714503
904.388483
-148.903011
-1336.990739
-868.338720
851.096949
1515.673726
557.993513
-584.639671
-738.244681
316.614212
1438.871221
1289.968406
379.310134
70.532717
1166.143959
1532.915105
-735.109885
-2092.476603
322.883804
3297.805317
2531.347667
-893.417089
-3112.852739
-2617.554952
481.191008
3673.980851
2645.767725
-2021.943690
-4512.539204
-2523.511069
1134.795998
3384.012211
2137.930755
-2266.457787
-5000.000000
-2336.990700
1923.197221
2931.034172
896.551493
-2070.533030
-3598.746136
-1711.598875
1793.103182
2650.469920
427.899474
-1927.899807
-2431.034583
-575.235283
1847.962114
1742.946444
-603.448448
-1614.420195
-235.109905
990.595377
791.535823
-6.269788
-550.156914
-105.015866
893.416697
771.159648
-401.254099
-796.238409
-43.887342
789.968425
971.786600
172.413590
-1075.235264
-1097.178836
481.191008
1576.802250
862.068736
-485.893594
-868.338720
134.796037
1399.686270
1349.529532
413.792891
-28.213361
898.118891
1833.855532
-12.539380
-2269.592583
-565.830895
3018.808463
3173.980871
-203.761943
-2965.517321
-2979.623904
-217.868526
3354.231648
3310.344502
-1197.492312
-4551.724155
-3101.880952
600.313260
3186.520055
2620.689357
-1440.439011
-4913.793107
-3061.128603
1456.112600
2998.432288
1230.407279
-1637.931166
-3496.865263
-2158.307321
1363.636114
2705.328852
768.024852
-1489.028351
-2409.091011
-1282.131807
1402.821066
2318.181531
144.200425
-1788.401380
-1018.808933
590.908872
1117.554619
697.491940
-278.997050
-708.464118
173.980988
851.096949
231.974717
-385.580118
-189.655361
200.626755
489.027998
402.821105
-380.877924
-862.069128
-9.404584
1031.347726
832.288173
-131.661633
-576.802681
56.426134
1073.667474
1169.278755
473.354018
101.880678
708.463726
1857.366502
826.018580
-2014.106700
-1650.470351
2188.087493
3783.698715
890.281901
-2471.786933
-3235.109787
-1227.272875
2523.510677
3981.190871
199.059357
-4221.003165
-3749.216350
-153.605206
2619.121958
2938.871162
-95.611477
-4264.890311
-4018.808816
525.078153
3012.538871
1608.150211
-979.623982
-3007.837069
-2728.840214
398.118911
2681.817881
1319.748969
-1048.589497
-2111.285380
-1778.996991
396.551513
2391.849240
1153.604775
-1515.674118
-1595.611419
216.300736
989.027978
727.272503
188.087571
-399.686701
-253.918681
401.253707
300.940231
-175.548778
4.701998
363.636153
302.507629
48.589144
-319.749400
-518.808953
106.582872
932.601648
746.081280
-189.655361
-609.718040
73.667513
1169.278755
1307.209784
363.636153
-161.442196
496.864988
1916.927629
1584.639240
-1474.921768
-2393.417030
1139.498192
3819.748871
1768.024813
-1711.598875
-3000.000078
-1948.275982
1258.620444
3954.545104
1615.987202
-3451.410719
-4282.131690
-824.451574
2131.661163
2736.676813
699.059338
-3208.464020
-4349.529806
-573.667885
2673.980891
1898.118852
-431.034662
-2442.006370
-2926.332370
-498.432778
2318.181531
1739.811648
-625.392021
-1727.272856
-1854.232098
-534.482934
1982.758347
1999.999726
-775.862234
-1920.062817
-449.843438
763.322658
1084.639260
783.698833
-448.276040
-910.658467
227.272522
833.855571
219.435532
-122.257244
-17.241575
31.347765
266.457474
224.137726
-387.147516
-368.338739
481.191008
761.755260
199.059357
-282.131846
-166.144390
592.476270
1191.222328
675.548367
61.128328
264.890076
1236.676872
1978.056153
34.482561
-2568.965613
-836.990759
3231.974599
3286.833531
-456.113031
-2808.777515
-2468.652137
-296.238429
3057.993415
3404.388385
-1398.119263
-4840.125398
-2413.793205
1413.792852
2675.548289
1659.874347
-1500.000137
-4448.275884
-2559.561224
1909.090638
2699.059259
341.692581
-1782.131788
-2915.360583
-1797.805768
1402.821066
2509.404094
206.896348
-1666.144331
-1847.962506
-1159.874759
998.432367
2344.827298
357.366561
-1887.147457
-1208.464098
463.949629
1065.830483
871.473124
-89.341885
-847.962545
-126.959439
697.491940
341.692581
-68.965710
25.078173
67.397921
158.307008
235.109513
-210.031536
-437.304254
260.187882
763.322658
324.451202
-264.890468
-293.103633
313.479416
1166.143959
1050.156503
61.128328
-150.470409
771.159648
2108.150192
1407.523260
-1774.294797
-2299.373147
1471.786580
3789.968308
1498.432347
-1761.755613
-2869.906040
-1742.946836
1536.049901
3959.247298
1106.582833
-3782.131709
-3877.742991
-252.351283
2257.053007
2482.758327
206.896348
-3514.106641
-3890.282175
152.037416
2749.215997
1437.303823
-799.373205
-2551.724234
-2645.768117
64.263124
2427.899395
1288.401008
-987.460972
-1755.486021
-1691.222700
-199.059749
2206.896269
1699.059299
-1255.486040
-2014.106700
-203.761943
1101.880639
1122.256813
330.720794
-771.160040
-663.009574
509.404173
741.379085
79.937105
-150.470409
12.538989
139.498231
300.940231
62.695726
-509.404565
-199.059749
724.137707
749.216076
-84.639691
-515.674157
-67.398312
901.253687
1326.018561
442.006056
-286.834040
288.401047
1567.397862
2056.426056
-133.229031
-2565.830816
-731.975089
3123.824133
3155.172094
-379.310526
-2791.536137
-2456.112952
-40.752545
3150.469900
3036.049842
-1664.576933
-4619.122272
-2109.717982
1531.347706
2688.087473
1402.821066
-1891.849652
-4288.401282
-2015.674098
2084.639221
2462.382153
40.752154
-1962.382564
-2808.777515
-1369.906098
1586.206638
2177.115706
-128.526837
-1653.605147
-1545.454681
-1083.072254
677.115765
2346.394696
744.513881
-1974.921749
-1736.677244
434.169066
1490.595357
1053.291299
-183.385769
-1098.746234
-415.360681
785.266231
761.755260
76.802309
-163.009594
-98.746274
73.667513
277.429260
18.808581
-278.997050
161.441804
645.767804
302.507629
-315.047206
-258.620875
446.708251
1184.952736
954.545221
-89.341885
-225.705516
728.839901
2012.538910
1810.344561
-1216.301089
-2780.564350
532.915144
3934.168929
2344.827298
-1495.297943
-2995.297884
-1932.602001
971.786600
3802.507492
2037.617279
-3188.087845
-4451.410680
-736.677283
2335.422910
2567.397823
518.808561
-3031.348040
-4161.442039
-528.213341
2879.310036
1829.153337
-860.501730
-2432.601981
-2565.830816
-415.360681
2199.059279
1633.228580
-942.006429
-1777.429593
-1311.912370
-661.442176
1155.172173
2115.987182
101.880678
-2090.909205
-1518.808914
547.021726
1763.322619
1394.984075
-528.213341
-1871.473477
-531.348137
1399.686270
1377.742697
164.576600
-777.429633
-860.501730
123.824251
1048.589105
570.532697
-443.573846
-536.050332
122.256853
548.589124
421.629882
70.532717
53.291338
625.391629
736.676891
177.115785
239.811707
926.332056
1757.053027
1310.344580
-1420.062836
-2496.865302
970.219202
4095.610929
2025.078095
-1924.765011
-3065.830797
-1609.718001
1363.636114
3862.068618
1741.379046
-3501.567457
-4427.899709
-409.091089
2573.667415
2573.667415
285.266251
-3340.125457
-4117.554894
-152.037808
3101.880560
1749.216036
-1089.341846
-2650.470312
-2617.554952
-195.924953
2462.382153
1587.774037
-1167.711749
-1990.595729
-1321.316759
-366.771341
1177.115745
1811.911959
213.165940
-1703.761885
-1746.081632
-92.476681
1747.648638
1965.516968
-94.044079
-1920.062817
-1216.301089
653.604794
1739.811648
1316.614173
-423.197672
-1652.037749
-763.323050
912.225474
1305.642386
454.545241
-597.178856
-874.608312
-81.504895
810.344600
863.636134
415.360289
188.087571
7.836794
-62.696118
677.115765
1468.651784
1658.306949
1020.375940
-1311.912370
-2490.595710
659.874386
4150.469861
2564.263026
-1699.059690
-3286.833923
-1830.721127
1153.604775
3774.294327
2271.159590
-2894.984409
-4741.379320
-1073.667865
2489.027920
2854.231667
586.206678
-3032.915438
-4230.407554
-774.294836
2893.416619
2235.109434
-733.542487
-2724.138020
-2796.238331
-448.276040
2289.968366
1855.799104
-841.692953
-2111.285380
-1432.602021
-310.345011
993.730173
1689.654910
565.830503
-1465.517380
-2108.150584
-377.743128
1945.140794
2197.491881
-76.802701
-2029.780681
-1374.608293
639.498212
1902.821046
1429.466833
-449.843438
-1772.727399
-884.012700
940.438639
1479.623571
506.269377
-736.677283
-1031.348118
-97.178876
940.438639
902.821085
271.159668
26.645571
112.852464
106.582872
532.915144
1133.228600
1302.507590
1365.203512
-87.774487
-2374.608253
-987.460972
3285.266133
3711.598405
-449.843438
-3164.576874
-2340.125496
112.852464
2929.466774
3308.777104
-1086.207050
-4923.197495
-2548.589438
1811.911959
2960.814735
1338.557745
-1846.395108
-4241.379340
-2255.486001
2148.902541
2971.786521
23.510775
-2405.956215
-2876.175632
-1349.529924
1625.391590
2503.134502
-54.859128
-2155.172525
-1702.194487
-537.617730
615.987241
1634.795978
981.190988
-952.978215
-1846.395108
-1130.094196
631.661221
2451.410366
1785.266192
-1442.006409
-2791.536137
-587.774468
1992.162735
2468.651745
675.548367
-1918.495419
-2429.467185
53.291338
2362.068677
1858.933901
-423.197672
-2001.567516
-1316.614564
907.523279
2103.447998
1031.347726
-564.263497
-766.457846
-50.156934
807.209804
1548.589085
1305.642386
894.984095
434.169066
-1423.197632
-1815.047147
1658.306949
4158.306851
1407.523260
-2418.495399
-2838.558078
-1014.106739
1622.256794
3661.441667
1459.247396
-3659.874661
-4255.485923
-70.533109
2711.598444
2476.488735
9.404192
-3507.837049
-3887.147379
203.761552
3128.526327
1547.021687
-1263.323030
-2796.238331
-2514.106680
181.817979
2603.447978
1330.720755
-1423.197632
-2087.774409
-1192.790118
72.100115
1324.451163
1399.686270
-83.072293
-1663.009535
-1749.216428
29.780367
2144.200347
1978.056153
-605.015846
-2257.053399
-1119.122409
1031.347726
2183.385298
1319.748969
-1064.263477
-2228.840234
-617.555031
1600.313221
1890.281862
307.209823
-1434.169419
-1509.404525
272.727066
1700.626697
1137.930794
-159.874798
-570.533089
-126.959439
482.758406
1128.526406
1202.194114
808.777202
956.112619
-59.561322
-1989.028331
-617.555031
3152.037298
3266.457356
-515.674157
-2836.990680
-2156.739923
134.796037
2863.636056
3112.852347
-1073.667865
-4619.122272
-2416.928001
1647.335163
2937.303764
1445.140813
-1810.344953
-4150.470253
-2177.116098
2032.915085
2822.883706
92.476289
-2307.210137
-2874.608234
-1316.614564
1601.880619
2377.742658
-100.313672
-2081.504817
-1695.924894
-520.376351
667.711377
1438.871221
764.890056
-836.990759
-1650.470351
-1031.348118
622.256833
2103.447998
1452.977804
-1112.852817
-2336.990700
-681.818351
1747.648638
2322.883726
551.723920
-1758.620817
-2064.263438
90.908891
2095.611007
1730.407260
-418.495477
-1899.686642
-1098.746234
957.680017
1888.714464
863.636134
-612.852836
-826.018972
139.498231
1014.106347
1338.557745
959.247415
719.435513
699.059338
-909.091069
-1862.069088
1045.454309
3891.849181
1744.513842
-2050.156855
-2731.975011
-1073.667865
1316.614173
3288.400929
1810.344561
-3048.589418
-4460.815068
-462.382623
2774.294366
2521.943279
106.582872
-3133.228913
-3912.225748
-261.755672
3123.824133
1879.310075
-1280.564409
-2832.288486
-2435.736778
-59.561322
2471.786541
1601.880619
-1335.423341
-2266.457787
-1228.840273
183.385377
1261.755241
1056.426095
-183.385769
-1148.902972
-1405.956254
-500.000176
1543.886891
2137.930755
-148.903011
-2079.937418
-1153.605166
766.457454
1717.868075
1296.237998
-467.084817
-1852.664700
-852.664739
1139.498192
1626.958988
518.808561
-952.978215
-1271.160021
25.078173
1343.259940
1026.645532
-83.072293
-380.877924
123.824251
521.943357
742.946483
965.517008
818.181590
1029.780328
490.595396
-1498.432739
-1166.144351
2199.059279
3285.266133
286.833649
-2277.429574
-2153.605127
-362.069147
2122.256774
3010.971473
-100.313672
-3912.225748
-2849.529865
995.297571
2692.789667
1595.611027
-1249.216448
-3666.144253
-2463.949943
1415.360250
2769.592172
398.118911
-2051.724253
-2664.576894
-1435.736817
1136.363396
2291.535764
275.861862
-1948.275982
-1813.479749
-540.752526
672.413571
1214.733299
528.212950
-644.200798
-1156.739963
-876.175710
1.567202
1474.921376
1753.918231
-302.508021
-2043.887263
-1225.705477
938.871241
2195.924483
1341.692541
-998.432759
-2274.294778
-857.366933
1542.319493
2224.137648
510.971571
-1631.661574
-1763.323011
152.037416
1830.720735
1481.190969
-84.639691
-963.950001
-394.984506
664.576581
1326.018561
1235.109474
749.216076
705.328930
-313.479807
-1744.514234
-125.392041
3134.795919
2705.328852
-898.119283
-2615.987554
-1636.363768
427.899474
2615.987162
2554.858638
-1269.592623
-4156.739845
-1868.338681
1742.946444
2603.447978
967.084406
-1998.432719
-3706.896602
-1504.702331
2061.128250
2264.889997
-278.997050
-2202.194467
-2518.808875
-921.630254
1663.009143
1968.651765
-451.410837
-2040.752467
-1536.050292
-278.997050
1054.858697
1195.924522
-79.937497
-982.758778
-910.658467
-561.128701
481.191008
1695.924503
838.557765
-1191.222720
-1443.573807
-43.887342
1163.009163
1462.382192
478.056212
-1258.620836
-1476.489166
214.733338
1492.162755
1186.520134
-208.464138
-1338.558137
-901.254079
713.165920
1498.432347
647.335202
-340.125574
-432.602060
147.335221
655.172192
1040.752114
1083.071862
945.140833
675.548367
-962.382603
-1636.363768
1059.560891
3405.955783
1506.269338
-1614.420195
-2275.862176
-1084.639652
1128.526406
2899.686211
1507.836736
-2503.134894
-3645.768078
-532.915536
2122.256774
2137.930755
115.987260
-2673.981282
-3230.407593
-315.047206
2330.720716
1465.516988
-959.247807
-2305.642739
-2087.774409
-159.874798
1835.422930
1225.705085
-1025.078526
-1804.075360
-1094.044040
-7.837186
1021.943338
844.827357
-228.840312
-821.316778
-772.727438
-484.326196
496.864988
1537.617299
851.096949
-960.815205
-1611.285399
-349.529963
1396.551473
1832.288134
376.175338
-1545.454681
-1600.313613
194.357163
1783.698794
1512.538930
-438.871652
-1764.890409
-949.843419
962.382212
1753.918231
788.401027
-575.235283
-830.721167
120.689455
1023.510736
1405.955862
1054.858697
684.952755
78.369707
-1384.012681
-893.417089
2103.447998
3188.087453
346.394775
-2241.379418
-1984.326137
-227.272914
1858.933901
2684.952677
304.075027
-3332.288467
-2989.028292
594.043668
2499.999706
1636.363376
-854.232137
-3211.598816
-2570.533011
797.805415
2465.516949
731.974697
-1520.376312
-2452.978156
-1749.216428
606.582852
2125.391570
634.796017
-1576.802642
-1761.755613
-772.727438
493.730192
1282.131415
382.444930
-710.031516
-659.874778
-656.739982
-434.169458
1167.711357
1708.463687
-291.536235
-1641.065962
-697.492332
625.391629
1288.401008
1169.278755
-297.805827
-1669.279127
-807.210196
1018.808542
1496.864949
507.836775
-873.040914
-1300.940584
-148.903011
1289.968406
1150.469978
4.701998
-521.943749
-86.207089
487.460600
894.984095
1089.341454
730.407299
772.727047
92.476289
-1412.225846
-410.658487
2517.241085
2479.623531
-579.937477
-1937.304195
-1238.244662
89.341493
1855.799104
2208.463667
-653.605186
-3346.395049
-1738.244642
1219.435493
1932.601609
833.855571
-1316.614564
-2971.786913
-1584.639632
1404.388464
1858.933901
-169.279186
-1721.003263
-2036.050273
-1050.156895
1012.538949
1673.980930
-153.605206
-1656.739943
-1263.323030
-420.062875
565.830503
1056.426095
72.100115
-799.373205
-628.526817
-518.808953
-95.611477
1255.485648
1310.344580
-611.285438
-1581.504836
-496.865380
916.927668
1484.325765
819.748988
-855.799535
-1639.498564
-275.862254
1344.827338
1382.444891
98.745882
-1170.846545
-1097.178836
327.585998
1474.921376
921.629862
-286.834040
-534.482934
167.711396
700.626736
882.444911
868.338328
804.075008
844.827357
-437.304254
-1514.106720
457.680037
2948.275551
1667.711337
-1208.464098
-1764.890409
-935.736836
539.184736
2219.435454
1686.520114
-1663.009535
-3228.840195
-805.642798
1587.774037
1749.216036
319.749008
-1960.815166
-2835.423282
-628.526817
1791.535784
1282.131415
-692.790137
-1846.395108
-1887.147457
-465.517419
1412.225454
1186.520134
-741.379477
-1581.504836
-1009.404545
-153.605206
858.933940
774.294445
-437.304254
-735.109885
-409.091089
-481.191400
239.811707
1452.977804
628.526425
-1178.683535
-1086.207050
200.626755
982.758386
1086.206658
285.266251
-1090.909244
-1150.470370
380.877532
1321.316367
830.720775
-360.501749
-1126.959399
-548.589516
816.614192
1238.244270
338.557785
-366.771341
-225.705516
322.883804
702.194134
893.416697
749.216076
774.294445
752.350872
-782.131827
-1352.664720
1202.194114
3039.184638
811.911998
-1692.790098
-1500.000137
-431.034662
971.786600
2192.789687
921.629862
-2374.608253
-2799.373127
112.852464
1846.394716
1296.237998
-332.288584
-2271.159982
-2409.091011
137.930833
1931.034211
727.272503
-1181.818331
-1907.523632
-1529.780700
100.313280
1603.448017
722.570309
-1225.705477
-1482.758759
-653.605186
150.470018
1020.375940
603.448056
-832.288565
-956.113011
-87.774487
125.391649
341.692581
905.955881
213.165940
-957.680409
-670.846565
401.253707
898.118891
722.570309
37.617357
-899.686681
-775.862234
474.921416
1076.802270
528.212950
-407.523691
-860.501730
-363.636545
711.598522
1053.291299
278.996658
-371.473536
-177.116176
401.253707
677.115765
879.310114
791.535823
725.705105
429.466872
-949.843419
-865.203924
1695.924503
2699.059259
120.689455
-1824.451535
-1180.250933
-23.511167
1205.328910
1916.927629
235.109513
-2611.285360
-2175.548700
694.357144
1757.053027
847.962153
-778.997031
-2322.884117
-1826.018933
688.087551
1680.250522
112.852464
-1362.069108
-1670.846525
-1120.689807
442.006056
1396.551473
155.172212
-1358.934312
-1152.037768
-327.586390
288.401047
819.748988
286.833649
-887.147497
-851.097341
17.241183
368.338348
553.291318
572.100095
-318.182002
-948.276021
-178.683575
822.883784
862.068736
191.222367
-501.567574
-746.081671
-78.370099
844.827357
749.216076
-108.150662
-673.981361
-421.630273
307.209823
799.372814
478.056212
-186.520565
-211.598934
349.529571
721.002911
534.482542
418.495085
551.723920
1075.234872
739.811687
-1037.617710
-971.786992
1672.413532
2553.291240
39.184756
-1630.094176
-1061.128681
-108.150662
1155.172173
1910.658036
79.937105
-2644.200719
-1885.580059
772.727047
1568.965260
760.187862
-843.260351
-2362.069069
-1622.257186
833.855571
1465.516988
-20.376371
-1231.975069
-1659.874739
-1144.200778
559.560911
1338.557745
-31.348157
-1241.379458
-963.950001
-449.843438
156.739610
780.564037
255.485687
-564.263497
-528.213341
-415.360681
-184.953167
799.372814
1097.178444
-186.520565
-1075.235264
-506.269769
463.949629
1023.510736
800.940212
-313.479807
-1177.116137
-471.787011
800.940212
1056.426095
308.777221
-658.307380
-874.608312
1.567202
987.460580
822.883784
-29.780759
-366.771341
31.347765
570.532697
735.109493
634.796017
520.375959
1007.836755
573.667493
-1244.514254
-873.040914
1978.056153
2568.965221
-188.087963
-1746.081632
-1114.420215
-43.887342
1376.175299
2025.078095
-117.555050
-2865.203845
-1868.338681
912.225474
1738.244250
796.238017
-1039.185108
-2547.022040
-1554.859069
1050.156503
1573.667454
-79.937497
-1368.338700
-1764.890409
-1048.589497
778.996639
1405.955862
-142.633419
-1358.934312
-1003.134953
-384.012720
332.288192
835.422969
153.604814
-595.611458
-547.022118
-534.482934
-105.015866
1188.087532
1156.739571
-630.094215
-1385.580079
-335.423380
885.579707
1219.435493
548.589124
-749.216468
-1291.536195
-147.335613
1177.115745
1061.128289
-72.100507
-965.517399
-772.727438
376.175338
1200.626716
630.093823
-357.366953
-438.871652
230.407319
797.805415
821.316386
473.354018
362.068755
1039.184716
554.858717
-1216.301089
-592.476662
2103.447998
2184.952697
-510.971963
-1573.667846
-851.097341
89.341493
1407.523260
1757.053027
-554.859108
-2778.996952
-1363.636506
1076.802270
1543.886891
506.269377
-1285.266603
-2443.573768
-1083.072254
1260.187842
1244.513862
-404.388895
-1377.743089
-1573.667846
-741.379477
894.984095
1095.611046
-432.602060
-1217.868487
-742.946875
-294.671031
321.316406
666.143979
-3.134992
-500.000176
-402.821497
-463.950021
-117.555050
976.488794
990.595377
-404.388895
-1177.116137
-509.404565
755.485668
1316.614173
567.397901
-829.153768
-1239.812060
-112.852856
1090.908852
1095.611046
-4.702390
-1042.319904
-841.692953
409.090697
1238.244270
642.633008
-363.636545
-531.348137
191.222367
916.927668
863.636134
382.444930
257.053086
981.190988
650.469998
-1039.185108
-636.363807
1885.579667
2163.009124
-401.254099
-1547.022079
-788.401419
100.313280
1230.407279
1686.520114
-384.012720
-2678.683477
-1431.034623
1042.319512
1540.752095
525.078153
-1203.761904
-2440.438972
-1150.470370
1283.698813
1336.990347
-393.417108
-1432.602021
-1634.796370
-747.649069
1023.510736
1225.705085
-509.404565
-1415.360642
-778.997031
-148.903011
463.949629
703.761532
-155.172604
-713.166312
-351.097361
-241.379497
-84.639691
884.012309
921.629862
-503.134972
-1186.520526
-340.125574
840.125163
1219.435493
484.325804
-924.765050
-1311.912370
83.071901
1354.231726
1026.645532
-269.592662
-1163.009555
-782.131827
637.930814
1490.595357
579.937085
-706.896720
-714.733710
368.338348
1217.868095
993.730173
156.739610
-175.548778
905.955881
1086.206658
-749.216468
-905.956273
1550.156483
2203.761473
-249.216487
-1485.893555
-697.492332
112.852464
1028.212930
1557.993473
-203.761943
-2521.943671
-1474.921768
1029.780328
1547.021687
443.573454
-1233.542467
-2305.642739
-1031.348118
1283.698813
1274.294425
-528.213341
-1504.702331
-1479.623962
-575.235283
960.814813
1092.476250
-564.263497
-1473.354370
-744.514273
-21.943769
448.275649
597.178464
-163.009594
-747.649069
-468.652215
-184.953167
86.206697
851.096949
741.379085
-542.319924
-1092.476642
-338.558176
777.429241
1264.890037
578.369687
-968.652196
-1437.304215
67.397921
1463.949590
1128.526406
-280.564448
-1246.081652
-843.260351
626.959027
1556.426075
688.087551
-683.385749
-838.558157
200.626755
1258.620444
1203.761512
183.385377
-410.658487
757.053066
1274.294425
-526.645943
-952.978215
1351.096930
2130.093764
-137.931225
-1293.103594
-601.881050
-48.589536
836.990367
1615.987202
29.780367
-2399.686622
-1564.263458
855.799144
1474.921376
595.611066
-1023.511128
-2318.181923
-1222.570681
1211.598503
1366.770910
-420.062875
-1443.573807
-1503.134933
-689.655341
923.197260
1197.491920
-504.702371
-1525.078506
-763.323050
21.943377
438.871260
559.560911
-202.194545
-763.323050
-330.721186
-56.426526
-98.746274
628.526425
880.877513
-343.260371
-1112.852817
-394.984506
716.300716
1166.143959
625.391629
-706.896720
-1366.771302
-216.301128
1260.187842
1244.513862
-59.561322
-1186.520526
-996.865361
401.253707
1504.701939
849.529551
-573.667885
-916.928060
36.049959
1156.739571
1260.187842
340.125183
-478.056604
467.084425
1427.899435
-150.470409
-1186.520526
918.495066
2307.209745
181.817979
-1374.608293
-594.044060
-23.511167
525.078153
1485.893163
445.140852
-2123.824564
-1818.181943
626.959027
1427.899435
639.498212
-724.138099
-2086.207011
-1510.971924
885.579707
1510.971532
-203.761943
-1377.743089
-1442.006409
-832.288565
680.250561
1316.614173
-231.975108
-1550.156875
-891.849691
10.971590
363.636153
550.156522
-59.561322
-761.755652
-465.517419
-47.022138
-45.454740
495.297590
805.642406
-225.705516
-984.326176
-418.495477
542.319532
1025.078134
702.194134
-456.113031
-1277.429613
-382.445322
1090.908852
1244.513862
89.341493
-1020.376331
-979.623982
203.761552
1354.231726
982.758386
-373.040934
-885.580099
-145.768215
978.056192
1322.883765
561.128309
-387.147516
242.946503
1288.401008
42.319552
-1054.859089
735.109493
2233.542036
390.281920
-1388.714875
-736.677283
62.695726
612.852445
1341.692541
440.438658
-1935.736797
-1840.125516
542.319532
1437.303823
625.391629
-710.031516
-1967.084758
-1465.517380
778.996639
1449.843007
-144.200817
-1291.536195
-1382.445283
-846.395147
606.582852
1285.266211
-177.116176
-1525.078506
-934.169438
25.078173
377.742736
525.078153
-53.291730
-731.975089
-474.921807
-56.426526
-14.106778
465.517027
800.940212
-206.896740
-1014.106739
-394.984506
557.993513
945.140833
681.817959
-351.097361
-1269.592623
-473.354409
1067.397881
1255.485648
142.633027
-973.354390
-1026.645924
101.880678
1330.720755
1079.937066
-326.018992
-956.113011
-260.188274
929.466852
1382.444891
605.015454
-506.269769
3.134600
1440.438619
451.410445
-1211.598895
181.817979
2217.868056
904.388483
-1214.733691
-894.984487
-75.235303
446.708251
1329.153357
830.720775
-1589.341826
-2120.689768
117.554658
1445.140813
924.764658
-429.467264
-1918.495419
-1769.592603
449.843047
1615.987202
242.946503
-1260.188234
-1561.128661
-981.191380
470.219221
1327.585959
105.015474
-1448.276001
-1186.520526
-125.392041
418.495085
619.122037
67.397921
-768.025244
-647.335594
-43.887342
126.959047
382.444930
652.037396
-106.583264
-851.097341
-379.310526
442.006056
758.620464
559.560911
-145.768215
-902.821477
-504.702371
644.200406
1003.134561
300.940231
-620.689827
-808.777594
-94.044079
874.607920
949.843027
-10.971982
-611.285438
-264.890468
572.100095
1056.426095
700.626736
-115.987652
-42.319943
1173.980949
691.222348
-1120.689807
-368.338739
2067.397842
1586.206638
-998.432759
-1297.805788
-180.250973
432.601668
1166.143959
1126.959008
-1021.943730
-2340.125496
-429.467264
1431.034231
1136.363396
-170.846584
-1619.122390
-1899.686642
-67.398312
1567.397862
641.065610
-1051.724293
-1506.269729
-1065.830875
120.689455
1210.031105
492.162794
-1181.818331
-1333.855943
-221.003322
401.253707
509.404173
131.661241
-601.881050
-606.583244
-34.482953
36.049959
70.532717
645.767804
379.310134
-659.874778
-705.329322
106.582872
699.059338
829.153377
278.996658
-849.529943
-1006.269749
268.024872
1210.031105
763.322658
-415.360681
-1056.426487
-562.696099
673.980969
1296.237998
412.225493
-686.520545
-678.683555
260.187882
1166.143959
1094.043648
50.156542
-485.893594
761.755260
1177.115745
-603.448448
-813.479788
1482.758367
1862.068697
-532.915536
-1302.507982
-241.379497
255.485687
778.996639
1224.137687
-282.131846
-2158.307321
-1061.128681
1059.560891
1271.159629
191.222367
-1211.598895
-1942.006389
-675.548759
1264.890037
1015.673745
-647.335594
-1413.793244
-1247.649050
-302.508021
1001.567163
873.040522
-768.025244
-1448.276001
-526.645943
206.896348
423.197280
373.040542
-313.479807
-782.131827
-344.827769
78.369707
117.554658
504.701979
520.375959
-448.276040
-849.529943
-54.859128
688.087551
763.322658
357.366561
-510.971963
-952.978215
-101.881070
989.027978
918.495066
-100.313672
-888.714895
-699.059730
321.316406
1152.037376
710.031124
-393.417108
-727.272895
-57.993924
896.551493
1195.924522
443.573454
-479.624002
166.143998
1340.125143
217.868134
-1150.470370
443.573454
2181.817900
543.886930
-1380.877885
-730.407691
197.491959
572.100095
1183.385338
528.212950
-1688.087904
-1833.855923
448.275649
1510.971532
677.115765
-757.053458
-1863.636487
-1311.912370
749.216076
1445.140813
-53.291730
-1352.664720
-1405.956254
-628.526817
663.009182
1137.930794
-192.790157
-1479.623962
-926.332448
86.206697
446.708251
493.730192
-137.931225
-887.147497
-493.730584
235.109513
92.476289
115.987260
553.291318
28.212969
-741.379477
-382.445322
394.984115
672.413571
525.078153
-103.448468
-838.558157
-521.943749
579.937085
989.027978
330.720794
-547.022118
-815.047186
-199.059749
847.962153
1037.617318
57.993532
-673.981361
-426.332468
442.006056
1148.902580
909.090678
-153.605206
-346.395167
945.140833
816.614192
-835.423361
-283.699244
1866.770891
1311.911978
-1079.937458
-1150.470370
109.717668
606.582852
968.651804
772.727047
-1057.993885
-2006.269710
-167.711788
1393.416677
963.949610
-347.962565
-1645.768157
-1661.442137
210.031144
1523.510716
393.416717
-1188.087924
-1463.949982
-832.288565
305.642425
1092.476250
228.839921
-1266.457827
-1181.818331
-75.235303
373.040542
379.310134
134.796037
-531.348137
-714.733710
-136.363827
172.413590
235.109513
536.049940
181.817979
-684.953147
-603.448448
268.024872
753.918270
615.987241
-20.376371
-799.373205
-664.576972
440.438658
1062.695687
462.382231
-534.482934
-838.558157
-213.166332
724.137707
979.623590
194.357163
-605.015846
-487.460992
326.018600
1070.532677
951.410425
17.241183
-525.078545
614.419843
1344.827338
-289.968837
-1006.269749
1051.723901
1923.197221
-216.301128
-1297.805788
-282.131846
396.551513
742.946483
996.864969
-247.649089
-1888.714855
-927.899846
995.297571
1173.980949
111.285066
-1180.250933
-1738.244642
-504.702371
1238.244270
899.686289
-761.755652
-1418.495438
-993.730565
-114.420254
838.557765
661.441784
-785.266623
-1341.692933
-393.417108
244.513901
310.344620
327.585998
-247.649089
-833.855963
-401.254099
221.002930
233.542115
349.529571
324.451202
-405.956293
-713.166312
1.567202
703.761532
648.902600
109.717668
-534.482934
-691.222739
72.100115
904.388483
677.115765
-299.373225
-788.401419
-354.232157
478.056212
909.090678
374.607940
-440.439050
-465.517419
178.683183
808.777202
866.770930
297.805435
-335.423380
219.435532
1277.429221
282.131454
-1119.122409
233.542115
2062.695648
702.194134
-1280.564409
-797.805807
222.570328
650.469998
1065.830483
405.955901
-1570.533050
-1655.172545
460.814833
1421.629842
576.802289
-813.479788
-1728.840254
-1115.987613
769.592250
1327.585959
-155.172604
-1365.203904
-1277.429613
-451.410837
634.796017
960.814813
-249.216487
-1416.928040
-869.906118
148.902620
443.573454
416.927687
-86.207089
-836.990759
-656.739982
155.172212
358.933959
329.153396
335.422988
-288.401439
-761.755652
-125.392041
695.924542
689.654949
166.143998
-423.197672
-653.605186
-53.291730
778.996639
731.974697
-111.285458
-680.250953
-467.084817
260.187882
838.557765
539.184736
-288.401439
-523.511147
-7.837186
601.880658
844.827357
536.049940
-166.144390
-214.733730
929.466852
905.955881
-735.109885
-517.241555
1573.667454
1399.686270
-851.097341
-1142.633380
61.128328
586.206678
838.557765
661.441784
-910.658467
-1821.316739
-184.953167
1340.125143
880.877513
-474.921807
-1507.837127
-1363.636506
236.676911
1380.877493
347.962173
-1163.009555
-1365.203904
-648.902992
327.585998
959.247415
233.542115
-1186.520526
-1197.492312
-73.667905
468.651823
449.843047
112.852464
-667.711769
-879.310506
-70.533109
474.921416
373.040542
282.131454
-125.392041
-727.272895
-371.473536
606.582852
808.777202
224.137726
-349.529963
-589.341866
-211.598934
598.745862
826.018580
103.448076
-622.257225
-548.589516
114.419862
736.676891
666.143979
-87.774487
-537.617730
-177.116176
460.814833
810.344600
634.796017
36.049959
-347.962565
523.510755
1172.413551
-202.194545
-913.793264
920.062464
1827.585939
-184.953167
-1336.990739
-283.699244
525.078153
793.103221
808.777202
-409.091089
-1766.457807
-731.975089
1092.476250
1125.391610
-72.100507
-1274.294817
-1565.830856
-263.323070
1286.833609
804.075008
-884.012700
-1476.489166
-871.473516
111.285066
920.062464
528.212950
-929.467244
-1427.899826
-409.091089
485.893202
631.661221
236.676911
-730.407691
-1097.178836
-133.229031
653.604794
416.927687
98.745882
-211.598934
-684.953147
-297.805827
658.306988
724.137707
39.184756
-373.040934
-413.793283
-134.796429
526.645551
721.002911
25.078173
-575.235283
-385.580118
175.548387
605.015454
570.532697
-54.859128
-487.460992
-95.611477
478.056212
666.143979
528.212950
152.037416
-247.649089
310.344620
1183.385338
166.143998
-987.460972
427.899474
1882.444871
332.288192
-1296.238390
-517.241555
437.303862
711.598522
840.125163
-62.696118
-1603.448409
-1047.022098
888.714503
1195.924522
92.476289
-1061.128681
-1518.808914
-532.915536
1084.639260
976.488794
-683.385749
-1427.899826
-858.934332
-4.702390
730.407299
608.150250
-628.526817
-1366.771302
-572.100487
380.877532
557.993513
318.181610
-462.382623
-1086.207050
-437.304254
597.178464
608.150250
125.391649
-221.003322
-645.768196
-409.091089
567.397901
855.799144
134.796037
-456.113031
-467.084817
-128.526837
528.212950
768.024852
56.426134
-631.661613
-429.467264
224.137726
609.717649
498.432386
-65.830914
-479.624002
-120.689846
493.730192
678.683163
399.686309
50.156542
-141.066021
286.833649
1114.419823
360.501357
-1054.859089
-68.965710
1863.636095
932.601648
-1191.222720
-948.276021
257.053086
753.918270
910.658076
211.598542
-1418.495438
-1420.062836
550.156522
1385.579687
415.360289
-909.091069
-1565.830856
-816.614584
887.147105
1263.322639
-322.884196
-1479.623962
-1040.752506
-90.909283
686.520153
764.890056
-362.069147
-1498.432739
-894.984487
528.212950
816.614192
163.009202
-636.363807
-989.028370
-319.749400
677.115765
557.993513
-200.627147
-333.855982
-242.946895
-111.285458
351.096969
487.460600
-15.674177
-272.727458
-34.482953
53.291338
133.228639
310.344620
163.009202
-137.931225
-180.250973
9.404192
227.272522
365.203552
213.165940
-128.526837
-147.335613
172.413590
479.623610
462.382231
231.974717
1.567202
139.498231
827.585979
426.332076
-830.721167
-158.307400
1670.846134
999.999765
-1084.639652
-960.815205
224.137726
700.626736
847.962153
269.592270
-1208.464098
-1410.658448
313.479416
1277.429221
572.100095
-713.166312
-1528.213302
-935.736836
697.491940
1258.620444
-105.015866
-1346.395127
-1128.526797
-231.975108
636.363416
833.855571
-286.834040
-1504.702331
-862.069128
554.858717
659.874386
61.128328
-454.545633
-854.232137
-396.551905
583.071882
532.915144
-156.740002
-252.351283
-227.272914
-169.279186
335.422988
498.432386
-39.185147
-272.727458
17.241183
78.369707
67.397921
264.890076
210.031144
-120.689846
-181.818371
75.234911
227.272522
272.727066
213.165940
-76.802701
-123.824642
235.109513
442.006056
305.642425
221.002930
137.930833
181.817979
735.109493
358.933959
-840.125555
-169.279186
1664.576541
1062.695687
-1053.291691
-1068.965671
183.385377
786.833629
863.636134
230.407319
-1144.200778
-1384.012681
227.272522
1305.642386
633.228619
-738.244681
-1507.837127
-891.849691
658.306988
1230.407279
-56.426526
-1340.125535
-1144.200778
-164.576992
647.335202
667.711377
-365.203943
-1260.188234
-666.144370
330.720794
354.231765
137.930833
-120.689846
-677.116157
-576.802681
211.598542
446.708251
214.733338
81.504503
-347.962565
-556.426506
89.341493
622.256833
391.849319
-1.567594
-305.642817
-473.354409
15.673785
731.974697
572.100095
-231.975108
-598.746254
-202.194545
413.792891
721.002911
380.877532
-373.040934
-465.517419
266.457474
735.109493
526.645551
141.065629
-147.335613
115.987260
852.664347
313.479416
-826.018972
97.178484
1600.313221
586.206678
-1103.448429
-710.031516
263.322678
680.250561
866.770930
64.263124
-1352.664720
-1166.144351
536.049940
1244.513862
377.742736
-896.551885
-1485.893555
-664.576972
887.147105
1123.824211
-341.692973
-1382.445283
-973.354390
-31.348157
727.272503
606.582852
-620.689827
-1283.699205
-349.529963
435.736464
177.115785
78.369707
-89.341885
-694.357535
-532.915536
297.805435
490.595396
213.165940
-61.128720
-492.163186
-402.821497
310.344620
601.880658
274.294464
-97.178876
-376.175730
-379.310526
260.187882
791.535823
332.288192
-451.410837
-496.865380
70.532717
548.589124
639.498212
141.065629
-489.028390
-241.379497
529.780348
692.789746
297.805435
-10.971982
-50.156934
424.764678
716.300716
-231.975108
-639.498603
796.238017
1388.714483
-173.981380
-1101.881030
-316.614604
442.006056
815.046794
673.980969
-556.426506
-1462.382584
-446.708642
996.864969
910.658076
-191.222759
-1175.548739
-1225.705477
-10.971982
1141.065590
557.993513
-927.899846
-1268.025225
-448.276040
293.103241
545.454328
167.711396
-692.790137
-1026.645924
-349.529963
438.871260
551.723920
42.319552
-717.868506
-858.934332
18.808581
747.648678
418.495085
-239.812099
-512.539361
-355.799555
221.002930
603.448056
308.777221
-199.059749
-374.608332
-166.144390
278.996658
531.347746
194.357163
-277.429652
-269.592662
72.100115
360.501357
398.118911
119.122056
-186.520565
-98.746274
286.833649
485.893202
316.614212
3.134600
-25.078565
434.169066
717.868115
-10.971982
-753.918662
167.711396
1394.984075
608.150250
-868.338720
-749.216468
136.363435
622.256833
807.209804
120.689455
-1123.824603
-1043.887302
390.281920
1094.043648
393.416717
-772.727438
-1346.395127
-570.533089
783.698833
920.062464
-296.238429
-1184.953128
-851.097341
6.269396
499.999784
385.579726
-253.918681
-935.736836
-804.075400
125.391649
728.839901
333.855590
-507.837167
-832.288565
-344.827769
374.607940
628.526425
269.592270
-368.338739
-716.301108
-217.868526
628.526425
705.328930
79.937105
-467.084817
-514.106759
70.532717
710.031124
518.808561
-166.144390
-452.978235
-214.733730
305.642425
667.711377
340.125183
-324.451594
-313.479807
268.024872
567.397901
396.551513
34.482561
-155.172604
211.598542
764.890056
373.040542
-625.392021
-341.692973
1009.404153
1014.106347
-369.906138
-863.636526
-192.790157
416.927687
735.109493
432.601668
-684.953147
-1158.307361
-139.498623
876.175318
641.065610
-366.771341
-1152.037768
-882.445302
282.131454
907.523279
159.874406
-942.006429
-1081.504856
-275.862254
542.319532
557.993513
-321.316798
-1100.313632
-628.526817
456.112639
567.397901
-172.413982
-612.852836
-460.815225
95.611086
525.078153
169.278794
-437.304254
-335.423380
155.172212
310.344620
202.194154
-59.561322
-263.323070
14.106387
387.147124
235.109513
-120.689846
-156.740002
89.341493
316.614212
236.676911
-26.645963
-78.370099
97.178484
255.485687
289.968445
194.357163
39.184756
17.241183
181.817979
388.714522
460.814833
274.294464
-192.790157
-421.630273
253.918289
1057.993493
573.667493
-641.066002
-766.457846
70.532717
615.987241
641.065610
70.532717
-866.771322
-901.254079
221.002930
885.579707
322.883804
-614.420235
-1057.993885
-561.128701
492.162794
749.216076
-184.953167
-987.460972
-775.862234
-40.752545
470.219221
297.805435
-432.602060
-811.912390
-332.288584
253.918289
247.648697
-32.915555
-324.451594
-465.517419
-72.100507
445.140852
219.435532
-305.642817
-266.457866
1.567202
166.143998
294.670639
94.043688
-255.486079
-101.881070
250.783493
200.626755
42.319552
31.347765
-14.106778
34.482561
253.918289
246.081299
3.134600
-34.482953
170.846192
299.372833
233.542115
87.774095
21.943377
155.172212
390.281920
423.197280
90.908891
-294.671031
-152.037808
543.886930
797.805415
32.915163
-675.548759
-357.366953
369.905746
583.071882
238.244309
-338.558176
-708.464118
-335.423380
398.118911
529.780348
-64.263516
-706.896720
-757.053458
-109.718060
523.510755
297.805435
-476.489205
-816.614584
-431.034662
180.250581
349.529571
-95.611477
-557.993904
-426.332468
-28.213361
67.397921
-10.971982
-51.724332
-156.740002
-231.975108
-67.398312
117.554658
94.043688
-4.702390
-54.859128
-73.667905
-28.213361
100.313280
172.413590
120.689455
7.836794
-78.370099
-26.645963
161.441804
238.244309
126.959047
28.212969
1.567202
40.752154
180.250581
291.535843
210.031144
47.021746
14.106387
120.689455
282.131454
358.933959
231.974717
42.319552
-100.313672
-76.802701
297.805435
597.178464
210.031144
-442.006448
-388.714914
211.598542
482.758406
224.137726
-238.244701
-503.134972
-294.671031
173.980988
341.692581
4.701998
-460.815225
-559.561303
-203.761943
203.761552
199.059357
-210.031536
-547.022118
-424.765070
-59.561322
137.930833
48.589144
-228.840312
-413.793283
-272.727458
6.269396
84.639299
18.808581
-90.909283
-244.514293
-199.059749
65.830522
164.576600
32.915163
-26.645963
-39.185147
-94.044079
15.673785
222.570328
216.300736
14.106387
-103.448468
-25.078565
137.930833
242.946503
200.626755
25.078173
-68.965710
81.504503
266.457474
261.755280
142.633027
15.673785
7.836794
206.896348
365.203552
225.705124
45.454348
64.263124
39.184756
47.021746
302.507629
360.501357
-43.887342
-330.721186
-84.639691
269.592270
293.103241
28.212969
-294.671031
-373.040934
-59.561322
244.513901
101.880678
-219.435924
-377.743128
-362.069147
-122.257244
188.087571
83.071901
-373.040934
-525.078545
-252.351283
32.915163
115.987260
-51.724332
-352.664759
-387.147516
-105.015866
81.504503
36.049959
-50.156934
-150.470409
-235.109905
-111.285458
108.150270
161.441804
53.291338
-106.583264
-188.087963
-31.348157
238.244309
274.294464
40.752154
-137.931225
-90.909283
112.852464
318.181610
280.564056
-23.511167
-192.790157
48.589144
363.636153
351.096969
120.689455
-68.965710
-53.291730
213.165940
415.360289
271.159668
3.134600
-39.185147
108.150270
184.952775
191.222367
180.250581
54.858736
-92.476681
-43.887342
112.852464
94.043688
-10.971982
-29.780759
-75.235303
-142.633419
-97.178876
-21.943769
-51.724332
-100.313672
-184.953167
-272.727458
-175.548778
-18.808973
-45.454740
-191.222759
-271.160060
-257.053477
-163.009594
7.836794
29.780367
-205.329341
-357.366953
-156.740002
83.071901
56.426134
-65.830914
-159.874798
-210.031536
-40.752545
214.733338
156.739610
-117.555050
-214.733730
-43.887342
197.491959
250.783493
53.291338
-125.392041
-61.128720
142.633027
268.024872
177.115785
-25.078565
-56.426526
125.391649
260.187882
224.137726
89.341493
-12.539380
94.043688
277.429260
255.485687
84.639299
10.971590
92.476289
225.705124
252.350891
73.667513
-100.313672
1.567202
200.626755
197.491959
-6.269788
-156.740002
-92.476681
67.397921
119.122056
-15.674177
-214.733730
-231.975108
-36.050351
61.128328
-76.802701
-244.514293
-269.592662
-145.768215
6.269396
-36.050351
-274.294856
-327.586390
-126.959439
9.404192
-62.696118
-230.407710
-285.266642
-112.852856
59.560930
-18.808973
-173.981380
-188.087963
-117.555050
12.538989
134.796037
45.454348
-166.144390
-172.413982
65.830522
239.811707
139.498231
-75.235303
-123.824642
57.993532
249.216095
227.272522
36.049959
-76.802701
37.617357
210.031144
255.485687
170.846192
26.645571
-14.106778
148.902620
304.075027
233.542115
76.802309
12.538989
67.397921
183.385377
224.137726
144.200425
37.617357
-26.645963
-10.971982
120.689455
205.328950
53.291338
-170.846584
-186.520565
40.752154
214.733338
26.645571
-263.323070
-252.351283
-57.993924
43.886950
21.943377
-126.959439
-307.210215
-272.727458
-47.022138
68.965319
-48.589536
-258.620875
-352.664759
-189.655361
53.291338
67.397921
-142.633419
-313.479807
-219.435924
17.241183
72.100115
-47.022138
-117.555050
-122.257244
-76.802701
50.156542
94.043688
3.134600
-29.780759
1.567202
36.049959
98.745882
122.256853
75.234911
48.589144
64.263124
81.504503
130.093843
150.470018
114.419862
83.071901
81.504503
114.419862
152.037416
141.065629
119.122056
106.582872
87.774095
106.582872
122.256853
73.667513
57.993532
87.774095
72.100115
43.886950
32.915163
6.269396
18.808581
61.128328
1.567202
-94.044079
-75.235303
-12.539380
15.673785
-32.915555
-128.526837
-161.442196
-111.285458
-43.887342
-26.645963
-87.774487
-195.924953
-213.166332
-128.526837
-32.915555
-15.674177
-128.526837
-257.053477
-219.435924
-29.780759
83.071901
-59.561322
-272.727458
-214.733730
36.049959
84.639299
-32.915555
-75.235303
-92.476681
-72.100507
73.667513
153.604814
36.049959
-72.100507
-10.971982
133.228639
189.654969
101.880678
6.269396
36.049959
147.335221
178.683183
106.582872
59.560930
111.285066
159.874406
111.285066
72.100115
97.178484
122.256853
152.037416
139.498231
48.589144
12.538989
68.965319
106.582872
115.987260
70.532717
-34.482953
-62.696118
21.943377
100.313280
94.043688
-50.156934
-188.087963
-106.583264
72.100115
67.397921
-78.370099
-177.116176
-178.683575
-86.207089
4.701998
-40.752545
-169.279186
-203.761943
-125.392041
-76.802701
-105.015866
-139.498623
-147.335613
-120.689846
-108.150662
-114.420254
-111.285458
-78.370099
-34.482953
-59.561322
-112.852856
-95.611477
-14.106778
70.532717
70.532717
-36.050351
-86.207089
37.617357
159.874406
130.093843
53.291338
21.943377
54.858736
145.767823
188.087571
126.959047
56.426134
59.560930
125.391649
173.980988
145.767823
57.993532
45.454348
117.554658
126.959047
76.802309
59.560930
73.667513
54.858736
34.482561
59.560930
62.695726
17.241183
-15.674177
-10.971982
17.241183
39.184756
-3.134992
-89.341885
-95.611477
-9.404584
31.347765
-40.752545
-130.094235
-148.903011
-81.504895
9.404192
-31.348157
-177.116176
-216.301128
-98.746274
-20.376371
-59.561322
-126.959439
-170.846584
-161.442196
-83.072293
-17.241575
-50.156934
-130.094235
-137.931225
-62.696118
15.673785
20.375979
-42.319943
-79.937497
-12.539380
68.965319
65.830522
45.454348
54.858736
34.482561
45.454348
144.200425
169.278794
70.532717
39.184756
137.930833
178.683183
108.150270
59.560930
94.043688
