-54.045087
-60.050374
-70.859892
-78.066237
-86.473640
-99.685273
-103.288445
-103.288445
-110.494791
-115.299021
-118.902193
-124.907481
-128.510654
-124.907481
-122.505366
-124.907481
-126.108539
-129.711711
-132.113826
-127.309596
-122.505366
-118.902193
-112.896906
-106.891618
-102.087388
-98.484215
-91.277870
-86.473640
-84.071525
-79.267295
-69.658835
-62.452489
-58.849317
-54.045087
-40.833454
-31.224994
-26.420763
-18.013361
-4.801728
-2.399613
3.605675
16.817308
27.626825
37.235286
43.240573
54.050091
61.256436
67.261724
79.272299
90.081817
93.684990
103.293450
115.304025
120.108255
123.711428
118.907198
126.113543
135.722003
142.928348
152.536809
148.933636
145.330463
148.933636
146.531521
141.727291
134.520946
128.515658
124.912485
122.510370
124.912485
117.706140
100.891335
87.679702
80.473357
72.065954
64.859609
50.446919
37.235286
22.822595
12.013078
6.007790
-1.198555
-16.812303
-31.224994
-44.436626
-49.240857
-55.246144
-68.457777
-79.267295
-91.277870
-98.484215
-98.484215
-97.283158
-103.288445
-112.896906
-121.304308
-120.103251
-121.304308
-122.505366
-124.907481
-133.314884
-134.515941
-127.309596
-127.309596
-130.912769
-129.711711
-122.505366
-118.902193
-108.092676
-99.685273
-102.087388
-106.891618
-108.092676
-98.484215
-87.674698
-80.468352
-73.262007
-70.859892
-62.452489
-50.441914
-39.632396
-32.426051
-33.627109
-30.023936
-18.013361
1.203560
12.013078
14.415193
22.822595
32.431056
43.240573
57.653264
68.462781
78.071242
86.478644
92.483932
103.293450
111.700853
121.309313
120.108255
120.108255
134.520946
146.531521
152.536809
151.335751
145.330463
151.335751
156.139981
157.341039
152.536809
140.526233
132.118831
124.912485
127.314601
132.118831
123.711428
111.700853
93.684990
81.674414
82.875472
76.870184
58.854321
38.436343
18.018365
9.610962
9.610962
8.409905
-6.002785
-30.023936
-43.235569
-46.838742
-49.240857
-56.447202
-73.262007
-87.674698
-94.881043
-100.886330
-103.288445
-102.087388
-109.293733
-123.706424
-132.113826
-127.309596
-121.304308
-123.706424
-128.510654
-139.320171
-136.918056
-128.510654
-123.706424
-122.505366
-130.912769
-133.314884
-124.907481
-111.695848
-106.891618
-106.891618
-109.293733
-110.494791
-94.881043
-79.267295
-72.060950
-72.060950
-73.262007
-64.854604
-49.240857
-37.230281
-32.426051
-26.420763
-21.616533
-16.812303
3.605675
26.425768
40.838458
38.436343
37.235286
51.647976
68.462781
80.473357
84.076529
90.081817
97.288162
109.298738
122.510370
130.917773
132.118831
138.124118
150.134694
159.743154
163.346326
159.743154
153.737866
147.732579
154.938924
168.150557
162.145269
147.732579
142.928348
142.928348
144.129406
134.520946
116.505083
94.886047
81.674414
84.076529
80.473357
66.060666
49.245861
26.425768
13.214135
9.610962
9.610962
2.404617
-19.214418
-48.039799
-62.452489
-61.251432
-57.648259
-67.256720
-90.076813
-109.293733
-110.494791
-99.685273
-97.283158
-110.494791
-130.912769
-140.521229
-135.716999
-126.108539
-129.711711
-139.320171
-147.727574
-146.526517
-135.716999
-128.510654
-121.304308
-124.907481
-132.113826
-134.515941
-126.108539
-108.092676
-100.886330
-109.293733
-116.500078
-108.092676
-90.076813
-67.256720
-60.050374
-70.859892
-81.669410
-73.262007
-44.436626
-19.214418
-15.611246
-26.420763
-30.023936
-8.404901
25.224710
42.039516
30.028940
20.420480
38.436343
61.256436
82.875472
94.886047
90.081817
91.282875
108.097680
122.510370
129.716716
139.325176
145.330463
146.531521
145.330463
144.129406
159.743154
177.759017
182.563247
174.155844
156.139981
154.938924
152.536809
146.531521
140.526233
134.520946
134.520946
126.113543
106.896622
88.880760
87.679702
85.277587
72.065954
54.050091
32.431056
20.420480
14.415193
3.605675
-12.008073
-30.023936
-43.235569
-50.441914
-52.844029
-55.246144
-64.854604
-85.272583
-108.092676
-110.494791
-99.685273
-100.886330
-115.299021
-130.912769
-140.521229
-132.113826
-117.701136
-114.097963
-127.309596
-140.521229
-141.722286
-133.314884
-124.907481
-122.505366
-127.309596
-134.515941
-139.320171
-126.108539
-99.685273
-86.473640
-105.690561
-126.108539
-120.103251
-93.679985
-61.251432
-57.648259
-78.066237
-92.478928
-81.669410
-58.849317
-30.023936
-12.008073
-33.627109
-42.034511
-7.203843
18.018365
36.034228
44.441631
26.425768
16.817308
46.843746
76.870184
91.282875
103.293450
90.081817
87.679702
128.515658
157.341039
146.531521
138.124118
146.531521
154.938924
169.351614
171.753729
163.346326
169.351614
172.954787
163.346326
160.944211
165.748442
159.743154
146.531521
138.124118
122.510370
115.304025
111.700853
98.489220
86.478644
75.669127
68.462781
56.452206
36.034228
8.409905
1.203560
3.605675
-12.008073
-32.426051
-43.235569
-51.642972
-61.251432
-72.060950
-79.267295
-87.674698
-100.886330
-110.494791
-115.299021
-115.299021
-118.902193
-128.510654
-135.716999
-132.113826
-117.701136
-115.299021
-133.314884
-150.129689
-144.124402
-133.314884
-129.711711
-128.510654
-126.108539
-129.711711
-126.108539
-110.494791
-106.891618
-111.695848
-112.896906
-111.695848
-106.891618
-94.881043
-76.865180
-57.648259
-63.653547
-96.082100
-88.875755
-33.627109
-1.198555
-6.002785
-15.611246
-54.045087
-57.648259
34.833171
82.875472
34.833171
15.616250
39.637401
58.854321
86.478644
112.901910
100.891335
84.076529
92.483932
110.499795
152.536809
168.150557
153.737866
163.346326
154.938924
150.134694
182.563247
199.378052
176.557959
147.732579
158.542096
172.954787
168.150557
156.139981
141.727291
138.124118
133.319888
120.108255
102.092392
88.880760
87.679702
74.468069
52.849034
42.039516
28.827883
18.018365
12.013078
-2.399613
-24.018648
-40.833454
-54.045087
-61.251432
-62.452489
-70.859892
-87.674698
-104.489503
-112.896906
-112.896906
-112.896906
-122.505366
-136.918056
-139.320171
-127.309596
-112.896906
-124.907481
-146.526517
-148.928632
-136.918056
-128.510654
-128.510654
-132.113826
-124.907481
-121.304308
-132.113826
-138.119114
-121.304308
-106.891618
-115.299021
-122.505366
-118.902193
-94.881043
-63.653547
-64.854604
-79.267295
-85.272583
-78.066237
-52.844029
-25.219706
-24.018648
-25.219706
-15.611246
-19.214418
-12.008073
19.219423
64.859609
86.478644
46.843746
25.224710
66.060666
96.087105
110.499795
112.901910
99.690277
111.700853
151.335751
171.753729
194.573822
199.378052
145.330463
132.118831
193.372765
234.208721
217.393915
184.965362
162.145269
136.923061
133.319888
171.753729
180.161132
139.325176
110.499795
102.092392
92.483932
90.081817
85.277587
61.256436
33.632113
16.817308
3.605675
-2.399613
1.203560
-24.018648
-63.653547
-74.463065
-64.854604
-51.642972
-61.251432
-105.690561
-139.320171
-129.711711
-122.505366
-135.716999
-123.706424
-106.891618
-124.907481
-145.325459
-127.309596
-104.489503
-112.896906
-140.521229
-153.732862
-134.515941
-108.092676
-112.896906
-115.299021
-115.299021
-126.108539
-123.706424
-105.690561
-97.283158
-110.494791
-114.097963
-103.288445
-110.494791
-105.690561
-74.463065
-57.648259
-60.050374
-61.251432
-58.849317
-50.441914
-34.828166
-19.214418
-20.415476
-36.029224
-22.817591
21.621538
49.245861
39.637401
24.023653
51.647976
88.880760
76.870184
88.880760
116.505083
85.277587
110.499795
206.584398
204.182282
109.298738
96.087105
172.954787
246.219296
270.240447
229.404491
166.949499
145.330463
148.933636
148.933636
162.145269
172.954787
156.139981
134.520946
134.520946
140.526233
110.499795
75.669127
66.060666
39.637401
9.610962
16.817308
15.616250
3.605675
-4.801728
-25.219706
-43.235569
-54.045087
-62.452489
-75.664122
-94.881043
-114.097963
-135.716999
-135.716999
-117.701136
-109.293733
-120.103251
-121.304308
-103.288445
-108.092676
-124.907481
-105.690561
-90.076813
-115.299021
-141.722286
-138.119114
-120.103251
-111.695848
-97.283158
-73.262007
-87.674698
-126.108539
-130.912769
-126.108539
-124.907481
-106.891618
-86.473640
-109.293733
-108.092676
-69.658835
-106.891618
-121.304308
-30.023936
25.224710
-33.627109
-91.277870
-61.251432
-31.224994
-14.410188
-28.822879
-39.632396
28.827883
46.843746
96.087105
193.372765
82.875472
-60.050374
37.235286
156.139981
108.097680
94.886047
208.986513
254.626699
208.986513
165.748442
146.531521
175.356902
264.235159
299.065827
176.557959
103.293450
172.954787
188.568535
118.907198
99.690277
142.928348
156.139981
111.700853
73.267012
88.880760
91.282875
38.436343
18.018365
26.425768
-4.801728
-22.817591
-4.801728
-27.621821
-75.664122
-96.082100
-109.293733
-112.896906
-104.489503
-117.701136
-142.923344
-135.716999
-133.314884
-157.336034
-146.526517
-88.875755
-61.251432
-105.690561
-133.314884
-90.076813
-57.648259
-88.875755
-140.521229
-145.325459
-109.293733
-85.272583
-64.854604
-22.817591
-12.008073
-82.870467
-157.336034
-136.918056
-70.859892
-62.452489
-122.505366
-140.521229
-86.473640
-69.658835
-51.642972
14.415193
7.208847
-50.441914
-49.240857
13.214135
36.034228
-98.484215
-355.510527
-241.410062
239.012951
239.012951
44.441631
200.579110
222.198145
80.473357
51.647976
-80.468352
-84.071525
326.690151
443.192731
141.727291
135.722003
269.039389
257.028814
319.483805
311.076403
148.933636
103.293450
139.325176
151.335751
150.134694
62.457494
1.203560
98.489220
127.314601
-36.029224
-98.484215
20.420480
46.843746
-60.050374
-93.679985
-26.420763
-4.801728
-68.457777
-105.690561
-79.267295
-84.071525
-180.156127
-267.833327
-219.791026
-138.119114
-144.124402
-157.336034
-114.097963
-49.240857
-24.018648
-49.240857
-33.627109
22.822595
16.817308
-52.844029
-45.637684
25.224710
15.616250
-61.251432
-90.076813
-44.436626
-52.844029
-128.510654
-114.097963
-38.431339
-39.632396
-120.103251
-162.140265
-139.320171
-85.272583
-32.426051
-70.859892
-116.500078
-79.267295
-48.039799
-20.415476
50.446919
10.812020
-162.140265
-82.870467
154.938924
112.901910
-30.023936
-67.256720
-106.891618
-22.817591
207.785455
290.658425
225.801318
229.404491
252.224584
251.023526
312.277460
351.912359
311.076403
299.065827
386.743027
546.483679
577.711175
309.875345
3.605675
-10.807016
81.674414
-86.473640
-350.706297
-368.722160
-287.050248
-372.325332
-452.796187
-273.838615
-85.272583
-182.558243
-290.653420
-123.706424
78.071242
38.436343
-84.071525
-56.447202
3.605675
-61.251432
-133.314884
-98.484215
-34.828166
-42.034511
-62.452489
25.224710
184.965362
234.208721
154.938924
156.139981
271.441504
297.864770
128.515658
-69.658835
-111.695848
-121.304308
-261.828040
-361.515815
-284.648133
-258.224867
-393.944368
-451.595130
-339.896779
-271.436500
-313.473513
-290.653420
-126.108539
-8.404901
-25.219706
2.404617
121.309313
182.563247
159.743154
164.547384
241.415066
295.462655
247.420354
178.960074
172.954787
194.573822
166.949499
115.304025
112.901910
148.933636
134.520946
99.690277
202.981225
372.330337
383.139855
311.076403
384.340912
619.748188
815.520566
751.864517
362.721877
-117.701136
-344.701009
-339.896779
-460.002532
-777.081720
-968.049868
-882.774783
-741.049995
-638.960104
-425.171864
-147.727574
-30.023936
0.002502
199.378052
475.621285
498.441378
324.288036
251.023526
272.642562
211.388628
94.886047
38.436343
7.208847
-64.854604
-100.886330
0.002502
178.960074
235.409778
100.891335
-43.235569
-43.235569
-4.801728
-132.113826
-384.335908
-540.473387
-587.314631
-619.743184
-588.515688
-469.610992
-367.521102
-306.267168
-225.796314
-64.854604
148.933636
261.833044
239.012951
229.404491
251.023526
249.822469
252.224584
251.023526
207.785455
138.124118
94.886047
94.886047
142.928348
145.330463
36.034228
-48.039799
-33.627109
-25.219706
-50.441914
-27.621821
45.642688
170.552672
398.753603
560.896369
540.478391
604.134440
881.578730
1139.806099
1109.779661
602.933383
-180.156127
-616.140011
-540.473387
-611.335781
-1115.779944
-1446.070765
-1240.689927
-915.203337
-762.669030
-475.616280
52.849034
333.896496
249.822469
392.748315
875.573442
987.271793
523.663586
170.552672
237.811893
265.436217
50.446919
-118.902193
-133.314884
-162.140265
-213.785738
-91.277870
189.769592
302.669000
73.267012
-225.796314
-267.833327
-183.759300
-312.272456
-652.171737
-859.954690
-775.880663
-637.759047
-560.891365
-299.060823
86.478644
175.356902
79.272299
276.245734
616.145016
586.118577
282.251022
141.727291
166.949499
97.288162
-49.240857
-78.066237
-13.209131
-64.854604
-204.177278
-174.150840
13.214135
46.843746
-70.859892
-70.859892
26.425768
36.034228
18.018365
105.695565
301.467943
522.462528
650.975684
709.827503
853.954407
1078.552165
1295.943578
1419.652504
1084.557453
63.658551
-941.626602
-1074.943988
-827.526137
-1276.721653
-2047.800588
-1993.753000
-1295.938574
-906.795934
-670.187600
34.833171
750.663459
801.107875
699.017985
1183.044170
1662.266125
1240.694932
422.774753
147.732579
273.843619
145.330463
-239.007946
-450.394072
-455.198302
-473.214165
-453.997245
-192.166703
142.928348
105.695565
-313.473513
-600.526263
-460.002532
-283.447075
-534.468099
-904.393819
-838.335655
-486.425798
-241.410062
9.610962
455.203307
749.462402
616.145016
499.642435
724.240193
790.298358
369.928222
-98.484215
-270.235442
-331.489376
-455.198302
-551.282905
-516.452236
-429.976094
-398.748598
-297.859766
-13.209131
230.605548
247.420354
183.764304
214.991800
303.870058
355.515531
355.515531
405.959948
577.711175
760.271919
862.361810
941.631607
1079.753223
1335.578477
1608.218536
1295.943578
-63.653547
-1552.964886
-1781.165817
-1313.954437
-1811.192255
-2778.043567
-2522.218313
-1418.446442
-862.356805
-467.208877
640.166166
1637.043917
1591.403731
1322.366844
1859.239560
2420.133427
1748.742268
455.203307
-79.267295
-39.632396
-362.716872
-885.176898
-1025.700629
-952.436120
-998.076306
-969.250925
-528.462812
87.679702
190.970650
-329.087261
-691.806636
-425.171864
-100.886330
-296.658708
-636.557989
-500.838488
-37.230281
265.436217
541.679449
1082.155338
1343.985880
833.536429
338.700726
539.277334
572.906945
-224.595256
-1005.282651
-1061.732355
-915.203337
-1001.679479
-974.055156
-628.150587
-269.034385
-144.124402
-8.404901
463.610709
891.187190
780.689897
509.250895
547.684736
624.552418
472.018112
308.674288
290.658425
361.520819
514.055126
693.012698
834.737486
992.076023
1273.123485
1633.440745
1392.028181
-183.759300
-2122.266155
-2507.805623
-1759.546781
-2059.811164
-3137.159769
-2836.895386
-1295.938574
-289.452363
301.467943
1539.758257
2714.392523
2609.900517
1942.112530
2137.884908
2614.704748
1727.123232
-124.907481
-1092.959851
-999.277364
-1154.213785
-1699.493904
-1730.721400
-1322.361840
-1141.002152
-1017.293227
-398.748598
473.219169
709.827503
80.473357
-466.007820
-201.775163
261.833044
136.923061
-253.420637
-174.150840
297.864770
604.134440
780.689897
1153.017732
1243.097047
517.658298
-235.404774
-171.748725
-51.642972
-795.097583
-1695.890732
-1709.102365
-1166.224361
-883.975841
-732.642592
-236.605831
348.309186
553.690024
643.769339
1018.499289
1328.372132
1096.568028
581.314347
343.504956
360.319762
199.378052
-138.119114
-255.822752
-52.844029
283.452080
586.118577
828.732199
1062.938417
1389.626066
1764.356015
1562.578350
54.050091
-2146.287306
-3131.154482
-2448.953804
-2062.213279
-2780.445682
-2761.228762
-1160.219073
399.954660
1187.848401
2199.138842
3295.704368
3208.027168
2158.302886
1655.059780
1838.821582
1175.837825
-701.415096
-2097.043947
-2053.805876
-1697.091789
-1818.398600
-1715.107652
-1109.774657
-658.177025
-428.775036
120.108255
898.393536
1150.615617
540.478391
-245.013234
-312.272456
163.346326
302.669000
-33.627109
-150.129689
252.224584
644.970396
730.245481
864.763925
936.827377
264.235159
-778.282778
-992.071019
-629.351644
-993.272076
-1831.610233
-1820.800715
-964.446695
-302.663996
-49.240857
362.721877
950.039009
1145.811387
968.054872
1020.901404
1222.679069
904.398823
204.182282
-169.346610
-166.944495
-234.203716
-455.198302
-516.452236
-223.394199
297.864770
780.689897
1076.150050
1250.303392
1477.303266
1799.186684
1771.562361
648.573569
-1531.345850
-3229.641199
-3137.159769
-2229.160276
-2149.890479
-2379.292467
-1420.848557
318.282748
1506.128646
2265.197006
3102.334105
3268.080044
2244.779028
1120.589179
904.398823
750.663459
-497.235316
-2122.266155
-2559.451097
-1896.467339
-1387.218946
-1167.425418
-679.796060
-174.150840
-27.621821
174.155844
729.044424
1100.171201
690.610583
-208.981508
-654.573852
-272.637557
254.626699
293.060540
104.494507
233.007663
628.155591
787.896243
649.774627
583.716462
341.102841
-665.383370
-1751.139378
-1638.239970
-888.780071
-1006.483709
-1588.996612
-1174.631763
16.817308
744.658172
882.779788
1056.933130
1285.134061
1132.599754
685.806352
562.097427
743.457114
383.139855
-560.891365
-976.457271
-564.494537
-267.833327
-408.357058
-344.701009
186.166420
869.568155
1369.208088
1537.356142
1572.186810
1712.710542
1729.525347
1145.811387
-327.886204
-2314.435360
-3497.477029
-3078.307950
-2213.546528
-2057.409049
-1788.372162
-528.462812
975.261218
1974.541083
2669.953394
3055.492861
2645.932243
1540.959315
666.589432
454.002249
51.647976
-1168.626476
-2266.393059
-2205.139125
-1483.303549
-963.245638
-610.134724
-235.404774
-13.209131
82.875472
314.679575
674.996835
733.848654
208.986513
-458.801475
-533.267042
6.007790
462.409652
461.208594
338.700726
470.817054
731.446539
673.795777
296.663712
13.214135
-384.335908
-1346.382990
-2079.028084
-1570.980749
-711.023556
-786.690181
-1072.541873
-373.526390
769.880380
1270.721370
1156.620905
1059.335245
1100.171201
861.160752
309.875345
94.886047
237.811893
-147.727574
-944.028717
-1012.488997
-403.552828
-152.531804
-283.447075
-78.066237
574.108002
1331.975304
1819.604662
1825.609950
1596.207961
1488.112783
1483.308553
1074.948993
-455.198302
-2791.255200
-4021.138112
-3199.614761
-2057.409049
-1909.678972
-1588.996612
-190.965645
1299.546751
2123.472217
2726.403098
3182.804960
2703.583005
1271.922428
237.811893
227.002376
8.409905
-1244.293100
-2354.070259
-2205.139125
-1390.822119
-827.526137
-484.023683
-115.299021
81.674414
14.415193
81.674414
534.473104
801.107875
297.864770
-439.584554
-472.013108
159.743154
650.975684
641.367224
482.827630
532.070989
629.356649
395.150430
-42.034511
-284.648133
-581.309343
-1395.626349
-2193.128550
-1966.128676
-910.399106
-225.796314
-210.182566
37.235286
863.562867
1508.530761
1500.123359
1185.446285
874.372385
433.584271
-157.336034
-470.812050
-269.034385
-202.976221
-772.277490
-1169.827533
-629.351644
142.928348
325.489093
343.504956
763.875092
1329.573189
1700.699966
1807.594087
1615.424882
1273.123485
1098.970143
963.250642
-22.817591
-2189.525377
-3949.074660
-3576.746826
-2087.435487
-1647.848431
-1770.356299
-620.944241
1239.493874
2165.509231
2447.757751
2940.191338
2925.778648
1692.292564
313.478518
39.637401
157.341039
-790.293353
-2263.990944
-2489.789760
-1516.933160
-822.721907
-680.997118
-393.944368
-7.203843
39.637401
31.229998
416.769466
853.954407
652.176742
-67.256720
-356.711585
146.531521
719.435963
739.853941
435.986386
283.452080
315.880633
198.176995
-228.198429
-629.351644
-849.145172
-1342.779818
-1964.927619
-1682.679099
-568.097710
49.245861
-16.812303
275.044677
1044.922554
1432.864137
1208.266379
816.721623
524.864643
202.981225
-301.462938
-629.351644
-413.161289
-216.187853
-575.304055
-785.489123
-253.420637
311.076403
384.340912
414.367350
731.446539
1196.255803
1599.811134
1716.313714
1484.509611
1110.980719
945.234779
1082.155338
601.732325
-1533.747965
-4021.138112
-4204.899914
-2409.318905
-1464.086628
-1740.329860
-1049.721780
911.605168
2308.435077
2674.757624
3060.297092
3306.513885
2268.800179
455.203307
-281.044960
34.833171
-538.071272
-2243.572966
-3054.286800
-2145.086248
-982.462558
-610.134724
-429.976094
31.229998
281.049964
211.388628
480.425515
1073.747935
1064.139475
237.811893
-392.743310
-128.510654
542.880506
772.282495
409.563120
31.229998
13.214135
7.208847
-289.452363
-565.695595
-656.975967
-1100.166196
-1912.081087
-1907.276857
-638.960104
479.224457
423.975811
186.166420
767.478265
1444.874712
1324.768959
743.457114
314.679575
-20.415476
-515.251179
-839.536712
-499.637431
-7.203843
-261.828040
-761.467973
-361.515815
523.663586
727.843366
443.192731
493.637148
875.573442
1233.488587
1450.880000
1459.287403
1209.467436
897.192478
957.245355
1119.388121
-21.616533
-2717.990691
-4473.936801
-3495.074913
-1787.171104
-1597.404014
-1677.874869
-207.780451
1816.001489
2719.196753
2904.159613
3270.482160
3089.122472
1538.557200
-104.489503
-347.103124
-237.806889
-1471.292973
-3098.725928
-3057.889972
-1652.652661
-699.012981
-526.060696
-183.759300
389.145142
565.700599
578.912232
984.869678
1319.964729
837.139601
-93.679985
-447.991957
6.007790
522.462528
426.377926
-86.473640
-288.251305
-74.463065
-64.854604
-449.193014
-726.637304
-754.261627
-1084.552448
-1659.859006
-1416.044327
-134.515941
816.721623
643.769339
360.319762
811.917393
1300.747808
1004.086598
251.023526
-193.367760
-301.462938
-529.663869
-709.822499
-305.066111
210.187570
-66.055662
-540.473387
-111.695848
671.393662
731.446539
363.922934
387.944085
858.758637
1339.181649
1476.102208
1261.112910
998.081311
987.271793
1249.102335
1022.102461
-862.356805
-3654.815565
-4525.582275
-2840.498559
-1473.695089
-1717.509767
-1354.790393
690.610583
2536.636008
3014.656905
3087.921415
3277.688505
2612.302632
807.113163
-560.891365
-533.267042
-708.621441
-2330.049108
-3606.773264
-2746.816072
-1048.520722
-362.716872
-267.833327
216.192858
760.271919
865.964982
926.017859
1251.504450
1256.308680
425.176868
-533.267042
-587.314631
52.849034
390.346200
75.669127
-373.526390
-372.325332
-24.018648
-2.399613
-469.610992
-785.489123
-826.325079
-1120.584174
-1340.377703
-646.166450
454.002249
742.256056
347.108129
338.700726
870.769212
1061.737360
472.018112
-226.997371
-351.907354
-269.034385
-457.600417
-455.198302
31.229998
248.621411
-142.923344
-273.838615
277.446792
685.806352
426.377926
109.298738
353.113416
887.584018
1187.848401
1246.700220
1300.747808
1250.303392
1126.594466
1292.340406
1055.732072
-1006.483709
-3944.270430
-4643.285913
-2737.207611
-1375.208371
-1716.308710
-1345.181933
874.372385
2902.958555
3295.704368
3113.143623
3210.429283
2565.461389
672.594720
-803.504986
-820.319792
-1056.928125
-2711.985403
-3844.582655
-2680.757907
-739.848937
-36.029224
-20.415476
467.213882
1062.938417
1171.033595
1131.398697
1232.287529
1010.091886
145.330463
-735.044707
-792.695468
-153.732862
252.224584
-52.844029
-503.240603
-377.129563
146.531521
229.404491
-329.087261
-778.282778
-856.351518
-1046.118607
-1125.388404
-451.595130
470.817054
626.954533
249.822469
311.076403
820.324796
904.398823
257.028814
-367.521102
-343.499952
-136.918056
-247.415349
-253.420637
124.912485
240.214008
-133.314884
-207.780451
267.838332
559.695312
293.060540
9.610962
269.039389
880.377673
1252.705507
1269.520313
1241.895989
1226.282242
1240.694932
1483.308553
1161.425135
-1046.118607
-4024.741285
-4693.730330
-2778.043567
-1393.224234
-1718.710825
-1382.414716
871.970270
3061.498149
3523.905299
3198.418708
3143.170061
2488.593707
589.721750
-990.869961
-1062.933413
-1219.070892
-2810.472121
-3952.677833
-2714.387518
-569.298768
273.843619
214.991800
593.324923
1198.657918
1327.171074
1197.456861
1119.388121
790.298358
-42.034511
-894.785359
-994.473134
-325.484089
220.997088
-9.605958
-487.626855
-330.288319
308.674288
473.219169
-172.949782
-814.314504
-827.526137
-744.653167
-1000.478421
-915.203337
-21.616533
730.245481
548.885794
184.965362
469.615997
928.419974
661.785202
-176.552955
-559.690307
-195.769875
25.224710
-231.801601
-180.156127
236.610836
127.314601
-331.489376
-136.918056
481.626572
522.462528
79.272299
75.669127
720.637021
1334.377419
1440.070482
1299.546751
1227.483299
1210.668494
1372.811260
1292.340406
-415.563404
-3528.704524
-5000.000000
-3343.741665
-1400.430579
-1482.102491
-1596.202957
416.769466
2981.027295
3708.868158
3138.365831
2977.424122
2717.995695
989.673908
-1066.536585
-1424.451730
-1132.594750
-2398.509388
-3951.476775
-3084.313238
-662.981255
536.875219
396.351487
590.922808
1261.112910
1462.890575
1175.837825
959.647470
723.039136
21.621538
-898.388531
-1192.647626
-593.319918
116.505083
100.891335
-396.346483
-405.954943
285.854195
653.377799
22.822595
-742.251052
-780.684893
-699.012981
-1026.901687
-889.981128
105.695565
751.864517
349.510244
-88.875755
335.097553
974.060160
689.409525
-283.447075
-600.526263
-49.240857
170.552672
-192.166703
-135.716999
294.261597
97.288162
-383.134850
-100.886330
545.282621
491.235032
-103.288445
-166.944495
588.520692
1299.546751
1343.985880
1205.864263
1327.171074
1349.991167
1301.948866
1414.848274
492.436090
-2357.673431
-4863.079441
-4294.979229
-1981.742424
-1145.806383
-1596.202957
-598.124148
2099.451067
3861.402465
3546.725392
2852.514139
2692.773487
1698.297851
-432.378209
-1659.859006
-1399.229522
-1787.171104
-3370.164930
-3630.794414
-1568.578633
464.811767
803.509991
574.108002
954.843239
1442.472597
1366.805973
970.456987
607.737613
133.319888
-617.341069
-1221.473007
-1028.102744
-183.759300
307.473230
-57.648259
-447.991957
10.812020
690.610583
425.176868
-551.282905
-1049.721780
-817.917677
-587.314631
-534.468099
-171.748725
383.139855
455.203307
84.076529
27.626825
470.817054
605.335498
-27.621821
-588.515688
-258.224867
339.901784
275.044677
-84.071525
2.404617
189.769592
0.002502
-133.314884
142.928348
314.679575
36.034228
-165.743437
249.822469
959.647470
1271.922428
1197.456861
1261.112910
1467.694805
1521.742394
1520.541337
993.277080
-1178.234936
-4093.201564
-4829.449831
-2889.741918
-1298.340689
-1546.959598
-1342.779818
995.679196
3547.926449
3999.524081
3083.117185
2655.540704
2265.197006
575.309060
-1342.779818
-1697.091789
-1601.007187
-2857.313364
-3935.863027
-2552.244752
-26.420763
993.277080
674.996835
757.869804
1413.647216
1652.657665
1221.478011
619.748188
129.716716
-453.997245
-1153.012728
-1341.578760
-648.568565
156.139981
123.711428
-344.701009
-112.896906
733.848654
920.012571
46.843746
-773.478548
-763.870088
-578.907228
-799.901814
-834.732482
-214.986796
348.309186
178.960074
-138.119114
230.605548
865.964982
676.197892
-192.166703
-432.378209
239.012951
565.700599
49.245861
-278.642845
-9.605958
9.610962
-350.706297
-245.013234
295.462655
369.928222
-37.230281
-7.203843
720.637021
1336.779534
1291.139348
1103.774373
1300.747808
1467.694805
1318.763671
1217.874839
523.663586
-1919.287433
-4642.084856
-4638.481683
-2271.197289
-946.430832
-1404.033752
-831.129309
1867.646963
4126.836179
3956.286010
2785.254917
2366.085839
1740.334865
-212.584681
-1878.451477
-1854.430326
-1870.044074
-3211.625336
-3737.688535
-1770.356299
694.213755
1355.996455
901.996708
933.224204
1422.054619
1480.906438
933.224204
265.436217
-284.648133
-883.975841
-1412.441154
-1225.076180
-254.621694
455.203307
223.399203
-178.955070
204.182282
929.621031
816.721623
-247.415349
-1181.838108
-1259.906848
-855.150460
-564.494537
-372.325332
-68.457777
198.176995
216.192858
223.399203
538.076276
761.472977
301.467943
-361.515815
-243.812177
409.563120
472.018112
-122.505366
-425.171864
-193.367760
-3.600670
-28.822879
64.859609
229.404491
151.335751
32.431056
343.504956
956.044297
1178.239940
910.404111
865.964982
1281.530888
1482.107496
1300.747808
1160.224077
306.272173
-2197.932780
-4576.026692
-4105.212139
-1772.758414
-903.192761
-1520.536332
-610.134724
2338.461515
4334.619132
3711.270273
2327.651998
1924.096667
1390.827123
-428.775036
-1972.133964
-1928.895893
-1979.340309
-3209.223221
-3376.170218
-1092.959851
1231.086472
1466.493748
777.086725
825.129026
1322.366844
1319.964729
700.219043
-46.838742
-589.716746
-1017.293227
-1293.536459
-927.213912
38.436343
588.520692
235.409778
-122.505366
333.896496
951.240067
598.129153
-564.494537
-1271.917423
-1028.102744
-687.002406
-799.901814
-744.653167
-100.886330
449.198019
353.113416
188.568535
596.928095
988.472850
466.012824
-404.753886
-357.912642
332.695438
341.102841
-306.267168
-451.595130
-43.235569
44.441631
-174.150840
-6.002785
414.367350
410.764178
90.081817
193.372765
767.478265
1056.933130
843.144889
826.330084
1257.509737
1465.292690
1292.340406
1216.673781
514.055126
-1865.239844
-4314.196150
-4095.603679
-1912.081087
-947.631890
-1467.689801
-689.404521
2067.022513
4105.217144
3660.825857
2289.218157
1796.784569
1337.980592
-325.484089
-1888.059937
-1945.710698
-1909.678972
-2979.821233
-3209.223221
-1125.388404
1165.028307
1515.737107
845.547004
769.880380
1211.869551
1306.753096
736.250769
-112.896906
-723.034132
-1040.113320
-1199.853971
-864.758920
37.235286
584.917520
249.822469
-96.082100
345.907071
941.631607
629.356649
-532.065984
-1456.880283
-1371.605198
-674.991830
-224.595256
-207.780451
-168.145552
117.706140
396.351487
486.430802
522.462528
463.610709
85.277587
-327.886204
-196.970933
309.875345
408.362063
-56.447202
-407.156001
-233.002659
103.293450
154.938924
18.018365
7.208847
136.923061
255.827756
421.573696
679.801065
790.298358
630.557706
575.309060
981.266505
1472.499035
1506.128646
1355.996455
1091.763798
-381.933793
-3093.921698
-4493.153722
-3091.519583
-1300.742804
-1306.748092
-1418.446442
563.298484
3382.180510
4227.725012
2894.551152
1647.853435
1464.091633
769.880380
-1090.557736
-2213.546528
-1999.758287
-2327.646993
-3181.598898
-2195.530665
403.557833
1771.562361
1271.922428
694.213755
881.578730
1186.647343
924.816801
60.055379
-797.499698
-1127.790520
-1096.563024
-859.954690
-214.986796
492.436090
547.684736
142.928348
140.526233
653.377799
802.308933
-61.251432
-1264.711078
-1546.959598
-865.959978
-326.685146
-373.526390
-366.320045
90.081817
499.642435
475.621285
368.727164
524.864643
505.647723
-106.891618
-564.494537
-85.272583
553.690024
259.430929
-445.589842
-438.383497
76.870184
227.002376
27.626825
48.044803
297.864770
355.515531
269.039389
447.996961
801.107875
780.689897
409.563120
444.393789
1089.361683
1513.334991
1348.790110
1231.086472
820.324796
-1181.838108
-3826.566792
-4172.471361
-2113.858753
-849.145172
-1353.589335
-998.076306
1590.202673
4064.381188
3914.248996
2029.789730
1034.113037
1115.784949
182.563247
-1683.880156
-2283.207865
-1882.054649
-2405.715733
-2836.895386
-1064.134470
1446.075770
1979.345314
936.827377
341.102841
687.007410
1046.123612
581.314347
-548.880790
-1291.134344
-1142.203210
-700.214038
-317.076686
230.605548
674.996835
505.647723
116.505083
278.647849
725.441251
443.192731
-757.864800
-1737.927745
-1480.901434
-457.600417
150.134694
-1.198555
-247.415349
-15.611246
460.007537
625.753476
404.758890
88.880760
-205.378336
-361.515815
-124.907481
366.325049
524.864643
98.489220
-380.732735
-285.849190
217.393915
389.145142
52.849034
-208.981508
-51.642972
269.039389
523.663586
670.192605
618.547131
415.568408
349.510244
687.007410
1282.731945
1495.319128
1173.435710
1048.525727
834.737486
-942.827660
-3628.392299
-4219.312605
-2303.625843
-895.986416
-1096.563024
-671.388658
1620.229112
3856.598235
3766.518920
1908.482919
765.076150
874.372385
150.134694
-1730.721400
-2447.752746
-1818.398600
-1928.895893
-2332.451223
-897.187474
1423.255677
2040.599248
1025.705634
259.430929
404.758890
693.012698
288.256310
-733.843649
-1349.986163
-1001.679479
-385.536965
-57.648259
297.864770
733.848654
705.023273
258.229871
122.510370
368.727164
141.727291
-863.557863
-1616.620935
-1215.467719
-294.256593
28.827883
-249.817464
-276.240730
257.028814
683.404237
458.806479
76.870184
147.732579
211.388628
-198.171990
-369.923217
218.594973
658.182029
202.981225
-385.536965
-249.817464
200.579110
181.362189
-177.754012
-220.992084
110.499795
342.303899
372.330337
526.065701
772.282495
701.420100
399.954660
526.065701
1162.626192
1456.885287
1091.763798
926.017859
924.816801
-474.415223
-3155.175632
-4251.741158
-2612.297628
-881.573726
-853.949402
-777.081720
1115.784949
3491.476745
3833.778142
2047.805593
570.504830
594.525980
267.838332
-1423.250672
-2400.911503
-1758.345723
-1522.938447
-2003.361460
-1041.314377
1156.620905
2058.615111
1163.827250
129.716716
-25.219706
337.499668
239.012951
-666.584428
-1347.584048
-918.806509
-150.129689
123.711428
367.526107
841.943832
833.536429
245.018239
-90.076813
90.081817
12.013078
-774.679605
-1519.335275
-1331.970300
-444.388784
218.594973
242.616123
10.812020
62.457494
374.732452
429.981098
117.706140
-91.277870
-115.299021
-214.986796
-127.309596
385.541970
711.028561
333.896496
-239.007946
-345.902067
-54.045087
121.309313
-66.055662
-299.060823
-138.119114
306.272173
610.139728
723.039136
748.261344
644.970396
457.605422
410.764178
640.166166
959.647470
1010.091886
945.234779
1156.620905
775.885667
-1316.356552
-3688.445176
-3695.651521
-1766.753126
-637.759047
-756.663742
-180.156127
1860.440618
3624.794131
3186.408132
1204.663206
120.108255
318.282748
-240.209004
-1707.901307
-2021.377323
-1299.541747
-1339.176645
-1491.710951
-118.902193
1638.244975
1758.350728
559.695312
-387.939080
-371.124275
88.880760
-55.246144
-905.594876
-1191.446569
-380.732735
384.340912
491.235032
595.727038
817.922681
534.473104
-96.082100
-329.087261
-196.970933
-387.939080
-1024.499572
-1353.589335
-796.298641
116.505083
421.573696
75.669127
-127.309596
172.954787
410.764178
140.526233
-183.759300
-67.256720
79.272299
-96.082100
-48.039799
478.023400
674.996835
116.505083
-411.960231
-301.462938
40.838458
54.050091
-192.166703
-206.579393
208.986513
624.552418
671.393662
592.123865
620.949246
515.256183
239.012951
233.007663
662.986259
1065.340532
1029.308806
953.642182
1186.647343
684.605295
-1488.107779
-3686.043061
-3491.471741
-1605.811417
-569.298768
-598.124148
96.087105
1991.355889
3413.408006
2787.657032
911.605168
-16.812303
148.933636
-451.595130
-1725.917170
-1800.382737
-1034.108032
-1068.938701
-1127.790520
157.341039
1586.599501
1513.334991
335.097553
-623.346356
-654.573852
-148.928632
-200.574105
-868.362093
-867.161035
26.425768
614.943958
648.573569
791.499415
845.547004
312.277460
-367.521102
-578.907228
-492.431086
-582.510400
-980.060443
-1211.864547
-667.785485
354.314474
809.515278
368.727164
-140.521229
-66.055662
196.975937
67.261724
-297.859766
-399.949656
-169.346610
122.510370
366.325049
544.081564
480.425515
116.505083
-246.214292
-276.240730
-56.447202
26.425768
-148.928632
-181.357185
218.594973
682.203180
755.467689
552.488967
409.563120
384.340912
361.520819
333.896496
427.578983
678.600007
911.605168
1128.996581
1432.864137
1079.753223
-883.975841
-3346.143780
-3796.540354
-2051.403761
-505.642718
-311.071398
-170.547667
1196.255803
3006.249503
3214.032456
1380.017606
-303.865053
-359.113700
-318.277744
-1264.711078
-1659.859006
-953.637178
-711.023556
-966.848810
-162.140265
1315.160499
1637.043917
516.457241
-844.340942
-1271.917423
-606.531551
-26.420763
-361.515815
-634.155874
18.018365
780.689897
951.240067
933.224204
796.303645
154.938924
-665.383370
-966.848810
-731.441534
-508.044833
-679.796060
-958.441408
-646.166450
313.478518
1041.319382
832.335371
64.859609
-392.743310
-284.648133
-99.685273
-246.214292
-476.817338
-398.748598
-15.611246
452.801191
750.663459
690.610583
321.885921
-96.082100
-317.076686
-237.806889
-28.822879
-36.029224
-199.373048
-37.230281
467.213882
802.308933
743.457114
481.626572
275.044677
265.436217
354.314474
371.129279
404.758890
638.965109
1020.901404
1456.885287
1495.319128
129.716716
-2373.287179
-3758.106513
-2740.810784
-988.467846
-349.505239
-327.886204
488.832917
2199.138842
3221.238801
2179.921921
110.499795
-725.436247
-405.954943
-731.441534
-1392.023176
-1052.123895
-478.018395
-620.944241
-408.357058
737.451826
1458.086345
819.123738
-538.071272
-1466.488743
-1209.462432
-225.796314
134.520946
-252.219579
-148.928632
634.160879
1089.361683
942.832664
580.113290
43.240573
-660.579140
-1115.779944
-980.060443
-488.827913
-226.997371
-408.357058
-488.827913
70.864897
885.181903
1023.303519
236.610836
-677.393945
-856.351518
-443.187727
-220.992084
-351.907354
-326.685146
72.065954
608.938670
988.472850
984.869678
569.303772
-6.002785
-487.626855
-666.584428
-434.780324
-108.092676
-86.473640
-94.881043
324.288036
885.181903
1010.091886
689.409525
296.663712
114.102968
172.954787
225.801318
126.113543
217.393915
747.060287
1374.012318
1765.557073
1501.324416
-135.716999
-2615.900801
-3789.334009
-2677.154735
-974.055156
-283.447075
-130.912769
676.197892
2253.186431
3149.175349
1972.138968
-241.410062
-1100.166196
-629.351644
-640.161162
-999.277364
-637.759047
-229.399486
-380.732735
-128.510654
750.663459
1100.171201
372.330337
-928.414969
-1818.398600
-1357.192508
-7.203843
605.335498
245.018239
198.176995
762.674034
1088.160625
826.330084
198.176995
-574.102998
-1171.028591
-1237.086755
-725.436247
-33.627109
269.039389
90.081817
-43.235569
193.372765
463.610709
296.663712
-383.134850
-1065.335528
-1061.732355
-473.214165
3.605675
205.383340
416.769466
620.949246
730.245481
799.906818
659.383087
112.901910
-562.092422
-941.626602
-864.758920
-386.738023
153.737866
421.573696
559.695312
785.494128
916.409398
732.647596
356.716589
13.214135
-174.150840
-145.325459
38.436343
253.425641
460.007537
727.843366
1180.642055
1868.848021
2195.535669
874.372385
-2099.446062
-4322.603552
-3701.656809
-1434.060190
-130.912769
-144.124402
213.790743
1865.244848
3421.815408
2824.889815
356.716589
-1406.435867
-1275.520596
-743.452110
-726.637304
-484.023683
-63.653547
-189.764588
-299.060823
375.933509
1091.763798
762.674034
-670.187600
-2117.461925
-2027.382610
-331.489376
988.472850
753.065574
205.383340
468.414939
946.435837
887.584018
290.658425
-550.081847
-1213.065604
-1268.314251
-706.219326
139.325176
725.441251
547.684736
-157.336034
-498.436373
-114.097963
319.483805
-32.426051
-988.467846
-1387.218946
-584.912515
570.504830
944.033722
546.483679
166.949499
267.838332
590.922808
524.864643
-70.859892
-668.986543
-852.748345
-638.960104
-99.685273
587.319635
930.822089
726.642309
385.541970
336.298611
466.012824
320.684863
-208.981508
-602.928378
-356.711585
318.282748
784.293070
825.129026
804.711048
964.451700
1228.684357
1555.372005
1450.880000
-156.134977
-2985.826520
-4554.407656
-3193.609473
-535.669157
871.970270
769.880380
751.864517
1842.424755
2900.556440
1934.906185
-660.579140
-2158.297881
-1581.790266
-635.356932
-156.134977
363.922934
625.753476
252.224584
-43.235569
164.547384
327.891208
-92.478928
-1223.875122
-2302.424785
-1830.409175
139.325176
1518.139222
1325.970017
701.420100
547.684736
611.340786
404.758890
-281.044960
-1108.573599
-1414.843269
-1049.721780
-336.293607
496.039263
1010.091886
739.853941
32.431056
-398.748598
-407.156001
-308.669283
-475.616280
-887.579013
-897.187474
-171.748725
583.716462
749.462402
547.684736
302.669000
136.923061
123.711428
121.309313
-21.616533
-177.754012
-249.817464
-246.214292
-24.018648
413.166293
656.980972
444.393789
66.060666
-55.246144
116.505083
219.796030
62.457494
-45.637684
199.378052
618.547131
822.726911
736.250769
629.356649
631.758764
671.393662
867.166040
1109.779661
331.494381
-1931.298008
-3777.323433
-3104.731216
-690.605578
999.282368
1014.896116
472.018112
871.970270
1974.541083
1773.964476
-272.637557
-1896.467339
-1521.737390
-341.097837
369.928222
719.435963
720.637021
219.796030
-305.066111
-451.595130
-375.928505
-351.907354
-754.261627
-1490.509894
-1402.832694
42.039516
1513.334991
1685.086218
845.547004
34.833171
-224.595256
-224.595256
-478.018395
-873.166323
-885.176898
-450.394072
146.531521
730.245481
966.853815
593.324923
-158.537092
-865.959978
-1098.965139
-687.002406
-218.589968
-302.663996
-478.018395
-74.463065
584.917520
853.954407
617.346073
132.118831
-190.965645
-128.510654
16.817308
-32.426051
-126.108539
-129.711711
-90.076813
62.457494
360.319762
586.118577
506.848780
175.356902
-84.071525
-31.224994
136.923061
120.108255
20.420480
108.097680
425.176868
756.668747
793.901530
566.901657
479.224457
624.552418
832.335371
1090.562740
787.896243
-956.039293
-3119.143906
-3379.773390
-1501.319412
502.044550
1207.065321
815.520566
482.827630
1050.927842
1578.192098
547.684736
-1256.303675
-1733.123515
-775.880663
284.653137
920.012571
1007.689771
428.780041
-273.838615
-547.679732
-576.505113
-559.690307
-575.304055
-889.981128
-1157.816958
-534.468099
790.298358
1587.800558
1255.107622
288.256310
-493.632143
-647.367507
-462.404647
-444.388784
-512.849064
-342.298894
44.441631
463.610709
705.023273
540.478391
24.023653
-535.669157
-916.404394
-905.594876
-438.383497
43.240573
138.124118
31.229998
13.214135
90.081817
176.557959
146.531521
-52.844029
-162.140265
21.621538
271.441504
361.520819
337.499668
228.203433
20.420480
-151.330747
-121.304308
70.864897
172.954787
75.669127
-10.807016
111.700853
333.896496
449.198019
433.584271
389.145142
408.362063
416.769466
302.669000
210.187570
330.293323
517.658298
721.838078
1137.403984
1110.980719
-368.722160
-2507.805623
-3159.979862
-1764.351011
140.526233
1090.562740
808.314221
231.806606
509.250895
1100.171201
544.081564
-809.510274
-1257.504733
-512.849064
441.991674
1049.726784
1052.128899
398.753603
-357.912642
-791.494411
-1028.102744
-1001.679479
-623.346356
-359.113700
-399.949656
-182.558243
547.684736
1195.054746
1122.991294
317.081690
-662.981255
-1101.367254
-853.949402
-415.563404
-82.870467
271.441504
625.753476
741.054999
528.467816
126.113543
-258.224867
-565.695595
-874.367380
-1022.097457
-719.430959
-111.695848
323.086978
377.134567
224.600261
93.684990
78.071242
94.886047
44.441631
34.833171
114.102968
104.494507
4.806732
8.409905
112.901910
146.531521
82.875472
21.621538
80.473357
284.653137
435.986386
356.716589
133.319888
-63.653547
-152.531804
-61.251432
138.124118
305.071115
444.393789
540.478391
558.494254
630.557706
805.912106
895.991420
959.647470
852.753349
-257.023809
-2235.165563
-3272.879270
-2331.250166
-441.986669
1047.324669
1458.086345
888.785075
432.383213
650.975684
503.245608
-473.214165
-1068.938701
-665.383370
78.071242
682.203180
893.589305
478.023400
-162.140265
-557.288192
-867.161035
-1018.494284
-656.975967
-132.113826
50.446919
103.293450
299.065827
503.245608
493.637148
117.706140
-503.240603
-845.542000
-646.166450
-246.214292
87.679702
415.568408
687.007410
718.234906
389.145142
-242.611119
-783.087008
-857.552575
-595.722033
-325.484089
-108.092676
93.684990
206.584398
220.997088
134.520946
-61.251432
-225.796314
-269.034385
-240.209004
-74.463065
269.039389
538.076276
494.838205
222.198145
-33.627109
-94.881043
-3.600670
51.647976
19.219423
13.214135
90.081817
198.176995
261.833044
233.007663
150.134694
103.293450
174.155844
354.314474
532.070989
559.695312
410.764178
252.224584
279.848907
455.203307
715.832791
989.673908
681.002122
-748.256340
-2384.096697
-2597.884938
-1239.488870
441.991674
1412.446159
1258.710795
420.372638
-62.452489
-100.886330
-457.600417
-897.187474
-642.563277
39.637401
624.552418
1029.308806
964.451700
342.303899
-317.076686
-780.684893
-1106.171484
-1005.282651
-484.023683
-60.050374
171.753729
381.938797
440.790616
314.679575
60.055379
-387.939080
-763.870088
-660.579140
-241.410062
122.510370
373.531394
496.039263
499.642435
466.012824
182.563247
-466.007820
-950.034005
-859.954690
-438.383497
20.420480
295.462655
231.806606
4.806732
-136.918056
-220.992084
-237.806889
-127.309596
-38.431339
9.610962
184.965362
396.351487
428.780041
248.621411
-73.262007
-339.896779
-288.251305
19.219423
303.870058
449.198019
441.991674
297.864770
153.737866
76.870184
-15.611246
-102.087388
-64.854604
134.520946
401.155718
570.504830
562.097427
450.399076
341.102841
318.282748
404.758890
646.171454
960.848527
733.848654
-572.901940
-2123.467213
-2398.509388
-1217.869834
312.277460
1221.478011
1121.790236
347.108129
-207.780451
-317.076686
-511.648006
-634.155874
-217.388911
347.108129
660.584144
850.351234
711.028561
64.859609
-576.505113
-862.356805
-911.600164
-672.589715
-234.203716
46.843746
223.399203
420.372638
362.721877
51.647976
-264.230155
-575.304055
-697.811923
-383.134850
43.240573
285.854195
455.203307
469.615997
290.658425
159.743154
-63.653547
-542.875502
-819.118734
-638.960104
-288.251305
104.494507
407.161005
321.885921
16.817308
-204.177278
-402.351771
-473.214165
-237.806889
3.605675
88.880760
243.817181
387.944085
337.499668
206.584398
28.827883
-154.933919
-111.695848
87.679702
170.552672
192.171707
218.594973
140.526233
75.669127
108.097680
82.875472
25.224710
98.489220
260.631986
421.573696
520.060413
408.362063
168.150557
60.055379
132.118831
319.483805
602.933383
889.986133
981.266505
475.621285
-820.319792
-2079.028084
-2094.641832
-924.811797
410.764178
1181.843113
1082.155338
356.716589
-240.209004
-516.452236
-741.049995
-582.510400
110.499795
581.314347
590.922808
550.086851
260.631986
-357.912642
-702.616154
-646.166450
-499.637431
-188.563530
166.949499
224.600261
236.610836
325.489093
85.277587
-351.907354
-595.722033
-711.023556
-638.960104
-219.791026
222.198145
466.012824
607.737613
481.626572
86.478644
-164.542380
-265.431212
-441.986669
-474.415223
-306.267168
-159.738149
69.663839
284.653137
112.901910
-222.193141
-330.288319
-302.663996
-177.754012
74.468069
201.780167
217.393915
300.266885
206.584398
-87.674698
-208.981508
-190.965645
-189.764588
19.219423
359.118704
468.414939
443.192731
396.351487
193.372765
10.812020
-6.002785
-68.457777
-134.515941
-3.600670
192.171707
351.912359
504.446665
503.245608
341.102841
222.198145
162.145269
204.182282
470.817054
733.848654
739.853941
332.695438
-662.981255
-1737.927745
-1796.779564
-760.266915
467.213882
1268.319255
1277.927715
422.774753
-551.282905
-1079.748218
-1297.139631
-947.631890
104.494507
957.245355
1068.943705
838.340659
363.922934
-307.468226
-632.954817
-578.907228
-497.235316
-248.616407
73.267012
34.833171
-104.489503
-33.627109
-90.076813
-269.034385
-285.849190
-282.246018
-246.214292
30.028940
276.245734
297.864770
299.065827
154.938924
-243.812177
-478.018395
-446.790899
-404.753886
-218.589968
118.907198
290.658425
345.907071
338.700726
31.229998
-377.129563
-493.632143
-427.573979
-301.462938
-50.441914
116.505083
92.483932
104.494507
126.113543
37.235286
19.219423
80.473357
115.304025
233.007663
360.319762
277.446792
104.494507
20.420480
-58.849317
-97.283158
6.007790
127.314601
214.991800
324.288036
369.928222
321.885921
279.848907
202.981225
85.277587
56.452206
106.896622
183.764304
367.526107
604.134440
755.467689
729.044424
236.610836
-793.896526
-1602.208244
-1428.054902
-480.420510
580.113290
1187.848401
921.213629
37.235286
-718.229901
-1089.356679
-1062.933413
-399.949656
583.716462
1082.155338
940.430549
475.621285
-201.775163
-797.499698
-920.007567
-643.764334
-157.336034
413.166293
646.171454
335.097553
-94.881043
-357.912642
-508.044833
-453.997245
-266.632270
-164.542380
-67.256720
105.695565
148.933636
85.277587
78.071242
-1.198555
-178.955070
-234.203716
-181.357185
-129.711711
-12.008073
116.505083
122.510370
60.055379
-52.844029
-281.044960
-451.595130
-359.113700
-111.695848
127.314601
267.838332
201.780167
33.632113
-42.034511
-78.066237
-114.097963
-31.224994
116.505083
192.171707
211.388628
170.552672
80.473357
45.642688
80.473357
111.700853
169.351614
229.404491
186.166420
100.891335
82.875472
99.690277
164.547384
275.044677
289.457367
212.589685
175.356902
152.536809
159.743154
288.256310
447.996961
535.674161
518.859356
153.737866
-629.351644
-1210.663489
-1044.917550
-287.050248
580.113290
1030.509864
723.039136
-58.849317
-736.245764
-1109.774657
-1060.531298
-401.150713
516.457241
1014.896116
916.409398
425.176868
-255.822752
-766.272203
-846.743057
-570.499825
-42.034511
511.653010
638.965109
240.214008
-276.240730
-584.912515
-629.351644
-396.346483
-9.605958
277.446792
377.134567
247.420354
-87.674698
-361.515815
-367.521102
-251.018522
-146.526517
-31.224994
21.621538
-22.817591
-45.637684
-43.235569
-36.029224
40.838458
118.907198
62.457494
-76.865180
-168.145552
-199.373048
-171.748725
-85.272583
-24.018648
2.404617
26.425768
12.013078
-20.415476
44.441631
180.161132
231.806606
171.753729
80.473357
7.208847
-6.002785
27.626825
73.267012
135.722003
212.589685
255.827756
236.610836
187.367477
133.319888
112.901910
166.949499
246.219296
243.817181
146.531521
19.219423
-33.627109
75.669127
294.261597
502.044550
638.965109
599.330210
218.594973
-433.579267
-952.436120
-956.039293
-402.351771
354.314474
766.277207
588.520692
64.859609
-461.203590
-821.520849
-845.542000
-413.161289
269.039389
771.081437
789.097300
324.288036
-331.489376
-798.700756
-850.346230
-493.632143
99.690277
626.954533
765.076150
421.573696
-145.325459
-610.134724
-773.478548
-596.923091
-235.404774
96.087105
282.251022
276.245734
62.457494
-214.986796
-343.499952
-279.843903
-106.891618
78.071242
160.944211
82.875472
-94.881043
-240.209004
-253.420637
-114.097963
63.658551
102.092392
2.404617
-94.881043
-122.505366
-115.299021
-63.653547
27.626825
99.690277
106.896622
26.425768
-66.055662
-62.452489
-7.203843
25.224710
70.864897
142.928348
154.938924
98.489220
67.261724
79.272299
112.901910
160.944211
171.753729
129.716716
100.891335
109.298738
141.727291
204.182282
258.229871
254.626699
207.785455
133.319888
51.647976
51.647976
141.727291
255.827756
384.340912
456.404364
291.859482
-105.690561
-494.833201
-640.161162
-411.960231
121.309313
540.478391
496.039263
118.907198
-323.081974
-668.986543
-766.272203
-520.055409
-20.415476
515.256183
775.885667
554.891082
39.637401
-427.573979
-672.589715
-614.938954
-279.843903
123.711428
373.531394
375.933509
122.510370
-243.812177
-457.600417
-411.960231
-190.965645
81.674414
252.224584
227.002376
46.843746
-195.769875
-401.150713
-445.589842
-272.637557
-9.605958
157.341039
154.938924
20.420480
-139.320171
-230.600544
-198.171990
-50.441914
123.711428
205.383340
153.737866
19.219423
-126.108539
-239.007946
-275.039672
-193.367760
-56.447202
39.637401
72.065954
93.684990
122.510370
130.917773
108.097680
84.076529
106.896622
126.113543
68.462781
-12.008073
-36.029224
1.203560
66.060666
140.526233
193.372765
205.383340
196.975937
194.573822
190.970650
178.960074
160.944211
122.510370
80.473357
72.065954
118.907198
190.970650
269.039389
344.706014
345.907071
172.954787
-138.119114
-414.362346
-479.219453
-237.806889
174.155844
402.356775
272.642562
-20.415476
-266.632270
-420.367634
-434.780324
-251.018522
81.674414
367.526107
371.129279
84.076529
-278.642845
-482.822625
-441.986669
-226.997371
82.875472
366.325049
462.409652
296.663712
-48.039799
-389.140138
-568.097710
-514.050121
-270.235442
9.610962
175.356902
178.960074
56.452206
-88.875755
-184.960358
-183.759300
-66.055662
85.277587
135.722003
25.224710
-184.960358
-341.097837
-355.510527
-249.817464
-84.071525
86.478644
192.171707
174.155844
76.870184
-12.008073
-61.251432
-57.648259
-9.605958
31.229998
13.214135
-60.050374
-133.314884
-158.537092
-117.701136
-15.611246
117.706140
247.420354
312.277460
278.647849
177.759017
70.864897
7.208847
9.610962
54.050091
88.880760
93.684990
93.684990
104.494507
127.314601
170.552672
183.764304
159.743154
141.727291
139.325176
138.124118
132.118831
133.319888
145.330463
176.557959
183.764304
100.891335
-52.844029
-201.775163
-246.214292
-91.277870
176.557959
281.049964
122.510370
-138.119114
-345.902067
-405.954943
-305.066111
-102.087388
138.124118
332.695438
343.504956
94.886047
-234.203716
-423.970806
-445.589842
-303.865053
-49.240857
180.161132
276.245734
225.801318
60.055379
-132.113826
-228.198429
-192.166703
-87.674698
2.404617
-1.198555
-99.685273
-207.780451
-260.626982
-251.018522
-178.955070
-16.812303
175.356902
275.044677
214.991800
7.208847
-216.187853
-319.478801
-291.854478
-186.161415
-68.457777
-10.807016
-31.224994
-66.055662
-68.457777
-52.844029
-15.611246
55.251149
116.505083
129.716716
88.880760
12.013078
-61.251432
-84.071525
-61.251432
-9.605958
60.055379
109.298738
102.092392
72.065954
63.658551
85.277587
116.505083
133.319888
129.716716
135.722003
129.716716
93.684990
64.859609
72.065954
99.690277
124.912485
157.341039
169.351614
138.124118
112.901910
124.912485
140.526233
171.753729
205.383340
176.557959
68.462781
-75.664122
-190.965645
-165.743437
36.034228
214.991800
183.764304
-8.404901
-196.970933
-289.452363
-264.230155
-150.129689
7.208847
164.547384
235.409778
159.743154
-18.013361
-216.187853
-337.494664
-283.447075
-96.082100
56.452206
100.891335
73.267012
-8.404901
-118.902193
-198.171990
-200.574105
-79.267295
103.293450
176.557959
79.272299
-82.870467
-195.769875
-240.209004
-246.214292
-219.791026
-108.092676
38.436343
96.087105
27.626825
-100.886330
-196.970933
-201.775163
-99.685273
42.039516
118.907198
91.282875
-22.817591
-153.732862
-202.976221
-156.134977
-70.859892
2.404617
57.653264
85.277587
61.256436
2.404617
-39.632396
-30.023936
28.827883
104.494507
154.938924
146.531521
84.076529
7.208847
-57.648259
-73.262007
-6.002785
111.700853
196.975937
206.584398
172.954787
129.716716
87.679702
73.267012
80.473357
98.489220
127.314601
138.124118
118.907198
98.489220
86.478644
79.272299
99.690277
156.139981
193.372765
153.737866
38.436343
-96.082100
-128.510654
8.409905
160.944211
147.732579
9.610962
-112.896906
-166.944495
-154.933919
-114.097963
-72.060950
14.415193
126.113543
124.912485
-2.399613
-141.722286
-192.166703
-136.918056
-30.023936
45.642688
54.050091
20.420480
-52.844029
-158.537092
-216.187853
-176.552955
-68.457777
38.436343
72.065954
21.621538
-45.637684
-90.076813
-130.912769
-164.542380
-146.526517
-50.441914
52.849034
64.859609
-39.632396
-168.145552
-224.595256
-207.780451
-146.526517
-60.050374
20.420480
74.468069
72.065954
-3.600670
-103.288445
-138.119114
-90.076813
-27.621821
13.214135
26.425768
0.002502
-42.034511
-61.251432
-44.436626
10.812020
92.483932
157.341039
140.526233
69.663839
3.605675
-36.029224
-37.230281
-9.605958
33.632113
94.886047
162.145269
178.960074
132.118831
86.478644
72.065954
73.267012
80.473357
72.065954
58.854321
68.462781
87.679702
105.695565
135.722003
188.568535
240.214008
236.610836
162.145269
52.849034
-56.447202
-136.918056
-135.716999
-12.008073
142.928348
196.975937
145.330463
26.425768
-88.875755
-124.907481
-102.087388
-73.262007
-28.822879
12.013078
-2.399613
-66.055662
-106.891618
-97.283158
-46.838742
25.224710
75.669127
70.864897
25.224710
-49.240857
-138.119114
-208.981508
-212.584681
-145.325459
-38.431339
38.436343
24.023653
-27.621821
-56.447202
-73.262007
-91.277870
-98.484215
-78.066237
-40.833454
-9.605958
-37.230281
-127.309596
-184.960358
-174.150840
-133.314884
-64.854604
30.028940
97.288162
92.483932
4.806732
-123.706424
-176.552955
-127.309596
-73.262007
-55.246144
-34.828166
-2.399613
24.023653
34.833171
43.240573
74.468069
117.706140
117.706140
57.653264
-26.420763
-88.875755
-122.505366
-104.489503
-31.224994
55.251149
138.124118
204.182282
223.399203
187.367477
123.711428
73.267012
49.245861
34.833171
25.224710
32.431056
50.446919
61.256436
74.468069
118.907198
190.970650
233.007663
213.790743
178.960074
145.330463
86.478644
-26.420763
-158.537092
-170.547667
-21.616533
135.722003
162.145269
88.880760
12.013078
-31.224994
-44.436626
-45.637684
-42.034511
-21.616533
-7.203843
-31.224994
-72.060950
-102.087388
-97.283158
-34.828166
44.441631
62.457494
30.028940
4.806732
-26.420763
-102.087388
-178.955070
-194.568818
-134.515941
-39.632396
7.208847
-19.214418
-46.838742
-40.833454
-43.235569
-64.854604
-72.060950
-58.849317
-33.627109
-26.420763
-73.262007
-133.314884
-160.939207
-147.727574
-118.902193
-76.865180
-22.817591
36.034228
73.267012
27.626825
-73.262007
-116.500078
-72.060950
-40.833454
-68.457777
-93.679985
-63.653547
2.404617
31.229998
20.420480
28.827883
76.870184
104.494507
75.669127
15.616250
-50.441914
-84.071525
-64.854604
-16.812303
30.028940
90.081817
148.933636
181.362189
169.351614
111.700853
52.849034
34.833171
54.050091
69.663839
76.870184
96.087105
112.901910
103.293450
85.277587
94.886047
133.319888
162.145269
151.335751
124.912485
103.293450
45.642688
-57.648259
-92.478928
-2.399613
