-1.140298
-2.280549
-5.701302
-4.561051
-2.280549
-2.280549
-3.420800
1.140203
2.280454
-2.280549
-1.140298
-2.280549
-2.280549
-4.561051
-4.561051
-2.280549
-2.280549
-0.000048
1.140203
-1.140298
1.140203
1.140203
-2.280549
-4.561051
-3.420800
-0.000048
-1.140298
-3.420800
-1.140298
3.420705
4.560956
3.420705
3.420705
1.140203
1.140203
3.420705
3.420705
2.280454
1.140203
2.280454
3.420705
2.280454
3.420705
5.701207
3.420705
3.420705
4.560956
2.280454
1.140203
5.701207
4.560956
2.280454
3.420705
2.280454
1.140203
3.420705
5.701207
7.981708
4.560956
2.280454
2.280454
2.280454
1.140203
1.140203
1.140203
-0.000048
-1.140298
-2.280549
-1.140298
1.140203
1.140203
-2.280549
-6.841553
-6.841553
-6.841553
-5.701302
-9.122054
-9.122054
-9.122054
-9.122054
-5.701302
-7.981803
-10.262305
-13.683058
-12.542807
-10.262305
-7.981803
-7.981803
-6.841553
-9.122054
-10.262305
-4.561051
-4.561051
-3.420800
-4.561051
-7.981803
-5.701302
-1.140298
1.140203
1.140203
1.140203
1.140203
3.420705
2.280454
10.262210
12.542712
9.121959
10.262210
10.262210
13.682963
15.963464
15.963464
20.524468
18.243966
18.243966
22.804969
21.664719
18.243966
17.103715
19.384217
21.664719
20.524468
18.243966
17.103715
15.963464
15.963464
13.682963
11.402461
14.823213
7.981708
2.280454
1.140203
1.140203
2.280454
-0.000048
-3.420800
-6.841553
-10.262305
-11.402556
-10.262305
-12.542807
-19.384312
-23.945315
-26.225817
-25.085566
-21.664814
-23.945315
-28.506319
-29.646569
-27.366068
-27.366068
-33.067322
-35.347824
-34.207573
-30.786820
-33.067322
-31.927071
-28.506319
-26.225817
-22.805064
-20.524563
-18.244061
-20.524563
-13.683058
-11.402556
-12.542807
-5.701302
-1.140298
-0.000048
2.280454
6.841458
13.682963
15.963464
23.945220
34.207478
35.347729
31.926976
31.926976
35.347729
39.908732
45.609986
55.872244
58.152746
57.012495
53.591742
47.890488
46.750237
46.750237
51.311240
53.591742
49.030739
41.048983
29.646474
34.207478
36.487980
26.225722
20.524468
17.103715
14.823213
13.682963
12.542712
1.140203
-15.963559
-25.085566
-25.085566
-18.244061
-21.664814
-38.768576
-47.890583
-50.171085
-51.311336
-47.890583
-47.890583
-60.433342
-70.695600
-69.555349
-66.134596
-66.134596
-69.555349
-75.256603
-78.677356
-75.256603
-64.994346
-59.293091
-62.713844
-67.274847
-62.713844
-54.732088
-47.890583
-41.049078
-38.768576
-33.067322
-18.244061
-6.841553
-0.000048
4.560956
6.841458
7.981708
15.963464
33.067227
49.030739
59.292996
64.994251
67.274752
68.415003
72.976007
82.098013
95.781023
102.622528
98.061525
93.500522
94.640773
101.482278
106.043281
99.201776
88.939518
70.695505
64.994251
77.537010
93.500522
91.220020
62.713749
26.225722
9.121959
17.103715
31.926976
34.207478
14.823213
-3.420800
-11.402556
-18.244061
-25.085566
-42.189329
-55.872339
-46.750332
-31.927071
-34.207573
-54.732088
-79.817607
-94.640868
-92.360366
-70.695600
-60.433342
-63.854095
-77.537105
-93.500617
-102.622624
-112.884881
-114.025132
-101.482373
-77.537105
-59.293091
-70.695600
-100.342122
-120.866637
-119.726386
-91.220115
-63.854095
-52.451586
-51.311336
-51.311336
-54.732088
-55.872339
-61.573593
-59.293091
-28.506319
6.841458
34.207478
38.768481
23.945220
12.542712
21.664719
49.030739
71.835756
90.079769
98.061525
107.183532
115.165288
115.165288
110.604284
104.903030
118.586040
143.671559
163.055823
166.476576
150.513064
127.708047
109.464034
100.342027
103.762779
120.866542
136.830054
127.708047
94.640773
55.872244
31.926976
31.926976
42.189234
46.750237
34.207478
18.243966
6.841458
-9.122054
-25.085566
-43.329580
-54.732088
-50.171085
-38.768576
-33.067322
-54.732088
-85.518861
-95.781118
-90.079864
-77.537105
-74.116352
-85.518861
-101.482373
-98.061620
-85.518861
-87.799363
-100.342122
-110.604379
-111.744630
-104.903125
-98.061620
-103.762874
-128.848393
-136.830149
-115.165383
-82.098108
-68.415098
-85.518861
-115.165383
-136.830149
-125.427640
-87.799363
-52.451586
-33.067322
-36.488075
-49.030834
-61.573593
-67.274847
-50.171085
-14.823308
29.646474
70.695505
76.396759
55.872244
38.768481
31.926976
57.012495
102.622528
142.531308
164.196074
163.055823
147.092311
128.848298
120.866542
137.970305
175.598583
210.946359
214.367111
169.897328
103.762779
72.976007
111.744535
180.159586
204.104854
153.933816
67.274752
13.682963
18.243966
61.573498
85.518766
59.292996
17.103715
-2.280549
-3.420800
-11.402556
-34.207573
-60.433342
-69.555349
-44.469830
-19.384312
-41.049078
-83.238359
-106.043376
-102.622624
-78.677356
-66.134596
-84.378610
-110.604379
-102.622624
-75.256603
-71.835851
-95.781118
-115.165383
-122.006888
-118.586135
-100.342122
-92.360366
-103.762874
-95.781118
-79.817607
-103.762874
-157.354664
-180.159681
-139.110651
-61.573593
-11.402556
-38.768576
-132.269145
-192.702440
-153.933911
-62.713844
11.402461
20.524468
-28.506319
-66.134596
-59.293091
-26.225817
-4.561051
14.823213
50.170990
93.500522
122.006793
108.323783
69.555254
55.872244
94.640773
157.354569
201.824352
205.245104
173.318081
149.372813
164.196074
200.684101
220.068365
205.245104
166.476576
114.025037
92.360271
142.531308
200.684101
207.525606
155.074067
62.713749
-15.963559
-20.524563
38.768481
91.220020
85.518766
39.908732
-7.981803
-49.030834
-59.293091
-46.750332
-62.713844
-78.677356
-58.152841
-37.628325
-58.152841
-87.799363
-102.622624
-109.464129
-100.342122
-78.677356
-85.518861
-115.165383
-110.604379
-76.396854
-71.835851
-85.518861
-101.482373
-122.006888
-129.988644
-109.464129
-95.781118
-108.323878
-103.762874
-74.116352
-84.378610
-135.689898
-176.738928
-180.159681
-128.848393
-44.469830
-4.561051
-61.573593
-151.653410
-182.440183
-135.689898
-59.293091
3.420705
18.243966
-10.262305
-31.927071
-26.225817
-17.103810
-7.981803
23.945220
72.976007
124.287295
153.933816
143.671559
108.323783
90.079769
114.025037
166.476576
201.824352
205.245104
193.842596
202.964603
239.452630
256.556392
226.909871
147.092311
55.872244
52.451491
161.915572
272.519904
271.379653
158.494820
18.243966
-62.713844
-37.628325
53.591742
94.640773
57.012495
11.402461
-6.841553
-17.103810
-34.207573
-63.854095
-115.165383
-126.567891
-62.713844
-14.823308
-42.189329
-88.939613
-104.903125
-102.622624
-79.817607
-67.274847
-107.183627
-148.232657
-120.866637
-62.713844
-42.189329
-59.293091
-90.079864
-123.147139
-132.269145
-110.604379
-108.323878
-132.269145
-108.323878
-52.451586
-50.171085
-116.305634
-185.860935
-217.787959
-174.458427
-69.555349
1.140203
-30.786820
-120.866637
-180.159681
-176.738928
-123.147139
-42.189329
7.981708
17.103715
5.701207
-11.402556
-31.927071
-45.610081
-14.823308
55.872244
125.427545
171.037579
177.879084
143.671559
104.903030
102.622528
140.250806
184.720589
213.226860
234.891626
253.135640
267.958901
271.379653
234.891626
152.793566
59.292996
45.609986
160.775322
287.343165
302.166426
191.562094
25.085471
-88.939613
-63.854095
49.030739
102.622528
53.591742
-5.701302
-22.805064
-18.244061
-20.524563
-53.591837
-128.848393
-155.074162
-79.817607
-12.542807
-38.768576
-102.622624
-132.269145
-123.147139
-83.238359
-46.750332
-84.378610
-155.074162
-144.811905
-67.274847
-27.366068
-49.030834
-98.061620
-149.372908
-148.232657
-90.079864
-64.994346
-111.744630
-139.110651
-111.744630
-95.781118
-115.165383
-155.074162
-191.562189
-174.458427
-87.799363
-19.384312
-46.750332
-137.970400
-201.824447
-180.159681
-90.079864
6.841458
35.347729
-14.823308
-57.012590
-52.451586
-23.945315
5.701207
38.768481
82.098013
126.567796
160.775322
156.214318
127.708047
109.464034
127.708047
187.001091
239.452630
247.434386
224.629369
223.489118
261.117396
295.324921
282.782162
188.141342
52.451491
29.646474
164.196074
297.605423
291.904169
175.598583
21.664719
-86.659112
-54.732088
59.292996
88.939518
19.384217
-21.664814
-6.841553
-3.420800
-0.000048
-25.085566
-133.409396
-185.860935
-80.957857
6.841458
-43.329580
-107.183627
-118.586135
-120.866637
-94.640868
-35.347824
-66.134596
-165.336420
-163.055918
-77.537105
-49.030834
-71.835851
-91.220115
-129.988644
-159.635166
-109.464129
-61.573593
-112.884881
-158.494915
-126.567891
-114.025132
-152.793661
-177.879179
-183.580433
-171.037674
-95.781118
-25.085566
-85.518861
-217.787959
-249.714982
-156.214413
-23.945315
59.292996
38.768481
-59.293091
-106.043376
-45.610081
29.646474
47.890488
43.329485
71.835756
123.147044
159.635071
158.494820
120.866542
85.518766
134.549552
247.434386
305.587179
267.958901
213.226860
221.208616
275.940657
335.233701
322.690941
166.476576
-5.701302
23.945220
233.751376
366.020474
307.867680
140.250806
-53.591837
-134.549647
-22.805064
102.622528
66.134501
-19.384312
-15.963559
1.140203
1.140203
17.103715
-44.469830
-198.403694
-210.946454
-49.030834
-2.280549
-103.762874
-131.128895
-94.640868
-104.903125
-66.134596
-0.000048
-98.061620
-238.312474
-176.738928
-50.171085
-54.732088
-84.378610
-83.238359
-139.110651
-169.897423
-67.274847
-33.067322
-161.915667
-207.525701
-124.287390
-99.201871
-144.811905
-151.653410
-177.879179
-218.928210
-119.726386
23.945220
-17.103810
-182.440183
-248.574732
-193.842691
-92.360366
35.347729
83.238264
-14.823308
-93.500617
-31.927071
45.609986
39.908732
35.347729
57.012495
80.957762
147.092311
220.068365
184.720589
100.342027
136.830054
257.696643
294.184670
265.678399
264.538148
262.257647
269.099152
324.971443
298.745674
90.079769
-50.171085
94.640773
320.410440
386.544989
296.465172
95.781023
-142.531403
-187.001186
21.664719
160.775322
72.976007
-14.823308
-13.683058
-14.823308
18.243966
54.731993
-79.817607
-269.099247
-207.525701
-17.103810
-21.664814
-123.147139
-118.586135
-115.165383
-122.006888
-13.683058
30.786725
-157.354664
-288.483511
-167.616922
-47.890583
-54.732088
-39.908827
-60.433342
-179.019430
-176.738928
-34.207573
-44.469830
-194.982942
-200.684196
-112.884881
-142.531403
-198.403694
-181.299932
-185.860935
-159.635166
-15.963559
42.189234
-124.287390
-285.062759
-253.135735
-141.391152
-33.067322
64.994251
47.890488
-77.537105
-92.360366
21.664719
55.872244
-0.000048
21.664719
103.762779
144.811810
191.562094
222.348867
160.775322
107.183532
193.842596
315.849436
318.129938
283.922413
303.306677
318.129938
316.989687
296.465172
152.793566
-46.750332
-6.841553
256.556392
417.331762
364.880223
184.720589
-67.274847
-216.647708
-95.781118
114.025037
111.744535
-21.664814
-39.908827
4.560956
-6.841553
7.981708
-11.402556
-187.001186
-273.660250
-100.342122
14.823213
-84.378610
-148.232657
-106.043376
-100.342122
-64.994346
34.207478
-34.207573
-255.416237
-272.519999
-88.939613
-36.488075
-83.238359
-69.555349
-114.025132
-196.123193
-114.025132
-14.823308
-115.165383
-224.629464
-208.665952
-208.665952
-237.172223
-193.842691
-133.409396
-118.586135
-80.957857
9.121959
-33.067322
-245.153979
-351.197308
-236.031972
-26.225817
175.598583
107.183532
-331.813043
-462.941890
29.646474
294.184670
-75.256603
-253.135735
191.562094
659.064941
570.125375
174.458332
37.628230
232.611125
493.728568
618.015910
588.369388
618.015910
847.206330
844.925828
249.714887
-432.155118
-570.125470
-233.751471
28.506224
-4.561051
54.731993
306.727430
321.550691
28.506224
-338.654548
-621.436758
-540.478948
-94.640868
241.733131
245.153884
142.531308
136.830054
191.562094
205.245104
110.604284
-114.025132
-375.142575
-420.752609
-128.848393
218.928115
267.958901
44.469735
-169.897423
-236.031972
-224.629464
-275.940752
-438.996623
-573.546222
-507.411673
-198.403694
134.549552
179.019335
-44.469830
-182.440183
-112.884881
-101.482373
-255.416237
-435.575870
-551.881456
-429.874616
21.664719
362.599721
168.757077
-238.312474
-310.148277
-133.409396
-51.311336
-137.970400
-293.044515
-265.678494
86.659017
428.734270
309.007931
-119.726386
-248.574732
90.079769
458.380792
545.039856
459.521043
395.666995
555.302114
968.072919
1197.263339
942.987401
603.192649
692.132215
1259.977136
1692.132206
858.608838
-1085.518851
-2320.410516
-1927.023974
-900.798215
-442.417375
-518.814182
-405.929348
270.239403
1049.030729
1039.908723
-57.012590
-1237.172214
-1026.225807
362.599721
1362.599711
1348.916701
714.937232
-61.573593
-287.343260
66.134501
-180.159681
-1215.507448
-1706.955562
-1177.879170
-278.221254
478.905307
612.314656
-85.518861
-736.602093
-486.887158
63.854000
-36.488075
-529.076439
-578.107226
-90.079864
557.582615
1078.677251
899.657869
-106.043376
-801.596391
-509.692175
-129.988644
-309.008026
-629.418514
-779.931625
-570.125470
151.653315
647.662432
145.952061
-659.065036
-661.345537
-44.469830
306.727430
208.665857
60.433247
68.415003
278.221159
598.631646
558.722866
58.152746
-126.567891
331.812948
751.425259
729.760493
605.473151
680.729707
858.608838
979.475428
922.462886
640.820927
403.648751
834.663571
1724.059229
1071.835746
-1638.540511
-3448.118601
-2633.979498
-1151.653400
-478.905402
18.243966
375.142480
584.948636
1408.209745
1980.615669
553.021612
-1646.522267
-1553.021698
393.386494
1264.538139
940.706899
709.235978
-47.890583
-1102.622614
-736.602093
-118.586135
-1282.782247
-2436.716102
-1518.814172
189.281593
1064.994241
1248.574627
836.944072
-157.354664
-606.613497
-55.872339
234.891626
-376.282826
-727.480086
-165.336420
478.905307
651.083185
340.934955
-293.044515
-643.101524
-475.484650
-342.075301
-355.758311
-272.519999
-345.496053
-362.599816
62.713749
214.367111
-242.873477
-450.399131
-55.872339
297.605423
246.294135
119.726291
135.689803
174.458332
221.208616
368.300975
419.612263
312.428684
389.965741
574.686378
531.356846
428.734270
554.161863
790.193788
893.956614
844.925828
732.040995
698.973720
1114.025027
1708.095717
643.101429
-2279.361485
-3787.913352
-2540.478929
-1210.946444
-885.974954
12.542712
1302.166417
1705.815216
1636.259914
1559.863108
500.570073
-1397.947583
-1742.303338
-28.506319
1171.037570
841.505076
314.709186
-164.196169
-793.614635
-904.218967
-938.426492
-1594.070728
-1823.261148
-880.273699
429.874521
1323.831183
1454.960030
815.279306
104.903030
-102.622624
-153.933911
-540.478948
-976.054770
-820.980655
-202.964698
247.434386
448.118534
478.905307
264.538148
-118.586135
-505.131172
-559.863212
-204.104949
-181.299932
-655.644283
-591.790236
42.189234
265.678399
13.682963
-277.081003
-397.947592
-158.494915
288.483416
533.637348
443.557531
160.775322
95.781023
425.313517
646.522181
468.643050
208.665857
142.531308
370.581477
752.565510
954.389909
900.798120
733.181245
654.503937
867.730845
1296.465163
1793.614531
1427.594010
-1005.701292
-3714.937298
-3608.893970
-1803.876883
-1231.470959
-1028.506309
513.112832
2087.799249
2327.251926
1937.286137
1358.038708
-176.738928
-1803.876883
-1331.813034
476.624805
904.218872
141.391057
-149.372908
-285.062759
-660.205286
-874.572445
-1255.416227
-1767.388856
-1480.045643
-338.654548
841.505076
1500.570064
1404.788993
805.017049
306.727430
31.926976
-389.965836
-1050.171075
-1358.038803
-895.096960
-172.177925
257.696643
494.868819
680.729707
599.771897
58.152746
-586.088982
-729.760588
-564.424215
-515.393429
-314.709281
-35.347824
-108.323878
-228.050216
-171.037674
-139.110651
-7.981803
200.684101
311.288433
503.990826
627.137917
384.264487
96.921274
51.311240
218.928115
475.484555
523.375090
452.679538
558.722866
671.607700
735.461747
842.645326
820.980560
822.120811
1253.135630
1962.371656
1838.084314
-375.142575
-3418.472079
-4223.489175
-2766.248596
-1602.052484
-957.810757
396.807246
1982.896171
2697.833450
2480.045539
1744.583744
343.215457
-1427.594105
-1812.998890
-418.472107
508.551829
117.445789
-167.616922
-153.933911
-402.508596
-681.870052
-1084.378600
-1612.314741
-1530.216681
-693.272561
412.770758
1394.526735
1697.833460
1279.361400
729.760493
207.525606
-428.734365
-1126.567882
-1646.522267
-1525.655677
-809.578147
-102.622624
644.241680
1462.941786
1392.246233
299.885925
-524.515436
-549.600954
-545.039951
-961.231509
-1197.263434
-661.345537
150.513064
361.459470
11.402461
-247.434481
-166.476671
115.165288
506.271327
791.334038
624.857415
215.507362
107.183532
273.660155
360.319219
217.787864
34.207478
209.806108
629.418419
730.900744
630.558669
743.443503
890.535862
1057.012485
1397.947488
1872.291839
2117.445770
559.863117
-2890.535938
-4727.480048
-3464.082113
-2049.030815
-1505.131162
-52.451586
1912.200618
2901.938351
2933.865375
2431.014753
1200.684092
-840.364920
-2187.001167
-1348.916796
31.926976
-99.201871
-468.643145
-91.220115
-101.482373
-450.399131
-603.192744
-1103.762865
-1566.704708
-1111.744621
-128.848393
907.639625
1647.662423
1550.741101
1020.524458
596.351144
-63.854095
-988.597530
-1705.815311
-1900.798205
-1342.075291
-397.947592
337.514202
1050.170980
1566.704613
1125.427536
202.964603
-339.794799
-768.529117
-1192.702431
-1152.793651
-783.352378
-526.795938
-315.849531
77.537010
546.180107
662.485693
319.270189
118.586040
353.477714
545.039856
389.965741
127.708047
-33.067322
21.664719
285.062664
493.728568
518.814087
453.819789
426.453768
623.717164
999.999943
1184.720580
1150.513054
1225.769610
1714.937222
2181.299818
790.193788
-2612.314732
-4720.638543
-3876.852918
-2423.033092
-1639.680762
-337.514297
1595.210884
3043.329456
3381.983957
2925.883619
1843.785568
-293.044515
-2246.294211
-1945.267988
-600.912242
-505.131172
-778.791374
-346.636304
-33.067322
-11.402556
-109.464129
-660.205286
-1224.629454
-1209.806193
-637.400270
464.082046
1473.204043
1583.808375
1204.104844
823.261062
204.104854
-654.504032
-1563.283955
-2191.562170
-1942.987486
-1075.256594
-95.781118
1224.629359
2226.909852
1749.144748
523.375090
-156.214413
-523.375185
-1057.012580
-1572.405962
-1653.363772
-1010.262296
-129.988644
280.501660
420.752514
549.600859
458.380792
408.209755
657.924690
725.199489
370.581477
-72.976102
-247.434481
-2.280549
283.922413
233.751376
272.519904
607.753653
735.461747
717.217734
899.657869
984.036431
948.688655
1185.860831
1814.139046
2425.313498
1304.446918
-2174.458408
-4787.913343
-4224.629426
-2771.949850
-2124.287371
-879.133449
1361.459461
3250.855110
3885.974830
3435.575747
2280.501641
124.287295
-2153.933892
-2351.197289
-1044.469821
-812.998900
-1208.665943
-635.119768
116.305539
327.251945
244.013633
-295.325016
-995.439035
-1212.086695
-854.047930
99.201776
1204.104844
1548.460599
1273.660146
1002.280445
546.180107
-318.130033
-1410.490342
-2354.618041
-2441.277105
-1497.149406
-224.629464
1003.420696
1938.426388
1998.859683
1337.514193
607.753653
-176.738928
-1133.409387
-1992.018273
-2355.758292
-1803.876883
-534.777694
492.588317
874.572350
990.877936
979.475428
823.261062
649.942934
387.685240
-42.189329
-424.173362
-459.521138
-51.311336
421.892765
449.258785
285.062664
429.874521
671.607700
798.175544
970.353421
1058.152736
1028.506214
1204.104844
1727.479982
2416.191492
1801.596287
-1362.599807
-4553.021669
-4720.638543
-3295.324988
-2496.009146
-1367.160810
851.767333
3038.768453
4177.879046
4107.183494
3068.414975
905.359123
-1801.596382
-2836.944148
-1863.169927
-1277.080993
-1446.978369
-905.359218
-26.225817
453.819789
708.095727
399.087748
-541.619199
-1237.172214
-1188.141427
-412.770853
728.620242
1343.215447
1270.239393
1107.183522
844.925828
155.074067
-925.883733
-2112.884862
-2711.516555
-2175.598659
-913.340974
541.619104
1923.603127
2501.710305
1922.462876
961.231414
182.440088
-730.900839
-1936.145981
-2839.224650
-2548.460685
-1067.274838
319.270189
870.011347
1117.445780
1309.007922
1188.141332
891.676113
542.759354
-18.244061
-599.771992
-790.193883
-423.033111
180.159586
410.490256
324.971443
519.954338
898.517618
1004.560946
989.737685
1011.402451
957.810662
993.158438
1291.904159
2003.420686
2330.672678
271.379653
-3442.417347
-5000.000000
-3790.193854
-2730.900820
-2172.177906
-429.874616
2145.952042
4006.841420
4464.082008
3868.871067
2285.062645
-456.100385
-2668.187023
-2541.619180
-1673.888287
-1865.450429
-1782.212117
-646.522276
385.404738
930.444641
1027.365963
356.898467
-608.893998
-1047.890573
-812.998900
-53.591837
703.534723
935.005645
948.688655
1028.506214
746.864256
-158.494915
-1383.124322
-2355.758292
-2462.941871
-1669.327284
-433.295368
1026.225712
2220.068346
2366.020455
1636.259914
774.230276
-228.050216
-1515.393420
-2514.253159
-2628.278244
-1870.011432
-657.924785
525.655592
1354.617956
1639.680667
1408.209745
980.615679
616.875659
198.403599
-403.648846
-903.078716
-874.572445
-360.319314
199.543850
572.405876
842.645326
1018.243956
1078.677251
1126.567787
1140.250797
989.737685
820.980560
901.938370
1539.338592
2163.055804
759.407015
-2612.314732
-4580.387689
-3899.657935
-2939.566724
-2392.246319
-799.315889
1685.290700
3672.747922
4397.947459
4050.170952
2777.651009
287.343165
-2204.104930
-2661.345518
-1960.091249
-2077.537086
-2123.147120
-1043.329570
184.720589
955.530160
1261.117386
797.035293
-93.500617
-709.236073
-854.047930
-440.136873
224.629369
540.478853
673.888202
935.005645
916.761631
250.855138
-885.974954
-1949.828991
-2265.678475
-1748.004592
-860.889435
312.428684
1704.674965
2490.307797
2102.622509
1096.921265
144.811810
-903.078716
-2226.909947
-3069.555321
-2584.948712
-1168.757163
160.775322
1072.975997
1694.412707
1907.639615
1608.893894
1017.103706
348.916711
-417.331857
-1165.336410
-1351.197298
-770.809618
-0.000048
448.118534
719.498235
1060.433238
1324.971434
1335.233691
1168.757068
936.145896
749.144757
761.687517
1196.123088
2034.207459
1782.212022
-977.195021
-4061.573555
-4456.100347
-3267.958967
-2712.656806
-1873.432185
344.355707
2882.554087
4419.612225
4633.979384
3717.217705
1595.210884
-1188.141427
-2743.443579
-2482.326136
-2267.958977
-2550.741186
-1871.151683
-380.843830
818.700059
1549.600850
1535.917840
599.771897
-368.301070
-752.565605
-728.620337
-395.667091
38.768481
346.636209
697.833469
1020.524458
802.736547
-94.640868
-1242.873468
-1985.176768
-1932.725229
-1353.477800
-506.271422
721.778737
1937.286137
2307.867661
1765.108260
805.017049
-379.703579
-1680.729792
-2655.644264
-2748.004582
-1892.816449
-594.070737
636.259924
1571.265616
2009.121940
1846.066069
1286.202905
571.265626
-213.226955
-961.231509
-1371.721813
-1180.159671
-548.460704
116.305539
668.186947
1167.616817
1516.533575
1621.436653
1502.850565
1144.811800
689.851713
462.941795
603.192649
1272.519895
1823.261053
379.703484
-2656.784515
-4151.653372
-3460.661360
-2815.279382
-2364.880299
-709.236073
1711.516470
3628.278139
4456.100252
4181.299799
2725.199470
158.494820
-2080.957838
-2541.619180
-2331.813024
-2710.376305
-2470.923627
-1086.659102
249.714887
1210.946349
1769.669263
1326.111684
327.251945
-316.989782
-686.431056
-818.700154
-526.795938
-111.744630
303.306677
778.791279
927.023889
468.643050
-412.770853
-1298.745759
-1632.839257
-1454.960125
-1187.001176
-416.191606
1101.482268
2244.013614
2149.372794
1253.135630
212.086610
-785.632879
-1818.700144
-2706.955552
-2732.041071
-1655.644274
-205.245199
1071.835746
2001.140184
2264.538129
1848.346571
1136.830044
352.337463
-498.289666
-1310.148268
-1712.656816
-1329.532532
-409.350101
421.892765
998.859692
1449.258776
1697.833460
1718.357975
1500.570064
989.737685
493.728568
362.599721
656.784439
1481.185799
1766.248510
-283.922508
-3259.977212
-4005.701264
-3074.116324
-2760.547342
-2295.324997
-339.794799
2217.787845
4027.365935
4556.442327
3942.987372
2234.891607
-358.038813
-2274.800482
-2473.204129
-2484.606637
-3001.140270
-2457.240617
-817.559903
576.966880
1526.795833
1856.328327
1198.403590
337.514202
-221.208711
-753.705856
-923.603231
-613.455002
-283.922508
191.562094
830.102567
956.670411
363.739972
-519.954433
-1216.647698
-1372.862064
-1244.013719
-1116.305624
-330.672792
1184.720580
2152.793547
1950.969147
1060.433238
-120.866637
-1244.013719
-2000.000029
-2379.703560
-2206.385431
-1326.111779
-72.976102
1220.068356
2185.860821
2281.641892
1588.369379
714.937232
-52.451586
-705.815320
-1224.629454
-1513.112918
-1295.325007
-476.624900
542.759354
1351.197203
1800.456036
1847.206320
1645.381921
1334.093440
863.169842
381.983985
167.616827
473.204053
1389.965732
1448.118525
-779.931625
-3281.641978
-3535.917916
-2714.937308
-2531.356922
-1871.151683
158.494820
2480.045539
3930.444613
4222.348829
3507.411550
1685.290700
-776.510873
-2239.452706
-2280.501736
-2488.027390
-2915.621457
-2142.531384
-555.302209
743.443503
1615.735399
1773.090015
1102.622519
354.617965
-237.172223
-802.736642
-941.847245
-661.345537
-342.075301
151.653315
763.968018
848.346581
266.818650
-469.783395
-948.688750
-1174.458417
-1327.252030
-1145.952146
-149.372908
1264.538139
1985.176673
1639.680667
801.596296
-62.713844
-965.792513
-1919.042219
-2553.021688
-2310.148258
-1166.476661
253.135640
1405.929244
2079.817493
2132.269031
1603.192640
798.175544
-72.976102
-911.060472
-1525.655677
-1644.241765
-1101.482363
-155.074162
688.711462
1315.849427
1785.632775
1957.810652
1781.071771
1290.763908
610.034154
148.232562
129.988549
670.467449
1592.930382
1127.708038
-1514.253169
-3543.899672
-3147.092378
-2401.368326
-2440.136854
-1656.784524
469.783300
2801.596277
4177.879046
4212.086572
3180.159557
1164.196065
-1179.019421
-2223.489194
-2147.092387
-2636.260000
-3053.591809
-2006.841534
-313.569030
1035.347719
1868.871086
1777.651019
987.457184
297.605423
-318.130033
-874.572445
-973.774269
-791.334133
-475.484650
179.019335
800.456045
806.157299
254.275891
-437.856372
-872.291943
-1007.981794
-1059.293082
-855.188181
-128.848393
877.993103
1646.522172
1652.223426
727.479991
-454.960134
-1212.086695
-1684.150545
-2062.713825
-1936.145981
-1054.732079
190.421843
1331.812939
2079.817493
2144.811791
1468.643040
466.362548
-342.075301
-863.169937
-1328.392281
-1613.454992
-1241.733217
-234.891721
855.188086
1623.717155
1955.530151
1931.584883
1697.833460
1182.440078
484.606561
64.994251
46.750237
574.686378
1529.076335
1135.689793
-1301.026261
-3157.354636
-2898.517694
-2399.087824
-2483.466387
-1660.205277
443.557531
2705.815206
3984.036403
4002.280416
3057.012466
1136.830044
-1051.311326
-2015.963540
-2110.604360
-2706.955552
-2978.335253
-1893.956700
-355.758311
940.706899
1850.627073
1803.876788
1053.591733
377.422982
-298.745769
-921.322730
-1086.659102
-945.267997
-587.229232
117.445789
745.724005
838.084323
394.526745
-262.257742
-693.272561
-916.761726
-1126.567882
-957.810757
-132.269145
851.767333
1449.258776
1388.825481
670.467449
-205.245199
-879.133449
-1587.229223
-2265.678475
-2117.445865
-932.725238
421.892765
1293.044410
1766.248510
1920.182374
1557.582606
718.357984
-221.208711
-976.054770
-1469.783386
-1550.741196
-1028.506309
-128.848393
692.132215
1335.233691
1852.907575
2082.097994
1854.047825
1184.720580
423.033016
45.609986
75.256508
519.954338
1346.636200
1086.659007
-1131.128885
-3029.646541
-2824.401389
-2192.702421
-2361.459546
-1880.273690
134.549552
2587.229118
3966.932640
3924.743359
2971.493653
1225.769610
-810.718398
-1841.505161
-2010.262286
-2607.753729
-3001.140270
-2038.768557
-428.734365
911.060377
1740.022741
1743.443494
1142.531299
535.917849
-125.427640
-820.980655
-1153.933902
-1083.238350
-703.534818
-34.207573
629.418419
839.224574
485.746812
-103.762874
-531.356941
-761.687612
-945.267997
-913.340974
-344.355803
596.351144
1274.800396
1270.239393
616.875659
-295.325016
-973.774269
-1416.191596
-1827.822151
-1790.193873
-966.932764
190.421843
1226.909861
1931.584883
1969.213161
1324.971434
456.100290
-280.501755
-827.822161
-1315.849522
-1579.247467
-1159.635156
-155.074162
822.120811
1516.533575
1909.920117
1917.901873
1633.979412
1161.915563
533.637348
44.469735
-47.890583
451.539287
1379.703474
1100.342017
-1134.549638
-2938.426473
-2687.571288
-2131.128876
-2302.166502
-1760.547351
132.269050
2426.453749
3863.169813
3914.481101
2915.621362
1118.586031
-863.169937
-1807.297636
-1965.792503
-2618.015986
-3027.366039
-2045.610062
-418.472107
985.176682
1851.767324
1787.913276
1134.549543
547.320358
-119.726386
-859.749184
-1213.226946
-1169.897414
-816.419652
-79.817607
680.729707
883.694357
500.570073
-28.506319
-375.142575
-670.467544
-1064.994336
-1111.744621
-376.282826
641.961178
1209.806098
1224.629359
760.547266
-62.713844
-838.084418
-1461.801630
-2007.981784
-1950.969242
-970.353516
315.849436
1310.148173
1819.840300
1741.162992
1263.397888
614.595158
-171.037674
-933.865489
-1435.575861
-1509.692165
-992.018282
-94.640868
657.924690
1214.367102
1746.864246
2044.469716
1908.779866
1328.392186
470.923551
-111.744630
-133.409396
285.062664
1120.866532
1267.958891
-467.502894
-2416.191587
-2529.076420
-2000.000029
-2286.202990
-2141.391133
-486.887158
1841.505066
3497.149292
3828.962288
3101.482249
1551.881352
-381.984080
-1518.814172
-1741.163087
-2329.532523
-2952.109484
-2286.202990
-778.791374
598.631646
1597.491385
1825.541554
1277.080898
664.766195
72.976007
-673.888297
-1166.476661
-1236.031963
-995.439035
-354.618060
472.063802
889.395611
684.150459
188.141342
-180.159681
-464.082141
-866.590689
-984.036526
-524.515436
111.744535
693.272466
1114.025027
855.188086
-39.908827
-768.529117
-1137.970390
-1423.033101
-1492.588403
-1062.713834
-128.848393
915.621381
1559.863108
1657.924680
1283.922403
517.673836
-226.909966
-660.205286
-1025.085557
-1290.764003
-1100.342112
-469.783395
389.965741
1267.958891
1789.053527
1848.346571
1736.601988
1415.051250
759.407015
164.196074
-53.591837
182.440088
971.493672
1190.421834
-415.051355
-2322.691017
-2515.393410
-2003.420781
-2171.037655
-1972.634008
-456.100385
1705.815216
3296.465144
3608.893875
2927.023870
1538.198342
-271.379748
-1459.521128
-1705.815311
-2164.196150
-2721.778813
-2145.952137
-790.193883
486.887063
1489.167555
1767.388761
1234.891617
628.278168
52.451491
-683.010303
-1149.372899
-1206.385441
-990.878031
-370.581572
449.258785
881.413855
714.937232
236.031877
-181.299932
-456.100385
-757.126608
-949.829001
-689.851808
-0.000048
760.547266
1128.848288
818.700059
90.079769
-543.899700
-1022.805055
-1533.637433
-1775.370612
-1225.769705
-111.744630
852.907584
1459.521033
1703.534714
1383.124227
659.064941
-76.396854
-703.534818
-1169.897414
-1330.672783
-1054.732079
-364.880318
436.716026
1090.079760
1583.808375
1832.383059
1775.370517
1431.014762
769.669272
90.079769
-156.214413
59.292996
777.651028
1418.472003
412.770758
-1700.114056
-2448.118610
-1928.164225
-2054.732069
-2362.599797
-1296.465258
877.993103
2823.261043
3566.704594
3184.720561
2083.238245
366.020474
-1122.006878
-1562.143704
-1893.956700
-2631.698996
-2478.905383
-1223.489204
147.092311
1275.940647
1752.565500
1335.233691
760.547266
302.166426
-449.258880
-1135.689888
-1338.654539
-1194.982932
-651.083280
255.416142
932.725143
933.865394
432.155022
-17.103810
-201.824447
-537.058195
-1000.000038
-973.774269
-416.191606
285.062664
881.413855
1007.981699
540.478853
-159.635166
-831.242913
-1352.337549
-1508.551915
-1223.489204
-611.174500
176.738833
1027.365963
1719.498226
1738.882490
965.792418
57.012495
-543.899700
-956.670506
-1175.598668
-1054.732079
-647.662527
3.420705
817.559808
1527.936084
1852.907575
1770.809514
1420.752505
859.749089
266.818650
-29.646569
21.664719
478.905307
1207.525597
822.120811
-1060.433333
-2303.306753
-2017.103791
-1871.151683
-2213.226936
-1600.912233
228.050121
2271.379634
3363.739943
3167.616798
2224.629350
773.090025
-742.303347
-1409.350091
-1635.119758
-2285.062740
-2477.765132
-1524.515426
-202.964698
956.670411
1600.912138
1352.337454
775.370527
379.703484
-221.208711
-924.743482
-1221.208702
-1151.653400
-755.986357
30.786725
769.669272
919.042133
515.393334
41.048983
-189.281688
-454.960134
-958.951008
-1124.287380
-458.380887
485.746812
897.377367
798.175544
571.265626
184.720589
-543.899700
-1378.563318
-1826.681900
-1547.320443
-670.467544
288.483416
1027.365963
1513.112823
1548.460599
1053.591733
370.581477
-291.904264
-949.829001
-1342.075291
-1168.757163
-565.564466
104.903030
647.662432
1129.988539
1594.070633
1807.297541
1588.369379
1013.682953
338.654453
-66.134596
-70.695600
343.215457
1261.117386
1468.643040
-255.416237
-2158.494896
-2234.891702
-1754.846097
-2139.110632
-2207.525682
-799.315889
1483.466301
3164.196046
3441.277001
2743.443484
1392.246233
-294.184765
-1218.928200
-1340.935040
-1914.481215
-2553.021688
-2047.890564
-760.547361
568.985124
1494.868809
1472.063793
870.011347
490.307816
33.067227
-684.150554
-1119.726377
-1181.299922
-950.969252
-271.379748
586.088886
987.457184
720.638486
166.476576
-171.037674
-377.423077
-762.827862
-1007.981794
-736.602093
-85.518861
616.875659
984.036431
774.230276
210.946359
-408.209850
-992.018282
-1418.472098
-1483.466396
-1021.664804
-207.525701
589.509639
1270.239393
1638.540416
1291.904159
522.234839
-107.183627
-628.278263
-1053.591828
-1131.128885
-871.151693
-323.831287
440.136778
1149.372804
1594.070633
1714.937222
1534.777589
1136.830044
582.668134
92.360271
-57.012590
224.629369
1012.542702
1361.459461
-29.646569
-1917.901968
-2215.507438
-1717.217819
-1966.932754
-2088.939594
-909.920221
1181.299827
2893.956595
3287.343137
2673.888182
1506.271318
-53.591837
-1096.921360
-1290.764003
-1757.126599
-2394.526821
-2007.981784
-841.505171
380.843735
1310.148173
1381.983976
809.578052
421.892765
49.030739
-573.546222
-953.249753
-1018.244052
-871.151693
-297.605518
490.307816
882.554106
640.820927
88.939518
-222.348962
-327.252040
-729.760588
-1165.336410
-836.944167
125.427545
862.029591
990.877936
694.412717
198.403599
-358.038813
-896.237211
-1458.380877
-1734.321582
-1202.964688
-106.043376
802.736547
1299.885915
1417.331752
1099.201766
613.454907
133.409301
-475.484650
-1015.963550
-1172.177916
-883.694452
-261.117491
401.368250
907.639625
1346.636200
1645.381921
1637.400165
1309.007922
690.991964
104.903030
-13.683058
358.038718
1084.378505
1277.080898
-156.214413
-1969.213256
-2210.946435
-1703.534809
-1927.023974
-2022.805045
-823.261157
1230.330614
2855.188067
3200.684073
2579.247362
1397.947488
-111.744630
-1052.451577
-1210.946444
-1672.748036
-2253.135716
-1868.871181
-809.578147
331.812948
1216.647603
1242.873373
681.869957
343.215457
13.682963
-547.320453
-866.590689
-879.133449
-709.236073
-212.086705
451.539287
808.437801
571.265626
2.280454
-304.447023
-385.404833
-725.199585
-1067.274838
-791.334133
47.890488
864.310093
1147.092302
830.102567
217.787864
-420.752609
-1018.244052
-1564.424206
-1798.175629
-1315.849522
-267.958996
748.004506
1450.399027
1685.290700
1297.605413
620.296412
11.402461
-581.527978
-1068.415089
-1204.104939
-925.883733
-303.306772
421.892765
1011.402451
1435.575766
1628.278158
1555.302104
1239.452620
686.430961
169.897328
10.262210
295.324921
1050.170980
1304.446918
-110.604379
-1876.852937
-2140.250882
-1781.071866
-2009.122035
-1945.267988
-743.443598
1167.616817
2694.412698
3102.622500
2692.132196
1561.003358
-160.775417
-1215.507448
-1269.099237
-1598.631731
-2096.921350
-1769.669358
-862.029686
265.678399
1233.751366
1272.519895
652.223435
177.879084
-216.647708
-545.039951
-639.680771
-748.004601
-706.955571
-194.982942
498.289571
856.328337
521.094588
-221.208711
-548.460704
-490.307911
-657.924785
-824.401408
-527.936188
153.933816
879.133353
1171.037570
830.102567
126.567796
-719.498330
-1413.911095
-1604.332986
-1401.368335
-928.164235
-141.391152
722.918988
1462.941786
1791.334029
1271.379644
291.904169
-391.106087
-755.986357
-940.706994
-912.200723
-734.321591
-286.203009
445.838033
1103.762770
1477.765047
1563.283860
1411.630498
1119.726282
708.095727
299.885925
107.183532
321.550691
1072.975997
1210.946349
-413.911104
-2106.043357
-2069.555330
-1645.382016
-1985.176768
-1843.785663
-460.661389
1459.521033
2784.492514
2973.774155
2477.765037
1303.306668
-415.051355
-1301.026261
-1225.769705
-1549.600945
-1956.670496
-1543.899691
-672.748046
426.453768
1274.800396
1060.433238
397.947497
60.433247
-280.501755
-554.161958
-566.704717
-638.540520
-572.405971
-98.061620
525.655592
849.486832
412.770758
-412.770853
-649.943029
-493.728663
-586.088982
-627.138012
-376.282826
141.391057
911.060377
1273.660146
758.266764
-139.110651
-921.322730
-1366.020559
-1436.716111
-1395.667081
-1031.927062
-96.921369
891.676113
1545.039847
1700.113961
1077.537000
172.177830
-356.898562
-704.675069
-948.688750
-930.444737
-711.516574
-157.354664
648.802683
1196.123088
1354.617956
1321.550681
1215.507353
1051.311231
705.815225
294.184670
128.848298
441.277029
1271.379644
1356.898457
-440.136873
-2258.836970
-2264.538224
-1823.261148
-1977.195012
-1646.522267
-289.623762
1516.533575
2801.596277
3044.469707
2559.863098
1197.263339
-757.126608
-1615.735494
-1344.355793
-1482.326145
-1752.565595
-1366.020559
-576.966975
565.564371
1410.490247
1068.414994
288.483416
-171.037674
-568.985219
-689.851808
-477.765151
-440.136873
-392.246338
15.963464
610.034154
893.956614
332.953199
-587.229232
-855.188181
-749.144852
-811.858649
-589.509734
68.415003
722.918988
1114.025027
1044.469726
535.917849
-171.037674
-987.457279
-1663.626029
-1803.876883
-1389.965827
-571.265721
392.246243
1124.287285
1508.551820
1462.941786
915.621381
200.684101
-405.929348
-904.218967
-1142.531394
-980.615774
-494.868914
164.196074
759.407015
1145.952051
1358.038708
1432.155013
1358.038708
1052.451482
522.234839
125.427545
131.128800
705.815225
1513.112823
870.011347
-1379.703569
-2539.338678
-1904.218958
-1614.595243
-1873.432185
-1254.275976
316.989687
2026.225703
2982.896161
2917.901863
2070.695486
348.916711
-1295.325007
-1462.941881
-1145.952146
-1518.814172
-1580.387718
-982.896275
-174.458427
887.115109
1301.026166
563.283870
-120.866637
-369.441321
-608.893998
-540.478948
-303.306772
-274.800501
-123.147139
278.221159
684.150459
656.784439
-169.897423
-969.213265
-890.535957
-633.979517
-633.979517
-367.160819
239.452630
953.249658
1397.947488
1061.573489
116.305539
-844.925923
-1483.466396
-1628.278253
-1459.521128
-1135.689888
-378.563328
695.552968
1540.478843
1794.754782
1281.641902
348.916711
-338.654548
-681.870052
-873.432194
-919.042228
-785.632879
-327.252040
433.295273
1096.921265
1381.983976
1295.324912
1077.537000
994.298689
875.712601
509.692080
167.616827
273.660155
1149.372804
1767.388761
246.294135
-2199.543926
-2667.046772
-1833.523405
-1751.425344
-1714.937317
-574.686473
1207.525597
2613.454888
2996.579171
2610.034135
1413.910999
-612.314751
-1786.773121
-1375.142566
-1114.025122
-1360.319305
-1098.061611
-527.936188
302.166426
1169.897319
913.340879
-51.311336
-489.167660
-669.327293
-716.077578
-287.343260
53.591742
77.537010
190.421843
453.819789
627.137917
147.092311
-900.798215
-1279.361495
-836.944167
-558.722961
-294.184765
295.324921
790.193788
1126.567787
1172.177820
517.673836
-498.289666
-1264.538234
-1651.083270
-1628.278253
-1230.330709
-506.271422
426.453768
1134.549543
1405.929244
1311.288423
770.809523
-19.384312
-590.649985
-848.346676
-882.554201
-671.607795
-256.556487
256.556392
730.900744
1033.067217
1102.622519
1053.591733
1088.939509
1094.640763
800.456045
394.526745
316.989687
909.920126
1659.064931
646.522181
-1977.195012
-3031.927043
-2002.280530
-1443.557616
-1489.167650
-669.327293
865.450343
2313.568916
2947.548385
2587.229118
1477.765047
-374.002324
-1740.022836
-1395.667081
-803.876893
-1011.402546
-922.462981
-473.204148
66.134501
857.468587
783.352283
-267.958996
-758.266859
-676.168798
-578.107226
-102.622624
379.703484
393.386494
306.727430
329.532447
393.386494
7.981708
-1010.262296
-1497.149406
-948.688750
-312.428779
92.360271
334.093450
482.326060
1020.524458
1380.843725
697.833469
-386.545084
-1191.562180
-1602.052484
-1541.619189
-1348.916796
-884.834703
147.092311
1009.121950
1433.295264
1565.564362
898.517618
-101.482373
-565.564466
-830.102662
-915.621476
-629.418514
-319.270284
240.592881
938.426397
1066.134492
897.377367
763.968018
659.064941
881.413855
997.719441
621.436663
433.295273
755.986262
1525.655582
1675.028443
-518.814182
-3150.513130
-3005.701273
-1636.260009
-1395.667081
-1078.677346
239.452630
1840.364815
2856.328318
2744.583735
1874.572341
331.812948
-1576.966965
-2010.262286
-966.932764
-561.003463
-638.540520
-328.392291
-68.415098
429.874521
801.596296
-33.067322
-970.353516
-946.408248
-660.205286
-210.946454
435.575775
706.955476
611.174405
376.282731
188.141342
-13.683058
-754.846106
-1533.637433
-1295.325007
-482.326155
80.957762
348.916711
553.021612
1018.243956
1330.672688
744.583754
-331.813043
-1230.330709
-1701.254307
-1500.570159
-994.298784
-561.003463
61.573498
724.059239
1159.635061
1315.849427
815.279306
-78.677356
-587.229232
-688.711557
-540.478948
-263.397993
-160.775417
42.189234
527.936093
838.084323
838.084323
696.693218
632.839171
944.127652
1271.379644
1086.659007
677.308954
771.949774
1529.076335
1212.086600
-1458.380877
-3679.589522
-2938.426473
-1343.215542
-854.047930
-456.100385
706.955476
2168.757058
2809.578033
2280.501641
1185.860831
-490.307911
-1893.956700
-1464.082132
-336.374047
-150.513159
-228.050216
-246.294230
-161.915667
379.703484
259.977145
-818.700154
-1307.867766
-900.798215
-221.208711
497.149321
824.401313
809.578052
603.192649
106.043281
-164.196169
-419.612358
-1214.367197
-1532.497182
-847.206425
-55.872339
500.570073
659.064941
460.661294
686.430961
994.298689
446.978283
-555.302209
-1279.361495
-1434.435610
-1127.708133
-814.139150
-415.051355
207.525606
624.857415
832.383069
893.956614
507.411578
-54.732088
-322.691036
-387.685335
-326.111789
-191.562189
-49.030834
208.665857
445.838033
518.814087
521.094588
491.448066
693.272466
1246.294125
1488.027304
1126.567787
737.742249
958.950913
1714.937222
867.730845
-2446.978359
-4278.221216
-2515.393410
-665.906541
-491.448161
-135.689898
1059.292987
2320.410421
2667.046677
1836.944063
449.258785
-1273.660241
-2030.786801
-711.516574
466.362548
134.549552
-152.793661
-212.086705
-242.873477
114.025037
-322.691036
-1435.575861
-1411.630593
-474.344399
385.404738
962.371665
947.548404
664.766195
360.319219
-152.793661
-484.606656
-847.206425
-1443.557616
-1215.507448
-240.592976
311.288433
490.307816
524.515341
513.112832
798.175544
678.449205
-267.958996
-1006.841543
-1066.134587
-876.852947
-621.436758
-449.258880
-270.239498
139.110556
436.716026
500.570073
428.734270
51.311240
-248.574732
-6.841553
294.184670
216.647613
-22.805064
-114.025132
75.256508
290.763918
251.995389
188.141342
516.533585
1194.982837
1708.095717
1680.729697
1140.250797
760.547266
1334.093440
1074.116248
-1989.737771
-4410.490313
-2860.889416
-494.868914
-103.762874
-59.293091
843.785577
1958.950903
2184.720570
1442.417271
515.393334
-913.340974
-1839.224659
-481.185904
968.072919
550.741110
-68.415098
-443.557626
-689.851808
-257.696738
-523.375185
-1521.094674
-1306.727515
-270.239498
619.156161
1246.294125
1064.994241
464.082046
17.103715
-415.051355
-526.795938
-729.760588
-1253.135725
-899.657964
66.134501
421.892765
324.971443
84.378515
119.726291
657.924690
619.156161
-188.141437
-651.083280
-598.631741
-458.380887
-492.588412
-706.955571
-568.985219
-84.378610
205.245104
315.849436
253.135640
10.262210
41.048983
326.111694
460.661294
321.550691
-54.732088
-216.647708
78.677261
222.348867
54.731993
42.189234
348.916711
1001.140194
1661.345433
1755.986253
1311.288423
856.328337
1250.855129
1480.045548
-1124.287380
-4356.898524
-3539.338668
-644.241775
204.104854
-55.872339
436.716026
1434.435515
1912.200618
1405.929244
602.052398
-583.808480
-1620.296497
-522.234934
1314.709176
1171.037570
69.555254
-769.669367
-1172.177916
-636.260019
-522.234934
-1370.581562
-1290.764003
-222.348962
741.163001
1348.916701
1110.604275
303.306677
-299.886020
-631.699015
-517.673931
-458.380887
-888.255455
-732.041090
152.793566
612.314656
281.641911
-449.258880
-572.405971
347.776460
885.974859
180.159586
-606.613497
-492.588412
-86.659112
-262.257742
-657.924785
-604.332995
-344.355803
-92.360366
245.153884
352.337463
84.378515
-197.263444
-19.384312
534.777598
619.156161
134.549552
-45.610081
181.299837
318.129938
222.348867
-28.506319
125.427545
876.852852
1453.819779
1568.985114
1328.392186
921.322635
1372.861969
1374.002220
-1591.790226
-4290.763975
-2850.627158
-345.496053
158.494820
4.560956
442.417280
1291.904159
1540.478843
998.859692
474.344304
-646.522276
-1404.789088
179.019335
1704.674965
1084.378505
-74.116352
-1110.604370
-1396.807332
-611.174500
-721.778832
-1364.880308
-830.102662
57.012495
830.102567
1305.587169
716.077483
-96.921369
-523.375185
-683.010303
-264.538243
-200.684196
-663.626039
-331.813043
289.623667
258.836894
-222.348962
-652.223530
-172.177925
665.906446
405.929253
-179.019430
-167.616922
-173.318176
-240.592976
-329.532542
-587.229232
-540.478948
-222.348962
53.591742
244.013633
22.804969
-282.782257
-69.555349
296.465172
490.307816
453.819789
144.811810
78.677261
347.776460
383.124236
208.665857
78.677261
204.104854
834.663571
1428.734260
1436.716016
1012.542702
765.108269
1427.594010
1140.250797
-2072.976083
-4145.952118
-1895.096951
412.770758
228.050121
-135.689898
233.751376
762.827767
965.792418
766.248520
344.355707
-652.223530
-806.157394
964.652167
1908.779866
856.328337
-522.234934
-1654.504023
-1513.112918
-389.965836
-641.961273
-1244.013719
-489.167660
336.373952
766.248520
888.255360
247.434386
-417.331857
-631.699015
-424.173362
161.915572
102.622528
-449.258880
-281.642006
92.360271
-120.866637
-596.351239
-619.156256
234.891626
890.535862
343.215457
-287.343260
-301.026270
-354.618060
-396.807341
-318.130033
-369.441321
-242.873477
37.628230
159.635071
94.640773
-229.190467
-400.228094
-38.768576
393.386494
567.844873
448.118534
126.567796
79.817512
324.971443
371.721728
242.873382
344.355707
745.724005
1111.744526
1253.135630
1090.079760
690.991964
1043.329475
1321.550681
-1199.543936
-3987.457250
-2403.648827
745.724005
1041.048973
-91.220115
-338.654548
172.177830
494.868819
431.014772
303.306677
-383.124331
-607.753748
1088.939509
2299.885906
1289.623657
-347.776555
-1849.486917
-2061.573574
-525.655687
27.365973
-737.742344
-660.205286
77.537010
665.906446
677.308954
-164.196169
-787.913381
-653.363781
-171.037674
475.484555
515.393334
-123.147139
-431.014867
-416.191606
-502.850670
-531.356941
-167.616922
522.234839
630.558669
106.043281
-1.140298
-76.396854
-604.332995
-687.571307
-320.410535
-112.884881
31.926976
39.908732
-98.061620
-188.141437
-369.441321
-318.130033
160.775322
529.076344
600.912147
408.209755
92.360271
68.415003
152.793566
148.232562
302.166426
558.722866
971.493672
1375.142471
1280.501651
800.456045
296.465172
671.607700
1369.441217
-738.882595
-3882.554173
-2581.527959
958.950913
1489.167555
143.671559
-568.985219
-450.399131
134.549552
567.844873
489.167565
-289.623762
-586.088982
970.353421
2205.245085
1302.166417
-305.587274
-1799.315880
-2059.293072
-396.807341
409.350006
-415.051355
-649.943029
-242.873477
160.775322
363.739972
-156.214413
-733.181340
-591.790236
20.524468
660.205191
605.473151
-139.110651
-678.449300
-752.565605
-445.838128
-67.274847
157.354569
472.063802
401.368250
-70.695600
-35.347824
-107.183627
-744.583849
-805.017144
-257.696738
225.769620
476.624805
42.189234
-670.467544
-759.407110
-367.160819
131.128800
440.136778
446.978283
533.637348
607.753653
358.038718
-7.981803
-246.294230
-135.689898
343.215457
900.798120
1313.568925
1285.062654
899.657869
579.247381
485.746812
1129.988539
1177.879075
-1680.729792
-4007.981765
-1602.052484
1630.558660
1343.215447
-381.984080
-1000.000038
-567.844968
261.117396
950.969157
677.308954
-557.582710
-432.155118
1395.666986
1912.200618
697.833469
-768.529117
-1980.615764
-1407.069589
452.679538
613.454907
-470.923646
-870.011442
-624.857510
-38.768576
258.836894
-185.860935
-596.351239
-351.197308
324.971443
625.997666
103.762779
-510.832426
-742.303347
-622.577009
-126.567891
310.148182
531.356846
470.923551
-148.232657
-574.686473
-376.282826
-225.769715
-131.128895
9.121959
-19.384312
49.030739
50.170990
-297.605518
-680.729802
-741.163096
-272.519999
330.672697
558.722866
534.777598
313.568935
64.994251
126.567796
257.696643
360.319219
489.167565
478.905307
652.223435
1035.347719
1012.542702
614.595158
214.367111
537.058100
1697.833460
776.510777
-2694.412793
-3374.002296
-181.299932
1789.053527
842.645326
-819.840405
-1526.795928
-703.534818
857.468587
1519.954328
344.355707
-904.218967
158.494820
1676.168694
1304.446918
106.043281
-1192.702431
-1765.108355
-423.033111
855.188086
395.666995
-576.966975
-1144.811895
-882.554201
28.506224
384.264487
-44.469830
-530.216690
-376.282826
356.898467
503.990826
-187.001186
-898.517713
-1092.360356
-295.325016
831.242818
978.335177
258.836894
-509.692175
-600.912242
-88.939613
-35.347824
-217.787959
26.225722
127.708047
27.365973
-112.884881
-514.253178
-734.321591
-491.448161
-46.750332
334.093450
327.251945
136.830054
45.609986
-41.049078
68.415003
301.026175
493.728568
793.614540
811.858554
572.405876
675.028452
765.108269
646.522181
498.289571
461.801544
1266.818641
1044.469726
-2009.122035
-3392.246309
-501.710419
1875.712591
1134.549543
-668.187042
-1683.010294
-1034.207563
591.790141
1360.319210
334.093450
-909.920221
99.201776
1751.425249
1336.373942
41.048983
-984.036526
-1396.807332
-222.348962
936.145896
369.441226
-649.943029
-1197.263434
-1050.171075
-180.159681
353.477714
90.079769
-348.916806
-354.618060
67.274752
210.946359
-62.713844
-403.648846
-703.534818
-509.692175
156.214318
763.968018
816.419557
-245.153979
-1139.110641
-400.228094
529.076344
483.466310
21.664719
-507.411673
-451.539382
109.464034
-10.262305
-625.997761
-762.827862
-267.958996
397.947497
517.673836
34.207478
-367.160819
-216.647708
396.807246
778.791279
589.509639
289.623667
179.019335
486.887063
1100.342017
1142.531299
613.454907
240.592881
383.124236
1461.801535
1410.490247
-1790.193873
-3631.698987
-781.071876
2017.103696
1464.082037
-462.941890
-1958.950998
-1770.809609
404.789002
2111.744516
992.018187
-1013.683048
-539.338697
1025.085462
1110.604275
488.027314
-493.728663
-1331.813034
-272.519999
1092.360261
625.997666
-511.972677
-1345.496044
-1383.124322
-261.117491
667.046696
374.002229
-496.009165
-873.432194
-385.404833
197.263349
150.513064
-432.155118
-758.266859
41.048983
913.340879
484.606561
-356.898562
-709.236073
-530.216690
124.287295
437.856277
216.647613
91.220020
-118.586135
-407.069599
-413.911104
-334.093545
-161.915667
85.518766
-9.122054
-279.361504
-305.587274
-150.513159
55.872244
307.867680
509.692080
505.131077
403.648751
403.648751
377.422982
465.222297
839.224574
897.377367
529.076344
359.178968
847.206330
1630.558660
343.215457
-2652.223511
-2332.953275
1071.835746
2111.744516
291.904169
-1633.979507
-2342.075282
-1069.555340
1242.873373
1984.036422
285.062664
-1091.220106
-47.890583
1102.622519
879.133353
244.013633
-816.419652
-1059.293082
470.923551
1132.269041
9.121959
-1001.140289
-1286.203000
-664.766290
509.692080
734.321496
-215.507457
-1025.085557
-874.572445
-244.013728
140.250806
23.945220
-474.344399
-500.570168
267.958901
743.443503
399.087748
-443.557626
-1046.750323
-415.051355
761.687517
875.712601
-26.225817
-784.492628
-714.937327
-116.305634
321.550691
222.348867
-306.727525
-524.515436
-169.897423
43.329485
-78.677356
-205.245199
-119.726386
334.093450
672.747951
449.258785
117.445789
115.165288
532.497097
1155.074058
1242.873373
636.259924
93.500522
273.660155
1363.739962
1291.904159
-1527.936179
-2904.218948
-63.854095
2358.038699
1303.306668
-1013.683048
-2378.563309
-1730.900829
464.082046
2013.682944
1136.830044
-1005.701292
-1272.519990
148.232562
1042.189224
1217.787854
302.166426
-982.896275
-359.179063
779.931530
309.007931
-587.229232
-1036.488065
-824.401408
177.879084
722.918988
79.817512
-832.383164
-962.371760
-377.423077
169.897328
239.452630
-436.716121
-1143.671644
-411.630602
815.279306
587.229137
-343.215552
-566.704717
-153.933911
332.953199
436.716026
147.092311
-127.708142
-218.928210
-288.483511
-351.197308
-210.946454
34.207478
74.116257
-100.342122
-313.569030
-396.807341
-204.104949
134.549552
394.526745
403.648751
185.860840
108.323783
289.623667
507.411578
793.614540
957.810662
659.064941
362.599721
433.295273
1027.365963
1497.149311
-384.264582
-2687.571288
-937.286242
2047.890469
1524.515331
-757.126608
-2087.799344
-1798.175629
90.079769
1769.669263
1376.282722
-531.356941
-1321.550776
-233.751471
685.290710
928.164140
503.990826
-755.986357
-625.997761
773.090025
604.332900
-427.594114
-736.602093
-564.424215
117.445789
562.143619
-54.732088
-963.512011
-1110.604370
-360.319314
407.069504
410.490256
-352.337558
-1196.123183
-776.510873
644.241680
917.901882
-261.117491
-1181.299922
-702.394568
604.332900
1010.262201
196.123098
-523.375185
-416.191606
137.970305
285.062664
-134.549647
-397.947592
-313.569030
-116.305634
31.926976
-136.830149
-301.026270
-83.238359
254.275891
425.313517
237.172128
-45.610081
99.201776
540.478853
1005.701197
1098.061516
428.734270
-47.890583
311.288433
1164.196065
1740.022741
-96.921369
-2721.778813
-1132.269136
2316.989668
2007.981689
-566.704717
-2109.464110
-2030.786801
-296.465267
1590.649880
1427.594010
-464.082141
-1347.776546
-427.594114
538.198351
1202.964593
1070.695495
-573.546222
-1069.555340
310.148182
535.917849
-254.275986
-545.039951
-583.808480
-33.067322
621.436663
187.001091
-655.644283
-822.120906
-480.045653
-104.903125
242.873382
-129.988644
-1267.958986
-942.987496
745.724005
836.944072
-287.343260
-708.095822
-596.351239
-21.664814
627.137917
434.435524
-143.671654
-351.197308
-244.013728
-22.805064
251.995389
345.495958
-77.537105
-524.515436
-351.197308
-91.220115
-106.043376
-15.963559
179.019335
250.855138
120.866542
-29.646569
111.744535
540.478853
946.408153
920.182384
389.965741
51.311240
372.861979
1353.477705
1705.815216
-602.052493
-2722.919064
-436.716121
2587.229118
1608.893894
-1047.890573
-2223.489194
-1478.905393
566.704622
1889.395602
921.322635
-1139.110641
-1624.857501
-412.770853
637.400174
1263.397888
802.736547
-866.590689
-905.359218
568.985124
690.991964
37.628230
-313.569030
-539.338697
-107.183627
266.818650
-262.257742
-730.900839
-515.393429
-52.451586
168.757077
-120.866637
-709.236073
-816.419652
-26.225817
598.631646
22.804969
-749.144852
-660.205286
-59.293091
543.899605
451.539287
-397.947592
-613.455002
96.921274
411.630507
26.225722
-303.306772
-259.977240
-12.542807
196.123098
71.835756
-331.813043
-314.709281
111.744535
290.763918
319.270189
96.921274
-374.002324
-52.451586
884.834608
1034.207468
371.721728
17.103715
405.929253
903.078621
1356.898457
1120.866532
-1049.030824
-2271.379729
352.337463
2678.449186
1117.445780
-1468.643135
-2212.086686
-1091.220106
917.901882
1957.810652
655.644188
-1437.856362
-1468.643135
-23.945315
808.437801
1149.372804
474.344304
-1094.640858
-913.340974
496.009070
555.302114
-47.890583
-225.769715
-206.385450
90.079769
239.452630
-269.099247
-718.358079
-352.337558
64.994251
-187.001186
-533.637443
-742.303347
-604.332995
261.117396
545.039856
-265.678494
-602.052493
-280.501755
27.365973
275.940657
101.482278
-287.343260
-202.964698
86.659017
-11.402556
-242.873477
-17.103810
249.714887
13.682963
-233.751471
-322.691036
-264.538243
189.281593
428.734270
164.196074
-43.329580
-107.183627
46.750237
510.832331
806.157299
535.917849
1.140203
21.664719
556.442365
1059.292987
1350.056952
68.415003
-1913.340964
-665.906541
2280.501641
1848.346571
-930.444737
-2080.957838
-1134.549638
427.594019
1465.222287
1047.890478
-783.352378
-1643.101514
-405.929348
640.820927
928.164140
841.505076
-491.448161
-1200.684187
55.872244
696.693218
180.159586
-67.274847
-273.660250
-441.277124
-209.806203
35.347729
-78.677356
-198.403694
-28.506319
-102.622624
-381.984080
-441.277124
-464.082141
-116.305634
309.007931
-273.660250
-980.615774
-620.296507
164.196074
542.759354
278.221159
-266.818745
-366.020569
-11.402556
204.104854
13.682963
-188.141437
-135.689898
-93.500617
-68.415098
-49.030834
-86.659112
68.415003
265.678399
216.647613
50.170990
-163.055918
-165.336420
297.605423
737.742249
664.766195
190.421843
-85.518861
302.166426
919.042133
1319.270179
704.674974
-1301.026261
-1735.461833
996.579190
2625.997647
610.034154
-1705.815311
-1748.004592
-320.410535
1173.318071
1559.863108
132.269050
-1622.576999
-1266.818736
303.306677
974.914424
907.639625
64.994251
-1078.677346
-604.332995
580.387632
441.277029
-79.817607
-102.622624
-163.055918
-174.458427
-30.786820
-143.671654
-370.581572
-179.019430
-35.347824
-369.441321
-486.887158
-316.989782
-214.367206
118.586040
210.946359
-310.148277
-516.533680
-322.691036
-217.787959
-33.067322
57.012495
-85.518861
-88.939613
18.243966
-67.274847
-114.025132
156.214318
291.904169
-64.994346
-428.734365
-446.978378
-134.549647
353.477714
450.399036
80.957762
-158.494915
-111.744630
161.915572
594.070642
744.583754
346.636209
-166.476671
-83.238359
518.814087
1123.147034
1280.501651
-55.872339
-1737.742334
-568.985219
2015.963445
1727.479982
-680.729802
-1716.077568
-958.951008
289.623667
1248.574627
1107.183522
-416.191606
-1456.100376
-629.418514
500.570073
911.060377
705.815225
-428.734365
-1104.903116
-198.403694
534.777598
314.709186
77.537010
-164.196169
-380.843830
-183.580433
103.762779
-25.085566
-282.782257
-177.879179
-141.391152
-331.813043
-363.740067
-384.264582
-221.208711
60.433247
-230.330718
-440.136873
-109.464129
-23.945315
-77.537105
-77.537105
-158.494915
-46.750332
63.854000
-49.030834
-222.348962
-234.891721
86.659017
213.226860
-66.134596
-185.860935
-173.318176
-45.610081
205.245104
187.001091
55.872244
-60.433342
-80.957857
282.782162
610.034154
572.405876
337.514202
82.098013
210.946359
611.174405
939.566648
595.210893
-907.639720
-1346.636295
717.217734
2054.731974
660.205191
-1137.970390
-1418.472098
-401.368345
987.457184
1551.881352
336.373952
-1510.832416
-1369.441312
226.909871
1007.981699
984.036431
171.037579
-1083.238350
-846.066174
419.612263
704.674974
189.281593
-302.166521
-508.551924
-287.343260
90.079769
137.970305
-175.598678
-230.330718
-149.372908
-427.594114
-336.374047
80.957762
-142.531403
-462.941890
-338.654548
-188.141437
-114.025132
-118.586135
-137.970400
-150.513159
-205.245199
-82.098108
115.165288
100.342027
-95.781118
-304.447023
-131.128895
238.312379
142.531308
-204.104949
-288.483511
-61.573593
237.172128
263.397898
93.500522
-66.134596
-111.744630
181.299837
567.844873
547.320358
163.055823
-131.128895
159.635071
797.035293
1135.689793
703.534723
-742.303347
-1426.453854
364.880223
2080.957743
979.475428
-1142.531394
-1639.680762
-523.375185
901.938370
1525.655582
633.979422
-1107.183617
-1395.667081
-3.420800
907.639625
883.694357
249.714887
-855.188181
-972.634018
111.744535
661.345442
348.916711
-42.189329
-306.727525
-393.386589
-175.598678
143.671559
14.823213
-277.081003
-256.556487
-395.667091
-491.448161
-54.732088
197.263349
-21.664814
-290.764013
-556.442460
-502.850670
-20.524563
330.672697
51.311240
-595.210988
-606.613497
34.207478
392.246243
271.379653
-158.494915
-521.094683
-294.184765
190.421843
367.160724
183.580338
-151.653410
-230.330718
-23.945315
231.470874
332.953199
51.311240
-118.586135
208.665857
451.539287
346.636209
151.653315
187.001091
509.692080
767.388771
692.132215
-237.172223
-1229.190458
-91.220115
1867.730836
1312.428674
-820.980655
-1562.143704
-595.210988
777.651028
1411.630498
654.503937
-980.615774
-1448.118620
-156.214413
881.413855
929.304391
387.685240
-737.742344
-1054.732079
55.872244
752.565510
379.703484
-166.476671
-461.801639
-436.716121
-144.811905
210.946359
204.104854
-124.287390
-277.081003
-428.734365
-510.832426
-114.025132
216.647613
-15.963559
-488.027409
-631.699015
-190.421939
257.696643
150.513064
-264.538243
-498.289666
-279.361504
125.427545
167.616827
-103.762874
-274.800501
-236.031972
-83.238359
115.165288
210.946359
-25.085566
-254.275986
-12.542807
234.891626
183.580338
123.147044
-4.561051
-19.384312
339.794704
502.850575
188.141342
-72.976102
171.037579
610.034154
684.150459
548.460609
-13.683058
-889.395706
-281.642006
1496.009060
1452.679528
-539.338697
-1587.229223
-645.382025
791.334038
1266.818641
524.515341
-825.541659
-1251.995475
-87.799363
963.511916
871.151598
134.549552
-817.559903
-939.566743
166.476576
823.261062
233.751376
-419.612358
-424.173362
-142.531403
70.695505
161.915572
-21.664814
-295.325016
-270.239498
-251.995484
-295.325016
-38.768576
44.469735
-251.995484
-386.545084
-312.428779
-173.318176
-1.140298
-3.420800
-256.556487
-440.136873
-194.982942
152.793566
107.183532
-90.079864
-165.336420
-169.897423
-35.347824
83.238264
28.506224
-70.695600
-103.762874
-44.469830
42.189234
165.336325
198.403599
-2.280549
-22.805064
321.550691
459.521043
229.190372
19.384217
116.305539
444.697782
625.997666
592.930392
75.256508
-777.651123
-362.599816
1258.836885
1444.697772
-316.989782
-1461.801630
-646.522276
798.175544
1253.135630
462.941795
-810.718398
-1217.787949
-179.019430
892.816364
874.572350
120.866542
-778.791374
-856.328432
224.629369
896.237116
287.343165
-483.466406
-568.985219
-222.348962
94.640773
189.281593
-34.207573
-375.142575
-328.392291
-14.823308
78.677261
-94.640868
-335.233796
-344.355803
-120.866637
-100.342122
-273.660250
-347.776555
-246.294230
1.140203
61.573498
-141.391152
-240.592976
-176.738928
-71.835851
51.311240
50.170990
-117.445884
-228.050216
-71.835851
163.055823
171.037579
67.274752
-1.140298
-33.067322
37.628230
114.025037
129.988549
207.525606
282.782162
210.946359
99.201776
209.806108
481.185809
546.180107
420.752514
21.664719
-611.174500
-261.117491
1078.677251
1205.245095
-288.483511
-1193.842682
-517.673931
632.839171
1115.165278
558.722866
-656.784534
-1168.757163
-223.489213
825.541564
838.084323
165.336325
-692.132310
-944.127747
-41.049078
819.840310
515.393334
-238.312474
-563.283965
-418.472107
35.347729
397.947497
117.445789
-450.399131
-514.253178
-307.867775
-166.476671
108.323783
143.671559
-280.501755
-456.100385
-198.403694
-33.067322
-26.225817
-71.835851
-275.940752
-445.838128
-234.891721
93.500522
112.884786
-6.841553
-111.744630
-251.995484
-134.549647
208.665857
205.245104
-112.884881
-249.714982
-118.586135
99.201776
272.519904
229.190372
-3.420800
-23.945315
253.135640
391.105992
226.909871
58.152746
107.183532
312.428684
535.917849
523.375090
-94.640868
-696.693313
-5.701302
1251.995380
1017.103706
-485.746907
-1144.811895
-344.355803
770.809523
1128.848288
404.789002
-797.035388
-1088.939604
-77.537105
906.499374
860.889340
13.682963
-883.694452
-843.785672
192.702345
840.364825
380.843735
-386.545084
-725.199585
-453.819884
215.507362
533.637348
69.555254
-466.362643
-421.892860
-157.354664
29.646474
91.220020
-179.019430
-462.941890
-377.423077
-270.239498
-207.525701
67.274752
180.159586
-153.933911
-477.765151
-376.282826
21.664719
340.934955
204.104854
-379.703579
-701.254317
-264.538243
428.734270
614.595158
142.531308
-426.453863
-429.874616
109.464034
535.917849
419.612263
-11.402556
-238.312474
-58.152841
296.465172
500.570073
436.716026
213.226860
143.671559
335.233701
200.684101
-358.038813
-172.177925
833.523320
908.779875
-272.519999
-992.018282
-424.173362
643.101429
1117.445780
448.118534
-677.309049
-872.291943
-20.524563
688.711462
724.059239
199.543850
-676.168798
-903.078716
22.804969
762.827767
379.703484
-291.904264
-518.814182
-407.069599
-33.067322
312.428684
149.372813
-304.447023
-419.612358
-213.226955
-26.225817
57.012495
-60.433342
-264.538243
-287.343260
-221.208711
-234.891721
-188.141437
-30.786820
-43.329580
-302.166521
-403.648846
-116.305634
222.348867
234.891626
-90.079864
-397.947592
-279.361504
143.671559
362.599721
142.531308
-208.665952
-289.623762
-43.329580
312.428684
438.996528
210.946359
-31.927071
-6.841553
134.549552
283.922413
412.770758
377.422982
190.421843
84.378515
-43.329580
-248.574732
109.464034
900.798120
735.461747
-427.594114
-903.078716
-164.196169
740.022750
924.743387
204.104854
-802.736642
-893.956709
116.305539
919.042133
705.815225
-67.274847
-713.797076
-631.699015
210.946359
758.266764
318.129938
-402.508596
-652.223530
-378.563328
149.372813
396.807246
25.085471
-460.661389
-442.417375
-70.695600
124.287295
-11.402556
-237.172223
-335.233796
-257.696738
-136.830149
-74.116352
-60.433342
-141.391152
-250.855233
-212.086705
-49.030834
20.524468
-58.152841
-189.281688
-234.891721
-103.762874
103.762779
176.738833
34.207478
-144.811905
-108.323878
117.445789
251.995389
148.232562
-6.841553
9.121959
175.598583
274.800406
193.842596
125.427545
217.787864
320.410440
342.075206
271.379653
-100.342122
-384.264582
181.299837
942.987401
533.637348
-603.192744
-858.608933
-22.805064
808.437801
847.206330
85.518766
-746.864351
-648.802778
307.867680
899.657869
525.655592
-278.221254
-793.614635
-501.710419
360.319219
676.168703
77.537010
-529.076439
-457.240636
-57.012590
191.562094
164.196074
-91.220115
-297.605518
-233.751471
-139.110651
-196.123193
-192.702440
-88.939613
-92.360366
-230.330718
-253.135735
-156.214413
-142.531403
-132.269145
-86.659112
-103.762874
-103.762874
-37.628325
-66.134596
-181.299932
-175.598678
14.823213
133.409301
13.682963
-163.055918
-196.123193
27.365973
306.727430
257.696643
14.823213
-47.890583
78.677261
231.470874
301.026175
226.909871
92.360271
88.939518
286.202914
454.960039
266.818650
-240.592976
-367.160819
336.373952
898.517618
326.111694
-583.808480
-612.314751
156.214318
801.596296
646.522181
-163.055918
-771.949869
-449.258880
415.051260
766.248520
323.831192
-344.355803
-582.668229
-140.250901
459.521043
460.661294
-77.537105
-470.923646
-351.197308
-15.963559
69.555254
-74.116352
-185.860935
-175.598678
-87.799363
-85.518861
-179.019430
-169.897423
-71.835851
-87.799363
-173.318176
-204.104949
-240.592976
-271.379748
-148.232657
18.243966
-36.488075
-157.354664
-132.269145
-123.147139
-119.726386
18.243966
123.147044
44.469735
-85.518861
-143.671654
-78.677356
98.061525
206.385355
107.183532
-27.366068
33.067227
157.354569
177.879084
173.318081
189.281593
184.720589
208.665857
275.940657
274.800406
45.609986
-189.281688
80.957762
611.174405
500.570073
-249.714982
-643.101524
-173.318176
564.424120
728.620242
171.037579
-498.289666
-502.850670
131.128800
580.387632
432.155022
-68.415098
-499.429917
-409.350101
137.970305
411.630507
104.903030
-290.764013
-335.233796
-85.518861
139.110556
96.921274
-139.110651
-248.574732
-110.604379
-50.171085
-212.086705
-291.904264
-198.403694
-107.183627
-71.835851
-107.183627
-204.104949
-230.330718
-106.043376
20.524468
13.682963
-79.817607
-184.720684
-240.592976
-159.635166
7.981708
90.079769
7.981708
-128.848393
-144.811905
12.542712
205.245104
234.891626
94.640773
-0.000048
60.433247
131.128800
119.726291
112.884786
166.476576
245.153884
246.294135
152.793566
94.640773
61.573498
6.841458
135.689803
446.978283
407.069504
-140.250901
-448.118629
-52.451586
483.466310
527.936093
99.201776
-399.087843
-468.643145
13.682963
506.271327
459.521043
-10.262305
-403.648846
-356.898562
103.762779
460.661294
230.330623
-274.800501
-428.734365
-206.385450
19.384217
43.329485
-99.201871
-222.348962
-182.440183
-92.360366
-100.342122
-116.305634
-77.537105
-31.927071
-67.274847
-224.629464
-346.636304
-271.379748
-55.872339
76.396759
-43.329580
-266.818745
-309.008026
-127.708142
123.147044
234.891626
90.079769
-159.635166
-240.592976
-63.854095
159.635071
192.702345
63.854000
-69.555349
-63.854095
107.183532
266.818650
267.958901
174.458332
119.726291
151.653315
185.860840
205.245104
177.879084
-11.402556
-134.549647
182.440088
521.094588
221.208616
-310.148277
-314.709281
91.220020
407.069504
415.051260
41.048983
-384.264582
-248.574732
249.714887
417.331762
209.806108
-108.323878
-359.179063
-240.592976
168.757077
283.922413
-26.225817
-272.519999
-212.086705
-45.610081
68.415003
54.731993
-124.287390
-240.592976
-168.757172
-103.762874
-131.128895
-168.757172
-167.616922
-140.250901
-141.391152
-149.372908
-151.653410
-132.269145
-28.506319
26.225722
-75.256603
-169.897423
-157.354664
-82.098108
-1.140298
1.140203
-82.098108
-155.074162
-107.183627
69.555254
174.458332
136.830054
64.994251
45.609986
122.006793
192.702345
142.531308
60.433247
43.329485
116.305539
220.068365
218.928115
136.830054
62.713749
15.963464
112.884786
336.373952
363.739972
28.506224
-311.288528
-214.367206
214.367111
459.521043
269.099152
-153.933911
-360.319314
-108.323878
294.184670
411.630507
163.055823
-214.367206
-354.618060
-87.799363
279.361409
274.800406
-85.518861
-358.038813
-273.660250
-4.561051
129.988549
-6.841553
-239.452725
-287.343260
-125.427640
29.646474
-10.262305
-172.177925
-230.330718
-128.848393
-25.085566
-82.098108
-214.367206
-218.928210
-92.360366
-1.140298
-46.750332
-189.281688
-258.836989
-94.640868
137.970305
153.933816
-35.347824
-189.281688
-139.110651
74.116257
218.928115
136.830054
-30.786820
-67.274847
52.451491
164.196074
156.214318
101.482278
107.183532
193.842596
257.696643
192.702345
70.695505
19.384217
39.908732
139.110556
245.153884
149.372813
-100.342122
-180.159681
15.963464
259.977145
329.532447
166.476576
-110.604379
-202.964698
2.280454
213.226860
214.367111
66.134501
-119.726386
-200.684196
-84.378610
85.518766
106.043281
-5.701302
-108.323878
-142.531403
-128.848393
-72.976102
-20.524563
-46.750332
-128.848393
-182.440183
-166.476671
-116.305634
-71.835851
-68.415098
-103.762874
-150.513159
-165.336420
-137.970400
-95.781118
-41.049078
-26.225817
-85.518861
-133.409396
-114.025132
-60.433342
3.420705
44.469735
6.841458
-79.817607
-98.061620
-2.280549
96.921274
131.128800
127.708047
75.256508
17.103715
44.469735
149.372813
226.909871
212.086610
141.391057
63.854000
29.646474
51.311240
79.817512
96.921274
145.952061
198.403599
128.848298
-17.103810
-41.049078
50.170990
142.531308
166.476576
44.469735
-116.305634
-108.323878
42.189234
148.232562
141.391057
67.274752
-39.908827
-87.799363
-19.384312
33.067227
-21.664814
-75.256603
-92.360366
-112.884881
-96.921369
-52.451586
-62.713844
-114.025132
-110.604379
-80.957857
-88.939613
-114.025132
-131.128895
-153.933911
-143.671654
-85.518861
-49.030834
-74.116352
-114.025132
-112.884881
-93.500617
-78.677356
-52.451586
-21.664814
-18.244061
-25.085566
-12.542807
-6.841553
-11.402556
6.841458
41.048983
55.872244
61.573498
76.396759
75.256508
70.695505
87.799268
114.025037
117.445789
95.781023
71.835756
68.415003
106.043281
149.372813
117.445789
58.152746
72.976007
122.006793
120.866542
45.609986
-26.225817
-31.927071
19.384217
106.043281
131.128800
49.030739
-15.963559
20.524468
91.220020
93.500522
18.243966
-61.573593
-78.677356
-36.488075
-0.000048
-25.085566
-72.976102
-75.256603
-29.646569
11.402461
2.280454
-76.396854
-156.214413
-166.476671
-106.043376
-31.927071
-25.085566
-80.957857
-139.110651
-137.970400
-78.677356
-31.927071
-59.293091
-114.025132
-131.128895
-91.220115
-38.768576
-12.542807
-22.805064
-58.152841
-61.573593
-6.841553
38.768481
23.945220
-22.805064
-33.067322
17.103715
75.256508
80.957762
52.451491
27.365973
27.365973
69.555254
108.323783
100.342027
91.220020
110.604284
104.903030
66.134501
31.926976
20.524468
26.225722
45.609986
62.713749
68.415003
60.433247
66.134501
95.781023
110.604284
83.238264
42.189234
19.384217
19.384217
11.402461
-21.664814
-35.347824
-20.524563
5.701207
35.347729
49.030739
26.225722
-17.103810
-52.451586
-72.976102
-72.976102
-60.433342
-54.732088
-59.293091
-69.555349
-67.274847
-52.451586
-50.171085
-57.012590
