6.352505
-3.183404
-0.004768
-3.183404
-3.183404
-0.004768
9.531142
-3.183404
-3.183404
-0.004768
-3.183404
-0.004768
-3.183404
-6.362041
-3.183404
-3.183404
-3.183404
-6.362041
3.173869
-3.183404
-0.004768
3.173869
-6.362041
-3.183404
3.173869
3.173869
-6.362041
3.173869
3.173869
-0.004768
-3.183404
-6.362041
6.352505
9.531142
-0.004768
-3.183404
-0.004768
3.173869
9.531142
6.352505
6.352505
6.352505
3.173869
3.173869
-3.183404
-9.540677
-15.897951
-3.183404
-0.004768
-3.183404
-0.004768
-3.183404
-6.362041
9.531142
3.173869
-0.004768
-0.004768
-0.004768
3.173869
-0.004768
3.173869
-0.004768
-9.540677
-0.004768
15.888415
6.352505
9.531142
9.531142
-6.362041
-9.540677
-3.183404
-3.183404
-0.004768
-0.004768
-3.183404
-0.004768
3.173869
6.352505
6.352505
3.173869
3.173869
6.352505
6.352505
-3.183404
-3.183404
-0.004768
3.173869
9.531142
3.173869
-0.004768
-3.183404
-0.004768
3.173869
-0.004768
-0.004768
6.352505
9.531142
6.352505
-0.004768
-0.004768
-3.183404
-0.004768
6.352505
-0.004768
-15.897951
-9.540677
6.352505
6.352505
-3.183404
3.173869
-0.004768
-6.362041
-0.004768
-3.183404
-3.183404
-6.362041
6.352505
6.352505
3.173869
-0.004768
-3.183404
3.173869
3.173869
-0.004768
3.173869
-3.183404
-6.362041
-0.004768
3.173869
3.173869
3.173869
-3.183404
-9.540677
-6.362041
3.173869
6.352505
-0.004768
-3.183404
-9.540677
-0.004768
6.352505
-6.362041
-3.183404
3.173869
-6.362041
-3.183404
-0.004768
-3.183404
-3.183404
-6.362041
-9.540677
6.352505
12.709778
-0.004768
-12.719314
-3.183404
3.173869
3.173869
-0.004768
-3.183404
-3.183404
-6.362041
-3.183404
15.888415
6.352505
-9.540677
-15.897951
-15.897951
-3.183404
-0.004768
9.531142
9.531142
-6.362041
-3.183404
6.352505
12.709778
-0.004768
-6.362041
-12.719314
-9.540677
3.173869
-3.183404
-3.183404
12.709778
3.173869
-6.362041
6.352505
15.888415
9.531142
-3.183404
-6.362041
-0.004768
-3.183404
-6.362041
-0.004768
3.173869
-6.362041
-3.183404
-9.540677
-9.540677
9.531142
12.709778
-3.183404
-15.897951
-9.540677
3.173869
22.245688
3.173869
-9.540677
6.352505
-0.004768
-3.183404
12.709778
9.531142
-3.183404
-12.719314
-0.004768
9.531142
6.352505
6.352505
-6.362041
-6.362041
6.352505
6.352505
-0.004768
-0.004768
6.352505
9.531142
-3.183404
-12.719314
6.352505
12.709778
6.352505
-0.004768
6.352505
9.531142
-0.004768
6.352505
-3.183404
-15.897951
-15.897951
-3.183404
19.067051
-3.183404
-9.540677
3.173869
-3.183404
3.173869
3.173869
-0.004768
9.531142
-3.183404
-6.362041
3.173869
3.173869
-3.183404
-12.719314
-3.183404
-3.183404
3.173869
6.352505
-0.004768
-9.540677
-6.362041
12.709778
3.173869
-0.004768
-6.362041
-12.719314
-6.362041
-0.004768
-0.004768
-12.719314
-3.183404
3.173869
-3.183404
-3.183404
3.173869
3.173869
-0.004768
-12.719314
-19.076587
6.352505
12.709778
3.173869
-0.004768
3.173869
3.173869
-3.183404
-6.362041
12.709778
6.352505
-19.076587
-9.540677
3.173869
6.352505
6.352505
3.173869
3.173869
3.173869
-6.362041
-0.004768
3.173869
-6.362041
-19.076587
-19.076587
6.352505
31.781597
19.067051
-9.540677
-9.540677
-6.362041
-0.004768
-3.183404
-9.540677
-6.362041
-3.183404
9.531142
6.352505
6.352505
-0.004768
-3.183404
19.067051
9.531142
-6.362041
-0.004768
9.531142
3.173869
-9.540677
-9.540677
12.709778
15.888415
9.531142
3.173869
-9.540677
-3.183404
-9.540677
-6.362041
-3.183404
-6.362041
-3.183404
-3.183404
6.352505
6.352505
3.173869
-12.719314
-19.076587
3.173869
19.067051
-0.004768
-3.183404
9.531142
-0.004768
3.173869
6.352505
-3.183404
-0.004768
-3.183404
-3.183404
6.352505
6.352505
3.173869
9.531142
-6.362041
-9.540677
3.173869
3.173869
-3.183404
-9.540677
-3.183404
9.531142
3.173869
-6.362041
-0.004768
6.352505
-0.004768
-15.897951
-9.540677
9.531142
9.531142
-12.719314
-9.540677
-6.362041
6.352505
6.352505
-3.183404
-0.004768
3.173869
6.352505
3.173869
-3.183404
3.173869
6.352505
-3.183404
-12.719314
9.531142
12.709778
6.352505
-0.004768
-9.540677
-6.362041
-6.362041
-3.183404
-6.362041
-0.004768
-0.004768
-6.362041
-0.004768
6.352505
3.173869
3.173869
-6.362041
-6.362041
3.173869
3.173869
-6.362041
3.173869
6.352505
3.173869
3.173869
-0.004768
-0.004768
-3.183404
-9.540677
-3.183404
9.531142
-3.183404
-3.183404
-3.183404
3.173869
6.352505
3.173869
3.173869
3.173869
-6.362041
-0.004768
-0.004768
-3.183404
3.173869
-3.183404
3.173869
15.888415
6.352505
3.173869
-9.540677
-9.540677
-6.362041
-3.183404
-0.004768
-12.719314
-0.004768
15.888415
-6.362041
-6.362041
-3.183404
3.173869
3.173869
-9.540677
-9.540677
-6.362041
-6.362041
-6.362041
6.352505
6.352505
9.531142
-3.183404
-3.183404
3.173869
-6.362041
6.352505
3.173869
-0.004768
9.531142
9.531142
-0.004768
-0.004768
3.173869
-6.362041
-6.362041
-3.183404
-6.362041
-0.004768
-3.183404
-9.540677
-0.004768
-3.183404
-0.004768
-3.183404
-6.362041
3.173869
12.709778
15.888415
3.173869
6.352505
12.709778
3.173869
3.173869
6.352505
-3.183404
-3.183404
9.531142
9.531142
3.173869
-3.183404
-12.719314
-3.183404
3.173869
9.531142
6.352505
-3.183404
9.531142
3.173869
-3.183404
3.173869
-0.004768
-0.004768
-12.719314
-12.719314
-3.183404
-3.183404
-6.362041
-0.004768
-6.362041
-0.004768
6.352505
3.173869
-6.362041
3.173869
6.352505
-6.362041
-3.183404
6.352505
9.531142
-0.004768
-6.362041
3.173869
6.352505
-12.719314
-3.183404
9.531142
6.352505
-0.004768
-3.183404
6.352505
-0.004768
-3.183404
-6.362041
-0.004768
-3.183404
-0.004768
12.709778
-3.183404
-0.004768
-0.004768
-6.362041
9.531142
6.352505
-3.183404
-9.540677
-9.540677
-9.540677
-0.004768
3.173869
-0.004768
-9.540677
3.173869
3.173869
-6.362041
6.352505
3.173869
3.173869
3.173869
-0.004768
6.352505
3.173869
-3.183404
3.173869
6.352505
3.173869
-6.362041
3.173869
9.531142
3.173869
12.709778
12.709778
-15.897951
-12.719314
3.173869
3.173869
-0.004768
-3.183404
-3.183404
6.352505
3.173869
6.352505
6.352505
-3.183404
-6.362041
-3.183404
6.352505
-3.183404
-3.183404
3.173869
-6.362041
9.531142
9.531142
-6.362041
-0.004768
-6.362041
-6.362041
-3.183404
3.173869
-3.183404
-3.183404
3.173869
3.173869
3.173869
9.531142
6.352505
-0.004768
-0.004768
3.173869
-3.183404
-6.362041
6.352505
-12.719314
-15.897951
-6.362041
-3.183404
3.173869
-0.004768
-9.540677
-9.540677
-0.004768
9.531142
3.173869
-0.004768
-0.004768
-9.540677
9.531142
19.067051
-6.362041
-6.362041
9.531142
9.531142
-0.004768
-6.362041
-6.362041
3.173869
-6.362041
-12.719314
-0.004768
3.173869
-9.540677
-9.540677
-0.004768
6.352505
-0.004768
-12.719314
-3.183404
6.352505
3.173869
6.352505
6.352505
-6.362041
-3.183404
9.531142
-0.004768
-9.540677
-3.183404
9.531142
-0.004768
-9.540677
-0.004768
6.352505
3.173869
-3.183404
-3.183404
-0.004768
-9.540677
-3.183404
6.352505
9.531142
-0.004768
3.173869
3.173869
-9.540677
3.173869
6.352505
-0.004768
-3.183404
-12.719314
-12.719314
-6.362041
-3.183404
-0.004768
6.352505
6.352505
3.173869
-3.183404
-0.004768
-3.183404
3.173869
9.531142
-3.183404
3.173869
12.709778
-0.004768
-3.183404
-3.183404
-9.540677
-12.719314
6.352505
12.709778
3.173869
3.173869
9.531142
15.888415
12.709778
-0.004768
-12.719314
-19.076587
-12.719314
6.352505
15.888415
6.352505
6.352505
3.173869
3.173869
6.352505
19.067051
3.173869
-15.897951
-9.540677
9.531142
3.173869
-3.183404
9.531142
-3.183404
-9.540677
3.173869
6.352505
9.531142
-6.362041
-6.362041
9.531142
3.173869
-0.004768
-3.183404
6.352505
6.352505
-0.004768
9.531142
9.531142
-6.362041
-22.255224
-19.076587
6.352505
3.173869
-0.004768
-6.362041
-3.183404
12.709778
-6.362041
-6.362041
6.352505
-0.004768
-9.540677
-6.362041
6.352505
3.173869
-9.540677
-3.183404
6.352505
6.352505
-6.362041
-9.540677
-3.183404
-9.540677
-9.540677
-3.183404
9.531142
12.709778
-12.719314
-12.719314
-0.004768
-9.540677
-0.004768
12.709778
6.352505
-3.183404
-0.004768
-12.719314
6.352505
31.781597
-6.362041
-25.433860
9.531142
19.067051
-9.540677
-22.255224
-6.362041
6.352505
9.531142
-12.719314
-3.183404
31.781597
9.531142
-19.076587
9.531142
9.531142
-0.004768
6.352505
-12.719314
-19.076587
3.173869
12.709778
12.709778
3.173869
-12.719314
-12.719314
9.531142
22.245688
6.352505
-9.540677
-9.540677
-15.897951
-12.719314
3.173869
15.888415
-3.183404
-31.791133
-0.004768
50.853416
19.067051
-38.148406
-22.255224
9.531142
12.709778
15.888415
-6.362041
-19.076587
-9.540677
-25.433860
-22.255224
19.067051
22.245688
-15.897951
-15.897951
12.709778
-9.540677
-15.897951
12.709778
6.352505
-9.540677
-3.183404
-6.362041
3.173869
9.531142
6.352505
-0.004768
-0.004768
-12.719314
-0.004768
25.424324
3.173869
-28.612497
-22.255224
-12.719314
-0.004768
25.424324
31.781597
-0.004768
-31.791133
-22.255224
19.067051
44.496143
15.888415
-31.791133
-12.719314
9.531142
3.173869
3.173869
-0.004768
-0.004768
22.245688
12.709778
-19.076587
-3.183404
25.424324
-3.183404
-22.255224
-9.540677
-9.540677
12.709778
34.960234
12.709778
-9.540677
-12.719314
-9.540677
6.352505
25.424324
6.352505
-12.719314
6.352505
6.352505
-3.183404
-3.183404
3.173869
9.531142
-0.004768
-0.004768
-12.719314
-12.719314
22.245688
12.709778
-22.255224
-19.076587
6.352505
31.781597
34.960234
-6.362041
-44.505679
-19.076587
3.173869
12.709778
12.709778
3.173869
9.531142
3.173869
-15.897951
-3.183404
22.245688
28.602961
-15.897951
-38.148406
6.352505
12.709778
-15.897951
-9.540677
15.888415
6.352505
-9.540677
19.067051
15.888415
-15.897951
-3.183404
-0.004768
-25.433860
-28.612497
15.888415
15.888415
-9.540677
9.531142
3.173869
-9.540677
6.352505
-0.004768
-0.004768
9.531142
-3.183404
-6.362041
9.531142
-0.004768
-22.255224
-12.719314
3.173869
22.245688
12.709778
-19.076587
-15.897951
9.531142
12.709778
-22.255224
-25.433860
9.531142
3.173869
-3.183404
19.067051
3.173869
-19.076587
22.245688
34.960234
-19.076587
-31.791133
-9.540677
9.531142
3.173869
-19.076587
-22.255224
6.352505
28.602961
31.781597
6.352505
-3.183404
-0.004768
-9.540677
15.888415
28.602961
-9.540677
-15.897951
28.602961
6.352505
-22.255224
31.781597
22.245688
-19.076587
3.173869
15.888415
28.602961
3.173869
-34.969770
-12.719314
12.709778
22.245688
9.531142
-6.362041
9.531142
-9.540677
-25.433860
-9.540677
9.531142
28.602961
-6.362041
-34.969770
-6.362041
38.138870
25.424324
-19.076587
-28.612497
-22.255224
3.173869
6.352505
-0.004768
22.245688
-25.433860
-85.827954
9.531142
73.103872
-12.719314
-25.433860
9.531142
-25.433860
-9.540677
-6.362041
-3.183404
25.424324
-41.327043
-28.612497
60.389326
19.067051
-31.791133
15.888415
34.960234
-41.327043
6.352505
85.818418
-9.540677
-63.577498
-50.862952
-0.004768
34.960234
-69.934771
9.531142
104.890237
-9.540677
-31.791133
-19.076587
-47.684316
-28.612497
19.067051
31.781597
-6.362041
-9.540677
-25.433860
12.709778
63.567962
-3.183404
-38.148406
-0.004768
25.424324
28.602961
76.282508
69.925235
85.818418
-85.827954
-877.308445
-352.833421
1760.959859
1424.024389
-1458.998927
-2263.193964
190.713423
2307.685339
1182.448014
-1519.393020
-1913.543948
534.006166
2002.536234
343.287975
-1617.930752
-1007.632542
893.192092
1207.877106
-165.293867
-1007.632542
-441.835243
648.437080
810.547542
-1096.634364
-2037.510772
1258.735290
3296.241294
-346.476148
-4055.944956
-2183.728051
3242.204473
4332.476797
-1191.993460
-5000.000000
-1551.179385
3979.648144
3127.773559
-2517.484885
-3331.215832
1058.481190
3099.165830
-15.897951
-2911.635812
-289.260690
2924.340822
972.658004
-2813.098080
-1716.468484
2724.086722
1996.178961
-1354.103922
-1080.741182
-60.398862
559.435258
921.799820
-483.157518
-1001.275269
1064.838463
1134.768467
-1306.424374
-1033.061634
870.941636
794.654360
-76.292044
-314.689783
-638.910707
-28.612497
1681.493946
22.245688
-2584.236252
-263.831598
2183.718515
956.764822
-1176.100277
-1659.253027
727.902993
1630.635762
-909.094810
-1265.102099
921.799820
1287.343019
-521.301156
-1713.289847
200.249332
2418.937617
-235.223870
-2603.308071
98.532964
1649.707581
1605.206670
489.505255
-3817.547218
-2110.619411
4739.342270
2209.147607
-4030.515864
-1544.822112
2743.158541
1452.632118
-1554.358022
-1792.755760
734.260266
1722.816221
63.567962
-1137.956639
-909.094810
966.300731
1083.910282
-1513.035747
-1153.849822
1347.737113
1652.886218
-794.663896
-2272.729873
483.147982
1945.320777
-359.190694
-1691.039392
-438.656606
2209.147607
994.908460
-3127.783095
-778.770713
2927.519459
44.496143
-1713.289847
298.787064
746.974812
-371.905240
-829.628897
715.188447
1328.665294
-1268.280736
-2024.796226
1357.273022
2860.768092
-912.273447
-2749.525350
600.757533
1404.952570
-57.220225
317.858883
-607.124342
-864.593899
816.904815
267.000699
-206.616141
260.643426
-616.660251
273.357972
931.335730
-1099.813001
-362.369330
1122.053920
15.888415
-801.021169
-909.094810
1249.199381
2250.469882
-1827.720762
-3083.282184
1055.302554
3210.418108
397.324796
-2914.814449
-1500.321201
2301.328066
1751.423950
-2091.547592
-1646.538481
1608.385307
1382.702114
-966.310267
-1637.002571
1252.378017
2113.788512
-2482.519883
-2492.055793
2517.475349
2682.764447
-912.273447
-2695.488529
-756.520258
2383.972615
1741.888040
-1923.079857
-2272.729873
1694.208492
2647.799446
-909.094810
-2403.053970
-260.652962
1738.709404
870.941636
-1013.989815
-677.054345
750.153449
753.332085
-317.868419
-842.343443
-235.223870
832.797998
820.083452
-483.157518
-928.166629
257.464789
1195.162560
352.823885
-1023.525725
-801.021169
584.864350
1354.094386
200.249332
-1373.175741
-508.586610
801.011633
499.041164
-184.365686
-775.592077
-171.651140
851.869817
282.893882
-553.087521
-1093.455728
-473.621608
1703.744402
534.006166
-2415.768516
-540.372975
2126.503058
524.470256
-1999.367133
-1347.746649
1538.455303
1484.418483
-1411.319379
-1296.888465
1312.772111
858.227090
-1535.286203
-921.809356
1058.481190
1401.773933
222.499788
-1487.606655
-397.334332
1350.915749
-123.971592
-232.045233
1112.518011
-111.257046
-1141.135275
473.612072
1853.140318
117.604783
-1408.140742
-41.327043
1013.980279
781.939814
222.499788
-19.076587
222.499788
-479.978881
-616.660251
1223.770289
1525.740757
-623.017524
-1458.998927
-267.010235
829.619361
886.834819
-378.262513
-1509.857111
-603.945705
753.332085
689.759355
-419.584787
-1481.249382
-1023.525725
273.357972
448.182980
-295.617963
-775.592077
-514.943883
-479.978881
-775.592077
-76.292044
537.184802
-238.402506
-1029.882998
-670.697072
365.538431
934.514366
257.464789
-1144.313912
-816.914351
1099.803465
1182.448014
-187.544322
-689.768891
171.641604
1191.983924
508.577074
-181.187049
301.965701
375.074340
356.002521
546.720712
727.902993
699.295264
19.067051
-92.185227
632.543898
829.619361
445.004344
460.897526
645.258444
448.182980
92.175691
-727.912529
-915.452083
406.860705
1026.694825
429.111161
-286.082054
-1090.277091
-902.737537
-9.540677
-212.973414
-791.485259
-572.159340
-9.540677
130.319329
-343.297511
-807.378442
-794.663896
-753.341621
-699.304800
-136.686138
397.324796
216.142515
-626.196161
-1144.313912
-607.124342
9.531142
101.711600
98.532964
76.282508
38.138870
-136.686138
-171.651140
187.534786
95.354327
-381.441149
50.853416
1004.444370
692.937991
-282.903417
-381.441149
-19.076587
349.645248
432.289798
200.249332
368.717067
600.757533
406.860705
184.356150
317.858883
810.547542
441.825707
-594.409796
85.818418
1567.063032
1503.490302
546.720712
19.067051
387.788886
384.610250
-839.164807
-1087.098455
511.755710
1783.210315
994.908460
-886.844355
-1646.538481
-820.092988
206.606605
111.247510
-737.448439
-1010.811179
-254.295689
521.291620
111.247510
-966.310267
-1449.463017
-1090.277091
-222.509324
368.717067
441.825707
85.818418
-801.021169
-1195.172096
-740.627075
-162.115230
241.571607
114.426146
-149.400684
98.532964
438.647071
76.282508
-581.695249
-699.304800
-333.761602
378.252977
1007.623006
921.799820
60.389326
-890.022991
-759.698894
225.678424
581.685714
311.501610
263.822062
349.645248
327.394793
298.787064
82.639781
12.709778
600.757533
1007.623006
518.112983
-73.113408
254.286153
1226.948925
1382.702114
588.042987
489.505255
657.972990
-235.223870
-1077.562545
-267.010235
1465.346664
1398.595297
-365.547967
-1293.709828
-864.593899
95.354327
101.711600
-1096.634364
-1436.748471
-238.402506
661.151626
63.567962
-972.667540
-1153.849822
-848.700716
-750.162985
-422.763424
165.284331
336.930702
-104.899773
-855.057989
-1176.100277
-505.407973
371.895704
276.536609
-451.371153
-368.726603
553.077985
924.978457
108.068873
-1010.811179
-839.164807
336.930702
870.941636
514.934347
-85.827954
-92.185227
362.359794
117.604783
-425.942060
-289.260690
190.713423
448.182980
378.252977
343.287975
333.752066
44.496143
-57.220225
546.720712
1026.694825
581.685714
63.567962
244.750243
972.658004
1484.418483
1319.129384
998.087097
171.641604
-991.739359
-1172.921641
25.424324
1687.851219
1576.598942
-282.903417
-1535.286203
-1242.851644
-149.400684
152.569785
-781.949350
-1528.928930
-870.951172
457.718890
651.615717
-403.691605
-1366.818468
-1535.286203
-975.846177
-155.757957
298.787064
352.823885
-34.969770
-721.555256
-1013.989815
-546.730248
139.855239
289.251155
-123.971592
-232.045233
492.683891
1023.516189
470.433436
-613.481615
-1004.453905
-267.010235
499.041164
584.864350
460.897526
330.573429
63.567962
-352.833421
-543.551611
-108.078409
356.002521
222.499788
-76.292044
-34.969770
308.322974
521.291620
257.464789
44.496143
492.683891
950.407549
692.937991
133.497966
251.107516
1293.700292
2024.786690
1773.674405
562.613895
-1128.420729
-1675.146209
-524.479792
1293.700292
1900.819866
556.256621
-1026.704361
-1503.499838
-963.131631
-187.544322
-330.582965
-1211.065279
-1207.886642
-127.150228
654.794353
308.322974
-797.842532
-1710.111211
-1732.361667
-801.021169
394.146159
864.584363
301.965701
-616.660251
-1099.813001
-835.986170
34.960234
486.326618
22.245688
-247.938416
247.928880
893.192092
1017.158916
88.997054
-1026.704361
-1096.634364
-371.905240
661.151626
1395.416660
1017.158916
-54.041589
-835.986170
-791.485259
-22.255224
514.934347
232.035697
-235.223870
-193.901595
314.680247
746.974812
460.897526
-238.402506
-76.292044
861.405727
1118.875284
638.901171
397.324796
855.048454
1541.633940
1700.565766
1198.341197
-181.187049
-1503.499838
-1195.172096
381.431613
1694.208492
1287.343019
-445.013880
-1592.501660
-1411.319379
-495.872064
-193.901595
-842.343443
-1147.492548
-603.945705
28.602961
152.569785
-225.687960
-947.238448
-1554.358022
-1236.494371
-260.652962
445.004344
451.361617
-101.721136
-835.986170
-1010.811179
-171.651140
568.971168
381.431613
3.173869
-25.433860
235.214334
524.470256
584.864350
9.531142
-781.949350
-572.159340
168.462967
673.866172
861.405727
432.289798
-120.792955
-422.763424
-371.905240
15.888415
203.427969
28.602961
-190.722959
-60.398862
209.785242
286.072518
336.930702
362.359794
661.151626
902.728001
537.184802
273.357972
712.009811
1532.098030
1881.748047
1741.888040
759.689358
-1290.531191
-1770.505305
-41.327043
1382.702114
1287.343019
152.569785
-918.630720
-1354.103922
-975.846177
-276.546144
-473.621608
-1350.925285
-1331.853466
-171.651140
508.577074
-28.612497
-772.413440
-1261.923463
-1433.569834
-883.665718
31.781597
448.182980
38.138870
-495.872064
-623.017524
-422.763424
95.354327
483.147982
273.357972
-206.616141
-146.222047
435.468434
826.440725
603.936169
-305.153873
-956.774358
-540.372975
330.573429
934.514366
918.621184
212.963878
-537.194338
-568.980703
-108.078409
133.497966
63.567962
-203.437505
-349.654784
-57.220225
422.753888
600.757533
333.752066
362.359794
890.013455
801.011633
286.072518
422.753888
1230.127562
1706.923039
1640.171672
1652.886218
403.682069
-1815.006216
-1745.076213
495.862528
1780.031678
769.225268
-692.947527
-909.094810
-718.376619
-788.306623
-899.558901
-912.273447
-816.914351
-731.091166
-511.765246
-104.899773
123.962056
-422.763424
-1478.070746
-1484.428019
-365.547967
251.107516
-158.936594
-406.870241
-41.327043
-28.612497
-263.831598
-3.183404
413.217978
394.146159
3.173869
-22.255224
365.538431
511.755710
241.571607
-314.689783
-588.052523
-34.969770
689.759355
686.580718
139.855239
-187.544322
-152.579320
-25.433860
28.602961
-232.045233
-397.334332
-149.400684
146.212512
212.963878
168.462967
155.748421
193.892059
708.831174
1373.166205
982.193914
69.925235
197.070696
1287.343019
2104.252602
2196.433061
1226.948925
-909.094810
-2094.726229
-788.306623
1319.129384
1668.779400
38.138870
-1404.962106
-1335.032103
-403.691605
28.602961
-575.337976
-1411.319379
-1582.965751
-890.022991
92.175691
479.969345
-9.540677
-1137.956639
-1904.008038
-1169.743004
276.536609
600.757533
-381.441149
-1013.989815
-594.409796
155.748421
769.225268
740.617539
101.711600
-406.870241
-435.477970
158.927058
867.763000
835.976634
-127.150228
-921.809356
-410.048878
727.902993
1074.374373
279.715245
-553.087521
-518.122519
88.997054
527.648893
228.857061
-375.083876
-553.087521
-378.262513
12.709778
425.932525
489.505255
146.212512
73.103872
807.368906
1306.414838
801.011633
267.000699
581.685714
1452.632118
2043.858509
2091.538056
858.227090
-1436.748471
-1980.295314
-152.579320
1443.096208
1099.803465
-368.726603
-1128.420729
-934.523902
-584.873886
-489.514791
-778.770713
-1211.065279
-1398.604833
-915.452083
34.960234
524.470256
54.032053
-1217.422552
-1888.114856
-921.809356
311.501610
257.464789
-581.695249
-708.840710
-127.150228
356.002521
635.722534
578.507077
193.892059
-330.582965
-594.409796
-60.398862
902.728001
1112.518011
88.997054
-807.378442
-483.157518
365.538431
842.333908
457.718890
-308.332510
-489.514791
-146.222047
298.787064
295.608428
-82.649317
-422.763424
-673.875708
-282.903417
441.825707
692.937991
425.932525
251.107516
712.009811
924.978457
591.221623
670.687536
1198.341197
1506.668938
1557.527123
1735.530767
832.797998
-1258.744826
-1837.256671
-152.579320
1449.453481
915.442547
-661.161162
-1093.455728
-623.017524
-432.299333
-788.306623
-1077.562545
-1004.453905
-1153.849822
-994.917996
-162.115230
460.897526
162.105694
-1115.706183
-1748.254849
-832.807534
181.177513
54.032053
-651.625253
-581.695249
9.531142
406.860705
651.615717
623.007988
336.930702
-282.903417
-816.914351
-241.581143
975.836641
1109.339374
-139.864774
-772.413440
15.888415
807.368906
619.829352
-301.975237
-654.803889
-108.078409
222.499788
76.282508
-89.006590
-19.076587
-152.579320
-565.802067
-333.761602
390.967523
623.007988
292.429791
362.359794
1118.875284
1233.306198
387.788886
146.212512
1163.376195
2012.072144
1840.425772
1325.486657
190.713423
-1296.888465
-1280.995282
203.427969
1147.483013
527.648893
-721.555256
-1144.313912
-629.374797
-187.544322
-527.658429
-1166.564368
-1414.498015
-1207.886642
-549.908884
73.103872
292.429791
-120.792955
-1122.063456
-1481.249382
-696.126164
146.212512
-47.684316
-718.376619
-597.588432
22.245688
546.720712
883.656182
667.508899
60.389326
-565.802067
-705.662073
60.389326
979.015277
924.978457
-158.936594
-753.341621
-9.540677
851.869817
696.116628
-254.295689
-759.698894
-349.654784
149.391148
267.000699
104.890237
-98.542500
-387.798422
-594.409796
-108.078409
556.256621
578.507077
104.890237
149.391148
1115.696647
1424.024389
584.864350
187.534786
918.621184
1818.175316
1897.641229
1525.740757
457.718890
-1166.564368
-1436.748471
-120.792955
1106.160738
731.081630
-632.553434
-1246.030280
-886.844355
-197.080232
-184.365686
-877.308445
-1478.070746
-1602.037570
-883.665718
57.210689
476.790709
104.890237
-1055.312090
-1602.037570
-845.522080
123.962056
85.818418
-670.697072
-746.984348
-212.973414
470.433436
1102.982101
953.586185
206.606605
-654.803889
-950.417085
-76.292044
1010.801643
1029.873462
-54.041589
-677.054345
31.781597
823.262088
692.937991
-130.328865
-642.089343
-429.120697
-108.078409
146.212512
263.822062
117.604783
-317.868419
-667.518435
-216.152051
464.076163
553.077985
181.177513
203.427969
991.729824
1195.162560
568.971168
502.219801
1255.556654
1754.602586
1589.313488
1439.917572
534.006166
-1093.455728
-1322.317557
-38.148406
931.335730
375.074340
-759.698894
-937.702539
-543.551611
-346.476148
-578.516613
-1001.275269
-1233.315734
-1350.925285
-963.131631
-178.008413
330.573429
88.997054
-950.417085
-1439.927108
-673.875708
117.604783
-139.864774
-766.056167
-581.695249
-31.791133
467.254799
918.621184
829.619361
352.823885
-343.297511
-775.592077
-149.400684
896.370728
1042.588008
34.960234
-657.982526
-190.722959
540.363439
781.939814
184.356150
-638.910707
-670.697072
-203.437505
251.107516
384.610250
34.960234
-518.122519
-683.411618
-79.470681
553.077985
642.079807
257.464789
-25.433860
623.007988
1220.591652
934.514366
654.794353
991.729824
1471.703937
1525.740757
1716.458948
1195.162560
-712.019346
-1665.610300
-686.590254
743.796176
823.262088
-413.227514
-1090.277091
-855.057989
-410.048878
-330.582965
-677.054345
-1058.490726
-1551.179385
-1436.748471
-479.978881
356.002521
429.111161
-591.231159
-1586.144387
-1125.242093
54.032053
295.608428
-534.015702
-902.737537
-441.835243
232.035697
956.764822
1131.589830
600.757533
-212.973414
-708.840710
-241.581143
635.722534
851.869817
34.960234
-619.838888
-76.292044
708.831174
829.619361
181.177513
-495.872064
-553.087521
-336.940238
28.602961
247.928880
98.532964
-273.367508
-549.908884
-146.222047
343.287975
460.897526
311.501610
57.210689
562.613895
1087.088919
785.118450
673.866172
1112.518011
1522.562121
1424.024389
1503.490302
1493.954392
-108.078409
-1617.930752
-1048.954817
540.363439
924.978457
-333.761602
-1118.884820
-775.592077
-247.938416
-247.938416
-778.770713
-1099.813001
-1366.818468
-1430.391198
-797.842532
73.103872
492.683891
-317.868419
-1430.391198
-1169.743004
-73.113408
279.715245
-483.157518
-953.595721
-495.872064
136.676602
781.939814
1058.481190
680.223445
-15.897951
-534.015702
-314.689783
432.289798
896.370728
292.429791
-692.947527
-451.371153
565.792531
1042.588008
502.219801
-460.907062
-750.162985
-403.691605
60.389326
254.286153
12.709778
-308.332510
-543.551611
-238.402506
406.860705
600.757533
270.179335
-222.509324
200.249332
1172.912105
1207.877106
683.402082
712.009811
1392.238024
1598.849397
1513.026211
1735.530767
718.367084
-1137.956639
-1563.893931
-257.474325
921.799820
317.858883
-829.628897
-1106.170274
-677.054345
-123.971592
-279.724781
-816.914351
-1376.354377
-1713.289847
-1188.814823
-216.152051
435.468434
50.853416
-1112.527547
-1395.426196
-403.691605
403.682069
-76.292044
-855.057989
-756.520258
-225.687960
457.718890
1026.694825
969.479368
321.037520
-378.262513
-454.549789
123.962056
832.797998
667.508899
-457.728426
-680.232981
317.858883
956.764822
689.759355
-127.150228
-654.803889
-527.658429
-178.008413
127.140692
165.284331
-111.257046
-527.658429
-518.122519
133.497966
588.042987
406.860705
-136.686138
-120.792955
858.227090
1341.379840
883.656182
696.116628
1166.554832
1481.239846
1363.630295
1757.781223
1570.241669
-352.833421
-1789.577124
-1045.776180
626.186625
839.155271
-502.229337
-1249.208917
-807.378442
-162.115230
-165.293867
-654.803889
-1042.597544
-1493.963928
-1608.394843
-823.271624
219.321151
483.147982
-553.087521
-1513.035747
-953.595721
232.035697
340.109339
-638.910707
-1010.811179
-473.621608
168.462967
772.403904
1026.694825
664.330263
-76.292044
-543.551611
-117.614319
772.403904
902.728001
-152.579320
-867.772535
-117.614319
848.691181
915.442547
197.070696
-562.623430
-581.695249
-139.864774
181.177513
171.641604
-146.222047
-505.407973
-623.017524
-79.470681
578.507077
495.862528
-38.148406
-324.225692
390.967523
1424.024389
1357.273022
667.508899
588.042987
1246.020744
1643.350308
1719.637585
1760.959859
584.864350
-1201.529369
-1465.356200
-171.651140
883.656182
209.785242
-1039.418907
-1182.457550
-486.336154
6.352505
-247.938416
-743.805712
-1325.496193
-1748.254849
-1169.743004
-130.328865
292.429791
-317.868419
-1268.280736
-1217.422552
-187.544322
470.433436
-193.901595
-994.917996
-683.411618
-171.651140
200.249332
835.976634
1074.374373
403.682069
-467.264335
-403.691605
492.683891
934.514366
174.820240
-788.306623
-470.442972
562.613895
791.475723
375.074340
82.639781
-139.864774
-378.262513
-286.082054
98.532964
168.462967
-238.402506
-692.947527
-473.621608
321.037520
575.328441
127.140692
-251.117052
25.424324
905.906638
1315.950748
915.442547
654.794353
1039.409371
1398.595297
1277.807110
1735.530767
1986.643052
286.072518
-1624.288025
-1350.925285
394.146159
921.799820
-346.476148
-1303.245738
-934.523902
-111.257046
-34.969770
-489.514791
-721.555256
-1191.993460
-1671.967573
-1233.315734
-101.721136
435.468434
-518.122519
-1586.144387
-1099.813001
212.963878
492.683891
-464.085699
-928.166629
-530.837065
-108.078409
390.967523
886.834819
778.761177
60.389326
-438.656606
-152.579320
600.757533
890.013455
34.960234
-823.271624
-330.582965
623.007988
772.403904
282.893882
-178.008413
-441.835243
-371.905240
38.138870
216.142515
9.531142
-419.584787
-689.768891
-270.188871
387.788886
445.004344
-38.148406
-371.905240
152.569785
1233.306198
1570.241669
874.120273
483.147982
969.479368
1366.808932
1503.490302
1945.320777
1649.707581
-171.651140
-1589.323024
-877.308445
673.866172
718.367084
-686.590254
-1548.000749
-874.129809
114.426146
50.853416
-492.693427
-899.558901
-1389.068923
-1573.429841
-931.345266
76.282508
222.499788
-877.308445
-1649.717117
-797.842532
540.363439
495.862528
-638.910707
-1020.347088
-445.013880
101.711600
534.006166
829.619361
594.400260
-22.255224
-336.940238
66.746599
791.475723
766.046631
-247.938416
-775.592077
-22.255224
750.153449
600.757533
57.210689
-298.796600
-333.761602
-143.043411
54.032053
123.962056
-69.934771
-524.479792
-677.054345
-162.115230
378.252977
200.249332
-305.153873
-324.225692
356.002521
1306.414838
1519.383484
801.011633
403.682069
826.440725
1296.878929
1551.169849
1929.427594
1595.670761
-104.899773
-1401.783469
-731.091166
686.580718
613.472079
-880.487082
-1598.858933
-734.269802
187.534786
44.496143
-467.264335
-810.557078
-1252.387553
-1462.177563
-870.951172
66.746599
133.497966
-953.595721
-1656.074390
-762.877531
594.400260
473.612072
-734.269802
-1052.133453
-422.763424
149.391148
518.112983
705.652538
508.577074
-38.148406
-298.796600
136.676602
724.724357
626.186625
-270.188871
-661.161162
79.461145
705.652538
505.398437
28.602961
-209.794778
-222.509324
-108.078409
127.140692
177.998877
-130.328865
-581.695249
-661.161162
-85.827954
349.645248
44.496143
-356.012057
-244.759779
349.645248
1045.766644
1357.273022
1039.409371
603.936169
664.330263
1017.158916
1497.133029
1964.392596
1783.210315
346.466612
-1207.886642
-966.310267
470.433436
781.939814
-546.730248
-1586.144387
-991.739359
-12.719314
54.032053
-273.367508
-623.017524
-1182.457550
-1563.893931
-1029.882998
15.888415
88.997054
-928.166629
-1624.288025
-1001.275269
289.251155
534.006166
-410.048878
-1020.347088
-613.481615
47.674780
422.753888
734.260266
635.722534
-31.791133
-397.334332
108.068873
832.797998
629.365261
-228.866597
-495.872064
76.282508
648.437080
527.648893
76.282508
-139.864774
-152.579320
-63.577498
133.497966
219.321151
-57.220225
-527.658429
-607.124342
-127.150228
279.715245
34.960234
-470.442972
-371.905240
251.107516
839.155271
1179.269378
1020.337552
667.508899
629.365261
956.764822
1369.987568
1675.136673
1780.031678
909.085274
-648.446616
-1096.634364
-25.433860
835.976634
-41.327043
-1300.067101
-1144.313912
-263.831598
92.175691
-197.080232
-584.873886
-979.024813
-1395.426196
-1137.956639
-346.476148
-6.362041
-530.837065
-1354.103922
-1246.030280
-165.293867
470.433436
-95.363863
-909.094810
-766.056167
-95.363863
321.037520
518.112983
562.613895
311.501610
-111.257046
-89.006590
429.111161
664.330263
247.928880
-365.547967
-333.761602
371.895704
737.438903
375.074340
-130.328865
-206.616141
12.709778
88.997054
3.173869
-73.113408
-232.045233
-495.872064
-419.584787
-25.433860
60.389326
-219.330687
-311.511146
47.674780
588.042987
991.729824
1074.374373
807.368906
629.365261
867.763000
1198.341197
1382.702114
1541.633940
1414.488480
464.076163
-670.697072
-680.232981
203.427969
410.039342
-495.872064
-1147.492548
-724.733892
-120.792955
-111.257046
-387.798422
-677.054345
-1042.597544
-1157.028458
-813.735715
-317.868419
-257.474325
-851.879353
-1312.781647
-870.951172
19.067051
219.321151
-410.048878
-772.413440
-473.621608
-6.362041
295.608428
460.897526
505.398437
197.070696
-171.651140
-15.897951
479.969345
575.328441
38.138870
-311.511146
6.352505
464.076163
534.006166
209.785242
-31.791133
-47.684316
-73.113408
-63.577498
-0.004768
-22.255224
-301.975237
-581.695249
-365.547967
-15.897951
-25.433860
-279.724781
-289.260690
149.391148
597.578896
918.621184
1039.409371
896.370728
797.832996
775.582541
1007.623006
1376.344841
1652.886218
1417.667116
130.319329
-896.380264
-400.512968
565.792531
419.575252
-673.875708
-1102.991637
-645.267980
-155.757957
-9.540677
-311.511146
-724.733892
-1042.597544
-1074.383909
-613.481615
-219.330687
-359.190694
-1029.882998
-1341.389376
-648.446616
143.033875
133.497966
-600.767069
-912.273447
-349.654784
136.676602
378.252977
460.897526
311.501610
25.424324
-174.829776
158.927058
565.792531
489.505255
-22.255224
-422.763424
57.210689
680.223445
572.149804
69.925235
-178.008413
-3.183404
60.389326
60.389326
50.853416
-187.544322
-371.905240
-483.157518
-267.010235
57.210689
-111.257046
-460.907062
-413.227514
247.928880
750.153449
820.083452
940.871639
858.227090
731.081630
759.689358
1029.873462
1478.061210
1579.777578
1226.948925
203.427969
-654.803889
-254.295689
511.755710
365.538431
-680.232981
-1226.958461
-657.982526
-54.041589
3.173869
-371.905240
-788.306623
-1029.882998
-1087.098455
-632.553434
-225.687960
-467.264335
-1068.026636
-1303.245738
-607.124342
114.426146
-0.004768
-540.372975
-753.341621
-362.369330
60.389326
362.359794
499.041164
251.107516
15.888415
-31.791133
209.785242
508.577074
441.825707
85.818418
-263.831598
73.103872
657.972990
534.006166
104.890237
-127.150228
9.531142
149.391148
15.888415
-69.934771
-178.008413
-263.831598
-356.012057
-346.476148
-136.686138
-241.581143
-445.013880
-343.297511
152.569785
664.330263
743.796176
855.048454
899.549365
816.904815
867.763000
947.228912
1223.770289
1471.703937
1379.523478
597.578896
-502.229337
-451.371153
435.468434
527.648893
-473.621608
-1102.991637
-572.159340
-108.078409
-174.829776
-403.691605
-721.555256
-975.846177
-1147.492548
-848.700716
-327.404329
-276.546144
-766.056167
-1354.103922
-988.560723
3.173869
184.356150
-489.514791
-940.881175
-502.229337
50.853416
193.892059
362.359794
390.967523
123.962056
-95.363863
92.175691
537.184802
603.936169
203.427969
-212.973414
-41.327043
511.755710
559.435258
190.713423
-54.041589
19.067051
111.247510
63.567962
92.175691
-50.862952
-295.617963
-394.155695
-390.977059
-238.402506
-257.474325
-403.691605
-340.118875
-12.719314
460.897526
702.473901
912.263911
1071.195736
874.120273
702.473901
823.262088
1185.626651
1392.238024
1338.201203
855.048454
-139.864774
-476.800245
165.284331
629.365261
101.711600
-794.663896
-864.593899
-419.584787
-190.722959
-311.511146
-642.089343
-924.987993
-1109.348910
-864.593899
-324.225692
-187.544322
-568.980703
-1131.599366
-1068.026636
-330.582965
34.960234
-314.689783
-845.522080
-746.984348
-228.866597
127.140692
416.396615
375.074340
95.354327
41.317507
206.606605
486.326618
581.685714
336.930702
-168.472503
-330.582965
298.787064
689.759355
336.930702
-95.363863
-130.328865
187.534786
298.787064
127.140692
-117.614319
-321.047056
-400.512968
-429.120697
-267.010235
-212.973414
-505.407973
-556.266157
-120.792955
410.039342
584.864350
651.615717
950.407549
998.087097
788.297087
750.153449
963.122095
1191.983924
1169.733468
1115.696647
670.687536
-108.078409
-165.293867
346.466612
441.825707
-174.829776
-794.663896
-801.021169
-486.336154
-222.509324
-362.369330
-791.485259
-1004.453905
-918.630720
-603.945705
-314.689783
-311.511146
-686.590254
-1125.242093
-861.415262
-181.187049
-47.684316
-521.301156
-880.487082
-619.838888
-133.507501
263.822062
454.540253
317.858883
177.998877
219.321151
340.109339
467.254799
476.790709
212.963878
-279.724781
-235.223870
419.575252
677.044809
308.322974
-108.078409
-89.006590
247.928880
384.610250
108.068873
-279.724781
-359.190694
-333.761602
-467.264335
-416.406151
-305.153873
-435.477970
-454.549789
-76.292044
470.433436
673.866172
632.543898
772.403904
905.906638
842.333908
746.974812
839.155271
1055.302554
1163.376195
1141.125740
680.223445
25.424324
-12.719314
362.359794
384.610250
-216.152051
-788.306623
-766.056167
-476.800245
-301.975237
-486.336154
-851.879353
-931.345266
-816.914351
-597.588432
-340.118875
-371.905240
-750.162985
-1045.776180
-724.733892
-235.223870
-263.831598
-657.982526
-832.807534
-486.336154
9.531142
333.752066
406.860705
247.928880
181.177513
289.251155
413.217978
451.361617
263.822062
-9.540677
-127.150228
117.604783
511.755710
425.932525
69.925235
-6.362041
200.249332
330.573429
197.070696
-12.719314
-219.330687
-362.369330
-365.547967
-340.118875
-352.833421
-518.122519
-572.159340
-235.223870
162.105694
400.503432
394.146159
343.287975
664.330263
1052.123917
985.372551
645.258444
607.114806
950.407549
1214.234379
1341.379840
1020.337552
228.857061
-130.328865
184.356150
540.363439
171.641604
-626.196161
-956.774358
-712.019346
-279.724781
-260.652962
-626.196161
-902.737537
-959.952994
-664.339799
-254.295689
-228.866597
-619.838888
-1096.634364
-1068.026636
-508.586610
-130.328865
-387.798422
-839.164807
-689.768891
-117.614319
270.179335
390.967523
321.037520
177.998877
108.068873
235.214334
425.932525
362.359794
120.783419
-130.328865
-139.864774
282.893882
565.792531
378.252977
79.461145
22.245688
216.142515
289.251155
88.997054
-197.080232
-317.868419
-311.511146
-368.726603
-387.798422
-336.940238
-317.868419
-292.439327
-104.899773
216.142515
330.573429
238.392970
394.146159
947.228912
1230.127562
804.190269
387.788886
616.650715
1122.053920
1424.024389
1290.521656
597.578896
-54.041589
-9.540677
400.503432
422.753888
-171.651140
-785.127986
-864.593899
-534.015702
-219.330687
-273.367508
-648.446616
-969.488904
-867.772535
-413.227514
-162.115230
-429.120697
-940.881175
-1153.849822
-775.592077
-225.687960
-174.829776
-648.446616
-899.558901
-511.765246
57.210689
359.181158
317.858883
108.068873
38.138870
158.927058
365.538431
511.755710
330.573429
-123.971592
-235.223870
203.427969
603.936169
524.470256
123.962056
-130.328865
54.032053
336.930702
359.181158
108.068873
-247.938416
-460.907062
-368.726603
-114.435682
-127.150228
-422.763424
-616.660251
-441.835243
41.317507
362.359794
254.286153
66.746599
333.752066
985.372551
1182.448014
759.689358
476.790709
638.901171
1048.945281
1350.915749
1249.199381
677.044809
25.424324
-60.398862
368.717067
546.720712
-50.862952
-845.522080
-928.166629
-451.371153
-152.579320
-311.511146
-731.091166
-991.739359
-842.343443
-438.656606
-152.579320
-301.975237
-772.413440
-1122.063456
-864.593899
-270.188871
-133.507501
-549.908884
-886.844355
-651.625253
-101.721136
257.464789
267.000699
92.175691
38.138870
155.748421
359.181158
543.542075
419.575252
54.032053
-168.472503
54.032053
495.862528
505.398437
149.391148
-73.113408
50.853416
340.109339
371.895704
114.426146
-171.651140
-273.367508
-241.581143
-225.687960
-257.474325
-387.798422
-502.229337
-375.083876
-57.220225
149.391148
104.890237
82.639781
368.717067
883.656182
1150.661649
807.368906
419.575252
572.149804
991.729824
1242.842108
1188.805287
788.297087
187.534786
25.424324
438.647071
588.042987
47.674780
-683.411618
-902.737537
-521.301156
-165.293867
-317.868419
-727.912529
-912.273447
-778.770713
-489.514791
-222.509324
-282.903417
-632.553434
-918.630720
-864.593899
-448.192516
-174.829776
-514.943883
-979.024813
-823.271624
-197.080232
181.177513
155.748421
63.567962
98.532964
244.750243
397.324796
473.612072
371.895704
69.925235
-73.113408
104.890237
368.717067
403.682069
174.820240
38.138870
136.676602
301.965701
368.717067
187.534786
-108.078409
-282.903417
-257.474325
-168.472503
-270.188871
-454.549789
-524.479792
-390.977059
-123.971592
66.746599
120.783419
79.461145
181.177513
508.577074
829.619361
915.442547
661.151626
441.825707
654.794353
1087.088919
1309.593475
1160.197559
686.580718
155.748421
143.033875
530.827529
511.755710
-120.792955
-734.269802
-766.056167
-403.691605
-219.330687
-359.190694
-651.625253
-858.236626
-731.091166
-406.870241
-130.328865
-263.831598
-804.199805
-1122.063456
-845.522080
-356.012057
-330.582965
-727.912529
-950.417085
-651.625253
-92.185227
181.177513
149.391148
117.604783
130.319329
225.678424
403.682069
505.398437
343.287975
-15.897951
-123.971592
184.356150
514.934347
422.753888
101.711600
85.818418
317.858883
419.575252
286.072518
47.674780
-171.651140
-279.724781
-251.117052
-193.901595
-270.188871
-435.477970
-565.802067
-441.835243
-89.006590
111.247510
-6.362041
-136.686138
98.532964
483.147982
629.365261
746.974812
785.118450
600.757533
553.077985
835.976634
1195.162560
1268.271200
874.120273
286.072518
127.140692
476.790709
581.685714
85.818418
-505.407973
-661.161162
-470.442972
-317.868419
-282.903417
-371.905240
-664.339799
-816.914351
-534.015702
-181.187049
-235.223870
-702.483437
-1033.061634
-867.772535
-483.157518
-375.083876
-638.910707
-810.557078
-626.196161
-295.617963
-50.862952
139.855239
235.214334
111.247510
73.103872
289.251155
451.361617
356.002521
79.461145
-25.433860
184.356150
362.359794
298.787064
130.319329
108.068873
225.678424
317.858883
263.822062
69.925235
-63.577498
-82.649317
-98.542500
-130.328865
-187.544322
-333.761602
-479.978881
-406.870241
-193.901595
-98.542500
-149.400684
-139.864774
66.746599
333.752066
406.860705
425.932525
686.580718
870.941636
743.796176
686.580718
835.976634
1045.766644
1157.018922
877.298909
400.503432
260.643426
406.860705
362.359794
-31.791133
-381.441149
-457.728426
-454.549789
-441.835243
-410.048878
-403.691605
-553.087521
-724.733892
-654.803889
-403.691605
-349.654784
-645.267980
-918.630720
-778.770713
-470.442972
-445.013880
-629.374797
-664.339799
-464.085699
-267.010235
-123.971592
57.210689
171.641604
149.391148
139.855239
254.286153
410.039342
410.039342
171.641604
-25.433860
101.711600
308.322974
276.536609
123.962056
69.925235
146.212512
200.249332
158.927058
88.997054
12.709778
-57.220225
-92.185227
-108.078409
-216.152051
-400.512968
-460.907062
-394.155695
-247.938416
-133.507501
-146.222047
-117.614319
111.247510
352.823885
381.431613
406.860705
667.508899
902.728001
858.227090
692.937991
724.724357
956.764822
1134.768467
975.836641
502.219801
225.678424
330.573429
429.111161
187.534786
-247.938416
-457.728426
-467.264335
-445.013880
-371.905240
-390.977059
-584.873886
-766.056167
-654.803889
-349.654784
-222.509324
-483.157518
-855.057989
-890.022991
-556.266157
-346.476148
-511.765246
-712.019346
-638.910707
-390.977059
-171.651140
44.496143
168.462967
98.532964
19.067051
162.105694
390.967523
429.111161
254.286153
41.317507
6.352505
174.820240
343.287975
298.787064
143.033875
82.639781
168.462967
251.107516
203.427969
95.354327
-47.684316
-165.293867
-162.115230
-187.544322
-292.439327
-356.012057
-390.977059
-375.083876
-247.938416
-114.435682
-95.363863
-41.327043
146.212512
276.536609
327.394793
429.111161
638.901171
839.155271
756.510722
540.363439
629.365261
1017.158916
1217.413016
877.298909
321.037520
184.356150
470.433436
543.542075
120.783419
-340.118875
-429.120697
-400.512968
-384.619786
-270.188871
-260.652962
-530.837065
-794.663896
-667.518435
-241.581143
-158.936594
-600.767069
-982.203450
-867.772535
-495.872064
-384.619786
-581.695249
-737.448439
-635.732070
-403.691605
-143.043411
117.604783
155.748421
-38.148406
-111.257046
143.033875
473.612072
470.433436
139.855239
-31.791133
146.212512
356.002521
349.645248
219.321151
130.319329
174.820240
241.571607
235.214334
222.499788
117.604783
-38.148406
-104.899773
-127.150228
-158.936594
-238.402506
-324.225692
-311.511146
-251.117052
-232.045233
-222.509324
-117.614319
15.888415
76.282508
108.068873
193.892059
346.466612
572.149804
816.904815
855.048454
635.722534
514.934347
785.118450
1188.805287
1122.053920
489.505255
88.997054
282.893882
499.041164
295.608428
-143.043411
-425.942060
-441.835243
-356.012057
-286.082054
-292.439327
-425.942060
-677.054345
-759.698894
-467.264335
-165.293867
-343.297511
-788.306623
-909.094810
-597.588432
-359.190694
-445.013880
-603.945705
-648.446616
-530.837065
-308.332510
-76.292044
41.317507
-15.897951
-108.078409
6.352505
365.538431
537.184802
276.536609
-9.540677
85.818418
327.394793
343.287975
206.606605
136.676602
117.604783
95.354327
171.641604
289.251155
216.142515
-15.897951
-136.686138
-95.363863
-19.076587
-108.078409
-317.868419
-378.262513
-263.831598
-241.581143
-305.153873
-238.402506
-69.934771
38.138870
69.925235
158.927058
317.858883
441.825707
578.507077
746.974812
781.939814
613.472079
578.507077
874.120273
1137.947103
934.514366
387.788886
171.641604
432.289798
540.363439
171.641604
-270.188871
-384.619786
-336.940238
-349.654784
-327.404329
-289.260690
-419.584787
-657.982526
-677.054345
-352.833421
-136.686138
-425.942060
-848.700716
-820.092988
-429.120697
-301.975237
-514.943883
-686.590254
-607.124342
-403.691605
-241.581143
-63.577498
54.032053
-25.433860
-85.827954
101.711600
387.788886
435.468434
158.927058
-57.220225
92.175691
371.895704
406.860705
146.212512
-28.612497
63.567962
203.427969
219.321151
143.033875
69.925235
-6.362041
-66.756135
-44.505679
-31.791133
-139.864774
-343.297511
-416.406151
-270.188871
-146.222047
-219.330687
-301.975237
-222.509324
-9.540677
155.748421
190.713423
219.321151
270.179335
432.289798
731.081630
877.298909
692.937991
511.755710
654.794353
969.479368
1064.838463
654.794353
193.892059
232.035697
454.540253
400.503432
85.818418
-209.794778
-336.940238
-362.369330
-273.367508
-162.115230
-286.082054
-607.124342
-772.413440
-524.479792
-200.258868
-311.511146
-696.126164
-807.378442
-562.623430
-343.297511
-413.227514
-575.337976
-600.767069
-521.301156
-400.512968
-178.008413
19.067051
-50.862952
-174.829776
-6.362041
314.680247
419.575252
267.000699
111.247510
155.748421
295.608428
330.573429
200.249332
25.424324
-9.540677
76.282508
171.641604
209.785242
143.033875
6.352505
-54.041589
41.317507
130.319329
-0.004768
-267.010235
-410.048878
-311.511146
-187.544322
-206.616141
-321.047056
-384.619786
-232.045233
57.210689
193.892059
177.998877
228.857061
317.858883
457.718890
677.044809
788.297087
654.794353
432.289798
483.147982
848.691181
1064.838463
788.297087
305.144337
168.462967
441.825707
591.221623
263.822062
-193.901595
-378.262513
-336.940238
-238.402506
-219.330687
-340.118875
-556.266157
-702.483437
-572.159340
-263.831598
-206.616141
-524.479792
-766.056167
-654.803889
-371.905240
-333.761602
-534.015702
-623.017524
-603.945705
-502.229337
-276.546144
-66.756135
-31.791133
-123.971592
-76.292044
187.534786
390.967523
289.251155
95.354327
98.532964
219.321151
241.571607
190.713423
127.140692
101.711600
104.890237
136.676602
197.070696
216.142515
114.426146
-12.719314
12.709778
85.818418
-9.540677
-193.901595
-241.581143
-225.687960
-232.045233
-232.045233
-197.080232
-193.901595
-209.794778
-120.792955
41.317507
152.569785
168.462967
181.177513
301.965701
483.147982
600.757533
626.186625
616.650715
600.757533
626.186625
750.153449
858.227090
727.902993
387.788886
257.464789
419.575252
499.041164
219.321151
-162.115230
-282.903417
-216.152051
-197.080232
-311.511146
-464.085699
-588.052523
-613.481615
-514.943883
-375.083876
-321.047056
-470.442972
-635.732070
-568.980703
-356.012057
-343.297511
-508.586610
-613.481615
-575.337976
-429.120697
-282.903417
-209.794778
-181.187049
-158.936594
-57.220225
155.748421
327.394793
295.608428
171.641604
133.497966
200.249332
270.179335
225.678424
60.389326
-31.791133
19.067051
149.391148
241.571607
177.998877
54.032053
12.709778
76.282508
152.569785
60.389326
-136.686138
-267.010235
-263.831598
-178.008413
-139.864774
-203.437505
-292.439327
-270.188871
-92.185227
98.532964
162.105694
117.604783
117.604783
225.678424
368.717067
473.612072
514.934347
534.006166
534.006166
537.184802
610.293442
775.582541
845.512544
613.472079
308.322974
301.965701
448.182980
387.788886
63.567962
-216.152051
-232.045233
-168.472503
-203.437505
-289.260690
-375.083876
-451.371153
-467.264335
-368.726603
-238.402506
-314.689783
-549.908884
-638.910707
-483.157518
-330.582965
-438.656606
-600.767069
-565.802067
-419.584787
-330.582965
-295.617963
-206.616141
-143.043411
-127.150228
-41.327043
139.855239
267.000699
187.534786
66.746599
133.497966
282.893882
270.179335
120.783419
22.245688
44.496143
104.890237
130.319329
136.676602
95.354327
31.781597
54.032053
149.391148
155.748421
15.888415
-152.579320
-193.901595
-117.614319
-120.792955
-241.581143
-314.689783
-276.546144
-190.722959
-85.827954
9.531142
54.032053
66.746599
130.319329
286.072518
397.324796
375.074340
340.109339
429.111161
575.328441
581.685714
483.147982
530.827529
721.545720
759.689358
521.291620
324.216156
387.788886
435.468434
222.499788
-60.398862
-158.936594
-203.437505
-298.796600
-295.617963
-254.295689
-321.047056
-464.085699
-511.765246
-333.761602
-168.472503
-305.153873
-597.588432
-642.089343
-451.371153
-413.227514
-559.444794
-594.409796
-508.586610
-438.656606
-387.798422
-228.866597
-63.577498
-47.684316
-92.185227
3.173869
190.713423
244.750243
133.497966
66.746599
162.105694
247.928880
203.427969
139.855239
162.105694
168.462967
117.604783
111.247510
152.569785
130.319329
25.424324
-3.183404
50.853416
22.245688
-111.257046
-168.472503
-89.006590
-60.398862
-165.293867
-270.188871
-228.866597
-104.899773
-76.292044
-136.686138
-120.792955
-15.897951
76.282508
149.391148
260.643426
371.895704
378.252977
384.610250
534.006166
689.759355
626.186625
425.932525
390.967523
613.472079
785.118450
607.114806
282.893882
241.571607
413.217978
400.503432
117.604783
-85.827954
-136.686138
-232.045233
-327.404329
-295.617963
-289.260690
-457.728426
-629.374797
-543.551611
-279.724781
-216.152051
-460.907062
-638.910707
-508.586610
-333.761602
-390.977059
-537.194338
-546.730248
-495.872064
-451.371153
-327.404329
-130.328865
-76.292044
-158.936594
-89.006590
143.033875
301.965701
257.464789
104.890237
85.818418
187.534786
197.070696
114.426146
101.711600
104.890237
60.389326
57.210689
146.212512
181.177513
69.925235
-15.897951
34.960234
92.175691
15.888415
-111.257046
-127.150228
-60.398862
-76.292044
-155.757957
-146.222047
-82.649317
-76.292044
-92.185227
-76.292044
-9.540677
15.888415
22.245688
85.818418
203.427969
267.000699
241.571607
324.216156
537.184802
661.151626
588.042987
435.468434
479.969345
677.044809
724.724357
530.827529
238.392970
165.284331
301.965701
330.573429
136.676602
-73.113408
-171.651140
-197.080232
-187.544322
-178.008413
-235.223870
-419.584787
-572.159340
-479.978881
-273.367508
-260.652962
-470.442972
-588.052523
-489.514791
-308.332510
-305.153873
-416.406151
-432.299333
-451.371153
-425.942060
-279.724781
-117.614319
-92.185227
-181.187049
-168.472503
34.960234
228.857061
209.785242
54.032053
41.317507
168.462967
197.070696
123.962056
82.639781
88.997054
41.317507
22.245688
104.890237
171.641604
98.532964
-19.076587
28.602961
139.855239
101.711600
-44.505679
-111.257046
-82.649317
-76.292044
-117.614319
-143.043411
-136.686138
-143.043411
-120.792955
-50.862952
6.352505
-6.362041
9.531142
120.783419
244.750243
270.179335
197.070696
219.321151
356.002521
435.468434
445.004344
441.825707
397.324796
368.717067
499.041164
699.295264
632.543898
273.357972
88.997054
279.715245
438.647071
228.857061
-117.614319
-228.866597
-146.222047
-130.328865
-174.829776
-222.509324
-327.404329
-464.085699
-445.013880
-251.117052
-143.043411
-365.547967
-623.017524
-514.943883
-247.938416
-232.045233
-445.013880
-543.551611
-448.192516
-349.654784
-289.260690
-219.330687
-197.080232
-228.866597
-203.437505
-12.719314
212.963878
197.070696
12.709778
-6.362041
174.820240
270.179335
184.356150
54.032053
34.960234
95.354327
123.962056
149.391148
149.391148
73.103872
-3.183404
47.674780
171.641604
165.284331
3.173869
-123.971592
-69.934771
9.531142
-34.969770
-139.864774
-193.901595
-197.080232
-146.222047
-60.398862
-41.327043
-89.006590
-85.827954
25.424324
162.105694
209.785242
177.998877
168.462967
247.928880
356.002521
413.217978
416.396615
387.788886
343.287975
378.252977
549.899348
667.508899
530.827529
263.822062
209.785242
397.324796
454.540253
177.998877
-111.257046
-143.043411
-95.363863
-139.864774
-206.616141
-263.831598
-378.262513
-438.656606
-352.833421
-206.616141
-190.722959
-390.977059
-559.444794
-451.371153
-244.759779
-314.689783
-540.372975
-556.266157
-460.907062
-375.083876
-282.903417
-203.437505
-187.544322
-190.722959
-104.899773
69.925235
171.641604
108.068873
9.531142
57.210689
197.070696
228.857061
117.604783
38.138870
63.567962
92.175691
143.033875
184.356150
152.569785
60.389326
41.317507
136.676602
174.820240
66.746599
-79.470681
-117.614319
-54.041589
-50.862952
-143.043411
-193.901595
-149.400684
-120.792955
-101.721136
-57.220225
-44.505679
-69.934771
-54.041589
31.781597
127.140692
158.927058
123.962056
143.033875
276.536609
378.252977
359.181158
362.359794
448.182980
454.540253
394.146159
451.361617
559.435258
527.648893
333.752066
184.356150
273.357972
413.217978
273.357972
-47.684316
-133.507501
-0.004768
-34.969770
-219.330687
-279.724781
-282.903417
-378.262513
-432.299333
-340.118875
-273.367508
-352.833421
-502.229337
-486.336154
-282.903417
-206.616141
-400.512968
-514.943883
-359.190694
-254.295689
-321.047056
-314.689783
-212.973414
-178.008413
-171.651140
-69.934771
73.103872
133.497966
92.175691
88.997054
203.427969
260.643426
162.105694
66.746599
108.068873
127.140692
44.496143
57.210689
130.319329
92.175691
12.709778
57.210689
168.462967
155.748421
15.888415
-66.756135
-34.969770
9.531142
-57.220225
-162.115230
-158.936594
-139.864774
-178.008413
-162.115230
-76.292044
-47.684316
-76.292044
-28.612497
69.925235
149.391148
165.284331
152.569785
187.534786
267.000699
305.144337
282.893882
292.429791
356.002521
378.252977
356.002521
371.895704
419.575252
451.361617
467.254799
387.788886
257.464789
251.107516
305.144337
190.713423
-38.148406
-104.899773
-104.899773
-184.365686
-263.831598
-289.260690
-301.975237
-375.083876
-425.942060
-371.905240
-279.724781
-298.796600
-432.299333
-448.192516
-289.260690
-209.794778
-359.190694
-438.656606
-346.476148
-286.082054
-295.617963
-257.474325
-158.936594
-123.971592
-143.043411
-54.041589
117.604783
171.641604
82.639781
44.496143
146.212512
228.857061
146.212512
57.210689
114.426146
149.391148
60.389326
25.424324
95.354327
123.962056
57.210689
15.888415
69.925235
123.962056
34.960234
-63.577498
-41.327043
-25.433860
-76.292044
-149.400684
-155.757957
-117.614319
-133.507501
-117.614319
-38.148406
-3.183404
-15.897951
34.960234
133.497966
155.748421
136.676602
155.748421
222.499788
263.822062
228.857061
209.785242
254.286153
308.322974
295.608428
289.251155
321.037520
330.573429
356.002521
445.004344
476.790709
308.322974
117.604783
162.105694
276.536609
136.676602
-152.579320
-238.402506
-152.579320
-133.507501
-209.794778
-247.938416
-238.402506
-270.188871
-327.404329
-270.188871
-123.971592
-181.187049
-438.656606
-479.978881
-251.117052
-155.757957
-343.297511
-470.442972
-378.262513
-251.117052
-225.687960
-228.866597
-171.651140
-127.150228
-123.971592
-79.470681
69.925235
193.892059
92.175691
-19.076587
88.997054
209.785242
146.212512
60.389326
73.103872
79.461145
54.032053
69.925235
92.175691
85.818418
60.389326
38.138870
76.282508
130.319329
57.210689
-44.505679
-22.255224
25.424324
-50.862952
-139.864774
-92.185227
-76.292044
-155.757957
-165.293867
-114.435682
-82.649317
-69.934771
-31.791133
31.781597
85.818418
104.890237
117.604783
197.070696
260.643426
212.963878
174.820240
263.822062
321.037520
267.000699
254.286153
317.858883
333.752066
324.216156
384.610250
470.433436
387.788886
187.534786
162.105694
301.965701
298.787064
-3.183404
-225.687960
-101.721136
-15.897951
-174.829776
-308.332510
-267.010235
-260.652962
-346.476148
-333.761602
-190.722959
-139.864774
-324.225692
-470.442972
-321.047056
-120.792955
-238.402506
-454.549789
-416.406151
-251.117052
-235.223870
-270.188871
-193.901595
-117.614319
-136.686138
-101.721136
63.567962
190.713423
139.855239
25.424324
69.925235
222.499788
222.499788
82.639781
22.245688
69.925235
69.925235
19.067051
47.674780
85.818418
12.709778
-50.862952
34.960234
155.748421
130.319329
-19.076587
-76.292044
-6.362041
15.888415
-92.185227
-165.293867
-133.507501
-136.686138
-171.651140
-123.971592
-41.327043
-28.612497
-44.505679
9.531142
130.319329
197.070696
139.855239
120.783419
232.035697
282.893882
206.606605
171.641604
228.857061
267.000699
251.107516
276.536609
308.322974
282.893882
279.715245
336.930702
438.647071
394.146159
127.140692
44.496143
238.392970
295.608428
-6.362041
-225.687960
-143.043411
-69.934771
-174.829776
-276.546144
-260.652962
-270.188871
-330.582965
-327.404329
-206.616141
-139.864774
-301.975237
-441.835243
-282.903417
-82.649317
-219.330687
-425.942060
-333.761602
-193.901595
-212.973414
-232.045233
-146.222047
-98.542500
-139.864774
-114.435682
41.317507
184.356150
136.676602
-28.612497
15.888415
232.035697
225.678424
41.317507
-0.004768
69.925235
38.138870
-0.004768
47.674780
50.853416
-22.255224
-31.791133
44.496143
111.247510
104.890237
-6.362041
-69.934771
6.352505
44.496143
-41.327043
-104.899773
-95.363863
-114.435682
-120.792955
-57.220225
-19.076587
-41.327043
-34.969770
25.424324
95.354327
158.927058
155.748421
108.068873
174.820240
279.715245
244.750243
152.569785
162.105694
228.857061
212.963878
197.070696
216.142515
232.035697
235.214334
241.571607
263.822062
365.538431
400.503432
184.356150
-3.183404
136.676602
276.536609
50.853416
-254.295689
-244.759779
-120.792955
-123.971592
-216.152051
-260.652962
-235.223870
-225.687960
-238.402506
-209.794778
-130.328865
-197.080232
-365.547967
-327.404329
-133.507501
-143.043411
-362.369330
-397.334332
-238.402506
-155.757957
-178.008413
-203.437505
-158.936594
-82.649317
-28.612497
3.173869
60.389326
88.997054
9.531142
-15.897951
120.783419
193.892059
57.210689
-44.505679
9.531142
73.103872
73.103872
54.032053
31.781597
25.424324
63.567962
98.532964
101.711600
98.532964
34.960234
-34.969770
-0.004768
54.032053
-0.004768
-108.078409
-133.507501
-79.470681
-44.505679
-38.148406
-63.577498
-85.827954
-41.327043
47.674780
79.461145
88.997054
85.818418
60.389326
104.890237
203.427969
209.785242
104.890237
73.103872
152.569785
222.499788
232.035697
209.785242
209.785242
216.142515
238.392970
298.787064
343.287975
349.645248
232.035697
79.461145
149.391148
286.072518
177.998877
-82.649317
-193.901595
-101.721136
-60.398862
-139.864774
-228.866597
-251.117052
-247.938416
-222.509324
-184.365686
-130.328865
-139.864774
-279.724781
-336.940238
-184.365686
-101.721136
-254.295689
-413.227514
-343.297511
-216.152051
-178.008413
-197.080232
-187.544322
-149.400684
-95.363863
-15.897951
63.567962
127.140692
98.532964
12.709778
60.389326
177.998877
149.391148
6.352505
-25.433860
19.067051
19.067051
22.245688
41.317507
25.424324
9.531142
38.138870
88.997054
98.532964
57.210689
-22.255224
-44.505679
19.067051
15.888415
-85.827954
-133.507501
-89.006590
-79.470681
-79.470681
-31.791133
-22.255224
-44.505679
-22.255224
54.032053
95.354327
73.103872
31.781597
44.496143
123.962056
177.998877
139.855239
114.426146
165.284331
206.606605
187.534786
206.606605
235.214334
209.785242
197.070696
232.035697
289.251155
327.394793
292.429791
181.177513
123.962056
177.998877
206.606605
98.532964
-63.577498
-130.328865
-130.328865
-111.257046
-133.507501
-200.258868
-219.330687
-209.794778
-216.152051
-203.437505
-136.686138
-155.757957
-305.153873
-311.511146
-174.829776
-152.579320
-270.188871
-330.582965
-276.546144
-206.616141
-181.187049
-193.901595
-171.651140
-82.649317
-38.148406
-22.255224
63.567962
127.140692
60.389326
9.531142
98.532964
177.998877
88.997054
-6.362041
22.245688
63.567962
44.496143
31.781597
38.138870
31.781597
28.602961
50.853416
66.746599
92.175691
57.210689
-28.612497
-31.791133
28.602961
-3.183404
-92.185227
-104.899773
-82.649317
-95.363863
-92.185227
-73.113408
-79.470681
-63.577498
-0.004768
57.210689
73.103872
76.282508
82.639781
114.426146
184.356150
197.070696
146.212512
136.676602
168.462967
171.641604
177.998877
206.606605
203.427969
177.998877
203.427969
270.179335
282.893882
251.107516
222.499788
219.321151
184.356150
104.890237
63.567962
57.210689
9.531142
-111.257046
-174.829776
-120.792955
-98.542500
-178.008413
-244.759779
-232.045233
-190.722959
-193.901595
-203.437505
-200.258868
-206.616141
-212.973414
-209.794778
-162.115230
-165.293867
-238.402506
-273.367508
-232.045233
-168.472503
-165.293867
-181.187049
-149.400684
-79.470681
-22.255224
-0.004768
15.888415
38.138870
60.389326
76.282508
101.711600
108.068873
54.032053
-0.004768
15.888415
63.567962
54.032053
-12.719314
-25.433860
22.245688
54.032053
66.746599
73.103872
57.210689
41.317507
44.496143
69.925235
54.032053
-15.897951
-66.756135
-54.041589
-34.969770
-50.862952
-89.006590
-73.113408
-19.076587
9.531142
19.067051
34.960234
73.103872
98.532964
111.247510
146.212512
165.284331
127.140692
82.639781
95.354327
133.497966
139.855239
123.962056
114.426146
143.033875
190.713423
209.785242
206.606605
219.321151
232.035697
216.142515
216.142515
193.892059
117.604783
50.853416
41.317507
38.138870
-22.255224
-85.827954
-114.435682
-139.864774
-139.864774
-149.400684
-184.365686
-193.901595
-190.722959
-197.080232
-178.008413
-146.222047
-165.293867
-212.973414
-225.687960
-181.187049
-165.293867
-193.901595
-225.687960
-228.866597
