-1.603278
-6.412512
-3.206356
3.205955
3.205955
-0.000200
-3.206356
-4.809434
-1.603278
-0.000200
1.602877
-0.000200
-0.000200
1.602877
1.602877
-1.603278
1.602877
4.809033
-0.000200
-0.000200
-1.603278
-1.603278
1.602877
-0.000200
-3.206356
-3.206356
-4.809434
-3.206356
3.205955
3.205955
-1.603278
-0.000200
3.205955
-0.000200
-3.206356
-1.603278
-1.603278
1.602877
1.602877
-0.000200
3.205955
-0.000200
-0.000200
-0.000200
-0.000200
-3.206356
1.602877
3.205955
3.205955
-0.000200
-0.000200
-0.000200
-0.000200
-4.809434
-4.809434
-1.603278
-0.000200
1.602877
1.602877
-0.000200
4.809033
6.412111
-0.000200
-1.603278
1.602877
-0.000200
-0.000200
3.205955
-1.603278
-1.603278
1.602877
-1.603278
-1.603278
1.602877
-0.000200
-0.000200
-0.000200
-0.000200
-1.603278
-1.603278
1.602877
-0.000200
1.602877
3.205955
-3.206356
1.602877
3.205955
1.602877
3.205955
1.602877
-1.603278
1.602877
-0.000200
1.602877
1.602877
-0.000200
-1.603278
-3.206356
3.205955
4.809033
3.205955
-0.000200
-3.206356
3.205955
6.412111
1.602877
-1.603278
-0.000200
1.602877
4.809033
1.602877
1.602877
1.602877
-4.809434
-4.809434
-1.603278
-4.809434
-3.206356
-6.412512
-1.603278
-0.000200
-3.206356
-3.206356
-0.000200
-3.206356
-4.809434
1.602877
4.809033
-0.000200
-1.603278
-0.000200
1.602877
1.602877
1.602877
1.602877
3.205955
1.602877
4.809033
6.412111
-1.603278
-1.603278
-1.603278
1.602877
-1.603278
-4.809434
1.602877
3.205955
-1.603278
-0.000200
-0.000200
-3.206356
-4.809434
-4.809434
-0.000200
-0.000200
-6.412512
-3.206356
4.809033
1.602877
-0.000200
-1.603278
-0.000200
1.602877
-0.000200
-4.809434
-1.603278
1.602877
1.602877
4.809033
-0.000200
1.602877
-1.603278
-1.603278
1.602877
-0.000200
-0.000200
-4.809434
1.602877
3.205955
-4.809434
-8.015590
-3.206356
3.205955
-1.603278
-3.206356
-0.000200
-3.206356
1.602877
4.809033
3.205955
3.205955
3.205955
3.205955
-4.809434
-8.015590
4.809033
8.015189
-1.603278
-1.603278
1.602877
6.412111
-0.000200
-4.809434
-0.000200
6.412111
1.602877
-3.206356
-0.000200
4.809033
-1.603278
-6.412512
-3.206356
-0.000200
-1.603278
-4.809434
-4.809434
3.205955
-0.000200
-3.206356
-1.603278
1.602877
3.205955
4.809033
6.412111
3.205955
-4.809434
-3.206356
1.602877
3.205955
-1.603278
1.602877
1.602877
-0.000200
3.205955
1.602877
-1.603278
3.205955
3.205955
-0.000200
3.205955
3.205955
-3.206356
-6.412512
1.602877
4.809033
4.809033
-1.603278
-3.206356
6.412111
1.602877
-1.603278
-0.000200
-0.000200
-0.000200
-3.206356
3.205955
1.602877
-0.000200
3.205955
3.205955
-3.206356
-1.603278
1.602877
3.205955
-1.603278
-3.206356
-1.603278
-0.000200
1.602877
-3.206356
-1.603278
-1.603278
-3.206356
-3.206356
-0.000200
-6.412512
-1.603278
1.602877
-4.809434
20.839812
-19.237135
-44.886380
48.092135
17.633656
-32.061757
12.824422
-8.015590
-0.000200
22.442889
-12.824823
-6.412512
6.412111
-9.618667
1.602877
14.427500
-3.206356
-9.618667
-3.206356
3.205955
8.015189
-3.206356
-3.206356
1.602877
-6.412512
-4.809434
-6.412512
-1.603278
1.602877
1.602877
-8.015590
4.809033
16.030578
-4.809434
-3.206356
4.809033
-9.618667
-4.809434
4.809033
3.205955
6.412111
-1.603278
-3.206356
6.412111
4.809033
4.809033
-9.618667
-6.412512
9.618267
-1.603278
-1.603278
3.205955
3.205955
8.015189
-0.000200
1.602877
-3.206356
-11.221745
8.015189
11.221345
1.602877
6.412111
-3.206356
-8.015590
1.602877
-0.000200
6.412111
-1.603278
-19.237135
4.809033
12.824422
4.809033
9.618267
-4.809434
-6.412512
-4.809434
-4.809434
19.236734
19.236734
3.205955
-9.618667
-27.252524
-11.221745
9.618267
17.633656
14.427500
-4.809434
-3.206356
4.809033
6.412111
1.602877
-24.046368
-12.824823
11.221345
9.618267
3.205955
-8.015590
1.602877
11.221345
8.015189
11.221345
-0.000200
-12.824823
-8.015590
-4.809434
4.809033
11.221345
9.618267
-8.015590
-19.237135
9.618267
24.045967
-1.603278
-22.443290
-17.634057
-6.412512
27.252123
17.633656
-35.267913
-16.030979
17.633656
1.602877
-3.206356
-0.000200
-16.030979
-11.221745
3.205955
4.809033
17.633656
16.030578
-9.618667
8.015189
19.236734
-11.221745
-6.412512
-27.252524
32.061357
-92.978715
-357.486560
99.390626
504.969321
57.710602
-205.194165
-128.246428
-38.474069
155.498351
67.329069
-145.880284
-22.443290
84.962925
-8.015590
-36.870991
38.473668
27.252123
-57.711003
-40.077147
49.695213
51.298291
-46.489458
-52.901769
22.442889
11.221345
-12.824823
-19.237135
1.602877
78.550614
57.710602
-38.474069
-73.741781
-25.649446
41.679824
14.427500
-28.855602
25.649045
46.489057
-16.030979
-36.870991
-8.015590
49.695213
9.618267
-80.154093
-16.030979
12.824422
-0.000200
52.901369
-17.634057
-54.504847
3.205955
38.473668
76.947536
6.412111
-20.840212
-131.452584
-397.563506
1.602877
633.215549
280.538423
-312.600380
-304.584991
-54.504847
256.492255
198.781452
-177.941841
-96.184871
100.993704
36.870590
11.221345
-46.489458
-40.077147
9.618267
-11.221745
115.421404
68.932147
-78.551015
14.427500
9.618267
12.824422
-176.338763
-593.139003
81.756770
1032.381932
214.812231
-755.049866
-291.760368
96.184470
150.689117
320.615369
-81.757170
-339.852704
70.535225
168.322973
-4.809434
-33.664835
-57.711003
-30.458679
-20.840212
11.221345
125.039872
27.252123
-80.154093
11.221345
20.839812
-20.840212
-9.618667
84.962925
33.664434
-86.566404
57.710602
62.519836
-9.618667
-408.785051
-902.533027
437.640051
1577.428399
-115.421805
-1138.185471
-134.658739
251.683021
306.187668
264.507644
-397.563506
-251.683422
280.538423
73.741381
-11.221745
-11.221745
-25.649446
65.725991
-192.369542
80.153692
479.320075
-89.772560
-304.584991
-72.138703
22.442889
333.439991
176.338363
-142.674129
-609.169782
-1085.283902
535.427800
1787.431597
-67.329470
-1365.822525
-589.932847
367.104626
787.111022
128.246027
-434.434296
117.024482
184.353752
-102.597182
64.122913
-157.101829
-256.492656
3.205955
30.458279
301.378435
455.273908
-168.323374
-525.809734
89.772159
482.526231
152.292195
-184.354153
-277.332668
-65.726392
229.239931
315.806135
40.076746
-545.046668
-549.855901
317.409213
662.070950
-28.855602
-129.849506
283.744578
-44.886380
-537.031279
-535.428201
439.243129
852.837213
-389.548117
-455.274308
237.255321
-11.221745
293.363045
104.199860
-546.649746
238.858399
549.855501
-43.283302
-163.514141
-222.828021
3.205955
76.947536
-185.957230
36.870590
109.009093
-40.077147
41.679824
-60.917159
9.618267
267.713800
-104.200260
-174.735686
378.326171
301.378435
-33.664835
-407.181973
-993.908464
-657.262117
695.735584
1312.920555
423.212351
-538.634356
-737.416009
-288.554213
559.473968
458.480063
-169.926452
-38.474069
99.390626
84.962925
227.636854
-270.920356
-780.699111
11.221345
500.160087
177.941440
245.270710
-137.864895
-351.074249
120.230638
-100.994105
-293.363446
38.473668
155.498351
-1.603278
-229.240332
-51.298691
237.255321
49.695213
-193.972620
-254.889578
-131.452584
158.704506
270.919955
224.430698
171.529129
-104.200260
-379.929650
-123.437194
-24.046368
-504.969722
-338.249626
383.135405
718.178674
549.855501
-256.492656
-787.111422
-267.714201
238.858399
200.384530
137.864494
-73.741781
-128.246428
221.224542
19.236734
-272.523434
-261.301889
-357.486560
254.889177
621.994004
24.045967
-147.483362
-176.338763
-208.400320
123.436794
-57.711003
-213.209554
78.550614
22.442889
120.230638
94.581392
-349.471171
-102.597182
277.332267
177.941440
150.689117
80.153692
20.839812
118.627560
100.993704
75.344458
60.916758
-118.627961
-128.246428
149.086039
201.987608
-40.077147
-44.886380
67.329069
1.602877
67.329069
-24.046368
-327.028081
-48.092536
187.559908
-201.988009
-216.415710
129.849105
115.421404
32.061357
-59.314081
-54.504847
139.467572
-52.901769
-117.024883
259.698411
160.307584
28.855201
195.575297
-32.061757
-128.246428
86.566003
3.205955
-4.809434
173.132207
73.741381
-81.757170
-44.886380
-33.664835
-166.720296
-185.957230
91.375237
250.079943
142.673728
16.030578
-70.535626
-72.138703
-112.215650
-0.000200
234.049165
125.039872
80.153692
230.843009
49.695213
-179.544919
-165.117218
-139.467973
-56.107925
160.307584
248.476866
94.581392
-131.452584
-166.720296
11.221345
-6.412512
-158.704907
-120.231039
-75.344859
9.618267
163.513740
22.442889
-240.461877
-246.874189
-150.689518
-206.797242
-48.092536
248.476866
-4.809434
-181.147997
91.375237
4.809033
-187.560308
-68.932548
17.633656
-57.711003
3.205955
189.162985
14.427500
-173.132608
-52.901769
22.442889
166.719896
192.369141
-8.015590
59.313680
142.673728
9.618267
102.596782
203.590686
19.236734
1.602877
155.498351
168.322973
144.276806
8.015189
-129.849506
76.947536
157.101428
-52.901769
51.298291
40.076746
-168.323374
190.766063
270.919955
-258.095733
-129.849506
185.956830
-81.757170
-118.627961
78.550614
-126.643350
-302.981913
-152.292596
-68.932548
-64.123314
-136.261817
-347.868093
-298.172680
-182.751075
-251.683422
-160.307985
-131.452584
-272.523434
-214.812632
-160.307985
-166.720296
-83.360248
-75.344859
-169.926452
-177.941841
-17.634057
62.519836
-11.221745
-60.917159
70.535225
250.079943
97.787548
17.633656
293.363045
359.089237
286.950734
442.449285
455.273908
197.178375
147.482961
339.852303
450.464674
434.433896
389.547716
394.356950
335.043069
205.193764
307.790746
569.092435
496.953932
389.547716
455.273908
-161.911063
-825.585291
-320.615769
187.559908
-109.009494
-92.978715
92.978315
-546.649746
-1122.154692
-785.508345
-384.738883
-613.979015
-809.554512
-338.249626
-60.917159
-253.286500
-174.735686
-283.744979
-742.225243
-679.705207
-261.301889
-83.360248
19.236734
280.538423
298.172279
-141.071051
-314.203458
96.184470
339.852303
118.627560
56.107524
283.744578
320.615369
278.935345
267.713800
56.107524
-145.880284
-89.772560
110.612171
258.095333
264.507644
92.978315
-86.566404
-20.840212
168.322973
376.723093
500.160087
312.599979
201.987608
352.676926
226.033776
94.581392
389.547716
694.132507
864.058758
859.249525
969.861896
823.981812
-642.834416
-1476.434896
-254.889578
545.046267
280.538423
322.218447
214.812231
-591.535925
-1202.308584
-814.363746
-386.341961
-907.342261
-1029.176177
-161.911063
153.895273
-193.972620
-314.203458
-580.314380
-1123.757770
-971.465375
-72.138703
447.258518
343.058459
17.633656
-250.080344
-206.797242
-133.055662
-107.406416
216.415309
516.190866
432.830818
330.233836
304.584590
72.138303
-136.261817
-121.834117
-11.221745
182.750674
323.821524
242.064554
-11.221745
-216.415710
-336.646548
-368.708105
-245.271111
-17.634057
165.116818
250.079943
362.295393
205.193764
-211.606476
-51.298691
578.710902
660.467872
251.683021
226.033776
670.086339
1090.092734
1125.360447
1082.077345
1142.994303
96.184470
-1285.668632
-684.514440
706.957129
687.720195
24.045967
102.596782
-19.237135
-1014.748476
-1211.927051
-569.092835
-737.416009
-1163.834716
-658.865195
-72.138703
-256.492656
-456.877386
-453.671231
-880.089937
-1077.268512
-359.089638
283.744578
190.766063
-9.618667
68.932147
72.138303
-80.154093
56.107524
327.027680
266.110722
256.492255
617.184770
761.461776
410.387728
-100.994105
-399.166584
-294.966524
67.329069
391.150794
333.439991
24.045967
-168.323374
-312.600380
-403.975817
-428.021985
-383.135805
-189.163386
8.015189
245.270710
362.295393
185.956830
-4.809434
-56.107925
282.141500
610.772459
371.913860
387.944638
910.548016
1170.246627
1062.840411
1268.034375
1252.003597
-259.698811
-1397.884082
-426.418907
700.544818
654.055561
484.129309
442.449285
-561.077446
-1649.567303
-1163.834716
-418.403518
-801.539123
-984.289997
-436.037374
-323.821925
-530.618967
-351.074249
-360.692716
-977.877686
-1160.628560
-436.037374
142.673728
301.378435
468.098530
302.981512
-232.446488
-402.372740
-14.427901
367.104626
545.046267
795.126411
788.714100
352.676926
126.642949
126.642949
60.916758
-144.277206
-243.668033
97.787548
304.584590
243.667632
166.719896
-214.812632
-650.849806
-759.859099
-512.985111
-110.612572
123.436794
182.750674
145.879884
-17.634057
-147.483362
12.824422
371.913860
639.627860
567.489357
347.867692
426.418506
820.775656
1235.972818
1462.006795
1572.619166
753.446387
-913.754572
-1195.896273
-92.978715
670.086339
952.228040
876.883381
-113.818727
-1482.847207
-1466.816429
-394.357350
-349.471171
-1067.650045
-1094.902369
-827.188369
-480.923554
403.975417
524.206255
-1053.222345
-2193.010693
-1298.493255
-1.603278
602.757069
876.883381
328.630758
-761.462177
-690.926752
429.624662
780.698710
296.569201
150.689117
245.270710
312.599979
769.477165
993.908064
214.812231
-538.634356
-306.188069
-4.809434
-8.015590
386.341560
490.541620
-65.726392
-397.563506
-479.320476
-575.505147
-448.861997
-36.870991
121.833716
-216.415710
-296.569602
54.504446
235.652243
306.187668
294.966123
112.215249
189.162985
633.215549
966.655740
719.781752
524.206255
841.615668
1287.271309
1449.182172
403.975417
-1022.763866
-1240.782453
-339.852704
1139.788148
1676.819226
439.243129
-1189.483962
-1731.324273
-857.646848
51.298291
-189.163386
-907.342261
-1317.730189
-811.157590
501.763165
907.341860
-274.126512
-1676.819627
-1853.158190
-795.126812
424.815429
1000.320375
452.067752
-575.505147
-668.483662
-9.618667
391.150794
323.821524
-11.221745
-227.637254
120.230638
788.714100
900.929549
171.529129
-500.160488
-424.815829
48.092135
493.747776
545.046267
94.581392
-277.332668
-145.880284
134.658339
-30.458679
-416.800440
-480.923554
-190.766464
237.255321
376.723093
83.359848
-291.760368
-301.378835
133.055261
521.000099
580.313980
423.212351
280.538423
307.790746
400.769261
487.335465
506.572399
663.674028
974.671130
564.283201
-386.341961
-1008.336165
-881.693015
262.904566
1187.880483
920.166483
-195.575698
-1287.271710
-1142.994704
-165.117218
397.563105
32.061357
-883.296093
-1112.536225
-174.735686
857.646447
875.280303
-251.683422
-1527.733387
-1614.299591
-456.877386
825.584890
1059.634255
134.658339
-823.982213
-846.425303
-3.206356
740.621764
549.855501
-278.935745
-854.440692
-524.206656
537.030878
1131.772758
636.421704
-378.326572
-1056.428500
-689.323674
357.486159
963.449585
657.261716
-123.437194
-612.375937
-460.083542
163.513740
599.550914
330.233836
-317.409614
-673.292895
-288.554213
399.166183
604.360147
226.033776
-296.569602
-456.877386
-102.597182
488.938542
658.864794
261.301488
-258.095733
-463.289698
-3.206356
591.535525
633.215549
301.378435
-27.252524
-177.941841
-168.323374
-166.720296
-72.138703
137.864494
261.301488
367.104626
208.399920
-107.406416
-120.231039
25.649045
32.061357
-115.421805
-163.514141
-115.421805
91.375237
392.753872
394.356950
22.442889
-391.151195
-436.037374
-200.384931
91.375237
238.858399
88.169081
-182.751075
-272.523434
-48.092536
157.101428
88.169081
-176.338763
-444.052764
-399.166584
-48.092536
304.584590
354.280003
35.267512
-310.997302
-335.043470
-81.757170
152.292195
133.055261
-115.421805
-312.600380
-216.415710
89.772159
291.759967
107.406015
-299.775757
-477.717398
-278.935745
62.519836
254.889177
171.529129
-110.612572
-270.920356
-129.849506
76.947536
86.566003
-67.329470
-190.766464
-97.787949
163.513740
259.698411
94.581392
-118.627961
-137.864895
65.725991
243.667632
267.713800
177.941440
128.246027
275.729189
352.676926
99.390626
-218.018787
-248.477266
68.932147
472.907764
641.230938
359.089237
-166.720296
-349.471171
-78.551015
267.713800
296.569201
3.205955
-259.698811
-216.415710
173.132207
511.381632
363.898471
-129.849506
-504.969722
-477.717398
-100.994105
270.919955
261.301488
-78.551015
-335.043470
-246.874189
41.679824
226.033776
64.122913
-319.012692
-508.175877
-328.631159
67.329069
333.439991
218.018387
-113.818727
-312.600380
-201.988009
76.947536
187.559908
-8.015590
-304.584991
-421.609674
-219.621865
139.467572
278.935345
36.870590
-310.997302
-413.594284
-205.194165
62.519836
84.962925
-145.880284
-336.646548
-192.369542
222.827620
391.150794
1.602877
-532.222045
-567.489758
33.664434
618.787848
488.938542
-169.926452
-508.175877
-139.467973
383.135405
472.907764
234.049165
-43.283302
-157.101829
56.107524
448.861596
655.658638
402.372339
-254.889578
-713.369842
-314.203458
647.643249
1118.948136
631.612471
-261.301889
-668.483662
-230.843410
485.732387
687.720195
201.987608
-468.098931
-605.963626
-17.634057
710.163285
828.791046
163.513740
-641.231339
-811.157590
-254.889578
456.876986
607.566303
60.916758
-565.886680
-599.551315
-19.237135
490.541620
359.089237
-272.523434
-806.348357
-668.483662
76.947536
721.384830
633.215549
-60.917159
-602.757470
-484.129710
86.566003
476.113920
280.538423
-270.920356
-605.963626
-344.661937
242.064554
484.129309
88.169081
-556.268213
-840.012991
-453.671231
267.713800
602.757069
283.744578
-347.868093
-658.865195
-351.074249
190.766063
464.892375
125.039872
-540.237434
-591.535925
96.184470
605.963225
310.996902
-346.265015
-464.892776
-49.695614
338.249225
468.098530
246.873788
-168.323374
-286.951135
153.895273
708.560207
775.889477
304.584590
-232.446488
-355.883482
-206.797242
1.602877
310.996902
636.421704
763.064854
347.867692
-424.815829
-673.292895
-123.437194
504.969321
480.923153
-133.055662
-557.871291
-278.935745
450.464674
888.104926
352.676926
-764.668333
-1284.065555
-638.025183
532.221644
1059.634255
469.701608
-604.360548
-1054.825423
-423.212752
512.984710
665.277105
-67.329470
-809.554512
-690.926752
240.461476
1009.938842
745.430998
-376.723494
-1197.499351
-820.776057
298.172279
1037.191166
763.064854
-230.843410
-912.151494
-607.566704
195.575297
474.510842
-38.474069
-674.895973
-714.972919
-33.664835
666.880183
551.458578
-347.868093
-1099.711602
-809.554512
208.399920
795.126411
458.480063
-301.378835
-615.582093
-216.415710
210.002997
195.575297
60.916758
84.962925
-20.840212
-28.855602
421.609273
666.880183
336.646147
-173.132608
-256.492656
144.276806
602.757069
976.274207
928.181872
392.753872
-293.363446
-904.136105
-918.563806
144.276806
1444.372938
1542.160687
325.424602
-1109.330069
-1439.564105
-402.372740
807.951034
915.357249
-109.009494
-1042.000800
-787.111422
363.898471
1175.055860
596.344758
-1096.505447
-2066.367543
-1118.948536
809.554112
1817.890076
926.578794
-926.579195
-1902.853603
-1035.588488
682.910962
1361.012890
500.160087
-787.111422
-1107.726992
-100.994105
1104.520435
1093.298890
-192.369542
-1325.745578
-998.717698
463.289297
1561.397621
1221.545118
-250.080344
-1476.434896
-1296.890177
19.236734
1067.649645
838.409513
-333.440392
-1187.880884
-867.265315
152.292195
708.560207
243.667632
-679.705207
-1024.366944
-294.966524
843.218746
1074.061956
65.725991
-1032.382333
-982.686920
161.910662
1136.581992
1115.741980
346.264614
-424.815829
-482.526632
275.729189
1082.077345
864.058758
-84.963326
-145.880284
838.409513
1362.615968
880.089537
-110.612572
-1118.948536
-1421.930249
-400.769662
1514.908363
2486.373538
1024.366543
-1654.376537
-2728.438693
-1197.499351
1037.191166
1611.093034
179.544518
-1402.693315
-1340.173279
65.725991
1123.757369
452.067752
-1423.533327
-2350.112322
-1067.650045
1210.323573
2111.253322
739.018686
-1478.037974
-2327.669232
-1069.253123
889.708004
1662.391525
819.172579
-482.526632
-913.754572
-173.132608
795.126411
827.187968
-84.963326
-795.126812
-392.754272
711.766363
1343.379034
828.791046
-482.526632
-1470.022585
-1138.185471
121.833716
979.480363
726.194064
-234.049566
-968.259219
-896.120716
-213.209554
290.156890
89.772159
-429.625063
-503.366644
72.138303
605.963225
423.212351
-288.554213
-708.560608
-320.615769
493.747776
1000.320375
838.409513
323.821524
44.885979
157.101428
362.295393
455.273908
636.421704
811.157189
807.951034
822.378734
440.846207
-785.508345
-1638.345758
-639.628261
1407.502148
2290.798041
1003.526531
-1322.539423
-2396.601579
-1168.643950
774.286399
1216.735884
-44.886380
-1324.142501
-1131.773159
176.338363
961.846507
147.482961
-1538.954932
-2117.666034
-761.462177
1146.200459
1688.040771
420.006195
-1378.647147
-1986.213651
-844.822225
828.791046
1385.059058
588.329369
-487.335865
-761.462177
-73.741781
758.255620
798.332567
35.267512
-583.520536
-365.501949
395.960027
960.243429
755.049465
-171.529530
-1013.145399
-945.816129
-112.215650
636.421704
687.720195
14.427500
-775.889878
-865.662237
-219.621865
328.630758
169.926051
-418.403518
-626.803638
-125.040272
567.489357
721.384830
137.864494
-548.252823
-490.542021
349.470770
1165.437393
1227.957429
561.077045
-157.101829
-157.101829
521.000099
1173.452782
1354.600579
710.163285
-559.474368
-1367.425602
-854.440692
775.889477
2098.428699
1575.825322
-666.880584
-2491.183172
-1880.410513
490.541620
1883.616268
798.332567
-1293.684022
-1906.059758
-553.062057
1062.840411
1072.458878
-721.385231
-2334.081543
-1805.065854
242.064554
1596.665334
1048.412710
-724.591386
-1992.625962
-1476.434896
331.836914
1604.680723
1144.597381
-368.708105
-1335.364046
-923.373039
386.341560
1322.539022
950.624962
-355.883482
-1114.139303
-387.945039
1014.748076
1540.557609
516.190866
-1136.582393
-1715.293495
-569.092835
1106.123513
1572.619166
379.929249
-1178.262417
-1513.305686
-420.006596
780.698710
756.652543
-298.172680
-1035.588488
-575.505147
537.030878
1035.588088
444.052363
-487.335865
-612.375937
246.873788
1147.803537
1301.699010
673.292495
-81.757170
-152.292596
638.024782
1628.726890
1494.068351
-125.040272
-1688.041172
-1380.250225
894.517237
2715.613670
1857.967022
-897.723794
-2903.174178
-2172.170681
495.350854
2217.056460
1296.889776
-1139.788548
-2398.204657
-1282.462477
644.437093
1167.040471
-238.858799
-1902.853603
-1779.416609
19.236734
1460.403717
971.464974
-963.449985
-2335.684621
-1697.659639
442.449285
2037.511741
1548.572998
-370.311183
-1752.164285
-1338.570201
357.486159
1502.083741
929.784950
-463.289698
-904.136105
52.901369
1072.458878
904.135704
-282.141901
-1199.102429
-756.652943
589.932447
1388.265214
793.523333
-577.108225
-1367.425602
-974.671530
144.276806
897.723393
541.840111
-351.074249
-694.132907
-301.378835
288.553812
535.427800
294.966123
-59.314081
46.489057
726.194064
1167.040471
777.492555
137.864494
112.215249
993.908064
1809.874687
1053.221944
-1058.031578
-2133.696813
-394.357350
2435.075047
3016.992305
535.427800
-2624.238633
-3326.386729
-819.172979
2136.902567
2326.065753
-197.178775
-2431.869292
-2159.346058
-182.751075
1219.942040
617.184770
-1300.096333
-2176.979914
-891.311482
1029.175776
1362.615968
-222.828021
-2050.336765
-2279.576896
-411.991207
1873.997801
2191.407214
280.538423
-1795.447387
-2000.641351
-352.677326
1385.059058
1668.803837
545.046267
-613.979015
-732.606776
-70.535626
529.015489
514.587788
-14.427901
-403.975817
-117.024883
588.329369
780.698710
67.329069
-912.151494
-1239.179375
-432.831219
814.363345
1187.880483
299.775357
-920.166884
-1205.514740
-262.904967
942.609573
1247.194363
533.824722
-157.101829
-22.443290
581.917057
945.815728
891.311082
900.929549
1192.689717
872.074147
-561.077446
-1673.613471
-631.612871
1899.647046
2927.219945
1016.351154
-1999.038274
-3217.377436
-1401.090237
1519.717597
2332.478065
371.913860
-1965.373639
-2261.943040
-764.668333
604.360147
577.107824
-745.431398
-1700.865794
-949.022285
514.587788
870.471070
-267.714201
-1649.567303
-1857.967423
-469.702009
1508.496052
2002.244028
338.249225
-1635.139603
-1991.022884
-615.582093
1253.606675
2080.794843
1157.422004
-594.742081
-1434.754872
-772.683722
479.320075
1221.545118
872.074147
-195.575698
-708.560608
-109.009494
546.649345
227.636854
-594.742081
-864.059159
-201.988009
782.301788
990.701908
-41.680224
-1226.354752
-1091.696213
205.193764
1320.935944
1351.394423
511.381632
-285.348057
-323.821925
327.027680
1035.588088
1492.465274
1821.096232
1364.219046
-556.268213
-2390.189268
-1590.253423
1676.819226
3946.777455
2404.616568
-1630.330369
-4166.399520
-2707.598681
1151.009693
3244.629359
1551.779154
-1668.804237
-3055.466574
-1745.751974
403.975417
1203.911261
80.153692
-1609.490357
-1766.591986
-210.003398
1022.763465
440.846207
-1280.859399
-2178.582992
-1058.031578
1229.560507
2391.791945
942.609573
-1654.376537
-2621.032478
-1091.696213
1481.243729
2784.546017
1625.520735
-910.548417
-2358.127711
-1276.050165
979.480363
2101.634855
1295.286699
-506.572800
-1409.105626
-567.489758
705.354052
854.440291
-88.169482
-795.126812
-471.305087
351.073848
716.575596
40.076746
-969.862297
-892.914560
344.661536
1381.852902
1187.880483
171.529129
-543.443590
-327.028081
596.344758
1415.517537
1708.880783
1716.896172
944.212651
-1078.871590
-2608.207855
-1191.087039
2497.595083
4419.685419
1978.197861
-2621.032478
-4825.264515
-2435.075447
2061.557909
3977.235934
1635.139202
-2194.613771
-3816.928550
-2217.056860
583.520135
1941.327070
779.095632
-1470.022585
-2229.881483
-953.831518
541.840111
527.412411
-764.668333
-1518.114920
-626.803638
1086.886579
1617.505346
28.855201
-1958.961327
-2082.398321
-12.824823
2334.081142
2553.702807
319.012291
-2253.927651
-2553.703208
-176.338763
2433.471969
2744.469071
537.030878
-1963.770561
-2202.629160
-142.674129
1875.600879
1781.019286
-49.695614
-1445.976417
-1162.231638
152.292195
920.166483
354.280003
-516.191267
-444.052764
421.609273
958.640351
577.107824
-133.055662
-315.806536
294.966123
1224.751273
1657.582292
1579.031477
1162.231237
-267.714201
-2122.475268
-1915.678226
1320.935944
4357.165383
3122.795442
-1532.542621
-4841.295293
-3531.580694
1088.489657
4299.454581
2920.807634
-1434.754872
-4424.495054
-3470.663736
-19.237135
2688.361346
2330.874987
-779.096033
-3313.562107
-2685.155591
-22.443290
1601.474567
771.080243
-1024.366944
-1633.536525
-477.717398
969.861896
775.889477
-714.972919
-1463.610273
-501.763566
1256.812830
1947.739382
665.277105
-1511.702609
-2170.567603
-193.972620
2205.834915
2390.188867
363.898471
-1795.447387
-1942.930549
-38.474069
1840.333166
1784.225441
35.267512
-1385.059459
-1304.905566
-189.163386
872.074147
819.172579
-81.757170
-549.855901
-169.926452
330.233836
331.836914
280.538423
580.313980
825.584890
751.843309
466.495453
532.221644
1396.280603
1579.031477
-314.203458
-2268.355352
-1058.031578
2619.428999
4034.946736
958.640351
-3287.912861
-4273.805736
-1035.588488
3095.543119
3772.041970
384.738482
-3610.131508
-4386.021185
-1450.785650
2252.324172
3323.180173
521.000099
-3364.860598
-4068.611772
-1099.711602
2059.954831
2188.201059
-286.951135
-2401.410813
-2095.222944
107.406015
1633.536124
953.831118
-727.797542
-1500.481064
-519.397422
1160.628160
1569.413010
161.910662
-1535.748776
-1284.065555
838.409513
2269.958029
1399.486759
-900.929949
-2141.712202
-793.523734
1611.093034
2329.271909
559.473968
-1686.438094
-1979.801339
-290.157290
1503.686819
1550.176076
-166.720296
-1542.161088
-1051.619267
532.221644
1445.976016
990.701908
73.741381
-258.095733
123.436794
772.683321
1160.628160
1522.923753
1667.200759
218.018387
-2016.672130
-1983.007495
1253.606675
4168.002197
2744.469071
-1721.705806
-4424.495054
-2718.820226
1579.031477
3991.663635
2143.314879
-1971.785950
-4462.968922
-3016.992705
836.806435
3363.257119
2031.099430
-1965.373639
-4230.522634
-2481.564705
1001.923453
2507.213550
873.677225
-1689.644249
-2529.657040
-1033.985411
1024.366543
1455.594483
219.621464
-1134.979315
-1168.643950
190.766063
1303.302088
799.935644
-750.240632
-1216.736285
109.009093
1362.615968
1138.185070
-193.972620
-1203.911662
-665.277506
767.874088
1437.960627
628.406315
-799.936045
-1256.813231
-378.326572
825.584890
1104.520435
40.076746
-1050.016189
-761.462177
408.784650
1070.855800
706.957129
78.550614
43.282901
399.166183
654.055561
708.560207
1030.778854
1817.890076
1221.545118
-1247.194764
-2463.930849
-157.101829
3493.106425
3786.469670
-134.658739
-3988.457880
-3815.325472
185.956830
3879.448185
3352.035574
-751.843710
-4445.335066
-4172.811832
-177.941841
3513.946437
3207.758568
-1022.763866
-4644.116718
-3738.377736
296.569201
3077.909263
2039.114819
-1223.148596
-3193.331268
-2125.681423
610.772459
2116.062555
1194.292794
-862.456081
-1965.373639
-870.471470
1118.948136
1652.773058
192.369141
-1332.157890
-831.997602
891.311082
1614.299190
442.449285
-1231.163986
-1138.185471
644.437093
1798.653142
916.960327
-985.893075
-1686.438094
-432.831219
1250.400519
1559.794543
64.122913
-1579.031878
-1362.616369
447.258518
1750.560807
1194.292794
-291.760368
-819.172979
65.725991
1136.581992
1352.997501
947.418806
1067.649645
1085.283501
-543.443590
-1999.038274
-548.252823
2781.339861
3744.789646
546.649345
-3360.051364
-3858.608574
-521.000500
3355.241730
3632.574197
-84.963326
-3988.457880
-4360.371940
-772.683722
3159.666233
3494.709502
-327.028081
-4421.288898
-4168.002598
-187.560308
3007.373837
2438.281202
-769.477566
-3249.438993
-2701.186370
177.941440
2308.431897
1704.071549
-519.397422
-2135.299890
-1643.154992
543.443189
1970.182472
1082.077345
-864.059159
-1404.296393
-206.797242
1123.757369
1272.843609
-20.840212
-1086.886980
-367.105027
984.289597
1074.061956
-112.215650
-1046.810033
-613.979015
581.917057
1157.422004
362.295393
-1019.557710
-1144.597782
208.399920
1351.394423
1070.855800
-134.658739
-767.874488
40.076746
1260.018986
1389.868292
549.855501
479.320075
1458.800639
711.766363
-1558.191866
-1585.444189
1361.012890
3655.017287
2075.985609
-1854.761267
-3964.411712
-2045.527531
2160.948735
4092.657539
1383.455980
-2915.998801
-4612.055161
-2149.727591
2218.659538
4034.946736
1125.360447
-3728.759269
-4910.227641
-1312.920956
2661.109023
3122.795442
131.452183
-3145.238933
-3485.091436
-583.520536
2364.539621
2292.401118
-92.978715
-2170.567603
-2300.416908
-133.055662
2170.567202
1832.317777
-604.360548
-1885.219747
-700.545219
944.212651
1444.372938
487.335465
-941.006896
-788.714500
666.880183
1109.329669
89.772159
-772.683722
-496.954332
378.326171
880.089537
394.356950
-836.806836
-1126.963926
234.049165
1428.342160
936.197261
-389.548117
-799.936045
221.224542
1476.434495
1421.929848
307.790746
-80.154093
1219.942040
1609.489956
-642.834416
-1958.961327
144.276806
2981.724592
2701.185969
-573.902069
-3350.432897
-2790.958729
870.471070
3840.974317
2277.973418
-2071.176777
-4379.608874
-2685.155591
1332.157489
3752.805036
1906.059358
-2789.355651
-5000.000000
-2053.542920
2181.788747
3212.567802
621.994004
-2670.727891
-3541.199161
-1157.422405
2051.939442
2564.924352
206.796842
-2071.176777
-2370.952334
-527.412812
1859.570100
2136.902567
-52.901769
-1930.105926
-1245.591686
529.015489
1462.006795
1187.880483
-293.363446
-1300.096333
-359.089638
950.624962
872.074147
17.633656
-480.923554
-354.280404
165.116818
540.237033
100.993704
-601.154392
-229.240332
641.230938
650.849405
17.633656
-216.415710
246.873788
977.877285
1082.077345
431.227740
32.061357
969.861896
1894.837813
131.452183
-1989.419806
-761.462177
2354.921154
3143.635454
503.366243
-2601.795543
-3167.682023
-375.120416
3278.293993
3148.444688
-1082.077746
-4163.193365
-3081.115819
530.618566
3108.367742
2279.576496
-1518.114920
-4501.442790
-2802.180274
1317.729788
3002.564604
1074.061956
-2000.641351
-3278.294394
-1673.613471
1325.745178
2471.945837
596.344758
-1639.948836
-2151.330669
-1016.351554
1102.917357
2180.185669
710.163285
-1580.634956
-1723.308884
-0.000200
1276.049765
1486.052962
360.692315
-1293.684022
-1115.742381
625.200159
1341.775956
503.366243
-411.991207
-679.705207
-319.012692
482.526231
719.781752
-110.612572
-591.535925
3.205955
522.603177
367.104626
131.452183
206.796842
556.267812
838.409513
596.344758
168.322973
604.360147
1920.487058
1141.391225
-1702.468872
-1859.570501
1385.059058
3533.183371
1724.911561
-1659.185770
-3247.835915
-1776.210453
1957.357849
3905.097431
822.378734
-3547.611472
-3975.633257
-681.308285
2552.099729
2806.989107
-46.489458
-3698.300790
-3816.928550
-70.535626
2765.309083
1925.296292
-987.496153
-2960.884981
-2479.961627
91.375237
2305.225741
1558.191465
-920.166884
-2154.536825
-1612.696513
218.018387
1989.419406
1566.206855
-852.837614
-2159.346058
-682.911362
1271.240531
1721.705406
577.107824
-1187.880884
-1300.096333
477.716998
1518.114519
655.658638
-535.428201
-759.859099
-179.544919
630.009393
787.111022
-137.864895
-815.966824
-136.261817
756.652543
646.040171
-1.603278
-176.338763
330.233836
981.083441
897.723393
235.652243
153.895273
1361.012890
1761.782352
-681.308285
-2164.155292
278.935345
3124.398520
2334.081142
-795.126812
-2656.300190
-2103.238333
638.024782
3371.272508
2011.862496
-2383.776956
-4023.725592
-1490.862597
1779.416208
2598.588987
732.606375
-2475.152394
-3860.211652
-1173.453183
2058.351753
2067.970220
-283.744979
-2249.118417
-2465.533927
-864.059159
1473.228339
1882.013190
-118.627961
-1688.041172
-1752.164285
-737.416009
1240.782052
2112.856400
290.156890
-1909.265914
-1505.290297
302.981512
1364.219046
1513.305286
176.338363
-1556.588788
-1070.856201
831.997201
1426.739082
522.603177
-429.625063
-825.585291
-426.418907
564.283201
822.378734
28.855201
-408.785051
-88.169482
201.987608
246.873788
405.578494
617.184770
609.169381
352.676926
174.735285
389.547716
1155.818926
2037.511741
548.252423
-2221.866094
-1423.533327
2358.127310
3634.177275
599.550914
-2540.878585
-2683.552513
-461.686620
2556.908963
3117.986209
-554.665135
-3929.143999
-2789.355651
892.914159
2649.887478
1276.049765
-1340.173279
-3284.706705
-2176.979914
968.258818
2098.428699
362.295393
-1657.582692
-2043.924453
-1227.957830
253.286099
1450.785250
679.704806
-976.274608
-1445.976417
-1187.880884
-89.772560
1638.345358
1458.800639
-949.022285
-2079.192166
-445.655841
1179.865094
1423.532926
596.344758
-1040.397722
-1381.853303
347.867692
1524.526831
775.889477
-416.800440
-791.920656
-319.012692
561.077045
881.692615
35.267512
-665.277506
-160.307985
541.840111
530.618566
123.436794
30.458279
495.350854
841.615668
488.938542
179.544518
455.273908
1558.191465
1720.102328
-929.785351
-2370.952334
474.510842
3589.291095
2369.348855
-1410.708704
-3007.374238
-1596.665734
1316.126711
3387.303287
1351.394423
-3004.168083
-3905.097832
-593.139003
2548.893574
2170.567202
-501.763566
-2935.235735
-2999.358849
-60.917159
2281.179574
1229.560507
-1356.204058
-2313.241531
-1396.281004
-27.252524
1191.086639
1056.428100
-663.674428
-1519.717998
-955.434596
-429.625063
646.040171
1726.514639
490.541620
-1789.035076
-1657.582692
237.255321
1407.502148
1590.253022
288.553812
-1737.736585
-1530.939543
806.347956
1978.197861
952.228040
-628.406716
-1388.265614
-673.292895
923.372639
1439.563705
248.476866
-884.899171
-697.339063
232.446087
880.089537
827.187968
325.424602
14.427500
68.932147
408.784650
867.264914
1154.215848
1646.360747
485.732387
-2119.269112
-1381.853303
2354.921154
3683.872688
639.627860
-2667.521735
-2648.284801
-248.477266
2648.284400
3077.909263
-658.865195
-4012.504047
-2736.454082
1107.726591
2930.426101
1179.865094
-1720.102728
-3372.875987
-1950.945938
1306.508244
2298.813430
211.606075
-2071.176777
-2193.010693
-894.517638
630.009393
1551.779154
495.350854
-1377.044070
-1577.428800
-747.034476
16.030578
1268.034375
1623.917657
-508.175877
-2484.770861
-1282.462477
1269.637453
2239.499550
971.464974
-1453.991806
-2176.979914
-86.566404
2027.893274
1649.566902
-267.714201
-1529.336465
-1070.856201
618.787848
1558.191465
647.643249
-755.049866
-918.563806
36.870590
844.821824
785.507944
242.064554
38.473668
339.852303
416.800039
392.753872
588.329369
1271.240531
1931.708603
-227.637254
-2731.644849
-564.283602
3457.838712
3403.334065
-719.782153
-3352.035975
-2194.613771
819.172579
3499.518736
2362.936544
-2364.540022
-4478.999700
-1457.197962
2484.770460
2803.782951
48.092135
-2699.583292
-3400.128310
-745.431398
2338.890376
1912.471669
-915.357650
-2516.832418
-1813.081243
-319.012692
1211.926651
1521.320675
-283.744979
-1756.973519
-1348.188668
-466.495853
476.113920
1585.443789
1070.855800
-1320.936345
-2253.927651
-488.938943
1445.976016
1979.800939
698.941740
-1566.207255
-2018.275208
117.024482
2088.810232
1636.742280
-302.981913
-1657.582692
-1183.071650
692.529429
1748.957729
830.394124
-766.271410
-1183.071650
-174.735686
953.831118
1138.185070
524.206255
-36.870991
-91.375638
125.039872
671.689417
1179.865094
1707.277705
1335.363645
-1455.594884
-2539.275507
823.981812
4006.091335
2451.105825
-1869.188968
-3406.540622
-1365.822525
1824.302388
3570.054161
1058.031178
-3307.149795
-3834.562406
-242.064955
2842.256819
2124.077945
-764.668333
-3049.054262
-2845.463376
230.843009
2399.807334
1152.612770
-1404.296393
-2370.952334
-1508.496453
-19.237135
1404.295992
1170.246627
-737.416009
-1773.004297
-1216.736285
-211.606476
774.286399
1495.671429
638.024782
-1644.758070
-2284.386130
-129.849506
2268.354951
2157.742579
-503.366644
-2457.518537
-1271.240932
1335.363645
2310.034975
828.791046
-1268.034776
-1811.478166
-240.461877
1596.665334
1453.991405
-173.132608
-1253.607075
-732.606776
594.741680
1186.277405
642.834016
-110.612572
-83.360248
408.784650
546.649345
605.963225
851.234135
1633.536124
1163.834315
-1696.056561
-2067.970621
1585.443789
3929.143599
1458.800639
-2380.570801
-2834.241831
-652.452883
2160.948735
3300.737083
155.498351
-3792.882382
-3121.192765
820.775656
2845.462975
1274.446687
-1333.760968
-3068.291196
-2225.072250
998.717297
2302.019586
363.898471
-1829.112022
-2140.109124
-1142.994704
331.836914
1502.083741
673.292495
-1178.262417
-1641.551914
-910.548417
46.489057
1038.794243
1349.791345
-113.818727
-1960.564405
-1514.908764
617.184770
1965.373238
1327.348256
-764.668333
-1949.342860
-748.637554
1324.142100
1898.043968
514.587788
-1142.994704
-1442.770261
-92.978715
1336.966723
1176.658938
-84.963326
-963.449985
-660.468273
327.027680
968.258818
761.461776
145.879884
-38.474069
133.055261
343.058459
790.317177
1098.108124
1566.206855
793.523333
-1883.616669
-1728.118118
1976.594783
3831.355850
979.480363
-2622.635555
-2560.115519
-203.591087
2340.493454
2904.776855
-384.738883
-3709.522335
-2556.909364
1107.726591
2579.352053
889.708004
-1453.991806
-2883.937244
-1821.096633
1144.597381
1981.404016
80.153692
-1776.210453
-1942.930549
-997.114620
387.944638
1415.517537
521.000099
-1187.880884
-1553.382633
-780.699111
277.332267
1027.572698
934.594183
-251.683422
-1614.299591
-1413.914860
445.655441
2133.696412
1449.182172
-1197.499351
-2253.927651
-400.769662
1728.117717
1877.203957
219.621464
-1487.656441
-1505.290297
294.966123
1716.896172
1054.825022
-521.000500
-1211.927051
-492.145099
775.889477
1202.308184
500.160087
-238.858799
-62.520236
386.341560
615.581692
891.311082
888.104926
1332.157489
670.086339
-1845.142800
-1394.677926
2285.988807
3690.285000
392.753872
-2912.792645
-2189.804537
248.476866
2441.487358
2619.428999
-883.296093
-3882.654742
-2104.841411
1639.948435
2500.801238
394.356950
-1755.370441
-2853.478765
-1445.976417
1532.542220
1854.760867
-386.341961
-1981.404417
-1736.133507
-722.988309
586.726291
1397.883681
161.910662
-1455.594884
-1412.311782
-492.145099
402.372339
1009.938842
825.584890
-601.154392
-1849.952034
-932.991506
1074.061956
1882.013190
739.018686
-1274.447087
-1805.065854
-152.292596
1745.751573
1744.148495
-104.200260
-1563.001100
-1176.659339
556.267812
1620.711501
838.409513
-610.772859
-1181.468572
-365.501949
868.867992
1178.262016
421.609273
-322.218847
-70.535626
436.036974
650.849405
894.517237
915.357249
1344.982112
327.027680
-2027.893675
-924.976117
2637.062855
3364.860197
-84.963326
-2896.761867
-1983.007495
432.830818
2715.613670
2417.441190
-1502.084141
-3873.036275
-1534.145698
1885.219346
2316.447286
128.246027
-1970.182872
-2795.767963
-987.496153
1710.483861
1505.289896
-655.659039
-1960.564405
-1583.841112
-514.588189
751.843309
1285.668232
-115.421805
-1535.748776
-1287.271710
-299.775757
517.793944
937.800339
636.421704
-748.637554
-1809.875088
-793.523734
1292.080543
2133.696412
521.000099
-1894.838214
-1955.755172
421.609273
2314.844208
1606.283801
-727.797542
-2037.512142
-1006.733087
1271.240531
1997.434795
434.433896
-1301.699411
-1369.028680
184.353752
1476.434495
1144.597381
-129.849506
-686.117518
158.704506
889.708004
807.951034
638.024782
795.126411
1445.976016
-44.886380
-2165.758369
-211.606476
3114.780053
2853.478364
-811.157590
-2930.426502
-1567.810333
974.671130
2981.724592
1773.003897
-2327.669232
-3709.522335
-775.889878
2265.148795
2058.351753
-368.708105
-2356.524633
-2683.552513
-302.981913
1991.022484
1074.061956
-1033.985411
-1938.121315
-1378.647147
-253.286500
953.831118
1074.061956
-484.129710
-1500.481064
-1083.680824
-176.338763
698.941740
780.698710
115.421404
-735.812931
-1199.102429
-471.305087
982.686519
1579.031477
266.110722
-1484.450285
-1260.019387
474.510842
1588.649944
1080.474267
-442.449686
-1370.631758
-689.323674
846.424902
1327.348256
367.104626
-713.369842
-916.960728
-51.298691
963.449585
953.831118
126.642949
-309.394225
157.101428
492.144698
657.261716
904.135704
1005.129609
1296.889776
-325.425003
-2125.681423
6.412111
3247.835514
2722.025981
-1167.040872
-2968.900370
-1227.957830
1205.514339
2888.746077
1462.006795
-2545.687819
-3555.626861
-403.975817
2398.204256
1808.271609
-607.566704
-2383.776956
-2523.244729
-88.169482
1970.182472
915.357249
-1134.979315
-1944.533627
-1311.317878
-149.086440
1027.572698
984.289597
-641.231339
-1529.336465
-1019.557710
-64.123314
823.981812
732.606375
-118.627961
-799.936045
-965.053063
-376.723494
867.264914
1675.216148
375.120015
-1779.416609
-1462.007195
775.889477
1946.136304
1043.603477
-817.569902
-1680.025782
-577.108225
1304.905166
1591.856100
67.329069
-1229.560908
-1021.160788
381.532327
1409.105226
889.708004
-327.028081
-554.665135
362.295393
884.898770
825.584890
698.941740
928.181872
1118.948136
-758.256021
-1720.102728
899.326471
3202.949335
1805.065453
-1627.124213
-2568.130909
-758.256021
1590.253022
2872.715298
618.787848
-3103.558909
-2980.121915
363.898471
2419.044268
1364.219046
-973.068453
-2635.460178
-2241.103028
578.710902
2000.640951
423.212351
-1441.167183
-1886.822824
-1106.123914
137.864494
1205.514339
652.452483
-990.702309
-1429.945638
-790.317578
129.849105
747.034076
565.886279
32.061357
-835.203758
-1268.034776
-205.194165
1380.249824
1524.526831
-253.286500
-1707.278106
-977.877686
862.455680
1806.668531
833.600279
-971.465375
-1486.053363
-210.003398
1285.668232
1216.735884
-49.695614
-1019.557710
-814.363746
395.960027
1187.880483
732.606375
-176.338763
-302.981913
296.569201
687.720195
937.800339
823.981812
1008.335764
803.141800
-1312.920956
-1375.440992
1744.148495
3284.706305
803.141800
-2289.195364
-2064.764465
-70.535626
1984.610172
2569.733586
-436.037374
-3433.792945
-2136.902968
1088.489657
2245.911861
721.384830
-1437.961028
-2696.377136
-1593.459579
1171.849705
1662.391525
-136.261817
-1625.521136
-1736.133507
-828.791446
431.227740
1227.957429
230.843009
-1211.927051
-1296.890177
-599.551315
384.738482
804.744878
335.043069
-291.760368
-848.028381
-846.425303
-4.809434
1272.843609
1420.326771
-444.052764
-1792.241231
-742.225243
1224.751273
1853.157789
479.320075
-1268.034776
-1453.991806
141.070650
1567.809932
1082.077345
-411.991207
-1261.622465
-623.597482
812.760267
1293.683621
471.304686
-479.320476
-272.523434
609.169381
896.120315
814.363345
721.384830
1167.040471
261.301488
-1781.019687
-431.228141
2616.222843
2662.712101
-355.883482
-2380.570801
-1465.213351
477.716998
2427.059657
1992.625561
-1712.087339
-3472.266813
-989.099231
1726.514639
1809.874687
8.015189
-1877.204357
-2656.300190
-732.606776
1758.576196
1160.628160
-840.012991
-1774.607375
-1431.548716
-426.418907
812.760267
1080.474267
-378.326572
-1349.791746
-997.114620
-291.760368
508.175477
644.437093
274.126111
-351.074249
-1125.360848
-848.028381
577.107824
1758.576196
859.249525
-1285.668632
-1678.422704
6.412111
1747.354651
1599.871489
-285.348057
-1633.536525
-1003.526932
862.455680
1604.680723
493.747776
-856.043770
-1155.819327
-59.314081
1139.788148
1025.969621
22.442889
-545.046668
161.910662
823.981812
809.554112
740.621764
827.187968
1157.422004
-460.083542
-1768.195064
660.467872
3010.579993
1849.951633
-1276.050165
-2348.509244
-881.693015
1215.132806
2712.407514
908.944938
-2752.484861
-2896.761867
43.282901
2039.114819
1428.342160
-722.988309
-2449.503148
-2218.659938
397.563105
1822.699310
386.341560
-1277.653243
-1764.988908
-1074.062357
97.787548
985.892674
556.267812
-798.332967
-1176.659339
-783.905267
-40.077147
788.714100
418.403117
-238.858799
-421.609674
-671.689818
-453.671231
601.153992
1450.785250
363.898471
-1266.431698
-1035.588488
307.790746
1373.837513
1171.849705
-322.218847
-1397.884082
-718.179075
868.867992
1290.477465
330.233836
-714.972919
-971.465375
-8.015590
1045.206555
931.388028
49.695213
-362.295793
266.110722
670.086339
777.492555
825.584890
1066.046567
889.708004
-1216.736285
-1410.708704
1579.031477
3039.435394
915.357249
-1965.373639
-2071.176777
-301.378835
1745.751573
2545.687418
-229.240332
-3244.629759
-2090.413711
870.471070
1955.754771
727.797141
-1199.102429
-2507.213950
-1604.681124
1024.366543
1486.052962
-195.575698
-1421.930249
-1537.351854
-790.317578
341.455381
1014.748076
176.338363
-982.686920
-1025.970021
-626.803638
192.369141
748.637153
195.575297
-149.086440
-389.548117
-931.388429
-450.465075
1231.163585
1692.850004
-363.898871
-1766.591986
-724.591386
934.594183
1705.674627
782.301788
-1059.634656
-1582.238034
-72.138703
1473.228339
1133.375836
-246.874189
-1086.886980
-743.828321
593.138602
1288.874387
583.520135
-408.785051
-254.889578
646.040171
787.111022
695.735584
910.548016
1280.858998
-51.298691
-2124.078345
-176.338763
3217.377035
2595.382831
-1045.206956
-2832.638753
-1199.102429
1133.375836
2667.521334
1554.985310
-2265.149196
-3539.596083
-599.551315
2277.973418
2071.176376
-452.068153
-2752.484861
-2640.269412
299.775357
2292.401118
646.040171
-1530.939543
-1915.678226
-1037.191566
248.476866
963.449585
413.593884
-801.539123
-1019.557710
-605.963626
-254.889578
650.849405
636.421704
-541.840512
-488.938943
19.236734
-381.532728
-158.704907
1016.351154
932.991106
-612.375937
-1074.062357
-248.477266
710.163285
1303.302088
567.489357
-971.465375
-1295.287099
44.885979
1224.751273
939.403417
-187.560308
-1045.206956
-753.446788
581.917057
1252.003597
602.757069
-370.311183
-278.935745
562.680123
867.264914
779.095632
896.120315
1290.477465
-365.501949
-2003.847507
480.923153
3098.749275
1792.240831
-1171.850105
-1944.533627
-931.388429
565.886279
2500.801238
1465.212950
-2358.127711
-2936.838813
-110.612572
1638.345358
1274.446687
-165.117218
-2007.053663
-2407.823124
43.282901
1652.773058
407.181572
-886.502249
-1378.647147
-1298.493255
-298.172680
929.784950
652.452483
-633.215949
-957.037674
-785.508345
-360.692716
788.714100
692.529429
-646.040572
-527.412812
107.406015
-378.326572
-246.874189
1094.901968
1006.732686
-721.385231
-1219.942441
-189.163386
984.289597
1325.745178
277.332267
-1146.200860
-1094.902369
282.141500
1175.055860
761.461776
-335.043470
-1038.794644
-535.428201
743.827920
1142.994303
387.944638
-379.929650
-107.406416
613.978614
830.394124
731.003297
1064.443489
1243.988208
-950.625363
-1870.792046
1208.720495
3166.078544
1221.545118
-1591.856501
-1941.327471
-692.529830
1170.246627
2689.964424
543.443189
-2980.121915
-2455.915459
464.892375
1773.003897
1077.268112
-612.375937
-2459.121615
-2159.346058
735.812531
1696.056160
35.267512
-1163.834716
-1519.717998
-1136.582393
153.895273
1106.123513
288.553812
-900.929949
-921.769961
-666.880584
-36.870991
936.197261
400.769261
-782.302189
-461.686620
91.375237
-97.787949
198.781452
673.292495
222.827620
-360.692716
-371.914261
-189.163386
402.372339
969.861896
408.784650
-676.499051
-822.379135
-41.680224
729.400219
814.363345
44.885979
-827.188369
-666.880584
421.609273
1037.191166
631.612471
-100.994105
-157.101829
362.295393
803.141800
868.867992
1179.865094
1134.978914
-1162.231638
-1753.767363
1442.769860
3167.681622
984.289597
-1755.370441
-1817.890477
-493.748177
1354.600579
2588.970520
125.039872
-3029.817328
-2082.398321
690.926351
1721.705406
872.074147
-854.440692
-2443.090837
-1763.385830
932.991106
1476.434495
-144.277206
-1208.720896
-1458.801040
-953.831518
277.332267
1030.778854
165.116818
-889.708405
-902.533027
-642.834416
73.741381
1022.763465
376.723093
-1014.748476
-537.031279
387.944638
76.947536
78.550614
466.495453
125.039872
-275.729590
-203.591087
-75.344859
285.347656
721.384830
352.676926
-511.382033
-642.834416
-88.169482
525.809333
724.590986
110.612171
-687.720596
-626.803638
315.806135
931.388028
621.994004
-17.634057
-96.184871
368.707704
714.972519
702.147896
1224.751273
1235.972818
-1250.400920
-1856.364345
1439.563705
3259.057059
913.754171
-1912.472070
-1797.050465
-415.197362
1396.280603
2547.290496
41.679824
-3074.703508
-2047.130609
814.363345
1761.782352
809.554112
-924.976117
-2510.420106
-1672.010393
1102.917357
1404.295992
-330.234237
-1224.751674
-1352.997902
-904.136105
253.286099
981.083441
78.550614
-891.311482
-796.729890
-618.788249
1.602877
949.021884
319.012291
-889.708405
-379.929650
218.018387
-134.658739
153.895273
666.880183
226.033776
-335.043470
-424.815829
-190.766464
557.870890
998.717297
176.338363
-836.806836
-652.452883
139.467572
705.354052
682.910962
-113.818727
-836.806836
-509.778955
545.046267
992.304986
488.938542
-224.431099
-169.926452
564.283201
950.624962
654.055561
965.052663
1072.458878
-1130.170081
-1553.382633
1545.366843
3028.213849
652.452483
-1827.508944
-1524.527231
-304.584991
1365.822124
2412.631957
-97.787949
-2986.534226
-1806.668932
865.661836
1630.329968
740.621764
-905.739183
-2459.121615
-1590.253423
1114.138902
1381.852902
-262.904967
-1253.607075
-1471.625662
-862.456081
464.892375
1067.649645
-67.329470
-1043.603878
-828.791446
-477.717398
214.812231
965.052663
25.649045
-1106.123914
-163.514141
521.000099
-222.828021
-153.895674
630.009393
445.655441
-235.652644
-509.778955
-299.775757
506.572399
1082.077345
315.806135
-822.379135
-779.096033
25.649045
796.729489
835.203357
-104.200260
-928.182273
-572.298991
612.375537
1098.108124
476.113920
-294.966524
-168.323374
591.535525
886.501848
700.544818
1255.209753
843.218746
-1700.865794
-1308.111722
2223.468771
2970.503047
6.412111
-2026.290597
-1324.142501
-141.071051
1662.391525
2354.921154
-735.812931
-3188.522035
-1316.127111
1154.215848
1457.197561
543.443189
-1112.536225
-2596.986310
-1203.911662
1423.532926
1074.061956
-540.237434
-1203.911662
-1404.296393
-779.096033
642.834016
973.068052
-328.631159
-974.671530
-690.926752
-492.145099
283.744578
957.037273
-3.206356
-1021.160788
-395.960428
331.836914
333.439991
343.058459
51.298291
-285.348057
27.252123
173.132207
-62.520236
208.399920
511.381632
62.519836
-344.661937
-193.972620
-40.077147
222.827620
469.701608
84.962925
-455.274308
-314.203458
272.523033
601.153992
509.778554
104.199860
30.458279
464.892375
686.117117
596.344758
1309.714399
1009.938842
-1646.361148
-1394.677926
2180.185669
3016.992305
54.504446
-2055.145998
-1393.074848
-99.391027
1777.813130
2356.524232
-796.729890
-3225.392825
-1351.394824
1280.858998
1627.123813
447.258518
-1301.699411
-2587.367843
-1075.665435
1542.160687
1114.138902
-670.086740
-1346.585590
-1300.096333
-615.582093
654.055561
941.006495
-387.945039
-1006.733087
-617.185171
-402.372740
307.790746
958.640351
-3.206356
-1046.810033
-437.640452
259.698411
431.227740
638.024782
113.818327
-714.972919
-383.135805
506.572399
604.360147
184.353752
-123.437194
-294.966524
-158.704907
229.239931
259.698411
-12.824823
-158.704907
-118.627961
-30.458679
99.390626
203.590686
129.849105
147.482961
234.049165
450.464674
615.581692
456.876986
222.827620
1011.541920
1380.249824
-947.419207
-1577.428800
1413.914459
2896.761466
589.932447
-1761.782752
-1479.641052
-291.760368
1449.182172
2367.745777
-218.018787
-2988.137304
-1792.241231
968.258818
1824.302388
702.147896
-1183.071650
-2560.115519
-1357.807135
1340.172878
1421.929848
-434.434296
-1503.687219
-1447.579495
-633.215949
641.230938
1043.603477
-269.317278
-1122.154692
-732.606776
-349.471171
320.615369
928.181872
147.482961
-966.656141
-711.766764
70.535225
641.230938
924.975716
91.375237
-950.625363
-561.077446
551.458578
921.769561
395.960027
-351.074249
-605.963626
-118.627961
512.984710
453.670830
-54.504847
-368.708105
-294.966524
91.375237
347.867692
242.064554
25.649045
-1.603278
181.147596
522.603177
682.910962
493.747776
187.559908
968.258818
1370.631357
-1045.206956
-1595.062656
1628.726890
2994.549215
375.120015
-1962.167483
-1383.456381
-145.880284
1506.892974
2386.982711
-391.151195
-3175.697412
-1686.438094
1184.674327
1841.936244
565.886279
-1292.080944
-2613.017088
-1306.508644
1521.320675
1494.068351
-585.123614
-1643.154992
-1445.976417
-521.000500
750.240231
1062.840411
-400.769662
-1245.591686
-668.483662
-294.966524
360.692315
973.068052
-54.504847
-1098.108524
-437.640452
229.239931
288.553812
658.864794
354.280003
-689.323674
-532.222045
344.661536
458.480063
397.563105
317.409213
-269.317278
-593.139003
-46.489458
479.320075
431.227740
80.153692
-383.135805
-480.923554
84.962925
599.550914
476.113920
11.221345
-165.117218
274.126111
681.307884
767.874088
415.196962
748.637153
1154.215848
-929.785351
-1455.594884
1558.191465
2859.890676
431.227740
-1846.745878
-1314.524034
-213.209554
1260.018986
2359.730388
-118.627961
-2967.297292
-1798.653543
891.311082
1766.591585
763.064854
-1054.825423
-2574.543220
-1511.702609
1364.219046
1546.969920
-362.295793
-1486.053363
-1558.191866
-673.292895
706.957129
1160.628160
-234.049566
-1285.668632
-771.080644
-278.935745
373.516938
907.341860
64.122913
-848.028381
-729.400620
-168.323374
562.680123
1072.458878
270.919955
-1107.726992
-732.606776
596.344758
812.760267
402.372339
-89.772560
-559.474368
-333.440392
309.393824
500.160087
144.276806
-206.797242
-322.218847
-192.369542
251.683021
395.960027
169.926051
35.267512
19.236734
310.996902
613.978614
686.117117
365.501548
628.406315
1394.677525
-519.397422
-1865.982812
1051.618866
3146.841610
976.274207
-1813.081243
-1572.619567
-314.203458
1069.252722
2499.198161
476.113920
-2944.854202
-2338.890777
742.224842
1983.007094
937.800339
-859.249925
-2475.152394
-1917.281303
1053.221944
1899.647046
-91.375638
-1500.481064
-1636.742680
-875.280704
575.504746
1354.600579
-6.412512
-1364.219447
-854.440692
-296.569602
269.316878
1011.541920
153.895273
-1128.567004
-607.566704
347.867692
301.378435
301.378435
360.692315
-309.394225
-500.160488
153.895273
375.120015
262.904566
169.926051
-80.154093
-181.147997
-80.154093
-27.252524
120.230638
304.584590
107.406015
-338.249626
-315.806536
136.261416
411.990806
469.701608
168.322973
-38.474069
240.461476
708.560207
662.070950
556.267812
1344.982112
-12.824823
-1979.801339
232.446087
3004.167682
1691.246926
-1344.982513
-1732.927351
-599.551315
561.077045
2245.911861
1287.271309
-2188.201459
-2742.866394
-48.092536
1724.911561
1266.431297
-278.935745
-2069.573699
-2303.623064
290.156890
1896.440891
420.006195
-1179.865495
-1620.711902
-1147.803938
163.513740
1269.637453
447.258518
-1102.917758
-1062.840812
-487.335865
86.566003
910.548016
540.237033
-665.277506
-942.609973
-399.166584
384.738482
1059.634255
585.123213
-791.920656
-939.403818
221.224542
801.538722
594.741680
73.741381
-621.994404
-521.000500
359.089237
588.329369
136.261416
-219.621865
-330.234237
-203.591087
214.812231
444.052363
65.725991
-91.375638
96.184470
266.110722
527.412411
682.910962
403.975417
187.559908
1303.302088
735.812531
-1761.782752
-514.588189
2673.933646
2140.108723
-974.671530
-1809.875088
-618.788249
370.310782
1907.662436
1667.200759
-1631.933447
-2999.358849
-452.068153
1781.019286
1420.326771
-149.086440
-1867.585890
-2423.853903
-128.246428
2053.542519
772.683321
-1277.653243
-1705.675028
-1112.536225
65.725991
1226.354351
623.597081
-1130.170081
-1218.339363
-360.692716
125.039872
763.064854
565.886279
-771.080644
-1022.763866
89.772159
545.046267
344.661536
192.369141
-189.163386
-351.074249
72.138303
323.821524
201.987608
189.162985
49.695213
-177.941841
-38.474069
57.710602
3.205955
171.529129
205.193764
-109.009494
-323.821925
-38.474069
283.744578
386.341560
309.393824
3.205955
60.916758
543.443189
766.271010
411.990806
957.037273
912.151094
-1428.342561
-1088.490057
2220.262615
2629.047466
-426.418907
-1934.915160
-785.508345
168.322973
1452.388327
1926.899370
-774.286800
-2920.808035
-1131.773159
1361.012890
1484.449884
224.430698
-1324.142501
-2374.158489
-872.074548
1598.268411
1136.581992
-783.905267
-1524.527231
-1306.508644
-367.105027
942.609573
923.372639
-698.942141
-1226.354752
-535.428201
-120.231039
580.313980
774.286399
-320.615769
-1013.145399
-399.166584
333.439991
578.710902
546.649345
-157.101829
-734.209854
-177.941841
511.381632
538.633956
294.966123
-195.575698
-589.932847
-92.978715
586.726291
395.960027
-200.384931
-375.120416
-158.704907
134.658339
330.233836
161.910662
-118.627961
-9.618667
267.713800
479.320075
537.030878
501.763165
169.926051
503.366243
1413.914459
-179.544919
-1623.918058
674.895573
2738.056759
947.418806
-1628.727291
-1203.911662
-32.061757
766.271010
1849.951633
575.504746
-2318.050765
-2136.902968
686.117117
1747.354651
599.550914
-758.256021
-1974.992106
-1710.484261
827.187968
1763.385429
-161.911063
-1545.367243
-1418.724094
-654.055961
543.443189
1186.277405
-120.231039
-1436.357950
-852.837614
-17.634057
464.892375
740.621764
-121.834117
-1126.963926
-472.908165
493.747776
327.027680
222.827620
169.926051
-452.068153
-434.434296
368.707704
511.381632
142.673728
19.236734
-205.194165
-264.508045
232.446087
359.089237
-14.427901
-76.947937
-27.252524
-139.467973
11.221345
306.187668
179.544518
64.122913
174.735285
218.018387
379.929249
718.178674
476.113920
224.430698
1126.963525
312.599979
-1494.068752
100.993704
2497.595083
1308.111321
-1327.348656
-1179.865495
-62.520236
335.043069
1473.228339
1025.969621
-1668.804237
-2196.216849
139.467572
1396.280603
692.529429
-338.249626
-1534.145698
-1821.096633
229.239931
1537.351453
126.642949
-1160.628560
-1245.591686
-817.569902
155.498351
974.671130
195.575297
-1104.520836
-843.219147
-174.735686
169.926051
638.024782
280.538423
-766.271410
-897.723794
102.596782
713.369441
471.304686
-100.994105
-613.979015
-310.997302
455.273908
561.077045
163.513740
-206.797242
-383.135805
-49.695614
504.969321
360.692315
-230.843410
-298.172680
-33.664835
147.482961
250.079943
91.375237
-166.720296
19.236734
362.295393
389.547716
328.630758
440.846207
387.944638
190.766063
1138.185070
926.578794
-1359.410213
-844.822225
2019.877885
2146.521035
-602.757470
-1543.764165
-437.640452
123.436794
1239.178974
1599.871489
-851.234536
-2547.290897
-710.163686
1359.409812
1128.566603
16.030578
-1231.163986
-2079.192166
-525.809734
1572.619166
755.049465
-944.213051
-1351.394824
-1051.619267
-139.467973
985.892674
618.787848
-989.099231
-1107.726992
-221.224943
126.642949
573.901668
336.646147
-779.096033
-756.652943
362.295393
416.800039
-131.452584
139.467572
73.741381
-290.157290
68.932147
277.332267
33.664434
150.689117
213.209153
-251.683422
-226.034177
315.806135
290.156890
-65.726392
-134.658739
-102.597182
-28.855602
251.683021
234.049165
-51.298691
11.221345
251.683021
416.800039
572.298590
541.840111
-46.489458
480.923153
1436.357549
-352.677326
-1516.511842
904.135704
2532.862795
395.960027
-1506.893375
-679.705207
-75.344859
599.550914
1723.308483
333.439991
-2209.041471
-1617.505746
791.920255
1314.523633
434.433896
-687.720596
-1898.044369
-1287.271710
1021.160387
1258.415908
-442.449686
-1260.019387
-1157.422405
-508.175877
639.627860
880.089537
-504.969722
-1152.613171
-421.609674
-49.695614
294.966123
548.252423
-189.163386
-1000.320776
-351.074249
578.710902
367.104626
57.710602
-254.889578
-400.769662
136.261416
468.098530
185.956830
-96.184871
-91.375638
-113.818727
80.153692
405.578494
92.978315
-317.409614
-185.957230
112.215249
240.461476
131.452183
-67.329470
-141.071051
133.055261
439.243129
407.181572
299.775357
375.120015
200.384530
493.747776
1306.508244
-83.360248
-1521.321076
455.273908
2478.358149
897.723393
-1413.914860
-918.563806
17.633656
503.366243
1497.274507
620.390926
-1867.585890
-1797.050465
575.504746
1338.569800
460.083141
-540.237434
-1651.170381
-1439.564105
740.621764
1417.120615
-293.363446
-1271.240932
-1066.046968
-496.954332
479.320075
870.471070
-320.615769
-1203.911662
-447.258919
84.962925
206.796842
440.846207
-187.560308
-977.877686
-290.157290
737.415608
335.043069
-368.708105
-423.212752
-6.412512
537.030878
338.249225
-375.120416
-413.594284
278.935345
512.984710
163.513740
-141.071051
-402.372740
-189.163386
432.830818
498.557010
-99.391027
-504.969722
-224.431099
323.821524
681.307884
394.356950
-203.591087
-121.834117
591.535525
783.904866
431.227740
897.723393
213.209153
-1498.877986
-131.452584
2528.053562
1681.628459
-1335.364046
-1494.068752
52.901369
562.680123
1300.095932
1017.954231
-1401.090237
-2207.438393
92.978315
1513.305286
626.803237
-424.815829
-1290.477866
-1596.665734
100.993704
1453.991405
153.895273
-1134.979315
-1042.000800
-639.628261
83.359848
777.492555
139.467572
-990.702309
-687.720596
-96.184871
43.282901
463.289297
179.544518
-814.363746
-745.431398
392.753872
682.910962
25.649045
-554.665135
-495.351255
436.036974
807.951034
-73.741781
-684.514440
-121.834117
512.984710
434.433896
139.467572
-346.265015
-564.283602
131.452183
732.606375
327.027680
-413.594284
-488.938943
24.045967
621.994004
721.384830
94.581392
-296.569602
179.544518
731.003297
639.627860
974.671130
402.372339
-1482.847207
-565.886680
2273.164184
2080.794843
-936.197662
-1720.102728
-150.689518
545.046267
1199.102028
1168.643549
-1072.459279
-2308.432298
-230.843410
1543.763765
767.874088
-423.212752
-1210.323974
-1580.634956
-118.627961
1486.052962
344.661536
-1232.767063
-1104.520836
-541.840512
84.962925
700.544818
181.147596
-1006.733087
-779.096033
27.252123
94.581392
349.470770
121.833716
-694.132907
-583.520536
251.683021
426.418506
-19.237135
-134.658739
-176.338763
-11.221745
310.996902
80.153692
-149.086440
112.215249
246.873788
-8.015590
-43.283302
36.870590
-67.329470
75.344458
264.507644
9.618267
-226.034177
-1.603278
181.147596
261.301488
322.218447
125.039872
32.061357
314.203057
657.261716
416.800039
626.803237
605.963225
-950.625363
-668.483662
1700.865394
2035.908663
-521.000500
-1732.927351
-222.828021
646.040171
985.892674
979.480363
-769.477566
-2061.558309
-480.923554
1409.105226
873.677225
-429.625063
-1131.773159
-1433.151794
-280.538823
1341.775956
537.030878
-1141.391626
-1197.499351
-529.015889
121.833716
641.230938
230.843009
-891.311482
-876.883782
-27.252524
210.002997
343.058459
-3.206356
-652.452883
-391.151195
206.796842
181.147596
-139.467973
57.710602
115.421404
-60.917159
-4.809434
-129.849506
-4.809434
411.990806
360.692315
-160.307985
-354.280404
-41.680224
190.766063
368.707704
259.698411
-296.569602
-460.083542
92.978315
540.237033
445.655441
91.375237
-189.163386
-8.015590
537.030878
859.249525
413.593884
376.723093
384.738482
-815.966824
-397.563506
1705.674627
1827.508543
-607.566704
-1720.102728
-157.101829
750.240231
992.304986
881.692615
-843.219147
-2026.290597
-442.449686
1439.563705
908.944938
-437.640452
-1160.628560
-1447.579495
-256.492656
1393.074447
610.772459
-1134.979315
-1256.813231
-564.283602
131.452183
731.003297
307.790746
-923.373039
-965.053063
-22.443290
208.399920
242.064554
155.498351
-338.249626
-487.335865
-343.058859
-46.489458
420.006195
666.880183
-30.458679
-846.425303
-469.702009
349.470770
831.997201
594.741680
-312.600380
-910.548417
-314.203458
782.301788
825.584890
48.092135
-633.215949
-682.911362
121.833716
913.754171
633.215549
-282.141901
-546.649746
16.030578
705.354052
889.708004
429.624662
-185.957230
286.950734
708.560207
-408.785051
-330.234237
1351.394423
1405.899070
-625.200560
-1296.890177
91.375237
607.566303
739.018686
745.430998
-767.874488
-1760.179675
-267.714201
1298.492854
735.812531
-410.388129
-1093.299291
-1362.616369
-137.864895
1340.172878
480.923153
-1120.551614
-1227.957830
-565.886680
219.621464
783.904866
166.719896
-1053.222345
-929.785351
43.282901
245.270710
203.590686
102.596782
-394.357350
-668.483662
-343.058859
346.264614
617.184770
184.353752
-468.098931
-581.917458
-36.870991
434.433896
601.153992
232.446087
-447.258919
-581.917458
86.566003
687.720195
411.990806
-153.895674
-479.320476
-312.600380
346.264614
687.720195
274.126111
-283.744979
-248.477266
280.538423
695.735584
631.612471
163.513740
-4.809434
636.421704
362.295393
-697.339063
174.735285
1620.711501
822.378734
-1011.542321
-888.105327
310.996902
612.375537
878.486459
323.821524
-1316.127111
-1332.157890
429.624662
1181.468172
296.569201
-618.788249
-1221.545519
-1051.619267
557.870890
1203.911261
-288.554213
-1243.988608
-860.853003
-251.683422
413.593884
613.978614
-278.935745
-1085.283902
-519.397422
128.246027
173.132207
370.310782
-9.618667
-809.554512
-682.911362
248.476866
735.812531
349.470770
-262.904967
-676.499051
-344.661937
492.144698
755.049465
270.919955
-415.197362
-586.726692
-54.504847
658.864794
631.612471
-171.529530
-559.474368
-253.286500
322.218447
663.674028
323.821524
-254.889578
-333.440392
193.972219
671.689417
628.406315
242.064554
-160.307985
221.224542
864.058758
6.412111
-649.246728
705.354052
1455.594483
-44.886380
-1131.773159
-208.400320
442.449285
514.587788
734.209453
-371.914261
-1545.367243
-509.778955
1006.732686
742.224842
-291.760368
-884.899171
-1189.483962
-315.806536
1101.314279
538.633956
-992.305387
-1136.582393
-469.702009
177.941440
633.215549
144.276806
-880.089937
-884.899171
-75.344859
338.249225
362.295393
-22.443290
-769.477566
-609.169782
299.775357
471.304686
100.993704
-112.215650
-294.966524
-278.935745
218.018387
452.067752
131.452183
-100.994105
-160.307985
-104.200260
198.781452
367.104626
38.473668
-158.704907
-25.649446
28.855201
210.002997
355.883081
136.261416
-109.009494
62.519836
344.661536
399.166183
403.975417
171.529129
185.956830
618.787848
83.359848
-644.437494
450.464674
1603.077645
314.203057
-1227.957830
-535.428201
476.113920
597.947836
722.987908
-105.803338
-1534.145698
-878.486860
968.258818
998.717297
-222.828021
-905.739183
-1139.788548
-485.732788
941.006495
779.095632
-803.142201
-1227.957830
-535.428201
105.802937
605.963225
349.470770
-852.837614
-1088.490057
-1.603278
418.403117
184.353752
-36.870991
-530.618967
-674.895973
83.359848
607.566303
174.735285
-206.797242
-285.348057
-227.637254
224.430698
480.923153
110.612171
-214.812632
-107.406416
36.870590
198.781452
319.012291
56.107524
-173.132608
-16.030979
141.070650
240.461476
314.203057
76.947536
-137.864895
99.390626
442.449285
403.975417
205.193764
126.642949
290.156890
569.092435
27.252123
-524.206656
468.098530
1344.982112
232.446087
-1043.603878
-439.243530
482.526231
559.473968
522.603177
-190.766464
-1240.782453
-676.499051
777.492555
809.554112
-203.591087
-860.853003
-1005.130009
-314.203458
827.187968
567.489357
-764.668333
-1053.222345
-423.212752
96.184470
514.587788
200.384530
-843.219147
-888.105327
67.329069
341.455381
-8.015590
-78.551015
-302.981913
-545.046668
-16.030979
469.701608
184.353752
-150.689518
-184.354153
-171.529530
94.581392
400.769261
243.667632
-115.421805
-182.751075
1.602877
222.827620
339.852303
113.818327
-160.307985
-133.055662
102.596782
384.738482
336.646147
-27.252524
-171.529530
113.818327
455.273908
440.846207
189.162985
46.489057
296.569201
362.295393
-243.668033
-107.406416
929.784950
798.332567
-545.046668
-791.920656
179.544518
538.633956
469.701608
224.430698
-731.003698
-1040.397722
141.070650
897.723393
197.178375
-585.123614
-814.363746
-644.437494
221.224542
788.714100
-57.711003
-953.831518
-737.416009
-83.360248
333.439991
227.636854
-314.203458
-708.560608
-391.151195
70.535225
118.627560
70.535225
-230.843410
-445.655841
-81.757170
230.843009
120.230638
-54.504847
-65.726392
-94.581793
-1.603278
211.606075
136.261416
-1.603278
44.885979
52.901369
44.885979
109.009093
137.864494
81.756770
28.855201
-0.000200
76.947536
237.255321
197.178375
36.870590
46.489057
230.843009
352.676926
280.538423
147.482961
232.446087
306.187668
-118.627961
-185.957230
678.101728
894.517237
-227.637254
-809.554512
-89.772560
549.855501
551.458578
205.193764
-538.634356
-952.228441
-109.009494
758.255620
375.120015
-439.243530
-844.822225
-652.452883
121.833716
687.720195
97.787548
-848.028381
-788.714500
-185.957230
234.049165
351.073848
-141.071051
-803.142201
-610.772859
145.879884
386.341560
104.199860
-328.631159
-618.788249
-176.338763
532.221644
399.166183
-282.141901
-410.388129
-60.917159
237.255321
378.326171
118.627560
-256.492656
-131.452584
245.270710
269.316878
100.993704
-1.603278
-81.757170
62.519836
298.172279
203.590686
-9.618667
76.947536
195.575297
168.322973
245.270710
253.286099
152.292195
184.353752
395.960027
261.301488
-309.394225
-121.834117
763.064854
764.667932
-322.218847
-732.606776
-1.603278
488.938542
492.144698
163.513740
-639.628261
-899.326872
57.710602
787.111022
206.796842
-604.360548
-785.508345
-504.969722
206.796842
639.627860
-86.566404
-944.213051
-739.019087
-8.015590
373.516938
126.642949
-450.465075
-654.055961
-177.941841
168.322973
-12.824823
-72.138703
-41.680224
-150.689518
-139.467973
-20.840212
11.221345
91.375237
222.827620
36.870590
-256.492656
-171.529530
206.796842
442.449285
274.126111
-147.483362
-344.661937
-11.221745
452.067752
487.335465
81.756770
-298.172680
-165.117218
331.836914
588.329369
343.058459
-65.726392
-179.544919
128.246027
503.366243
581.917057
219.621464
-423.212752
-407.181973
549.855501
992.304986
104.199860
-750.240632
-436.037374
293.363045
617.184770
351.073848
-477.717398
-934.594584
-237.255721
594.741680
416.800039
-323.821925
-803.142201
-646.040572
83.359848
564.283201
73.741381
-706.957530
-756.652943
-242.064955
264.507644
343.058459
-208.400320
-739.019087
-496.954332
157.101428
384.738482
100.993704
-294.966524
-447.258919
-150.689518
310.996902
365.501548
1.602877
-278.935745
-227.637254
86.566003
383.135405
319.012291
-46.489458
-243.668033
-16.030979
280.538423
328.630758
189.162985
-11.221745
-115.421805
33.664434
333.439991
424.815429
211.606075
-16.030979
-44.886380
147.482961
399.166183
418.403117
189.162985
-115.421805
-259.698811
80.153692
577.107824
464.892375
-197.178775
-506.572800
-187.560308
267.713800
469.701608
110.612171
-554.665135
-660.468273
-91.375638
357.486159
250.079943
-248.477266
-735.812931
-565.886680
168.322973
428.021584
-84.963326
-572.298991
-585.123614
-222.828021
246.873788
234.049165
-296.569602
-546.649746
-234.049566
113.818327
197.178375
32.061357
-283.744979
-315.806536
83.359848
291.759967
43.282901
-153.895674
-92.978715
46.489057
213.209153
200.384530
-48.092536
-115.421805
137.864494
310.996902
206.796842
27.252123
-41.680224
70.535225
293.363045
328.630758
134.658339
8.015189
78.550614
230.843009
323.821524
261.301488
84.962925
72.138303
137.864494
28.855201
75.344458
307.790746
218.018387
-182.751075
-250.080344
40.076746
176.338363
169.926051
-3.206356
-355.883482
-403.975817
-32.061757
201.987608
22.442889
-254.889578
-440.846608
-397.563506
-24.046368
216.415309
-43.283302
-408.785051
-458.480464
-227.637254
38.473668
97.787548
-134.658739
-371.914261
-309.394225
-70.535626
105.802937
60.916758
-118.627961
-166.720296
-83.360248
-17.634057
44.885979
105.802937
75.344458
-30.458679
-72.138703
9.618267
144.276806
238.858399
173.132207
22.442889
-30.458679
67.329069
245.270710
328.630758
187.559908
-27.252524
1.602877
218.018387
320.615369
256.492255
109.009093
19.236734
104.199860
264.507644
258.095333
9.618267
-73.741781
144.276806
205.193764
16.030578
-123.437194
-72.138703
44.885979
105.802937
-9.618667
-272.523434
-250.080344
28.855201
91.375237
-110.612572
-314.203458
-315.806536
-142.674129
49.695213
8.015189
-267.714201
-387.945039
-227.637254
-28.855602
48.092135
-65.726392
-298.172680
-330.234237
-75.344859
115.421404
-24.046368
-176.338763
-91.375638
-4.809434
-16.030979
-19.237135
36.870590
75.344458
60.916758
3.205955
-40.077147
48.092135
210.002997
242.064554
78.550614
-51.298691
-0.000200
200.384530
373.516938
253.286099
-30.458679
-113.818727
128.246027
420.006195
375.120015
44.885979
-145.880284
19.236734
294.966123
362.295393
176.338363
-142.674129
-211.606476
126.642949
367.104626
120.230638
-237.255721
-230.843410
17.633656
177.941440
75.344458
-211.606476
-343.058859
-121.834117
107.406015
3.205955
-253.286500
-370.311183
-198.781853
54.504446
20.839812
-270.920356
-399.166584
-203.591087
24.045967
28.855201
-169.926452
-306.188069
-227.637254
-57.711003
88.169081
80.153692
-150.689518
-336.646548
-129.849506
237.255321
262.904566
-16.030979
-237.255721
-153.895674
158.704506
371.913860
213.209153
-100.994105
-153.895674
81.756770
338.249225
338.249225
94.581392
-91.375638
-1.603278
229.239931
328.630758
218.018387
28.855201
-28.855602
102.596782
243.667632
230.843009
112.215249
-3.206356
-9.618667
109.009093
145.879884
49.695213
-3.206356
-16.030979
-22.443290
-14.427901
-32.061757
-64.123314
-60.917159
-49.695614
-109.009494
-163.514141
-113.818727
-83.360248
-126.643350
-157.101829
-169.926452
-189.163386
-145.880284
-83.360248
-128.246428
-181.147997
-144.277206
-117.024883
-153.895674
-94.581793
19.236734
-52.901769
-190.766464
-134.658739
35.267512
89.772159
40.076746
-30.458679
-94.581793
-12.824823
177.941440
216.415309
70.535225
-38.474069
9.618267
153.895273
246.873788
192.369141
60.916758
28.855201
104.199860
177.941440
221.224542
169.926051
62.519836
44.885979
102.596782
137.864494
153.895273
126.642949
35.267512
-14.427901
59.313680
105.802937
64.122913
20.839812
-54.504847
-59.314081
40.076746
27.252123
-104.200260
-102.597182
-28.855602
-88.169482
-141.071051
-81.757170
-92.978715
-161.911063
-120.231039
-99.391027
-173.132608
-173.132608
-104.200260
-86.566404
-100.994105
-155.498751
-201.988009
-110.612572
32.061357
-8.015590
-157.101829
-161.911063
-48.092536
65.725991
89.772159
-22.443290
-110.612572
-27.252524
118.627560
139.467572
68.932147
8.015189
12.824422
109.009093
190.766063
129.849105
22.442889
60.916758
176.338363
182.750674
99.390626
33.664434
80.153692
189.162985
176.338363
46.489057
-6.412512
81.756770
153.895273
125.039872
41.679824
-6.412512
-3.206356
51.298291
91.375237
40.076746
-49.695614
-110.612572
-67.329470
36.870590
36.870590
-88.169482
-187.560308
-152.292596
-32.061757
33.664434
-68.932548
-219.621865
-221.224943
-102.597182
-25.649446
-67.329470
-173.132608
-221.224943
-129.849506
-46.489458
-62.520236
-57.711003
-65.726392
-133.055662
-113.818727
11.221345
41.679824
-30.458679
-25.649446
17.633656
25.649045
51.298291
72.138303
64.122913
102.596782
96.184470
20.839812
35.267512
134.658339
184.353752
110.612171
43.282901
38.473668
91.375237
166.719896
165.116818
113.818327
22.442889
-6.412512
81.756770
161.910662
150.689117
16.030578
-75.344859
-8.015590
102.596782
126.642949
-0.000200
-78.551015
-35.267913
-11.221745
-24.046368
