108.615106
97.506738
74.055738
71.587212
112.317896
165.391212
175.265317
148.111527
127.129054
146.877264
191.310738
183.905159
113.552159
60.478843
102.443791
191.310738
214.761738
135.768896
32.090791
6.171264
54.307528
96.272475
80.227054
40.730633
27.153738
39.496370
29.622264
-16.045472
-59.244683
-53.073367
-12.342683
9.874054
-19.748262
-60.478946
-72.821578
-50.604841
-37.027946
-62.947472
-96.272578
-90.101262
-51.839104
-25.919578
-43.199262
-85.164209
-106.146683
-91.335525
-75.290104
-81.461420
-95.038315
-83.929946
-71.587315
-81.461420
-112.317999
-129.597683
-107.380946
-85.164209
-99.975367
-134.534736
-134.534736
-90.101262
-54.307630
-70.353051
-116.020788
-143.174578
-112.317999
-60.478946
-27.153841
-19.748262
-29.622367
-29.622367
-17.279736
-9.874157
-1.234315
18.513896
62.947370
103.678054
106.146580
87.632633
86.398370
116.020685
148.111527
143.174475
118.489212
124.660527
178.968106
236.978475
235.744212
149.345791
45.667685
29.622264
138.237422
257.960949
239.447001
117.254949
11.108317
1.234212
60.478843
86.398370
56.776054
38.262106
60.478843
67.884422
13.576843
-66.650262
-92.569788
-39.496472
24.685212
28.388001
-37.027946
-98.741104
-80.227157
-20.982525
-18.513999
-80.227157
-130.831946
-98.741104
-24.685315
1.234212
-51.839104
-113.552262
-113.552262
-72.821578
-69.118788
-106.146683
-119.723578
-72.821578
-29.622367
-71.587315
-176.499683
-219.698893
-135.768999
-20.982525
-11.108420
-112.317999
-197.482157
-186.373788
-109.849472
-56.776157
-58.010420
-66.650262
-66.650262
-65.415999
-75.290104
-81.461420
-49.370578
14.811106
62.947370
58.010317
12.342580
-2.468578
44.433422
103.678054
129.597580
123.426264
124.660527
144.408738
156.751370
139.471685
129.597580
182.670896
253.023896
240.681264
108.615106
2.468475
74.055738
250.555370
313.502791
175.265317
-6.171367
-48.136315
53.073264
135.768896
112.317896
46.901949
27.153738
53.073264
38.262106
-32.090894
-77.758630
-46.902051
16.045370
28.388001
-28.388104
-93.804051
-85.164209
-24.685315
2.468475
-54.307630
-134.534736
-140.706051
-62.947472
6.171264
-16.045472
-93.804051
-128.363420
-88.866999
-59.244683
-97.506841
-133.300472
-104.912420
-43.199262
-30.856630
-92.569788
-154.282946
-169.094104
-157.985736
-140.706051
-103.678157
-56.776157
-44.433525
-98.741104
-174.031157
-193.779367
-130.831946
-41.964999
-2.468578
-20.982525
-51.839104
-67.884525
-53.073367
-25.919578
-2.468578
22.216685
51.839001
92.569685
104.912317
82.695580
65.415896
101.209527
162.922685
177.733843
140.705949
111.083633
164.156949
276.474896
309.800001
185.139422
4.937001
-25.919578
157.985633
349.296422
319.674106
114.786422
-44.433525
-30.856630
74.055738
123.426264
81.461317
40.730633
53.073264
70.352949
28.388001
-50.604841
-87.632736
-44.433525
20.982422
23.450949
-51.839104
-108.615209
-66.650262
6.171264
-8.639894
-102.443894
-157.985736
-102.443894
-9.874157
2.468475
-64.181736
-118.489315
-96.272578
-46.902051
-61.713209
-118.489315
-135.768999
-90.101262
-39.496472
-53.073367
-124.660630
-176.499683
-162.922788
-102.443894
-77.758630
-118.489315
-150.580157
-138.237525
-111.083736
-113.552262
-133.300472
-120.957841
-74.055841
-40.730736
-58.010420
-96.272578
-91.335525
-32.090894
29.622264
46.901949
25.919475
14.811106
37.027843
75.290001
101.209527
111.083633
134.534633
178.968106
195.013527
159.219896
116.020685
146.877264
251.789633
330.782475
267.835054
78.992791
-33.325157
81.461317
290.051791
343.125106
188.842212
12.342580
-29.622367
30.856528
78.992791
69.118685
61.713106
87.632633
91.335422
30.856528
-65.415999
-107.380946
-67.884525
4.937001
32.090791
-12.342683
-74.055841
-83.929946
-41.964999
-32.090894
-90.101262
-141.940315
-113.552262
-32.090894
1.234212
-43.199262
-103.678157
-112.317999
-82.695683
-76.524367
-117.255051
-149.345893
-113.552262
-46.902051
-32.090894
-93.804051
-196.247893
-249.321209
-204.887736
-103.678157
-25.919578
-33.325157
-108.615209
-198.716420
-232.041525
-180.202472
-80.227157
-8.639894
-0.000051
-39.496472
-85.164209
-99.975367
-81.461420
-25.919578
43.199159
90.101159
107.380843
88.866896
69.118685
74.055738
108.615106
162.922685
197.482054
177.733843
149.345791
196.247791
303.628685
340.656580
196.247791
-28.388104
-43.199262
211.058949
435.694843
361.639054
86.398370
-85.164209
-23.451051
111.083633
144.408738
78.992791
41.964896
77.758528
96.272475
33.325054
-66.650262
-101.209630
-35.793683
38.262106
32.090791
-48.136315
-107.380946
-65.415999
8.639791
-20.982525
-127.129157
-175.265420
-109.849472
-16.045472
-7.405630
-82.695683
-133.300472
-107.380946
-65.415999
-86.398472
-154.282946
-175.265420
-116.020788
-59.244683
-72.821578
-130.831946
-190.076578
-202.419209
-160.454262
-112.317999
-95.038315
-127.129157
-164.157051
-164.157051
-132.066209
-80.227157
-56.776157
-75.290104
-99.975367
-107.380946
-77.758630
-27.153841
16.045370
30.856528
25.919475
25.919475
50.604738
86.398370
117.254949
138.237422
159.219896
185.139422
195.013527
175.265317
157.985633
206.121896
318.439843
356.702001
204.887633
-22.216788
-39.496472
203.653370
417.180896
350.530685
96.272475
-71.587315
-45.667788
62.947370
116.020685
103.678054
96.272475
93.803949
55.541791
-7.405630
-61.713209
-77.758630
-39.496472
18.513896
32.090791
-32.090894
-92.569788
-64.181736
-4.937104
-32.090894
-125.894894
-164.157051
-99.975367
-20.982525
-9.874157
-59.244683
-107.380946
-102.443894
-92.569788
-118.489315
-148.111630
-139.471788
-87.632736
-54.307630
-95.038315
-192.545104
-260.429578
-212.293315
-83.929946
-24.685315
-95.038315
-202.419209
-239.447104
-199.950683
-140.706051
-77.758630
-25.919578
-17.279736
-56.776157
-120.957841
-146.877367
-104.912420
-13.576946
78.992791
112.317896
88.866896
56.776054
56.776054
96.272475
135.768896
162.922685
188.842212
202.419106
207.356159
238.212738
302.394422
329.548212
193.779264
-19.748262
-32.090894
218.464527
434.460580
367.810370
116.020685
-67.884525
-64.181736
46.901949
122.192001
119.723475
87.632633
69.118685
58.010317
24.685212
-27.153841
-70.353051
-64.181736
-3.702841
34.559317
-17.279736
-87.632736
-64.181736
7.405528
-13.576946
-114.786525
-160.454262
-108.615209
-41.964999
-28.388104
-53.073367
-72.821578
-69.118788
-76.524367
-116.020788
-151.814420
-137.003262
-90.101262
-75.290104
-112.317999
-174.031157
-208.590525
-172.796893
-103.678157
-81.461420
-134.534736
-195.013630
-202.419209
-170.328367
-128.363420
-83.929946
-56.776157
-53.073367
-64.181736
-99.975367
-128.363420
-104.912420
-23.451051
61.713106
88.866896
66.650159
56.776054
67.884422
92.569685
127.129054
162.922685
192.545001
199.950580
191.310738
229.572896
327.079685
365.341843
204.887633
-38.262209
-43.199262
233.275685
462.848633
392.495633
134.534633
-58.010420
-67.884525
33.325054
114.786422
117.254949
83.929843
71.587212
74.055738
44.433422
-24.685315
-82.695683
-83.929946
-23.451051
34.559317
4.937001
-69.118788
-65.415999
-11.108420
-28.388104
-114.786525
-149.345893
-118.489315
-78.992894
-50.604841
-51.839104
-70.353051
-85.164209
-99.975367
-127.129157
-148.111630
-133.300472
-116.020788
-133.300472
-161.688525
-159.219999
-148.111630
-143.174578
-127.129157
-130.831946
-182.670999
-229.572999
-209.824788
-143.174578
-71.587315
-43.199262
-74.055841
-125.894894
-123.426367
-82.695683
-61.713209
-39.496472
27.153738
87.632633
80.227054
45.667685
40.730633
59.244580
113.552159
187.607949
228.338633
219.698791
199.950580
213.527475
276.474896
357.936264
325.845422
98.741001
-88.866999
43.199159
360.404791
481.362580
308.565738
62.947370
-80.227157
-69.118788
41.964896
125.894791
113.552159
81.461317
91.335422
75.290001
14.811106
-41.964999
-75.290104
-77.758630
-23.451051
32.090791
-17.279736
-82.695683
-35.793683
13.576843
-53.073367
-138.237525
-132.066209
-103.678157
-88.866999
-58.010420
-43.199262
-77.758630
-106.146683
-99.975367
-118.489315
-151.814420
-140.706051
-120.957841
-164.157051
-203.653472
-178.968209
-135.768999
-97.506841
-80.227157
-128.363420
-235.744315
-281.412051
-213.527578
-113.552262
-48.136315
-30.856630
-66.650262
-116.020788
-113.552262
-83.929946
-74.055841
-46.902051
30.856528
98.741001
102.443791
72.821475
58.010317
71.587212
132.066106
211.058949
250.555370
230.807159
208.590422
248.086843
350.530685
373.981685
164.156949
-93.804051
-37.027946
303.628685
509.750633
377.684475
108.615106
-80.227157
-107.380946
6.171264
114.786422
106.146580
70.352949
95.038212
114.786422
55.541791
-13.576946
-69.118788
-114.786525
-61.713209
46.901949
12.342580
-101.209630
-77.758630
22.216685
-4.937104
-101.209630
-122.192104
-127.129157
-141.940315
-75.290104
-3.702841
-49.370578
-120.957841
-98.741104
-75.290104
-116.020788
-145.643104
-161.688525
-204.887736
-201.184946
-125.894894
-122.192104
-183.905262
-160.454262
-101.209630
-148.111630
-244.384157
-260.429578
-204.887736
-122.192104
-32.090894
-16.045472
-87.632736
-137.003262
-97.506841
-58.010420
-49.370578
-2.468578
64.181633
80.227054
78.992791
104.912317
128.363317
156.751370
209.824685
256.726685
240.681264
214.761738
270.303580
380.153001
390.027106
183.905159
-86.398472
-71.587315
267.835054
541.841475
469.019948
170.328264
-95.038315
-169.094104
-43.199262
114.786422
141.940212
92.569685
97.506738
132.066106
91.335422
1.234212
-87.632736
-160.454262
-122.192104
24.685212
55.541791
-76.524367
-112.317999
6.171264
41.964896
-49.370578
-124.660630
-162.922788
-191.310841
-124.660630
-3.702841
-20.982525
-127.129157
-122.192104
-66.650262
-99.975367
-153.048683
-181.436736
-254.258262
-288.817630
-178.968209
-67.884525
-99.975367
-149.345893
-139.471788
-172.796893
-251.789736
-246.852683
-160.454262
-98.741104
-61.713209
-37.027946
-86.398472
-159.219999
-118.489315
-17.279736
-0.000051
2.468475
66.650159
114.786422
96.272475
82.695580
116.020685
161.688422
213.527475
257.960949
269.069317
275.240633
340.656580
394.964159
228.338633
-67.884525
-114.786525
176.499580
476.425527
524.561791
323.376896
-0.000051
-214.761841
-125.894894
104.912317
162.922685
75.290001
70.352949
144.408738
130.831843
58.010317
-4.937104
-117.255051
-166.625578
-19.748262
77.758528
-45.667788
-116.020788
17.279633
85.164106
-19.748262
-88.866999
-116.020788
-206.121999
-202.419209
-37.027946
17.279633
-119.723578
-157.985736
-46.902051
-38.262209
-119.723578
-146.877367
-211.059051
-293.754683
-204.887736
-86.398472
-188.842315
-285.114841
-137.003262
18.513896
-64.181736
-257.961051
-352.999315
-304.863051
-144.408841
28.388001
55.541791
-78.992894
-157.985736
-66.650262
17.279633
11.108317
33.325054
93.803949
37.027843
-51.839104
81.461317
330.782475
424.586475
344.359370
294.988843
376.450212
528.264580
623.302843
398.666948
-166.625578
-560.355525
-233.275788
529.498843
875.092527
548.012791
12.342580
-322.142736
-398.667051
-260.429578
14.811106
155.517106
46.901949
-1.234315
160.454159
271.537843
223.401580
107.380843
-78.992894
-260.429578
-248.086946
-64.181736
101.209527
156.751370
90.101159
-16.045472
-27.153841
4.937001
-118.489315
-388.792946
-515.922051
-343.125209
-95.038315
-28.388104
-102.443894
-217.230367
-319.674209
-327.079788
-312.268630
-452.974630
-580.103735
-417.180999
-143.174578
-45.667788
-58.010420
-67.884525
-95.038315
-101.209630
-58.010420
-62.947472
-123.426367
-72.821578
51.839001
34.559317
-59.244683
7.405528
175.265317
296.223106
370.278896
412.243843
512.219159
722.043896
868.921212
791.162633
666.502054
929.400106
1376.203369
963.959475
-517.156314
-1544.063262
-1151.567577
-486.299736
-446.803314
-330.782578
224.635843
565.292475
543.075738
431.992054
-118.489315
-1026.906999
-971.365156
436.929106
1426.808159
926.931580
209.824685
214.761738
296.223106
67.884422
-277.709262
-835.596209
-1184.892683
-568.995367
369.044633
443.100422
-122.192104
-411.009683
-359.170630
-359.170630
-504.813683
-729.449578
-759.071893
-288.817630
420.883685
567.761001
-18.513999
-408.541157
-137.003262
129.597580
-82.695683
-396.198525
-429.523630
-154.282946
177.733843
137.003159
-241.915630
-502.345157
-523.327630
-373.981788
-83.929946
59.244580
-71.587315
-37.027946
266.600791
355.467738
148.111527
99.975264
383.855791
701.061422
880.029580
1029.375422
1117.008106
978.770633
754.134738
656.627948
768.945896
1255.245580
1258.948369
-507.282209
-2627.746314
-2517.896893
-1019.501420
-509.750736
-517.156314
159.219896
836.830369
918.291738
852.875790
481.362580
-629.474262
-1276.228156
-35.793683
1752.653632
1745.248053
508.516370
-54.307630
-86.398472
-354.233578
-678.844788
-1142.927735
-1630.461683
-1213.280735
-25.919578
625.771369
350.530685
-202.419209
-465.317262
-372.747525
-278.943525
-376.450314
-427.055104
-160.454262
351.764948
670.204843
494.939475
125.894791
-137.003262
-429.523630
-647.988209
-419.649525
29.622264
95.038212
-281.412051
-560.355525
-413.478209
-118.489315
-30.856630
-107.380946
-183.905262
-128.363420
159.219896
388.792843
282.646212
92.569685
223.401580
688.718791
1040.483790
960.256685
824.487738
933.102896
949.148317
831.893317
805.973790
887.435159
1251.542790
892.372212
-1395.951683
-3334.979103
-2530.239525
-1172.550051
-1025.672735
-319.674209
1050.357896
1435.448001
1168.847159
1017.032790
443.100422
-675.141999
-1089.854420
174.031054
1678.597843
1414.465527
431.992054
188.842212
-381.387367
-1244.137314
-1163.910209
-1167.612999
-1723.031419
-1108.368367
329.548212
724.512422
403.604001
250.555370
-7.405630
-439.397736
-613.428841
-338.188157
-4.937104
-65.415999
-8.639894
543.075738
712.169791
169.094001
-254.258262
-397.432788
-654.159525
-741.792209
-360.404893
14.811106
-20.982525
-249.321209
-392.495736
-350.530788
-97.506841
82.695580
-40.730736
-53.073367
236.978475
420.883685
415.946633
369.044633
344.359370
564.058212
861.515633
878.795317
986.176211
1137.990580
746.729159
407.306791
593.680527
849.173001
1360.157948
993.581790
-1790.915893
-3981.732998
-2698.099314
-899.777893
-686.250367
-91.335525
1165.144369
1782.275948
1745.248053
1261.416896
349.296422
-834.361946
-1440.385156
-78.992894
1840.286317
1407.059948
-12.342683
-78.992894
-329.548315
-1305.850472
-1397.185946
-1288.570788
-1625.524630
-956.553999
466.551422
1057.763475
798.568212
324.611159
-13.576946
-169.094104
-452.974630
-612.194578
-213.527578
132.066106
91.335422
225.870106
378.918738
66.650159
-376.450314
-593.680630
-629.474262
-401.135578
-0.000051
71.587212
-230.807262
-419.649525
-276.474999
33.325054
170.328264
-40.730736
-218.464630
24.685212
327.079685
322.142633
215.996001
207.356159
446.803212
923.228790
1109.602527
972.599317
1025.672633
980.004896
599.851843
441.866159
628.239896
1179.955527
1335.472685
-759.071893
-3621.328156
-3564.552051
-1656.381209
-876.326893
-341.890946
942.977001
1893.359632
2078.499106
1663.786685
868.921212
-246.852683
-1547.766051
-1274.993893
956.553896
1836.583527
534.435896
-108.615209
-166.625578
-1015.798630
-1444.087946
-1223.154841
-1461.367630
-1386.077577
-261.663841
967.662264
1384.843211
838.064633
86.398370
-140.706051
-385.090157
-752.900578
-490.002525
-130.831946
-264.132367
9.874054
654.159422
585.040685
53.073264
-260.429578
-591.212104
-871.389841
-623.302946
-154.282946
-23.451051
-160.454262
-267.835157
-161.688525
96.272475
144.408738
-82.695683
-165.391315
14.811106
280.177685
567.761001
606.023159
380.153001
491.236685
855.344317
938.039948
1026.906896
1108.368264
685.016001
356.702001
550.481317
917.057475
1493.458369
835.596106
-2200.691261
-4250.802366
-2947.420472
-1234.263209
-677.610525
271.537843
1552.703001
2292.026632
2345.099948
1627.993053
422.117948
-1055.295051
-1955.072893
-644.285420
1428.042422
1262.651159
76.524264
9.874054
-249.321209
-1150.333314
-1393.483156
-1458.899104
-1744.013893
-1128.116577
333.251001
1394.717317
1458.899001
794.865422
203.653370
-108.615209
-641.816893
-1002.221735
-686.250367
-325.845525
-99.975367
330.782475
506.047843
228.338633
-76.524367
-390.027209
-620.834420
-461.614472
-218.464630
-264.132367
-380.153104
-246.852683
91.335422
270.303580
107.380843
-116.020788
-155.517209
-19.748262
188.842212
282.646212
223.401580
294.988843
704.764212
1112.071054
1091.088580
938.039948
962.725211
862.749896
718.341106
719.575369
770.180159
1234.263106
968.896527
-1745.248156
-4266.847787
-3499.136103
-1650.209893
-830.659156
199.950580
1598.370738
2456.183632
2574.672895
1852.628948
701.061422
-688.718893
-1980.992419
-1255.245683
1012.095738
1387.311738
143.174475
-65.415999
-70.353051
-896.075104
-1310.787525
-1397.185946
-1751.419472
-1403.357262
-50.604841
1260.182632
1671.192264
1078.745948
354.233475
85.164106
-408.541157
-1046.655209
-989.879104
-805.973893
-729.449578
165.391212
1191.063896
938.039948
-2.468578
-573.932420
-627.005735
-359.170630
-344.359472
-668.970683
-651.690999
-220.933157
233.275685
541.841475
340.656580
-297.457472
-502.345157
-67.884525
366.576106
444.334685
281.411949
245.618317
635.645475
1119.476633
1158.973054
941.742738
859.047106
725.746685
582.572159
678.844685
892.372212
1356.455159
1104.665475
-1477.413051
-4136.015893
-3687.978366
-1941.495998
-1112.071156
-65.415999
1524.314948
2647.494422
2938.780527
2221.673632
924.463054
-567.761104
-2015.551788
-1647.741367
554.184106
1256.479843
132.066106
-77.758630
181.436633
-571.463893
-1252.777156
-1436.682367
-1766.230630
-1560.108683
-307.331578
1117.008106
1777.338896
1383.608948
609.725948
224.635843
-313.502893
-1152.801841
-1258.948472
-781.288630
-455.443157
104.912317
643.051054
503.579317
251.789633
-2.468578
-583.806525
-786.225683
-588.743578
-556.652736
-303.628788
45.667685
48.136212
203.653370
349.296422
11.108317
-201.184946
-130.831946
-77.758630
199.950580
465.317159
431.992054
564.058212
846.704475
883.732369
931.868633
1141.693369
1088.620054
819.550685
709.701264
794.865422
1325.598580
1374.969106
-1079.980314
-4279.190419
-4350.777682
-2359.911209
-1162.675946
-97.506841
1489.755580
2747.469737
3331.276211
2780.794843
1205.875054
-549.247157
-2090.841840
-2066.156577
13.576843
1189.829632
290.051791
-106.146683
238.212738
-350.530788
-1146.630525
-1415.699893
-1797.087209
-1745.248156
-539.373051
987.410475
1850.160422
1703.283106
940.508475
397.432685
-148.111630
-1137.990683
-1614.416262
-1305.850472
-1058.997841
-348.062262
1004.690159
1293.507738
383.855791
-169.094104
-239.447104
-303.628788
-472.722841
-977.536472
-1131.819367
-327.079788
449.271738
597.383317
398.666948
-133.300472
-444.334788
-25.919578
338.188054
192.545001
70.352949
249.321106
733.152264
1225.623264
1139.224843
730.683738
767.711633
1012.095738
951.616843
749.197685
678.844685
1179.955527
1509.503790
-588.743578
-3939.768050
-4490.249419
-2683.288156
-1444.087946
-361.639157
1315.724475
2756.109579
3539.866685
3104.171790
1513.206580
-257.961051
-1969.884051
-2438.904051
-625.771472
829.424790
235.744212
-67.884525
459.145843
71.587212
-809.676683
-1277.462420
-1750.185209
-1883.485630
-981.239262
509.750633
1686.003422
1866.205843
1235.497369
696.124369
144.408738
-934.337262
-1708.220262
-1582.325419
-1202.172367
-507.282209
656.627948
1178.721264
836.830369
475.191264
-133.300472
-909.651999
-919.526104
-712.169893
-938.040051
-714.638420
85.164106
660.330738
849.173001
486.299633
-219.698893
-350.530788
2.468475
128.363317
199.950580
311.034264
340.656580
745.494896
1262.651159
1099.728422
783.757054
889.903685
877.561054
759.071790
850.407264
1119.476633
1521.846422
534.435896
-2616.637946
-4676.623156
-3739.817419
-2178.474525
-972.599420
664.033527
2272.278422
3480.622053
3842.261158
2631.449001
599.851843
-1410.762841
-2746.235577
-1919.279261
83.929843
469.019948
-25.919578
407.306791
531.967369
-306.097315
-905.949209
-1349.049683
-1961.244209
-1755.122262
-373.981788
1236.731632
1992.100685
1634.164369
1052.826422
681.313212
-276.474999
-1593.433788
-1990.866525
-1531.720630
-992.347630
-235.744315
746.729159
1273.759527
1055.294948
329.548212
-436.929209
-784.991420
-797.334051
-813.379472
-765.243209
-433.226420
96.272475
539.372948
613.428738
259.195212
-202.419209
-283.880578
46.901949
325.845422
332.016738
272.772106
481.362580
989.879001
1239.200159
1071.340369
1000.987369
963.959475
789.928369
719.575369
822.019212
1351.518106
1236.731632
-1460.133367
-4508.763366
-4331.029471
-2536.410840
-1386.077577
48.136212
1784.744474
3142.433948
4012.589474
3399.160685
1362.626475
-777.585841
-2479.634735
-2568.501682
-708.467104
386.324317
-118.489315
50.604738
720.809633
330.782475
-409.775420
-1009.627314
-1845.223472
-1993.335051
-887.435262
504.813580
1481.115738
1783.510211
1426.808159
978.770633
283.880475
-1046.655209
-1940.261735
-1834.115104
-1521.846525
-715.872683
714.638317
1265.119685
866.452685
672.673369
271.537843
-438.163472
-743.026472
-1094.791472
-1363.860841
-678.844788
185.139422
476.425527
608.491685
396.198422
-39.496472
75.290001
270.303580
3.702738
-74.055841
148.111527
390.027106
928.165843
1308.318896
970.130790
733.152264
961.490948
942.977001
752.900475
696.124369
965.193738
1542.828896
409.775317
-3001.728051
-4829.671787
-3504.073156
-1913.107946
-855.344420
692.421580
2351.271264
3781.782263
4182.917790
2624.043422
308.565738
-1584.793946
-2722.784577
-2004.443419
-299.925999
-66.650262
-388.792946
428.289264
915.823212
262.898001
-469.020051
-1284.867998
-2014.317525
-1613.181998
-370.278999
792.396896
1547.765948
1626.758790
1305.850369
949.148317
-38.262209
-1479.881577
-2062.453788
-1756.356525
-1220.686314
-307.331578
636.879738
1092.322843
1310.787422
950.382580
-229.572999
-1070.106209
-1047.889472
-920.760367
-878.795420
-554.184209
74.055738
715.872580
894.840738
471.488475
-56.776157
-211.059051
-54.307630
102.443791
157.985633
186.373685
375.215948
873.858264
1223.154738
1046.655106
929.400106
1066.403317
987.410475
798.568212
786.225580
1223.154738
1461.367527
-609.726051
-4069.365682
-4886.447892
-3058.504156
-1502.098314
-320.908472
1209.577843
2868.427527
4333.497895
4168.106632
1967.415422
-391.261472
-2120.464156
-2865.959103
-1704.517472
-251.789736
-281.412051
-222.167420
677.610422
908.417633
287.583264
-591.212104
-1602.073630
-1974.821104
-1251.542893
-106.146683
949.148317
1589.730896
1546.531685
1267.588211
818.316422
-418.415262
-1792.150156
-2119.229893
-1798.321472
-1223.154841
25.919475
1126.882211
1199.703738
1000.987369
798.568212
75.290001
-730.683841
-1191.063999
-1407.060051
-1042.952420
-276.474999
141.940212
360.404791
609.725948
523.327527
299.925896
248.086843
62.947370
-146.877367
-44.433525
143.174475
469.019948
1009.627211
1107.134001
830.659054
923.228790
1065.169054
865.218422
661.565001
607.257422
1233.028843
1878.548474
-159.219999
-3887.928998
-4851.888524
-3132.559945
-1667.489577
-552.949946
823.253475
2542.582053
4412.490737
4492.717842
2256.233001
-154.282946
-2050.111156
-3009.133630
-1840.286419
-370.278999
-527.030420
-449.271841
691.187317
1128.116475
617.131527
-260.429578
-1493.458472
-2098.247419
-1400.888735
-288.817630
710.935527
1400.888632
1442.853580
1349.049580
1154.036001
-41.964999
-1615.650525
-2184.645840
-1925.450577
-1320.661630
-256.726788
854.110054
1466.304580
1442.853580
646.753843
-412.243946
-901.012156
-1067.637683
-1277.462420
-1068.871946
-314.737157
486.299633
894.840738
692.421580
190.076475
-45.667788
-1.234315
27.153738
14.811106
64.181633
207.356159
551.715580
968.896527
986.176211
767.711633
888.669422
1094.791369
1030.609685
878.795317
773.882948
1278.696580
1689.706211
-565.292578
-4239.693998
-4890.150682
-2909.158314
-1507.035367
-612.194578
844.235948
2882.004422
4735.867684
4428.536158
1967.415422
-340.656683
-2039.002788
-2946.186209
-1935.324683
-564.058314
-597.383420
-429.523630
738.089317
1268.822475
704.764212
-323.376999
-1451.493525
-1884.719893
-1262.651262
-287.583367
606.023159
1252.777054
1409.528475
1361.392211
1079.980211
-91.335525
-1576.154104
-2073.562156
-1806.961314
-1384.843314
-493.705314
622.068580
1273.759527
1452.727685
1115.773843
256.726685
-548.012893
-1119.476735
-1492.224209
-1272.525367
-615.897367
-67.884525
385.090054
771.414422
817.082159
529.498843
172.796791
-95.038315
-178.968209
-58.010420
128.363317
391.261370
805.973790
980.004896
834.361843
956.553896
1155.270264
892.372212
656.627948
775.117212
1254.011317
1767.464790
248.086843
-3338.681893
-4898.790524
-3355.961577
-1808.195577
-952.851209
298.691633
2130.338159
4305.109842
4949.395211
2823.994053
144.408738
-1656.381209
-2816.588577
-2340.162998
-882.498209
-678.844788
-766.477472
388.792843
1355.220896
1113.305317
162.922685
-1155.270367
-1943.964525
-1498.395525
-597.383420
169.094001
896.075001
1295.976264
1437.916527
1470.007369
565.292475
-1166.378735
-2120.464156
-1998.272104
-1700.814683
-1007.158788
362.873317
1445.322106
1715.625738
1373.734843
454.208791
-517.156314
-1086.151630
-1602.073630
-1739.076840
-904.714946
137.003159
698.592896
954.085369
819.550685
406.072527
160.454159
-61.713209
-303.628788
-176.499683
138.237422
406.072527
824.487738
1047.889369
799.802475
794.865422
1109.602527
1047.889369
812.145106
780.054264
1133.053527
1776.104632
622.068580
-2914.095367
-4834.608840
-3521.352840
-2062.453788
-1355.220998
-51.839104
1927.919001
4121.204632
4995.062947
3265.860264
682.547475
-1231.794683
-2656.134367
-2628.980577
-1279.930946
-840.533262
-944.211367
187.607949
1432.979475
1336.706948
380.153001
-870.155578
-1747.716683
-1526.783577
-780.054367
-122.192104
664.033527
1281.165106
1465.070317
1457.664738
728.215212
-851.641630
-1984.695209
-2148.852209
-1869.908735
-1058.997841
225.870106
1208.343580
1551.468738
1400.888632
834.361843
-17.279736
-944.211367
-1608.244946
-1646.507104
-1121.945262
-396.198525
249.321106
699.827159
946.679790
839.298896
412.243843
66.650159
-97.506841
-224.635946
-160.454262
143.174475
570.229527
938.039948
957.788159
897.309264
1077.511685
1081.214475
871.389738
734.386527
802.271001
1502.098211
1409.528475
-1502.098314
-4479.141050
-4060.725840
-2282.152630
-1461.367630
-631.942788
983.707685
3302.888158
5000.000000
4003.949632
1368.797790
-634.411314
-2138.978104
-2719.081788
-1672.426630
-891.138051
-1072.574735
-348.062262
1077.511685
1478.647211
787.459843
-407.306893
-1461.367630
-1535.423419
-970.130893
-467.785788
238.212738
978.770633
1304.616106
1484.818527
1125.647948
-266.600893
-1645.272841
-2152.554998
-2022.957367
-1293.507841
-125.894894
934.337159
1629.227317
1619.353211
849.173001
16.045370
-645.519683
-1388.546104
-1819.303946
-1462.601893
-503.579420
472.722738
860.281369
701.061422
580.103633
531.967369
261.663738
-55.541894
-227.104472
-220.933157
80.227054
593.680527
934.337159
826.956264
640.582527
850.407264
1112.071054
1061.466264
889.903685
797.333948
1292.273475
1684.769159
-369.044736
-3741.051682
-4480.375314
-2948.654735
-1811.898367
-931.868735
503.579317
2582.078474
4613.675632
4556.899526
2305.603527
56.776054
-1710.688788
-2805.480209
-2156.257788
-1055.295051
-1049.123735
-694.890209
664.033527
1458.899001
1125.647948
98.741001
-1124.413788
-1613.181998
-1216.983525
-655.393788
8.639791
762.774580
1182.424054
1399.654369
1298.444790
243.149791
-1265.119788
-2078.499209
-2042.705577
-1490.989946
-523.327630
513.453422
1249.074264
1667.489474
1511.972317
612.194475
-478.894157
-1330.535735
-1814.366893
-1629.227419
-925.697420
-214.761841
457.911580
993.581790
1083.683001
835.596106
429.523527
-41.964999
-309.800104
-287.583367
-99.975367
271.537843
729.449475
865.218422
735.620791
915.823212
1197.235211
1055.294948
804.739527
735.620791
1109.602527
1813.132527
689.953054
-2727.721630
-4532.214366
-3276.968735
-1995.803577
-1532.954893
-411.009683
1624.290264
3981.732895
4916.070105
3227.598106
817.082159
-903.480683
-2336.460209
-2514.194103
-1394.717420
-1082.448841
-1182.424156
3.702738
1335.472685
1404.591422
576.400843
-619.600157
-1430.511051
-1288.570788
-841.767525
-409.775420
338.188054
992.347527
1263.885422
1357.689422
755.369001
-660.330841
-1748.950946
-1987.163735
-1730.436998
-938.040051
240.681264
1124.413685
1467.538843
1309.553159
683.781738
-95.038315
-899.777893
-1635.398735
-1758.825051
-1086.151630
-162.922788
496.173738
724.512422
723.278159
723.278159
581.337896
215.996001
-161.688525
-343.125209
-193.779367
201.184843
596.149054
775.117212
652.925159
633.176948
1028.141159
1263.885422
1051.592159
805.973790
881.263843
1597.136475
1629.227317
-1057.763577
-4180.449366
-4171.809524
-2600.592524
-1852.629051
-986.176314
739.323580
3025.178948
4895.087632
4350.777579
1863.737317
-218.464630
-1787.213104
-2725.253103
-2027.894419
-1156.504630
-1263.885525
-641.816893
904.714843
1561.342843
1049.123633
-17.279736
-1125.648051
-1435.448104
-1031.844051
-633.177051
-74.055841
702.295685
1162.675843
1342.878264
1179.955527
77.758528
-1379.906262
-2006.911946
-1904.468104
-1415.699893
-354.233578
776.351475
1342.878264
1558.874317
1356.455159
473.957001
-613.428841
-1515.675209
-2025.425893
-1658.849735
-698.592999
62.947370
623.302843
1050.357896
1109.602527
875.092527
414.712370
-178.968209
-485.065472
-380.153104
-85.164209
354.233475
720.809633
709.701264
670.204843
983.707685
1236.731632
1091.088580
831.893317
681.313212
1136.756317
1953.838527
762.774580
-2651.197314
-4392.742629
-3255.986261
-2080.967735
-1616.884788
-585.040788
1440.385053
3937.299421
4911.133053
3247.346316
980.004896
-682.547578
-2178.474525
-2468.526367
-1515.675209
-1284.867998
-1326.832946
-99.975367
1286.102159
1455.196211
664.033527
-508.516472
-1258.948472
-1145.396262
-825.722104
-518.390578
165.391212
826.956264
1156.504527
1337.941211
856.578580
-445.569051
-1571.217051
-1952.604367
-1681.066472
-886.200999
-11.108420
661.565001
1265.119685
1539.126106
1088.620054
177.733843
-765.243209
-1565.045735
-1874.845788
-1397.185946
-472.722841
271.537843
687.484527
936.805685
1041.718054
856.578580
277.709159
-383.855893
-568.995367
-260.429578
143.174475
518.390475
728.215212
631.942685
677.610422
1091.088580
1236.731632
968.896527
771.414422
809.676580
1403.357159
1751.419369
-290.051893
-3474.450840
-4081.708314
-2640.088946
-1872.377262
-1413.231367
-1.234315
2298.197948
4419.896316
4448.284369
2404.344580
406.072527
-1144.161999
-2383.362209
-2224.142261
-1394.717420
-1382.374788
-1009.627314
503.579317
1513.206580
1212.046369
244.384054
-750.432051
-1173.784314
-1024.438472
-824.487841
-431.992157
317.205580
926.931580
1245.371475
1228.091790
446.803212
-801.036841
-1627.993156
-1818.069683
-1557.640156
-782.522893
313.502791
1140.459106
1408.294211
1271.291001
814.613633
2.468475
-998.518946
-1789.681630
-1883.485630
-1128.116577
-164.157051
403.604001
754.134738
1026.906896
994.816054
646.753843
103.678054
-413.478209
-510.984999
-236.978578
111.083633
529.498843
778.820001
672.673369
741.792106
1099.728422
1136.756317
880.029580
725.746685
782.522790
1415.699790
1816.835317
-95.038315
-3231.300998
-4058.257314
-2778.326419
-1953.838630
-1500.864051
-167.859841
2161.194738
4393.976790
4519.871632
2470.994790
444.334685
-1076.277525
-2341.397261
-2243.890472
-1391.014630
-1358.923788
-1051.592262
435.694843
1471.241632
1203.406527
294.988843
-724.512525
-1235.497472
-1057.763577
-784.991420
-403.604104
306.097212
873.858264
1209.577843
1333.004159
603.554633
-747.963525
-1631.695946
-1836.583630
-1507.035367
-622.068683
272.772106
752.900475
1047.889369
1171.315685
897.309264
224.635843
-786.225683
-1751.419472
-1851.394788
-970.130893
-25.919578
372.747422
506.047843
709.701264
955.319633
898.543527
267.835054
-507.282209
-701.061525
-228.338736
398.666948
739.323580
692.421580
491.236685
596.149054
1020.735580
1145.396159
878.795317
701.061422
798.568212
1456.430475
1979.758053
161.688422
-3195.507366
-4218.711524
-2847.445156
-1925.450577
-1450.259262
-172.796893
1969.883948
4195.260421
4529.745737
2527.770895
430.757791
-1076.277525
-2353.739893
-2234.016367
-1276.228156
-1267.588314
-1045.420946
446.803212
1463.836053
1170.081422
301.160159
-752.900578
-1329.301472
-1114.539683
-798.568314
-402.369841
343.125106
894.840738
1199.703738
1351.518106
640.582527
-715.872683
-1619.353314
-1850.160525
-1541.594735
-767.711735
49.370475
825.722001
1414.465527
1272.525264
713.404054
211.058949
-638.114104
-1572.451314
-1715.625840
-1161.441683
-381.387367
339.422317
639.348264
717.106843
870.155475
691.187317
137.003159
-225.870209
-314.737157
-212.293315
161.688422
565.292475
738.089317
677.610422
608.491685
797.333948
1009.627211
955.319633
847.938738
808.442317
1130.585001
1731.671159
646.753843
-2466.057840
-4121.204735
-3107.874682
-1972.352577
-1395.951683
-293.754683
1539.126106
3683.041211
4485.312263
2898.049843
738.089317
-854.110156
-2214.268156
-2343.865788
-1341.644104
-1102.197051
-1071.340472
146.877264
1318.193001
1266.353948
452.974527
-631.942788
-1344.112630
-1209.577946
-807.208156
-390.027209
287.583264
823.253475
1109.602527
1314.490211
764.008843
-536.904525
-1470.007472
-1805.727051
-1711.923051
-918.291841
82.695580
750.431948
1252.777054
1278.696580
761.540317
343.125106
-304.863051
-1460.133367
-1966.181261
-1361.392314
-419.649525
394.964159
750.431948
625.771369
643.051054
707.232738
298.691633
-199.950683
-385.090157
-314.737157
111.083633
639.348264
764.008843
572.698054
443.100422
582.572159
907.183369
1046.655106
966.428001
813.379369
902.246317
1678.597843
1542.828896
-1256.479946
-3981.732998
-3643.544893
-2184.645840
-1586.028209
-857.812946
751.666212
3002.962211
4507.529000
3550.975053
1304.616106
-341.890946
-1782.276051
-2516.662630
-1648.975630
-940.508578
-1021.969946
-187.608051
1128.116475
1330.535632
612.194475
-444.334788
-1321.895893
-1358.923788
-925.697420
-486.299736
230.807159
893.606475
1137.990580
1291.039211
965.193738
-265.366630
-1409.528577
-1813.132630
-1797.087209
-1166.378735
-90.101262
654.159422
1165.144369
1436.682264
920.760264
128.363317
-377.684578
-1038.015367
-1623.056104
-1467.538946
-782.522893
55.541791
696.124369
710.935527
471.488475
486.299633
408.541054
65.415896
-167.859841
-199.950683
-69.118788
260.429475
597.383317
703.529948
544.310001
411.009580
630.708422
962.725211
1047.889369
972.599317
840.533159
1140.459106
1906.936527
940.508475
-2394.470577
-4377.931471
-3296.716945
-1845.223472
-1218.217788
-319.674209
1414.465527
3644.779053
4487.780790
2770.920737
490.002422
-1062.700630
-2313.009209
-2284.621156
-1038.015367
-652.925262
-746.729262
207.356159
1210.812106
1125.647948
240.681264
-983.707788
-1651.444156
-1236.731735
-567.761104
-23.451051
635.645475
1018.267054
1130.585001
1246.605738
592.446264
-873.858367
-1806.961314
-1904.468104
-1583.559683
-734.386630
245.618317
930.634369
1511.972317
1530.486264
713.404054
-91.335525
-673.907735
-1391.014630
-1813.132630
-1514.440946
-604.788999
488.768159
984.941948
772.648685
568.995264
522.093264
302.394422
-60.478946
-354.233578
-349.296525
11.108317
430.757791
694.890106
703.529948
419.649422
301.160159
686.250264
1075.043159
1103.431211
930.634369
812.145106
1394.717317
2106.887159
418.415159
-3117.748788
-4379.165735
-2912.861103
-1671.192367
-1119.476735
-112.317999
1746.482317
3887.928895
4245.865211
2252.530211
137.003159
-1355.220998
-2410.515998
-1899.531051
-681.313314
-630.708525
-582.572262
461.614370
1094.791369
754.134738
-153.048683
-1291.039314
-1655.146946
-1017.032893
-301.160262
339.422317
929.400106
1065.169054
1096.025633
1050.357896
70.352949
-1330.535735
-1876.080051
-1752.653735
-1300.913420
-359.170630
499.876527
1096.025633
1667.489474
1445.322106
324.611159
-477.659893
-881.263946
-1493.458472
-1821.772472
-1347.815420
-332.016841
707.232738
1140.459106
865.218422
545.544264
392.495633
58.010317
-286.349104
-271.537946
-62.947472
140.705949
420.883685
698.592896
693.655843
356.702001
154.282843
490.002422
984.941948
1182.424054
1094.791369
931.868633
1384.843211
2030.362843
419.649422
-3010.367893
-4295.235840
-2954.826051
-1746.482419
-1099.728525
-11.108420
1830.412211
3857.072316
4103.924948
2106.887159
29.622264
-1391.014630
-2363.613998
-1874.845788
-652.925262
-433.226420
-325.845525
524.561791
993.581790
603.554633
-346.827999
-1446.556472
-1682.300735
-935.571525
-157.985736
486.299633
1017.032790
1110.836790
1077.511685
861.515633
-177.733946
-1450.259262
-1903.233840
-1683.534998
-1072.574735
-157.985736
588.743475
1160.207317
1630.461580
1268.822475
143.174475
-619.600157
-899.777893
-1295.976367
-1572.451314
-1239.200262
-336.953893
602.320369
899.777790
630.708422
452.974527
393.729896
164.156949
-48.136315
-78.992894
-77.758630
-0.000051
272.772106
560.355422
587.509212
338.188054
192.545001
499.876527
998.518843
1146.630422
971.365054
881.263843
1318.193001
2124.166843
1377.437632
-1884.719893
-4440.878892
-3681.807051
-1855.097577
-1181.189893
-671.439209
936.805685
3280.671421
4387.805474
2919.032316
523.327527
-1089.854420
-2113.058577
-2019.254577
-713.404157
-122.192104
-443.100525
-13.576946
823.253475
797.333948
-133.300472
-1358.923788
-1873.611525
-1208.343683
-218.464630
506.047843
1038.015264
1183.658317
1072.574633
903.480580
102.443791
-1220.686314
-1903.233840
-1632.930209
-1031.844051
-288.817630
549.247054
1061.466264
1150.333211
1023.204106
471.488475
-519.624841
-1151.567577
-1129.350841
-1045.420946
-898.543630
-441.866262
-33.325157
394.964159
875.092527
719.575369
197.482054
59.244580
18.513896
8.639791
212.293212
92.569685
-155.517209
155.517106
571.463791
604.788896
449.271738
292.520317
512.219159
1067.637580
1309.553159
1142.927633
988.644738
1426.808159
1946.432948
262.898001
-3249.814945
-4500.123524
-2811.651524
-1377.437735
-901.012156
50.604738
1946.432948
3864.477895
3789.187842
1598.370738
-350.530788
-1483.584367
-2179.708788
-1428.042525
-55.541894
14.811106
-245.618420
290.051791
607.257422
138.237422
-845.470314
-1767.464893
-1639.101525
-615.897367
319.674106
1023.204106
1350.283843
1125.647948
844.235948
401.135475
-671.439209
-1700.814683
-1857.566104
-1339.175577
-560.355525
317.205580
975.067843
1117.008106
880.029580
460.380106
-139.471788
-641.816893
-805.973893
-938.040051
-973.833683
-615.897367
-222.167420
72.821475
423.352212
490.002422
312.268527
292.520317
243.149791
111.083633
104.912317
4.937001
-106.146683
114.786422
404.838264
527.030317
518.390475
317.205580
293.754580
766.477369
1191.063896
1212.046369
1073.808896
1014.564264
1525.549211
1855.097474
-254.258262
-3629.967998
-4301.407156
-2532.708051
-1271.291104
-703.530051
320.908370
2161.194738
3863.243632
3425.080211
1223.154738
-496.173841
-1661.318262
-2213.033893
-1038.015367
309.800001
112.317896
-148.111630
261.663738
264.132264
-244.384157
-1088.620156
-1876.080051
-1479.881577
-207.356262
759.071790
1367.563527
1466.304580
910.886159
450.506001
-17.279736
-1058.997841
-1871.142998
-1723.031419
-1040.483893
-145.643104
741.792106
1117.008106
928.165843
609.725948
262.898001
-297.457472
-829.424893
-952.851209
-788.694209
-568.995367
-351.765051
-175.265420
61.713106
285.114738
232.041422
138.237422
248.086843
315.971317
283.880475
260.429475
160.454159
37.027843
60.478843
156.751370
262.898001
359.170527
345.593633
403.604001
782.522790
1188.595369
1281.165106
1126.882211
941.742738
1324.364317
1876.079948
203.653370
-3338.681893
-4545.791261
-2725.253103
-1128.116577
-571.463893
274.006370
1941.495895
3623.796579
3386.818053
1270.056738
-504.813683
-1663.786788
-2250.061788
-1028.141262
535.670159
356.702001
-171.562630
35.793580
50.604738
-381.387367
-1126.882314
-1776.104735
-1323.130156
-58.010420
909.651896
1461.367527
1461.367527
777.585738
167.859738
-281.412051
-1144.161999
-1794.618683
-1546.531788
-770.180262
302.394422
1134.287790
956.553896
552.949843
603.554633
161.688422
-781.288630
-1233.028946
-1113.305420
-454.208893
317.205580
92.569685
-552.949946
-394.964262
40.730633
243.149791
372.747422
146.877264
7.405528
533.201633
860.281369
422.117948
-238.212841
-655.393788
-428.289367
345.593633
777.585738
543.075738
265.366527
576.400843
1288.570685
1578.622527
1260.182632
772.648685
635.645475
1428.042422
1586.028106
-1255.245683
-4481.609577
-4095.285208
-1730.436998
-359.170630
211.058949
996.050317
2504.319895
3548.506527
2322.883211
162.922685
-1210.812209
-2192.051419
-1841.520683
138.237422
1014.564264
265.366527
-176.499683
-253.023999
-471.488578
-791.162735
-1402.122998
-1566.279998
-628.239999
615.897264
1503.332475
1710.688685
940.508475
-7.405630
-457.911683
-945.445630
-1455.196314
-1402.122998
-872.624104
1.234212
913.354685
1168.847159
861.515633
414.712370
-227.104472
-761.540420
-855.344420
-714.638420
-359.170630
13.576843
-81.461420
-350.530788
-402.369841
-397.432788
-239.447104
117.254949
366.576106
573.932317
794.865422
687.484527
256.726685
-197.482157
-551.715683
-580.103735
-123.426367
481.362580
818.316422
777.585738
608.491685
783.757054
1160.207317
1119.476633
813.379369
650.456633
886.200896
1719.328527
1408.294211
-1708.220262
-4537.151419
-3737.348893
-1370.032156
-149.345893
283.880475
1087.385790
2609.232264
3326.339158
1802.024159
-285.114841
-1468.773209
-2100.715946
-1297.210630
678.844685
1168.847159
175.265317
-349.296525
-498.642367
-741.792209
-977.536472
-1363.860841
-1256.479946
-174.031157
982.473422
1576.154001
1444.087843
459.145843
-502.345157
-781.288630
-984.942051
-1176.252841
-901.012156
-375.216051
373.981685
1213.280632
1160.207317
260.429475
-264.132367
-306.097315
-556.652736
-1020.735683
-1173.784314
-539.373051
411.009580
452.974527
-257.961051
-534.435999
-261.663841
71.587212
286.349001
249.321106
214.761738
480.128317
668.970580
402.369738
-156.751472
-657.862314
-666.502157
-86.398472
602.320369
945.445527
852.875790
622.068580
728.215212
1033.078211
980.004896
719.575369
617.131527
830.659054
1613.181896
1681.066369
-959.022525
-4276.721893
-4287.830261
-1667.489577
204.887633
522.093264
751.666212
2045.174001
3159.713632
2052.579580
-217.230367
-1600.839367
-2085.904788
-1321.895893
627.005633
1455.196211
549.247054
-339.422420
-705.998578
-826.956367
-852.875893
-1162.675946
-1236.731735
-407.306893
743.026369
1500.863948
1428.042422
388.792843
-606.023262
-781.288630
-764.008946
-814.613735
-622.068683
-328.314051
211.058949
984.941948
1028.141159
181.436633
-577.635209
-902.246420
-787.459946
-218.464630
128.363317
4.937001
-33.325157
-43.199262
-251.789736
-498.642367
-768.945999
-726.981051
-9.874157
782.522790
1017.032790
767.711633
251.789633
-227.104472
-372.747525
-303.628788
-249.321209
-98.741104
359.170527
899.777790
1067.637580
752.900475
307.331475
218.464527
568.995264
967.662264
1120.710896
944.211264
954.085369
1764.996264
1471.241632
-1879.782840
-4987.657471
-4008.886787
-884.966735
878.795317
947.914054
1052.826422
2194.519843
2656.134264
1052.826422
-873.858367
-1937.793209
-2124.166946
-499.876630
1710.688685
1851.394685
473.957001
-728.215314
-1425.573998
-1349.049683
-1012.095841
-1125.648051
-866.452788
213.527475
1318.193001
1784.744474
1049.123633
-419.649525
-1107.134104
-996.050420
-823.253578
-439.397736
-85.164209
46.901949
523.327527
1029.375422
781.288527
-75.290104
-855.344420
-887.435262
-461.614472
-423.352314
-357.936367
130.831843
281.411949
-58.010420
-546.778630
-929.400209
-617.131630
82.695580
406.072527
636.879738
815.847896
598.617580
301.160159
-95.038315
-640.582630
-688.718893
-287.583367
125.894791
649.222369
982.473422
849.173001
571.463791
356.702001
440.631896
817.082159
982.473422
966.428001
923.228790
949.148317
1582.325317
1226.857527
-2072.327893
-4975.314840
-3665.761629
-422.118051
1233.028843
1082.448738
859.047106
1809.429738
2206.862474
548.012791
-1115.773946
-1721.797156
-1697.111893
-3.702841
2088.373211
1811.898264
192.545001
-991.113367
-1667.489577
-1418.168420
-826.956367
-829.424893
-501.110893
444.334685
1133.053527
1293.507738
530.733106
-771.414525
-1154.036104
-772.648788
-436.929209
35.793580
301.160159
162.922685
408.541054
764.008843
349.296422
-424.586578
-901.012156
-963.959578
-434.460683
315.971317
354.233475
-266.600893
-651.690999
-525.796157
-208.590525
-134.534736
-428.289367
-307.331578
490.002422
919.526001
673.907633
185.139422
-386.324420
-512.219262
-128.363420
29.622264
44.433422
208.590422
357.936264
661.565001
931.868633
685.016001
269.069317
199.950580
566.526738
1042.952317
1055.294948
665.267791
544.310001
1236.731632
1874.845685
-74.055841
-3945.939366
-4760.553050
-1455.196314
1523.080685
1724.265580
589.977738
397.432685
1307.084632
1117.008106
-424.586578
-1456.430577
-1582.325419
-440.631999
1872.377159
2577.141422
755.369001
-1208.343683
-2111.824314
-1879.782840
-773.883051
-197.482157
-314.737157
17.279633
682.547475
1058.997738
676.376159
-550.481420
-1289.805051
-793.631262
-39.496472
443.100422
564.058212
167.859738
-46.902051
187.607949
102.443791
-215.996104
-291.286157
-514.687788
-828.190630
-448.037578
314.737054
365.341843
-282.646315
-683.781841
-293.754683
387.558580
227.104370
-702.295788
-908.417735
-30.856630
836.830369
963.959475
315.971317
-387.558683
-340.656683
-2.468578
6.171264
-55.541894
-2.468578
302.394422
910.886159
1210.812106
788.694106
12.342580
-336.953893
278.943422
1098.494159
1156.504527
809.676580
583.806422
1023.204106
1994.569211
666.502054
-3397.926524
-4961.737945
-1900.765314
1460.133264
2026.660053
631.942685
-249.321209
570.229527
976.302106
-162.922788
-1100.962788
-1318.193104
-467.785788
1824.240896
2733.892843
865.218422
-1184.892683
-2190.817156
-2120.464156
-730.683841
278.943422
14.811106
-82.695683
339.422317
647.988106
404.838264
-582.572262
-1150.333314
-531.967472
248.086843
659.096475
649.222369
3.702738
-466.551525
-230.807262
-28.388104
-101.209630
23.450949
187.607949
-170.328367
-724.512525
-598.617683
-27.153841
50.604738
-354.233578
-470.254314
-4.937104
330.782475
-143.174578
-771.414525
-552.949946
362.873317
1029.375422
781.288527
4.937001
-396.198525
-312.268630
-137.003262
-4.937104
106.146580
330.782475
696.124369
939.274212
834.361843
290.051791
-351.765051
-240.681367
673.907633
1340.409738
1300.913317
870.155475
559.121159
1293.507738
1904.468001
-685.016104
-4556.899629
-4219.945787
-238.212841
2310.540580
1603.307790
-332.016841
-645.519683
427.055001
375.215948
-377.684578
-603.554735
-638.114104
624.537106
2601.826685
2014.317422
-459.145946
-2074.796419
-2512.959840
-1482.350104
282.646212
650.456633
88.866896
-70.353051
-33.325157
132.066106
-41.964999
-757.837630
-718.341209
81.461317
608.491685
866.452685
436.929106
-565.292578
-694.890209
-146.877367
55.541791
186.373685
338.188054
225.870106
-391.261472
-1360.158051
-1212.046472
183.905159
780.054264
249.321106
-159.219999
-129.597683
-23.451051
-472.722841
-1107.134104
-660.330841
429.523527
1019.501317
1070.106106
552.949843
-330.782578
-781.288630
-555.418472
53.073264
551.715580
571.463791
493.705212
662.799264
691.187317
253.023896
-338.188157
-270.303683
722.043896
1595.902211
1437.916527
693.655843
253.023896
889.903685
1898.296685
148.111527
-3966.921840
-4500.123524
-362.873420
2543.816316
1572.451211
-645.519683
-1162.675946
171.562527
729.449475
-70.353051
-428.289367
-375.216051
360.404791
2063.687948
1879.782738
-577.635209
-2157.492051
-2217.970946
-1146.630525
630.708422
966.428001
-109.849472
-541.841578
-265.366630
71.587212
22.216685
-583.806525
-530.733209
349.296422
766.477369
596.149054
-106.146683
-1067.637683
-917.057578
70.352949
508.516370
517.156212
412.243843
167.859738
-59.244683
-565.292578
-1115.773946
-971.365156
-270.303683
480.128317
671.439106
35.793580
-720.809735
-1084.917367
-817.082262
139.471685
857.812843
843.001685
572.698054
236.978475
-44.433525
-314.737157
-634.411314
-388.792946
341.890843
789.928369
854.110054
576.400843
182.670896
49.370475
-90.101262
-81.461420
580.103633
1357.689422
1449.024896
833.127580
146.877264
220.933054
1286.102159
1851.394685
-549.247157
-4107.627840
-3438.657208
670.204843
2400.641790
750.431948
-1199.703841
-1237.965998
287.583264
889.903685
146.877264
-436.929209
-629.474262
390.027106
2103.184369
1349.049580
-1065.169156
-1967.415525
-1494.692735
-170.328367
1156.504527
525.796054
-839.298999
-844.236051
-301.160262
-20.982525
-148.111630
-514.687788
-129.597683
619.600054
627.005633
187.607949
-506.047946
-1014.564367
-382.621630
531.967369
594.914791
357.936264
117.254949
-165.391315
-139.471788
-230.807262
-812.145209
-1114.539683
-580.103735
360.404791
713.404054
7.405528
-856.578683
-846.704578
-175.265420
406.072527
481.362580
240.681264
240.681264
454.208791
294.988843
-246.852683
-594.914893
-390.027209
201.184843
636.879738
581.337896
272.772106
190.076475
362.873317
399.901212
275.240633
361.639054
760.306054
1058.997738
829.424790
356.702001
229.572896
635.645475
1618.118948
1571.216948
-1516.909472
-4247.099577
-2120.464156
1562.577106
1858.800264
-150.580157
-1483.584367
-878.795420
493.705212
607.257422
80.227054
-130.831946
-170.328367
875.092527
1794.618580
308.565738
-1546.531788
-1771.167683
-1084.917367
343.125106
1189.829632
130.831843
-863.984262
-633.177051
-287.583367
-99.975367
-71.587315
-154.282946
108.615106
311.034264
99.975264
-251.789736
-680.079051
-577.635209
297.457370
815.847896
566.526738
144.408738
-206.121999
-271.537946
-72.821578
-281.412051
-865.218525
-1014.564367
-423.352314
514.687685
755.369001
-259.195315
-1184.892683
-887.435262
-20.982525
702.295685
818.316422
196.247791
-180.202472
4.937001
72.821475
55.541791
-37.027946
-172.796893
230.807159
675.141896
430.757791
59.244580
18.513896
222.167317
515.921948
567.761001
440.631896
512.219159
720.809633
673.907633
433.226317
390.027106
704.764212
1572.451211
1516.909369
-1666.255314
-4492.717945
-1964.946998
2222.907895
2399.407527
-95.038315
-1810.664104
-1340.409841
161.688422
422.117948
-27.153841
-98.741104
-65.415999
946.679790
1837.817790
314.737054
-1521.846525
-1604.542156
-752.900578
724.512422
1353.986632
-134.534736
-1365.095104
-994.816156
-341.890946
102.443791
178.968106
-23.451051
103.678054
185.139422
-74.055841
-411.009683
-739.323683
-386.324420
601.086106
910.886159
429.523527
-95.038315
-371.513262
-245.618420
-162.922788
-491.236788
-575.166683
-108.615209
214.761738
-143.174578
-664.033630
-557.886999
-64.181736
214.761738
60.478843
-297.457472
-176.499683
313.502791
424.586475
176.499580
-202.419209
-285.114841
297.457370
709.701264
436.929106
41.964896
-182.670999
35.793580
539.372948
557.886896
234.509949
91.335422
133.300370
424.586475
788.694106
808.442317
601.086106
538.138685
631.942685
928.165843
1504.566738
585.040685
-2707.973419
-3826.215840
-276.474999
2563.564527
1366.329264
-982.473525
-1894.593998
-957.788262
328.313948
449.271738
259.195212
44.433422
-183.905262
777.585738
1321.895790
-159.219999
-1226.857630
-872.624104
-61.713209
984.941948
718.341106
-1018.267156
-1568.748525
-726.981051
-19.748262
392.495633
369.044633
25.919475
-111.083736
-175.265420
-232.041525
-275.240736
-340.656683
-1.234315
540.607212
541.841475
154.282843
-195.013630
-382.621630
-160.454262
167.859738
6.171264
-196.247893
-277.709262
-873.858367
-1089.854420
-80.227157
762.774580
481.362580
-460.380209
-1140.459209
-496.173841
699.827159
756.603264
178.968106
-67.884525
-129.597683
120.957738
403.604001
120.957738
-155.517209
41.964896
364.107580
587.509212
377.684475
-190.076578
-188.842315
325.845422
494.939475
455.443054
565.292475
724.512422
796.099685
622.068580
439.397633
490.002422
997.284580
1555.171527
-270.303683
-3641.076366
-2914.095367
1321.895790
2559.861737
190.076475
-1900.765314
-1746.482419
-18.513999
809.676580
351.764948
86.398370
-157.985736
119.723475
1114.539580
581.337896
-902.246420
-1057.763577
-444.334788
459.145843
1015.798527
-245.618420
-1578.622630
-962.725314
129.597580
488.768159
355.467738
-45.667788
-208.590525
-174.031157
-251.789736
-297.457472
-424.586578
-328.314051
303.628685
624.537106
282.646212
-135.768999
-294.988946
4.937001
424.586475
352.999212
-76.524367
-657.862314
-1176.252841
-971.365156
-54.307630
620.834317
357.936264
-392.495736
-591.212104
-145.643104
119.723475
38.262106
160.454159
482.596843
429.523527
-27.153841
-378.918841
-351.765051
1.234212
392.495633
498.642264
340.656580
139.471685
41.964896
127.129054
370.278896
528.264580
396.198422
213.527475
293.754580
559.121159
718.341106
494.939475
166.625475
280.177685
945.445527
1735.373948
522.093264
-3075.783840
-3613.922577
834.361843
3425.080211
1079.980211
-1887.188419
-2448.778156
-807.208156
817.082159
717.106843
55.541791
-352.999315
-351.765051
612.194475
955.319633
-143.174578
-689.953157
-276.474999
427.055001
1008.392948
35.793580
-1669.958104
-1500.864051
-139.471788
509.750633
475.191264
60.478843
-380.153104
-360.404893
-103.678157
22.216685
-88.866999
-176.499683
61.713106
203.653370
11.108317
-187.608051
-313.502893
-67.884525
503.579317
592.446264
223.401580
-180.202472
-571.463893
-850.407367
-1146.630525
-783.757157
750.431948
1244.137211
-293.754683
-1340.409841
-908.417735
32.090791
920.760264
931.868633
227.104370
-166.625578
-403.604104
-352.999315
330.782475
576.400843
208.590422
201.184843
287.583264
104.912317
-65.415999
-160.454262
208.590422
833.127580
582.572159
-141.940315
-7.405630
665.267791
920.760264
657.862212
293.754580
313.502791
1008.392948
1760.059211
297.457370
-3202.912945
-3457.171156
825.722001
3290.545527
1103.431211
-1932.856156
-2590.718419
-838.064735
980.004896
1194.766685
531.967369
-443.100525
-894.840841
61.713106
682.547475
25.919475
-394.964262
-301.160262
269.069317
1015.798527
171.562527
-1389.780367
-1165.144472
46.901949
607.257422
473.957001
-157.985736
-728.215314
-667.736420
-164.157051
199.950580
59.244580
-82.695683
120.957738
120.957738
-103.678157
-272.772209
-294.988946
201.184843
650.456633
335.719527
-227.104472
-705.998578
-638.114104
146.877264
169.094001
-568.995367
-552.949946
-113.552262
166.625475
138.237422
-517.156314
-597.383420
303.628685
628.239896
370.278896
74.055738
-407.306893
-348.062262
266.600791
510.984896
398.666948
134.534633
-114.786525
-13.576946
195.013527
262.898001
340.656580
435.694843
336.953791
-27.153841
-112.317999
378.918738
823.253475
789.928369
385.090054
188.842212
608.491685
1177.487001
1241.668685
-472.722841
-3164.650788
-2174.771735
2004.443317
2782.029106
-312.268630
-2583.312840
-2272.278525
-60.478946
1703.283106
1218.217685
-198.716420
-1098.494262
-770.180262
641.816791
987.410475
-14.811209
-485.065472
-262.898104
357.936264
703.529948
-430.757893
-1435.448104
-607.257525
488.768159
643.051054
175.265317
-598.617683
-876.326893
-318.439946
265.366527
319.674106
-46.902051
-322.142736
-160.454262
59.244580
85.164106
-34.559420
-138.237525
166.625475
406.072527
-37.027946
-338.188157
-160.454262
-182.670999
-306.097315
-414.712472
-397.432788
255.492422
535.670159
-465.317262
-1152.801841
-441.866262
587.509212
760.306054
-44.433525
-672.673472
-196.247893
472.722738
485.065370
259.195212
19.748159
-139.471788
111.083633
404.838264
213.527475
-101.209630
-22.216788
381.387264
675.141896
448.037475
-175.265420
-332.016841
302.394422
810.910843
705.998475
396.198422
183.905159
338.188054
799.802475
1281.165106
887.435159
-1571.217051
-3172.056366
-218.464630
2940.014790
1274.993790
-1879.782840
-2573.438735
-1023.204209
1047.889369
1449.024896
257.960949
-713.404157
-905.949209
-151.814420
791.162633
541.841475
-153.048683
-319.674209
-61.713209
540.607212
281.411949
-967.662367
-1000.987472
150.580054
620.834317
304.862948
-325.845525
-866.452788
-664.033630
34.559317
461.614370
259.195212
-292.520420
-452.974630
-182.670999
133.300370
354.233475
95.038212
-240.681367
40.730633
181.436633
-98.741104
-350.530788
-640.582630
-190.076578
789.928369
383.855791
-810.910946
-1046.655209
-487.533999
493.705212
921.994527
-65.415999
-1008.393051
-749.197788
182.670896
992.347527
740.557843
-282.646315
-585.040788
-6.171367
522.093264
538.138685
139.471685
-213.527578
-109.849472
298.691633
461.614370
230.807159
134.534633
261.663738
243.149791
196.247791
265.366527
440.631896
687.484527
518.390475
127.129054
225.870106
607.257422
1186.126843
745.494896
-1989.632261
-2867.193367
755.369001
2957.294474
707.232738
-1884.719893
-2454.949472
-975.067946
1183.658317
1490.989843
228.338633
-998.518946
-1337.941314
-151.814420
1015.798527
698.592896
-0.000051
-402.369841
-159.219999
594.914791
120.957738
-981.239262
-661.565104
223.401580
430.757791
96.272475
-572.698157
-877.561156
-392.495736
325.845422
613.428738
109.849370
-572.698157
-544.310104
-99.975367
203.653370
235.744212
-22.216788
-75.290104
127.129054
-22.216788
-160.454262
56.776054
-82.695683
-435.694946
-130.831946
397.432685
125.894791
-707.232841
-991.113367
-266.600893
660.330738
640.582527
-214.761841
-714.638420
-439.397736
199.950580
783.757054
701.061422
-78.992894
-586.275051
-296.223209
385.090054
683.781738
269.069317
-202.419209
-160.454262
175.265317
411.009580
341.890843
174.031054
146.877264
148.111527
215.996001
369.044633
493.705212
567.761001
406.072527
229.572896
320.908370
618.365791
1110.836790
176.499580
-2374.722367
-1990.866525
1657.615369
2511.725474
-218.464630
-2354.974156
-2129.103998
-48.136315
1535.423317
1066.403317
-133.300472
-1162.675946
-1220.686314
225.870106
1154.036001
649.222369
-133.300472
-685.016104
-269.069420
510.984896
-16.045472
-646.753946
-215.996104
149.345791
122.192001
-109.849472
-471.488578
-459.145946
-156.751472
228.338633
403.604001
-107.380946
-583.806525
-415.946736
-78.992894
276.474896
308.565738
-122.192104
-141.940315
70.352949
-72.821578
66.650159
281.411949
-153.048683
-466.551525
-83.929946
141.940212
-299.925999
-740.557946
-388.792946
477.659791
677.610422
-197.482157
-1019.501420
-666.502157
411.009580
878.795317
441.866159
-160.454262
-396.198525
-106.146683
380.153001
465.317159
233.275685
-72.821578
-343.125209
-118.489315
380.153001
462.848633
322.142633
285.114738
215.996001
104.912317
45.667685
167.859738
554.184106
759.071790
339.422317
-116.020788
75.290001
680.078948
1365.095001
738.089317
-1919.279261
-2527.770998
883.732369
2773.389264
539.372948
-2010.614735
-2420.390103
-645.519683
1457.664738
1411.997001
-51.839104
-1245.371577
-1403.357262
58.010317
1430.510948
936.805685
-261.663841
-901.012156
-451.740367
599.851843
415.946633
-578.869472
-577.635209
-2.468578
344.359370
297.457370
-338.188157
-761.540420
-340.656683
299.925896
418.415159
-185.139525
-724.512525
-477.659893
11.108317
291.286054
285.114738
-96.272578
-223.401683
51.839001
75.290001
98.741001
240.681264
-64.181736
-519.624841
-624.537209
-153.048683
660.330738
444.334685
-736.855157
-983.707788
-196.247893
546.778527
709.701264
-28.388104
-694.890209
-457.911683
-46.902051
378.918738
739.323580
294.988843
-414.712472
-456.677420
28.388001
589.977738
599.851843
53.073264
-201.184946
-28.388104
180.202370
293.754580
293.754580
272.772106
197.482054
20.982422
48.136212
377.684475
680.078948
583.806422
166.625475
91.335422
502.345054
1061.466264
786.225580
-1409.528577
-2568.501682
303.628685
2719.081685
887.435159
-1757.590788
-2396.939103
-1017.032893
1244.137211
1725.499843
204.887633
-1223.154841
-1542.828998
-296.223209
1267.588211
1134.287790
-33.325157
-854.110156
-661.565104
438.163370
577.635106
-377.684578
-451.740367
51.839001
187.607949
128.363317
-344.359472
-694.890209
-299.925999
171.562527
345.593633
59.244580
-629.474262
-719.575472
-62.947472
491.236685
518.390475
-2.468578
-441.866262
-272.772209
34.559317
203.653370
164.156949
-151.814420
-276.474999
-203.653472
-175.265420
-6.171367
6.171264
-223.401683
-164.157051
59.244580
66.650159
-129.597683
-294.988946
-33.325157
325.845422
118.489212
-207.356262
-91.335525
172.796791
254.258159
138.237422
20.982422
40.730633
72.821475
111.083633
203.653370
217.230264
98.741001
30.856528
197.482054
399.901212
266.600791
-62.947472
-29.622367
467.785685
892.372212
662.799264
-18.513999
-183.905262
357.936264
986.176211
1125.647948
-427.055104
-2510.491314
-1151.567577
2127.869632
1960.009843
-761.540420
-2224.142261
-1661.318262
345.593633
1665.020948
773.882948
-709.701367
-1400.888735
-839.298999
719.575369
1308.318896
392.495633
-625.771472
-843.001788
18.513896
633.176948
-90.101262
-524.561893
-74.055841
156.751370
177.733843
-88.866999
-604.788999
-457.911683
90.101159
325.845422
118.489212
-531.967472
-766.477472
-192.545104
323.376896
448.037475
83.929843
-438.163472
-203.653472
180.202370
99.975264
160.454159
99.975264
-157.985736
-259.195315
-430.757893
-177.733946
350.530685
65.415896
-523.327630
-573.932420
-24.685315
629.474159
299.925896
-534.435999
-565.292578
-54.307630
439.397633
502.345054
-39.496472
-315.971420
-95.038315
196.247791
494.939475
334.485264
-196.247893
-271.537946
107.380843
461.614370
375.215948
-2.468578
59.244580
378.918738
367.810370
95.038212
-123.426367
96.272475
549.247054
550.481317
166.625475
-53.073367
167.859738
725.746685
1223.154738
602.320369
-1593.433788
-2224.142261
720.809633
2568.501580
424.586475
-1983.460946
-2156.257788
-566.526841
1392.248790
1524.314948
-11.108420
-1276.228156
-1377.437735
-74.055841
1312.021685
1054.060685
-215.996104
-1115.773946
-754.134841
494.939475
625.771369
-197.482157
-240.681367
-20.982525
-22.216788
116.020685
-124.660630
-462.848736
-266.600893
-13.576946
86.398370
-22.216788
-444.334788
-527.030420
-59.244683
369.044633
315.971317
-128.363420
-323.376999
-129.597683
54.307528
243.149791
201.184843
-178.968209
-281.412051
-106.146683
14.811106
106.146580
-109.849472
-512.219262
-425.820841
82.695580
385.090054
151.814317
-317.205683
-380.153104
76.524264
492.470948
349.296422
-211.059051
-501.110893
-139.471788
464.082896
564.058212
40.730633
-397.432788
-188.842315
364.107580
615.897264
293.754580
-206.121999
-244.384157
140.705949
445.568948
387.558580
-6.171367
-186.373788
219.698791
677.610422
614.663001
134.534633
-140.706051
198.716317
713.404054
975.067843
388.792843
-1566.279998
-2129.103998
792.396896
2719.081685
503.579317
-2082.201998
-2127.869735
-373.981788
1534.189053
1521.846422
-288.817630
-1581.091156
-1320.661630
64.181633
1225.623264
976.302106
-128.363420
-966.428104
-634.411314
551.715580
629.474159
-275.240736
-343.125209
-78.992894
-139.471788
-12.342683
-117.255051
-386.324420
-135.768999
157.985633
92.569685
-160.454262
-427.055104
-350.530788
62.947370
396.198422
240.681264
-351.765051
-523.327630
-20.982525
315.971317
218.464527
-117.255051
-376.450314
-86.398472
128.363317
-139.471788
-113.552262
17.279633
-104.912420
-50.604841
-65.415999
-154.282946
9.874054
-19.748262
-104.912420
81.461317
122.192001
28.388001
-90.101262
-64.181736
314.737054
378.918738
3.702738
-160.454262
-150.580157
51.839001
338.188054
218.464527
-22.216788
-92.569788
11.108317
362.873317
515.921948
260.429475
-19.748262
-53.073367
306.097212
622.068580
382.621527
-9.874157
-98.741104
187.607949
604.788896
823.253475
639.348264
-722.043999
-1941.495998
-67.884525
2313.009106
997.284580
-1516.909472
-2014.317525
-931.868735
918.291738
1671.192264
238.212738
-1282.399472
-1297.210630
-198.716420
898.543527
963.959475
151.814317
-810.910946
-914.589051
235.744212
788.694106
14.811106
-346.827999
-195.013630
-129.597683
166.625475
28.388001
-504.813683
-330.782578
93.803949
123.426264
-44.433525
-339.422420
-440.631999
-180.202472
224.635843
422.117948
-20.982525
-444.334788
-165.391315
106.146580
119.723475
65.415896
-160.454262
-123.426367
-3.702841
-215.996104
-201.184946
-12.342683
-13.576946
86.398370
77.758528
-165.391315
-267.835157
-204.887736
85.164106
388.792843
164.156949
-285.114841
-359.170630
-66.650262
285.114738
352.999212
122.192001
-95.038315
-160.454262
-37.027946
220.933054
381.387264
277.709159
-8.639894
-144.408841
48.136212
309.800001
351.764948
175.265317
-0.000051
67.884422
302.394422
417.180896
391.261370
224.635843
60.478843
212.293212
513.453422
780.054264
427.055001
-1273.759630
-1873.611525
680.078948
2378.425053
457.911580
-1779.807525
-1955.072893
-419.649525
1468.773106
1442.853580
-307.331578
-1537.891946
-1302.147683
113.552159
1223.154738
903.480580
-114.786525
-987.410578
-778.820104
467.785685
693.655843
-67.884525
-225.870209
-195.013630
-166.625578
91.335422
-137.003262
-392.495736
-97.506841
85.164106
44.433422
-116.020788
-369.044736
-280.177788
56.776054
265.366527
144.408738
-298.691736
-396.198525
-34.559420
141.940212
160.454159
-12.342683
-315.971420
-66.650262
278.943422
2.468475
-303.628788
-290.051893
-161.688525
-0.000051
123.426264
215.996001
16.045370
-385.090157
-278.943525
218.464527
448.037475
185.139422
-396.198525
-522.093367
32.090791
449.271738
431.992054
154.282843
-217.230367
-233.275788
134.534633
418.415159
355.467738
19.748159
-199.950683
-23.451051
312.268527
412.243843
190.076475
-41.964999
28.388001
240.681264
328.313948
290.051791
171.562527
111.083633
336.953791
556.652633
573.932317
366.576106
-761.540420
-1648.975630
34.559317
2014.317422
878.795317
-1413.231367
-1922.982051
-639.348367
1105.899738
1478.647211
148.111527
-1302.147683
-1391.014630
-44.433525
1029.375422
829.424790
80.227054
-826.956367
-920.760367
269.069317
680.078948
-77.758630
-302.394525
-117.255051
7.405528
156.751370
-72.821578
-348.062262
-124.660630
172.796791
77.758528
-319.674209
-524.561893
-324.611262
-6.171367
344.359370
372.747422
-172.796893
-423.352314
-49.370578
95.038212
-71.587315
-60.478946
-11.108420
-77.758630
-186.373788
-246.852683
-27.153841
276.474896
140.705949
-246.852683
-314.737157
-27.153841
185.139422
74.055738
-117.255051
-114.786525
-13.576946
75.290001
61.713106
-20.982525
-8.639894
4.937001
27.153738
181.436633
229.572896
114.786422
23.450949
30.856528
153.048580
198.716317
62.947370
-34.559420
14.811106
166.625475
271.537843
235.744212
181.436633
133.300370
98.741001
224.635843
362.873317
260.429475
133.300370
209.824685
335.719527
534.435896
359.170527
-855.344420
-1356.455262
454.208791
1787.213001
341.890843
-1495.926998
-1470.007472
-181.436736
1010.861475
1045.420843
-143.174578
-1273.759630
-1042.952420
139.471685
835.596106
673.907633
-20.982525
-789.928472
-573.932420
431.992054
507.282106
-202.419209
-301.160262
-67.884525
-69.118788
-16.045472
-77.758630
-282.646315
-72.821578
232.041422
44.433422
-213.527578
-280.177788
-352.999315
-165.391315
230.807159
214.761738
-157.985736
-277.709262
-123.426367
-8.639894
62.947370
82.695580
39.496370
2.468475
-186.373788
-401.135578
-154.282946
311.034264
271.537843
-223.401683
-445.569051
-125.894894
241.915527
191.310738
-114.786525
-190.076578
59.244580
174.031054
7.405528
-62.947472
12.342580
50.604738
120.957738
164.156949
28.388001
-76.524367
25.919475
174.031054
204.887633
95.038212
-46.902051
-19.748262
227.104370
343.125106
146.877264
27.153738
144.408738
222.167317
207.356159
215.996001
236.978475
199.950580
99.975264
130.831843
390.027106
631.942685
519.624738
-436.929209
-1476.178788
-492.471051
1565.045632
1263.885422
-926.931683
-1824.240998
-881.263946
596.149054
1367.563527
660.330738
-818.316525
-1395.951683
-488.768262
685.016001
872.624001
274.006370
-568.995367
-946.679893
-132.066209
602.320369
134.534633
-220.933157
-49.370578
-108.615209
-64.181736
30.856528
-201.184946
-234.510051
55.541791
150.580054
-111.083736
-406.072630
-419.649525
-190.076578
232.041422
473.957001
49.370475
-431.992157
-315.971420
-38.262209
86.398370
123.426264
38.262106
-103.678157
-272.772209
-280.177788
29.622264
280.177685
171.562527
-204.887736
-451.740367
-85.164209
398.666948
224.635843
-191.310841
-271.537946
-83.929946
181.436633
234.509949
-12.342683
-215.996104
-143.174578
160.454159
401.135475
255.492422
-59.244683
-140.706051
75.290001
327.079685
232.041422
-103.678157
-188.842315
55.541791
329.548212
350.530685
148.111527
27.153738
83.929843
217.230264
336.953791
286.349001
116.020685
16.045370
70.352949
333.251001
548.012791
467.785685
-71.587315
-1026.906999
-910.886262
872.624001
1550.234475
-132.066209
-1531.720630
-1157.738893
82.695580
1076.277422
828.190527
-494.939578
-1314.490314
-734.386630
436.929106
866.452685
393.729896
-291.286157
-682.547578
-281.412051
420.883685
238.212738
-282.646315
-193.779367
-45.667788
-56.776157
18.513896
-123.426367
-278.943525
-12.342683
203.653370
-49.370578
-312.268630
-253.023999
-183.905262
-83.929946
234.509949
234.509949
-185.139525
-275.240736
-40.730736
-0.000051
-60.478946
-19.748262
65.415896
74.055738
-104.912420
-261.663841
-149.345893
81.461317
175.265317
-34.559420
-329.548315
-220.933157
157.985633
235.744212
17.279633
-140.706051
-114.786525
60.478843
193.779264
90.101159
-82.695683
-104.912420
40.730633
244.384054
235.744212
-0.000051
-101.209630
41.964896
208.590422
180.202370
-23.451051
-69.118788
130.831843
274.006370
232.041422
101.209527
49.370475
109.849370
185.139422
235.744212
198.716317
98.741001
67.884422
162.922685
370.278896
497.408001
364.107580
-125.894894
-856.578683
-644.285420
784.991317
1144.161896
-288.817630
-1267.588314
-855.344420
114.786422
843.001685
615.897264
-369.044736
-977.536472
-573.932420
343.125106
634.411212
153.048580
-318.439946
-482.596946
-150.580157
350.530685
104.912317
-330.782578
-104.912420
124.660527
96.272475
39.496370
-281.412051
-443.100525
-39.496472
287.583264
99.975264
-306.097315
-425.820841
-196.247893
45.667685
266.600791
272.772106
-150.580157
-376.450314
-130.831946
107.380843
109.849370
-204.887736
-348.062262
118.489212
314.737054
-95.038315
-290.051893
-141.940315
59.244580
139.471685
29.622264
-39.496472
-137.003262
-239.447104
-40.730736
199.950580
251.789633
118.489212
-199.950683
-212.293315
90.101159
160.454159
134.534633
106.146580
-60.478946
-93.804051
53.073264
171.562527
170.328264
72.821475
66.650159
118.489212
93.803949
119.723475
139.471685
122.192001
195.013527
165.391212
60.478843
125.894791
202.419106
175.265317
165.391212
198.716317
265.366527
260.429475
219.698791
34.559317
-539.373051
-572.698157
477.659791
919.526001
-55.541894
-919.526104
-781.288630
-65.415999
572.698054
528.264580
-132.066209
-707.232841
-559.121262
143.174475
452.974527
196.247791
-109.849472
-365.341946
-256.726788
193.779264
87.632633
-327.079788
-175.265420
170.328264
193.779264
-49.370578
-348.062262
-340.656683
3.702738
254.258159
130.831843
-239.447104
-401.135578
-207.356262
-16.045472
112.317896
166.625475
-74.055841
-343.125209
-255.492525
38.262106
180.202370
34.559317
-134.534736
-92.569788
-33.325157
-58.010420
-20.982525
4.937001
-6.171367
-17.279736
-53.073367
9.874054
107.380843
9.874054
-127.129157
-78.992894
61.713106
132.066106
40.730633
-83.929946
-35.793683
71.587212
118.489212
119.723475
33.325054
-3.702841
70.352949
108.615106
120.957738
120.957738
81.461317
64.181633
76.524264
103.678054
114.786422
83.929843
91.335422
138.237422
140.705949
145.643001
185.139422
204.887633
170.328264
143.174475
191.310738
229.572896
209.824685
78.992791
-352.999315
-588.743578
83.929843
772.648685
318.439843
-560.355525
-705.998578
-192.545104
292.520317
345.593633
16.045370
-392.495736
-451.740367
-24.685315
269.069317
70.352949
-141.940315
-181.436736
-103.678157
138.237422
122.192001
-246.852683
-362.873420
-71.587315
212.293212
170.328264
-138.237525
-351.765051
-294.988946
-33.325157
223.401580
118.489212
-218.464630
-290.051893
-117.255051
13.576843
-6.171367
-109.849472
-77.758630
40.730633
-33.325157
-171.562630
-171.562630
-75.290104
96.272475
177.733843
51.839001
-106.146683
-186.373788
-132.066209
61.713106
196.247791
127.129054
-88.866999
-233.275788
-99.975367
101.209527
118.489212
58.010317
20.982422
19.748159
66.650159
76.524264
25.919475
-0.000051
51.839001
150.580054
155.517106
49.370475
-13.576946
13.576843
81.461317
166.625475
190.076475
109.849370
34.559317
37.027843
85.164106
128.363317
153.048580
174.031054
186.373685
170.328264
107.380843
49.370475
80.227054
166.625475
222.167317
166.625475
-128.363420
-422.118051
-188.842315
323.376896
335.719527
-139.471788
-429.523630
-260.429578
43.199159
135.768896
29.622264
-143.174578
-235.744315
-82.695683
112.317896
56.776054
-133.300472
-255.492525
-169.094104
111.083633
207.356159
-44.433525
-288.817630
-264.132367
-51.839104
104.912317
65.415896
-64.181736
-166.625578
-130.831946
18.513896
48.136212
-49.370578
-134.534736
-155.517209
-76.524367
34.559317
2.468475
-137.003262
-155.517209
-30.856630
82.695580
98.741001
24.685212
-62.947472
-75.290104
-7.405630
45.667685
-2.468578
-76.524367
-46.902051
19.748159
11.108317
-24.685315
-27.153841
-4.937104
41.964896
75.290001
83.929843
76.524264
24.685212
-25.919578
-9.874157
20.982422
27.153738
28.388001
25.919475
40.730633
60.478843
71.587212
62.947370
56.776054
65.415896
76.524264
86.398370
65.415896
29.622264
24.685212
33.325054
61.713106
103.678054
112.317896
101.209527
93.803949
101.209527
111.083633
67.884422
11.108317
20.982422
28.388001
-9.874157
-20.982525
-0.000051
11.108317
12.342580
16.045370
20.982422
4.937001
-22.216788
-59.244683
-69.118788
-25.919578
-3.702841
-41.964999
-66.650262
-67.884525
-90.101262
-81.461420
-1.234315
61.713106
22.216685
-66.650262
-85.164209
-54.307630
-29.622367
-16.045472
-56.776157
-111.083736
-76.524367
-2.468578
4.937001
-75.290104
-139.471788
-122.192104
-53.073367
17.279633
9.874054
-72.821578
-104.912420
-48.136315
8.639791
-7.405630
-72.821578
-122.192104
-109.849472
-44.433525
16.045370
19.748159
-16.045472
-37.027946
-19.748262
22.216685
32.090791
3.702738
-25.919578
-53.073367
-49.370578
6.171264
65.415896
61.713106
13.576843
4.937001
37.027843
67.884422
92.569685
75.290001
9.874054
-11.108420
32.090791
69.118685
71.587212
58.010317
69.118685
96.272475
113.552159
108.615106
69.118685
28.388001
62.947370
125.894791
119.723475
61.713106
37.027843
75.290001
116.020685
127.129054
103.678054
48.136212
12.342580
35.793580
48.136212
34.559317
19.748159
2.468475
-1.234315
-1.234315
-43.199262
-82.695683
-59.244683
-1.234315
18.513896
-17.279736
-72.821578
-106.146683
-93.804051
-41.964999
7.405528
7.405528
-40.730736
-88.866999
-93.804051
-64.181736
-59.244683
-78.992894
-77.758630
-74.055841
-74.055841
-35.793683
7.405528
-18.513999
-72.821578
-82.695683
-76.524367
-50.604841
-27.153841
-78.992894
-144.408841
-123.426367
-50.604841
-1.234315
-11.108420
-44.433525
-69.118788
-43.199262
34.559317
19.748159
-80.227157
-106.146683
-43.199262
29.622264
50.604738
-3.702841
-48.136315
-20.982525
37.027843
49.370475
12.342580
-3.702841
18.513896
32.090791
38.262106
45.667685
25.919475
3.702738
39.496370
95.038212
107.380843
91.335422
86.398370
65.415896
44.433422
61.713106
66.650159
56.776054
72.821475
85.164106
78.992791
83.929843
92.569685
93.803949
87.632633
83.929843
92.569685
118.489212
124.660527
83.929843
23.450949
-7.405630
6.171264
23.450949
25.919475
34.559317
22.216685
6.171264
-2.468578
-41.964999
-56.776157
-9.874157
37.027843
22.216685
-39.496472
-98.741104
-122.192104
-88.866999
-25.919578
-16.045472
-64.181736
-72.821578
-48.136315
-39.496472
-29.622367
-25.919578
-64.181736
-107.380946
-92.569788
-30.856630
-24.685315
-67.884525
-85.164209
-80.227157
-56.776157
-39.496472
-49.370578
-61.713209
-81.461420
-93.804051
-61.713209
-39.496472
-53.073367
-61.713209
-62.947472
-53.073367
-33.325157
-11.108420
-6.171367
-32.090894
-53.073367
-37.027946
-22.216788
-13.576946
17.279633
51.839001
59.244580
32.090791
-8.639894
-19.748262
-0.000051
27.153738
45.667685
32.090791
8.639791
32.090791
67.884422
74.055738
77.758528
71.587212
45.667685
34.559317
48.136212
58.010317
53.073264
40.730633
53.073264
91.335422
118.489212
119.723475
102.443791
78.992791
69.118685
77.758528
61.713106
41.964896
60.478843
83.929843
88.866896
65.415896
30.856528
18.513896
17.279633
41.964896
64.181633
32.090791
