-118.830781
-61.243953
22.851097
230.346493
-242.231127
10.054024
179.158201
-351.006246
366.543911
4.569564
-314.443181
222.119803
-94.150712
50.273396
46.617089
-101.463325
222.119803
-225.777747
-164.534613
317.183773
10.968101
-51.189110
-117.916704
-10.055662
79.523848
17.366637
193.783427
-297.075725
-116.088551
235.830952
-47.532804
76.781618
61.242316
-144.424927
-134.370084
74.039388
169.103358
-12.797892
-136.198237
27.421480
86.836461
-85.924022
-38.392037
179.158201
-52.103187
-183.730222
76.781618
66.726775
42.960783
0.913258
-173.675379
106.946147
56.671932
-31.993501
72.211235
-215.722904
140.766983
96.891304
-66.728413
25.593327
-265.083042
198.353810
193.783427
-223.949594
-74.041026
119.743220
93.234998
-164.534613
33.820017
75.867542
22.851097
-9.141585
-192.870988
135.282523
8.225871
-63.986183
257.768792
-231.262207
-122.487088
237.659106
-96.892942
-6.399355
94.149074
-92.322559
-34.735731
54.843779
4.569564
36.562246
-24.680888
-47.532804
31.991863
36.562246
-66.728413
-21.938658
34.734093
5.483641
76.781618
42.960783
-204.753985
14.624407
130.712140
-125.229318
124.313603
-36.563884
-20.110505
-10.055662
-44.790574
202.924194
-251.371893
73.125312
120.657297
-231.262207
309.871160
-153.565693
-92.322559
55.757856
-73.126949
358.317221
-262.340812
-148.081233
153.564055
0.913258
146.251442
-236.746667
27.421480
168.189282
-193.785065
89.578691
-40.220191
12.796254
202.924194
-165.448689
-163.620536
188.298967
84.094231
-170.933149
10.054024
18.280714
-21.938658
10.968101
39.304476
5.483641
10.968101
-53.931340
9.139947
79.523848
-212.980674
61.242316
112.430607
-10.055662
-74.955103
52.101549
162.704822
-355.576629
252.284332
51.187473
-315.357257
284.277014
-151.737540
195.611581
-158.136076
-169.104996
442.412271
-285.192728
132.540293
-118.830781
-154.479770
314.441543
-138.026390
74.953465
-104.205555
24.679250
-26.509041
-81.353639
321.754156
-211.152521
-31.993501
-110.604091
111.516530
333.637152
-367.459625
-1.828972
-42.962421
179.158201
85.008308
-243.145203
129.798063
-84.095869
54.843779
69.469005
-58.501723
-47.532804
-22.852735
118.829143
-89.580329
72.211235
60.328239
-176.417609
-15.540122
71.297158
66.726775
-35.649808
-43.876497
-8.227509
64.898622
156.306285
-151.737540
-274.223809
336.379382
18.280714
-262.340812
120.657297
-13.711968
176.415971
-3.657125
-126.143394
-18.282352
-43.876497
68.554929
-139.854544
168.189282
137.110676
-220.293287
79.523848
-162.706459
76.781618
316.269696
-246.801510
-80.439563
75.867542
25.593327
-136.198237
-2.743049
253.198408
-187.386529
113.344684
36.562246
-208.410291
78.609772
21.022944
116.086913
-255.942276
59.414162
181.900431
-181.902069
240.401336
-212.980674
-38.392037
280.620707
-250.457816
14.624407
-3.657125
116.086913
37.476323
-236.746667
177.330048
0.913258
-62.158030
-43.876497
11.882177
140.766983
-102.377402
44.788936
-107.861862
-113.346321
253.198408
-13.711968
-118.830781
66.726775
4.569564
-63.986183
67.640852
-75.869179
-135.284161
305.300776
42.960783
-202.925831
-84.095869
-8.227509
242.229489
-15.540122
-245.887433
81.352001
160.876669
-169.104996
11.882177
173.673741
-148.995310
17.366637
-15.540122
-47.532804
118.829143
-45.704650
-26.509041
-7.313432
105.117994
-44.790574
-102.377402
57.586009
33.820017
42.046706
-108.775938
12.796254
96.891304
-182.816145
81.352001
282.448861
-231.262207
-125.229318
146.251442
-36.563884
132.540293
-199.269525
-10.969738
232.174646
-208.410291
170.017435
-90.494406
-10.055662
46.617089
-143.510850
217.549420
-115.174475
-23.766811
28.335557
-13.711968
106.032071
-199.269525
85.922385
116.086913
-169.104996
188.298967
-21.024581
-245.887433
69.469005
131.626216
73.125312
-265.997119
2.741411
287.019244
-22.852735
-129.799701
-116.088551
121.571373
-40.220191
148.993672
-98.721095
-231.262207
422.302585
-210.238444
-71.298796
229.432416
-236.746667
140.766983
-188.300605
11.882177
453.381191
-387.569311
12.796254
10.968101
-208.410291
423.216662
-202.925831
-107.861862
117.000990
-53.931340
310.785236
-215.722904
-280.622345
164.532975
68.554929
42.960783
-109.690015
56.671932
148.993672
-202.011755
-20.110505
144.423289
-141.682697
-53.017264
155.392209
-91.408482
164.532975
0.913258
-357.404782
154.478132
134.368446
16.452561
101.461687
-181.902069
-72.212873
-55.759493
46.617089
466.178264
-333.638790
-295.247571
140.766983
85.008308
367.457988
-244.973356
-137.112314
-57.587647
-142.596774
308.957083
-31.993501
116.086913
57.586009
-400.366384
9.139947
202.924194
148.993672
-54.845417
-231.262207
131.626216
88.664615
-159.050153
42.960783
120.657297
-54.845417
-92.322559
-76.783256
214.807190
103.289841
-273.309732
74.039388
21.022944
-138.940467
311.699313
-70.384720
-373.858162
235.830952
118.829143
121.571373
-109.690015
-220.293287
151.735902
-168.190919
179.158201
37.476323
-151.737540
245.885795
-101.463325
-86.838099
-95.978865
-48.446880
432.357428
-217.551057
-314.443181
469.834570
-80.439563
-127.971547
22.851097
-158.136076
266.909558
-51.189110
-120.658934
74.039388
-45.704650
136.196599
-90.494406
6.397718
87.750538
-175.503532
47.531166
216.635343
-165.448689
-222.121441
262.339175
55.757856
-67.642490
-63.072107
21.022944
178.244125
-361.061089
148.993672
285.191091
-337.295096
7.311794
40.218553
-62.158030
31.991863
259.596945
-21.024581
-314.443181
185.556738
-2.743049
-281.536422
106.032071
166.361128
12.796254
-136.198237
87.750538
71.297158
-321.755794
310.785236
39.304476
-417.733840
155.392209
91.406844
85.922385
-148.081233
100.547611
138.938829
-497.258507
314.441543
366.543911
-470.750285
-143.510850
256.854715
187.384891
-189.214682
-218.465134
169.103358
17.366637
124.313603
129.798063
-321.755794
3.655488
-13.711968
8.225871
175.501895
-84.095869
43.874860
34.734093
95.977228
-195.613218
-111.518168
242.229489
32.905940
-69.470643
-29.251271
171.845588
-225.777747
-97.807019
237.659106
21.022944
59.414162
-153.565693
21.022944
95.063151
-201.097678
99.633534
184.642661
-3.657125
-59.415800
-60.329877
-106.947785
-53.931340
303.472623
95.977228
-357.404782
65.812699
272.394018
-74.041026
-144.424927
-106.947785
143.509212
70.383082
-36.563884
96.891304
-207.496214
-14.626045
341.863842
-108.775938
-173.675379
73.125312
27.421480
72.211235
-147.167157
112.430607
90.492768
-233.090360
213.893113
-95.978865
-125.229318
169.103358
8.225871
187.384891
-245.887433
-260.512659
212.064960
82.266078
272.394018
-262.340812
-260.512659
351.918685
-180.987992
53.015626
107.860224
-191.042835
64.898622
-91.408482
134.368446
96.891304
-297.989801
170.017435
27.421480
-164.534613
112.430607
-46.618727
25.593327
-143.510850
86.836461
157.220362
-294.333495
53.015626
247.713949
31.077787
-392.139694
-53.017264
291.589627
-0.000819
83.180155
-250.457816
8.225871
137.110676
-145.339003
138.024753
-52.103187
-13.711968
-0.914895
-170.019073
177.330048
180.072278
-132.541931
-244.059280
22.851097
284.277014
53.015626
-24.680888
-275.137885
-122.487088
307.128930
-102.377402
-9.141585
12.796254
-133.456007
319.011926
16.452561
-253.200046
-71.298796
-34.735731
255.026562
-70.384720
-232.176284
187.384891
104.203917
-42.962421
-159.050153
-98.721095
161.790745
47.531166
-237.660743
75.867542
92.320921
-76.783256
34.734093
-188.300605
72.211235
225.776109
-156.307923
-190.128758
35.648170
181.900431
-147.167157
-162.706459
162.704822
-24.680888
-2.743049
60.328239
37.476323
-177.331686
-313.529104
307.128930
157.220362
-303.474261
52.101549
38.390400
106.946147
-12.797892
-293.419418
192.869351
-50.275034
-145.339003
180.986354
-76.783256
17.366637
26.507403
-41.134267
-53.931340
-55.759493
133.454370
-27.423118
-91.408482
-37.477961
-49.360957
97.805381
11.882177
-21.938658
-47.532804
-67.642490
93.234998
7.311794
-44.790574
-75.869179
-3.657125
-44.790574
-71.298796
244.057642
-132.541931
-173.675379
177.330048
-84.095869
24.679250
-154.479770
-42.962421
225.776109
-257.770429
39.304476
9.139947
-123.401164
190.127121
-102.377402
-20.110505
-177.331686
-100.549248
277.878477
-190.128758
4.569564
137.110676
-85.924022
31.991863
-204.753985
53.015626
127.969910
-221.207364
15.538484
40.218553
12.796254
21.937020
-112.432245
102.375764
17.366637
-170.019073
107.860224
102.375764
-99.635172
-93.236635
-42.048344
53.015626
42.960783
54.843779
157.220362
-127.057471
-162.706459
123.399527
-88.666252
-31.993501
153.564055
-76.783256
-37.477961
54.843779
59.414162
31.991863
-122.487088
-44.790574
102.375764
37.476323
-84.095869
74.039388
79.523848
-71.298796
13.710331
-23.766811
61.242316
-17.368275
-94.150712
192.869351
-49.360957
-53.017264
185.556738
-36.563884
53.929702
21.022944
65.812699
225.776109
-57.587647
28.335557
48.445243
-63.072107
118.829143
224.862033
120.657297
-34.735731
162.704822
181.900431
-24.680888
-6.399355
69.469005
154.478132
109.688377
160.876669
177.330048
38.390400
89.578691
15.538484
-2.743049
167.275205
145.337366
54.843779
0.913258
70.383082
34.734093
-4.571202
124.313603
21.022944
-53.931340
39.304476
74.953465
-42.962421
-85.009946
-0.000819
-66.728413
-136.198237
-20.110505
148.079596
-56.673570
-147.167157
52.101549
-120.658934
-160.878306
20.108867
-74.955103
-50.275034
75.867542
12.796254
-179.159839
-222.121441
57.586009
-23.766811
-178.245762
-46.618727
-74.955103
15.538484
4.569564
-153.565693
-106.033708
11.882177
52.101549
-114.260398
-76.783256
21.937020
-112.432245
4.569564
37.476323
-90.494406
-80.439563
-44.790574
76.781618
-16.454198
-79.525486
11.882177
-99.635172
-9.141585
68.554929
-95.978865
-104.205555
36.562246
76.781618
-113.346321
-163.620536
66.726775
-12.797892
-254.114123
14.624407
155.392209
-191.956912
-187.386529
-0.914895
-72.212873
-87.752176
-116.088551
-143.510850
-186.472452
-174.589456
-17.368275
-114.260398
-222.121441
-209.324368
-202.011755
-172.761302
-211.152521
-122.487088
-204.753985
-299.817954
-91.408482
-181.902069
-357.404782
-258.684506
-76.783256
-94.150712
-315.357257
-243.145203
-171.847226
-214.808828
-151.737540
-226.691824
-164.534613
-86.838099
-130.713777
-97.807019
-148.995310
-121.573011
-134.370084
-123.401164
61.242316
30.163710
-39.306114
-19.196428
46.617089
67.640852
-26.509041
-10.969738
78.609772
148.993672
143.509212
135.282523
141.681059
117.915067
165.447052
230.346493
233.088722
180.986354
165.447052
236.745029
284.277014
235.830952
162.704822
179.158201
229.432416
278.792554
326.324539
259.596945
190.127121
226.690186
257.768792
256.854715
244.057642
244.057642
266.909558
270.565864
279.706631
292.503704
208.408653
170.017435
282.448861
358.317221
284.277014
245.885795
309.871160
308.043006
289.761474
244.971719
257.768792
340.949765
354.660915
356.489068
351.004608
420.474432
444.240425
351.004608
343.691995
377.512830
436.013735
438.755965
388.481750
432.357428
370.200217
350.090531
408.591436
351.004608
365.629834
404.021053
372.028371
239.487259
127.055833
89.578691
-40.220191
-37.477961
74.039388
-3.657125
-125.229318
-140.768620
-185.558375
-325.412100
-361.975165
-308.044644
-404.022691
-402.194537
-191.956912
-183.730222
-328.154330
-357.404782
-379.342621
-429.616836
-343.693633
-223.035517
-246.801510
-272.395655
-194.699142
-212.980674
-344.607709
-335.466943
-287.934958
-335.466943
-249.543740
-163.620536
-232.176284
-288.849035
-327.240253
-340.037326
-369.287778
-305.302414
-164.534613
-185.558375
-185.558375
-76.783256
-92.322559
-196.527295
-197.441372
-121.573011
-89.580329
-101.463325
-27.423118
66.726775
116.086913
202.010117
285.191091
327.238616
-61.243953
-802.560102
-720.293205
-10.969738
10.054024
-276.966039
-199.269525
-294.333495
-610.604010
-454.296905
-189.214682
-739.488815
-1060.329713
-188.300605
304.386700
18.280714
32.905940
-138.026390
-578.611327
-332.724713
271.479941
261.425098
-15.540122
212.979037
468.920494
255.940638
121.571373
142.595136
-187.386529
-191.956912
511.882095
646.251360
106.032071
-40.220191
29.249633
-127.057471
-137.112314
102.375764
74.953465
-128.885624
156.306285
389.395827
-64.900260
-265.997119
-3.657125
32.905940
157.220362
430.529275
388.481750
177.330048
160.876669
300.730393
250.456179
160.876669
384.825444
570.383000
526.507322
558.500004
502.741329
345.520148
517.366555
630.712058
363.801681
265.081405
607.860142
921.388427
962.521875
952.467032
271.479941
-929.616754
-728.519895
396.708440
263.253251
-391.225618
-215.722904
-64.900260
-405.850844
-223.949594
9.139947
-917.733758
-1321.755630
-30.165348
822.668151
400.364746
96.891304
-42.048344
-418.647917
-180.987992
529.249552
470.748647
-50.275034
144.423289
680.986273
543.874778
58.500086
-125.229318
-354.662552
-470.750285
112.430607
544.788854
80.437925
-447.898369
-414.991610
-319.013564
-412.249380
-342.779556
-161.792383
-190.128758
-160.878306
123.399527
84.094231
-301.646108
-350.092169
-76.783256
170.017435
321.754156
314.441543
187.384891
49.359319
46.617089
159.048515
106.032071
54.843779
276.964401
405.849206
319.011926
295.245934
310.785236
224.862033
34.734093
29.249633
364.715758
635.282441
772.393936
985.373791
525.593245
-819.927558
-1287.934794
-322.669870
128.883986
-333.638790
-350.092169
-119.744858
-422.304223
-522.852653
-140.768620
-646.252998
-1498.172420
-659.964148
677.329966
625.227598
230.346493
92.320921
-417.733840
-555.759412
174.587818
529.249552
31.077787
-93.236635
500.913176
581.351920
42.960783
-232.176284
-553.017182
-785.192646
-77.697333
581.351920
126.141756
-594.150630
-922.304141
-902.194455
-389.397464
30.163710
-224.863671
-442.413909
-21.938658
420.474432
37.476323
-550.274952
-457.039135
-168.190919
303.472623
904.020971
598.719376
-153.565693
-272.395655
-58.501723
-19.196428
-126.143394
-35.649808
230.346493
343.691995
429.615199
280.620707
-274.223809
-239.488897
469.834570
649.907667
286.105167
212.979037
542.046624
787.019162
1001.827171
1038.390236
-219.379211
-1604.205309
-799.817873
597.805299
269.651788
-624.315159
-581.353557
-364.717395
-491.774047
-112.432245
-66.728413
-1256.856189
-1404.022527
297.074087
1183.728421
553.015544
-26.509041
-253.200046
-334.552866
119.743220
712.064878
436.927812
-229.434054
74.953465
765.081323
512.796172
-145.339003
-549.360875
-705.667979
-380.256698
210.236807
441.498195
-98.721095
-819.013482
-904.022609
-701.097596
-369.287778
115.172837
60.328239
-234.004437
159.962592
595.063069
162.704822
-363.803319
-268.739349
-54.845417
304.386700
913.161737
761.425016
-155.393846
-489.031817
-105.119632
26.507403
-125.229318
-0.914895
167.275205
170.017435
295.245934
313.527466
-60.329877
-165.448689
423.216662
828.152610
531.077705
239.487259
493.600563
914.989891
1178.243961
1277.878314
105.117994
-1759.598337
-1282.450335
528.335475
334.551229
-860.146930
-765.997037
-234.918513
-490.859971
-393.967848
-49.360957
-1163.620372
-1819.013318
86.836461
1677.329802
969.834488
46.617089
-160.878306
-300.732031
-9.141585
672.759583
618.829062
-169.104996
-72.212873
787.933239
533.819935
-347.349939
-719.379129
-925.046371
-625.229236
88.664615
234.002799
-271.481579
-794.333413
-810.786792
-723.949512
-614.260316
-15.540122
302.558547
163.618898
263.253251
335.465305
117.000990
-83.181792
18.280714
109.688377
16.452561
329.980846
694.697422
209.322730
-470.750285
-538.391956
-378.428545
-169.104996
114.258760
156.306285
-42.048344
-99.635172
196.525657
323.582309
49.359319
234.916876
766.909476
819.011844
590.492686
469.834570
639.852824
1029.249470
1504.569319
1241.315248
-830.896478
-2287.020554
-852.834317
436.013735
-461.609518
-1114.260234
-436.929449
-274.223809
-692.870906
-210.238444
-256.856353
-1693.784819
-1330.896396
1198.353647
2049.358992
919.560274
249.542102
-53.017264
-317.185410
178.244125
793.417698
413.161819
-202.011755
258.682868
765.995399
46.617089
-851.920241
-1244.059116
-1196.527131
-425.046453
166.361128
-12.797892
-287.020882
-627.057389
-905.850762
-628.885542
42.046706
462.521957
382.997290
463.436034
661.790663
302.558547
16.452561
117.915067
5.483641
-34.735731
126.141756
121.571373
74.953465
-125.229318
-503.657044
-678.245680
-504.571120
-45.704650
191.955274
45.703013
49.359319
113.344684
168.189282
382.997290
419.560356
478.975337
856.488986
1063.070305
812.613308
451.553038
582.265996
1200.181800
1713.892868
1286.105003
-875.686233
-2814.442771
-1801.645862
32.905940
-258.684506
-1072.212709
-652.651535
-297.989801
-606.033626
-285.192728
-151.737540
-1402.194373
-1226.691660
1425.044652
2760.510612
1634.368200
393.966210
-180.987992
-398.538231
-28.337194
609.688295
467.092340
-208.410291
-98.721095
318.097849
-234.918513
-1197.441208
-1678.245517
-1421.389983
-442.413909
315.355619
340.949765
-56.673570
-734.004355
-934.187138
-212.066598
658.134357
885.739438
569.468923
550.273314
740.401254
370.200217
-127.971547
-262.340812
-255.942276
-33.821654
271.479941
10.054024
-699.269443
-912.249298
-558.501641
-335.466943
-276.051962
-24.680888
206.580500
222.119803
312.613390
297.074087
38.390400
159.962592
704.752265
1021.936857
989.944174
968.920412
881.169055
484.459796
388.481750
839.121530
1390.309740
1670.931266
136.196599
-2819.013154
-3275.137394
-1084.095705
-82.267716
-741.316968
-714.808746
10.054024
-276.051962
-572.212791
127.055833
-419.561993
-1343.693469
553.929621
2962.521548
2685.556328
1152.649815
-44.790574
-790.677106
-754.114041
6.397718
476.233107
-100.549248
-531.993419
-91.408482
-287.020882
-1191.956748
-1659.049907
-1634.369838
-802.560102
453.381191
883.911285
483.545720
-202.011755
-606.947703
-230.348130
498.170946
889.395745
841.863760
712.978955
675.501813
294.331857
-392.139694
-659.050071
-515.540040
-316.271334
-13.711968
-52.103187
-670.933067
-954.296823
-548.446799
-189.214682
-133.456007
13.710331
333.637152
520.108785
519.194709
418.646279
131.626216
19.194790
480.803490
974.404872
957.037416
761.425016
826.324457
818.097767
393.966210
194.697504
590.492686
1269.651624
1542.960537
-242.231127
-3230.347639
-3542.961847
-1229.433890
168.189282
-57.587647
-220.293287
-53.931340
-327.240253
-216.636981
457.951574
-168.190919
-885.741076
872.942365
2863.801272
2524.678841
1038.390236
-486.289587
-1478.062734
-1134.369920
-88.666252
292.503704
-259.598583
-683.730140
-497.258507
-602.377320
-1042.048180
-1296.161484
-1288.848871
-425.960530
926.872887
1330.894758
700.181882
-194.699142
-647.167075
-109.690015
777.878396
989.030098
624.313521
293.417780
196.525657
-10.055662
-537.477879
-876.600310
-749.543658
-379.342621
-32.907578
-170.019073
-477.148821
-385.741158
-300.732031
-215.722904
94.149074
316.269696
478.061260
584.094149
531.077705
311.699313
0.913258
75.867542
506.397636
694.697422
627.969828
615.172755
823.582227
889.395745
330.894922
-53.931340
443.326348
1271.479777
1686.470569
254.112485
-2800.731622
-3755.941703
-1560.329631
355.574991
229.432416
-334.552866
-125.229318
-30.165348
-87.752176
421.388509
72.211235
-909.507068
249.542102
2455.209017
2688.298558
1210.236643
-507.313350
-1555.759248
-1342.779392
-346.435863
183.728584
-262.340812
-752.285888
-529.251189
-364.717395
-696.527213
-1022.852571
-1101.463161
-416.819763
831.808917
1251.370091
756.854633
191.041197
-262.340812
-441.499832
-34.735731
694.697422
840.035607
313.527466
-27.423118
-207.496214
-585.923940
-740.402891
-556.673488
-382.084851
-192.870988
-63.986183
-199.269525
-287.934958
-168.190919
-68.556566
32.905940
206.580500
457.037498
576.781536
418.646279
220.291650
2.741411
-80.439563
299.816317
637.110594
571.297077
557.585927
742.229407
882.997208
622.485368
52.101549
76.781618
853.746756
1734.916630
1521.022698
-1133.455843
-3884.826508
-3079.524995
-420.476070
579.523766
29.249633
-337.295096
-133.456007
25.593327
365.629834
520.108785
-514.625963
-790.677106
1223.033716
2795.245524
2159.048188
415.904049
-1310.786710
-1803.474015
-871.115850
17.366637
2.741411
-537.477879
-720.293205
-374.772238
-310.786874
-652.651535
-1009.141421
-923.218218
193.783427
1276.964237
980.803408
202.924194
-138.940467
-169.104996
98.719457
366.543911
351.918685
223.947956
136.196599
86.836461
-243.145203
-818.099405
-911.335222
-506.399273
-117.916704
141.681059
-41.134267
-549.360875
-520.110423
65.812699
451.553038
360.145374
137.110676
200.181964
422.302585
404.021053
143.509212
-138.026390
-123.401164
301.644470
623.399445
574.953383
487.202026
571.297077
864.715676
841.863760
220.291650
13.710331
756.854633
1847.348056
1723.947711
-1069.470479
-3967.093405
-3253.199555
-443.327986
760.510940
-3.657125
-550.274952
-136.198237
117.915067
356.489068
627.055751
-293.419418
-868.373620
891.223898
2718.463087
2320.839752
397.622516
-1411.335140
-1730.347885
-855.576547
-84.095869
-9.141585
-553.017182
-800.731949
-392.139694
-200.183601
-434.187219
-834.552785
-919.561911
106.946147
1273.307931
1158.134275
526.507322
95.977228
-341.865480
-496.344430
-239.488897
244.971719
633.454288
428.701122
-106.033708
-506.399273
-744.059198
-700.183520
-517.368193
-300.732031
89.578691
279.706631
23.765174
-248.629663
-191.042835
34.734093
145.337366
185.556738
298.902240
390.309903
250.456179
-0.000819
-51.189110
-12.797892
73.125312
382.083214
656.306203
650.821744
603.289759
727.604181
801.644388
513.710249
170.017435
450.638961
1472.576636
2103.289513
215.721266
-3374.771747
-4248.629008
-1648.080988
574.039307
627.055751
-97.807019
-329.982483
-184.644299
184.642661
678.244043
139.852906
-846.435781
161.790745
2326.324211
2782.448451
1203.838106
-962.523513
-2066.728086
-1423.218136
-252.285969
207.494577
-228.519977
-889.397383
-757.770347
-216.636981
-186.472452
-614.260316
-909.507068
-217.551057
1070.382918
1415.903885
631.626134
-414.077533
-687.386447
97.805381
654.478050
363.801681
-54.845417
-190.128758
-27.423118
21.937020
-422.304223
-947.898287
-944.241980
-252.285969
477.147183
407.677359
-180.987992
-521.024500
-358.318859
180.986354
518.280632
329.980846
94.149074
136.196599
284.277014
222.119803
-100.549248
-236.746667
-19.196428
378.426907
682.814426
581.351920
323.582309
391.223980
845.520066
1099.633370
606.946065
159.962592
612.430525
1633.454124
1659.962346
-1052.103023
-4216.636326
-3655.393273
-541.134185
1076.781455
478.975337
-377.514468
-387.569311
-128.885624
339.121612
858.317139
69.469005
-783.364493
704.752265
2630.711730
2297.073759
343.691995
-1504.570956
-2013.711641
-1138.940303
-55.759493
237.659106
-426.874606
-982.633199
-584.095787
-107.861862
-212.066598
-559.415718
-635.284079
196.525657
1361.973364
1386.653433
184.642661
-950.640517
-786.106723
382.083214
975.318948
467.092340
-290.677188
-514.625963
-178.245762
-11.883815
-466.179902
-964.351666
-755.942194
115.172837
734.002717
440.584118
-319.013564
-758.684424
-444.242062
343.691995
663.618817
296.160010
-51.189110
25.593327
285.191091
220.291650
-145.339003
-276.966039
3.655488
546.617008
837.293377
503.655406
104.203917
243.143565
946.982573
1368.371900
734.002717
82.266078
559.414080
1697.439488
1559.413917
-1508.227263
-4639.853807
-3593.236062
-196.527295
1357.402981
652.649897
-386.655235
-557.587565
-202.925831
467.092340
1011.882014
118.829143
-730.348048
834.551147
2761.424689
2290.675223
69.469005
-1903.108368
-2182.815818
-1013.711805
92.320921
191.041197
-593.236554
-1107.861698
-612.432163
-39.306114
-114.260398
-435.101296
-409.507150
412.247743
1485.373709
1410.419425
129.798063
-890.311459
-782.450416
-8.227509
622.485368
593.234916
-8.227509
-493.602201
-445.156139
-267.825272
-460.695442
-801.646026
-615.174393
139.852906
677.329966
574.953383
59.414162
-493.602201
-533.821572
-11.883815
411.333666
434.185582
215.721266
13.710331
28.335557
31.077787
-121.573011
-171.847226
-1.828972
407.677359
730.346411
579.523766
313.527466
331.808999
777.878396
1251.370091
911.333584
309.871160
519.194709
1425.044652
1442.412108
-1377.514304
-4537.477224
-3558.501150
-234.004437
1161.790581
521.022862
-272.395655
-348.264016
-128.885624
336.379382
975.318948
363.801681
-537.477879
738.573100
2498.170618
2101.461360
119.743220
-1705.667816
-2047.532476
-1055.759330
-140.768620
49.359319
-460.695442
-1025.594801
-715.722822
-96.892942
-16.454198
-232.176284
-274.223809
385.739520
1351.918521
1354.660751
293.417780
-936.015291
-1117.002464
170.931511
1100.547447
481.717567
-462.523595
-704.753903
-337.295096
-92.322559
-415.905687
-720.293205
-608.775856
-49.360957
720.291568
761.425016
-16.454198
-587.752094
-433.273143
126.141756
411.333666
265.081405
104.203917
31.077787
21.937020
35.648170
-100.549248
-200.183601
-8.227509
391.223980
713.893031
543.874778
171.845588
238.573182
690.127039
1193.783264
1192.869187
588.664533
257.768792
797.988082
1677.329802
447.896731
-3402.194046
-4920.475333
-1896.709832
1165.446888
1297.073923
64.898622
-504.571120
-355.576629
-65.814336
709.322648
968.920412
-183.730222
-195.613218
1734.916630
2595.976818
1264.167164
-924.132295
-2279.707941
-1783.364329
-491.774047
181.900431
-31.079424
-788.848953
-993.602119
-385.741158
31.077787
-17.368275
-239.488897
-87.752176
851.004526
1501.827089
814.441461
-577.697251
-1188.300441
-220.293287
938.755883
681.900349
-234.918513
-657.221918
-444.242062
-93.236635
-287.020882
-683.730140
-689.214600
-267.825272
515.538402
847.348220
201.096040
-510.969657
-505.485197
24.679250
433.271505
334.551229
69.469005
-45.704650
-39.306114
49.359319
2.741411
-170.933149
-80.439563
339.121612
680.986273
571.297077
199.267887
130.712140
464.350111
991.772328
1327.238452
969.834488
384.825444
470.748647
1323.582145
1177.329884
-1944.241817
-4914.076797
-3353.747984
315.355619
1677.329802
680.986273
-414.077533
-512.797810
-263.254889
285.191091
1009.139784
476.233107
-287.020882
850.090450
2340.949438
1947.896486
-40.220191
-2001.828645
-2279.707941
-1071.298632
17.366637
282.448861
-362.889242
-1091.408318
-765.997037
-56.673570
159.962592
-2.743049
-158.136076
391.223980
1253.198245
1139.852742
-30.165348
-1098.720931
-740.402891
639.852824
1030.163546
128.883986
-664.534531
-705.667979
-307.130567
-143.510850
-420.476070
-642.596692
-500.000737
132.540293
816.269614
597.805299
-220.293287
-542.962339
-197.441372
306.214853
381.169137
89.578691
-27.423118
-0.914895
49.359319
92.320921
-72.212873
-175.503532
80.437925
461.607881
617.000908
355.574991
96.891304
312.613390
778.792472
1203.838106
1162.704658
606.946065
336.379382
882.997208
1540.218307
-127.971547
-3868.373129
-4598.720358
-1201.097514
1521.936775
1259.596781
-162.706459
-660.878224
-328.154330
-26.509041
707.494495
980.803408
-46.618727
77.695695
1797.073841
2369.285813
987.201945
-1209.324204
-2391.225290
-1605.119386
-348.264016
178.244125
-65.814336
-859.232854
-983.547276
-281.536422
108.774300
85.922385
-126.143394
21.022944
882.083132
1256.854551
529.249552
-530.165266
-1000.914732
-224.863671
881.169055
764.167246
-188.300605
-771.481497
-646.252998
-237.660743
-224.863671
-479.891051
-474.406591
-164.534613
383.911367
692.869269
264.167328
-332.724713
-416.819763
-45.704650
319.011926
299.816317
62.156392
-92.322559
-110.604091
31.077787
100.547611
-53.931340
-55.759493
265.081405
570.383000
523.765092
207.494577
121.571373
451.553038
962.521875
1300.730230
1035.648006
437.841888
421.388509
1280.620544
1161.790581
-2001.828645
-4952.468015
-3255.941785
484.459796
1762.338929
645.337284
-530.165266
-629.799619
-362.889242
268.737711
1198.353647
675.501813
-296.161648
732.174564
2184.642333
1861.973282
84.094231
-1857.404537
-2270.567175
-1122.486924
-42.962421
245.885795
-358.318859
-1071.298632
-750.457734
-51.189110
234.916876
161.790745
-110.604091
225.776109
1009.139784
1040.218389
289.761474
-675.503450
-957.953130
53.929702
987.201945
609.688295
-359.232936
-916.819682
-721.207282
-226.691824
-132.541931
-284.278652
-320.841717
-111.518168
425.044815
657.220280
149.907749
-329.982483
-288.849035
-13.711968
253.198408
266.909558
22.851097
-142.596774
-106.947785
59.414162
141.681059
29.249633
39.304476
287.933320
458.865651
349.176455
191.955274
308.043006
658.134357
1017.366473
1104.203754
843.691913
530.163628
648.993590
1322.668069
548.445161
-2872.029599
-4817.184673
-2329.982156
953.381109
1533.819771
362.887604
-409.507150
-512.797810
-483.547358
382.083214
1333.636988
476.233107
-286.106805
1020.108703
2204.752019
1553.929457
-282.450498
-1930.530667
-2052.102859
-1011.883651
-2.743049
330.894922
-356.490706
-1078.611246
-793.419336
-127.057471
304.386700
248.628025
-67.642490
249.542102
862.887522
831.808917
196.525657
-543.876415
-590.494324
202.924194
697.439652
303.472623
-440.585756
-840.951321
-643.510768
-295.247571
-161.792383
-150.823463
-191.956912
-29.251271
353.746838
385.739520
21.022944
-213.894751
-166.362766
34.734093
243.143565
246.799872
27.421480
-181.902069
-153.565693
58.500086
170.931511
126.141756
108.774300
207.494577
316.269696
325.410462
337.293459
420.474432
622.485368
979.889331
1113.344520
871.114212
527.421398
607.860142
1277.878314
120.657297
-3537.477388
-4713.894014
-1550.274788
1439.669878
1489.944093
108.774300
-503.657044
-478.976974
-519.196346
505.483559
1484.459633
408.591436
-217.551057
1191.041034
2145.337038
1339.121448
-621.572929
-2170.932822
-1871.115686
-690.128677
149.907749
292.503704
-539.306032
-1165.448526
-744.973275
-97.807019
355.574991
295.245934
-39.306114
344.606072
925.958810
875.684595
320.840079
-558.501641
-869.287697
-56.673570
770.565783
633.454288
-316.271334
-1117.916541
-929.616754
-236.746667
107.860224
14.624407
-248.629663
-188.300605
336.379382
608.774219
252.284332
-222.121441
-378.428545
-160.878306
238.573182
384.825444
86.836461
-288.849035
-271.481579
75.867542
311.699313
244.057642
96.891304
143.509212
275.136248
325.410462
382.997290
440.584118
560.328157
830.894840
973.490795
877.512749
614.258678
691.955192
1351.004444
143.509212
-3612.431671
-4875.685578
-1580.439317
1606.031825
1574.039143
33.820017
-585.923940
-501.828890
-490.859971
531.077705
1472.576636
324.496386
-392.139694
1081.351838
2257.768464
1575.867296
-494.516277
-2263.254562
-2018.282024
-662.706378
235.830952
271.479941
-585.009864
-1221.207200
-809.872715
-44.790574
519.194709
386.653597
-183.730222
69.469005
862.887522
1108.774137
555.757774
-537.477879
-921.390065
-58.501723
722.119721
585.008226
-267.825272
-1076.783092
-957.039053
-259.598583
194.697504
139.852906
-311.700951
-362.889242
244.971719
599.633452
371.114294
-98.721095
-411.335304
-149.909387
337.293459
413.161819
51.187473
-389.397464
-329.068407
160.876669
359.231298
208.408653
14.624407
-80.439563
101.461687
392.138057
470.748647
385.739520
364.715758
574.039307
868.371982
960.693722
797.988082
445.154501
760.510940
1546.616844
-383.913005
-4390.310886
-4615.173738
-689.214600
2066.726448
1499.998935
-225.777747
-822.669788
-731.262125
-394.881924
1042.960619
1525.593081
-55.759493
-314.443181
1289.761310
2199.267560
1532.905694
-685.558293
-2536.563475
-2042.962093
-513.711886
575.867460
525.593245
-752.285888
-1432.358902
-897.624072
-38.392037
757.768710
525.593245
-324.498023
-44.790574
852.832679
1204.752183
681.900349
-599.635090
-1098.720931
-209.324368
655.392127
668.189200
-193.785065
-1104.205391
-962.523513
-267.825272
181.900431
225.776109
-174.589456
-296.161648
170.931511
497.256869
342.777918
-172.761302
-530.165266
-202.011755
416.818126
605.117912
154.478132
-404.022691
-379.342621
45.703013
320.840079
346.434225
96.891304
-153.565693
89.578691
525.593245
566.726693
307.128930
229.432416
566.726693
925.044733
979.889331
802.558465
542.960701
988.116021
1104.203754
-1816.271088
-5000.000000
-3465.265334
586.836379
2339.121284
1180.072114
-610.604010
-1142.596610
-879.342540
59.414162
1542.960537
1064.898458
-410.421227
337.293459
1764.167082
1952.466869
923.216580
-1336.380856
-2681.901659
-1690.128513
71.297158
1097.805217
369.286141
-1262.340649
-1541.134022
-728.519895
169.103358
734.916794
215.721266
-257.770429
406.763283
1054.843615
1119.743056
453.381191
-887.569229
-1353.748312
-352.834399
889.395745
1127.055669
49.359319
-1178.245598
-1254.113959
-405.850844
318.097849
298.902240
-134.370084
-257.770429
105.117994
521.022862
421.388509
-236.746667
-751.371811
-396.710077
514.624325
820.839997
282.448861
-246.801510
-414.077533
-269.653426
178.244125
425.044815
154.478132
-113.346321
103.289841
534.734011
551.187391
239.487259
165.447052
382.083214
711.150801
959.779646
888.481668
610.602372
773.308012
1159.048351
-518.282270
-3951.554102
-4393.967192
-903.108532
2001.827007
1834.550983
72.211235
-1065.814173
-1106.947621
-469.836208
916.818044
1438.755801
125.227680
-205.668061
1262.339011
2025.592999
1337.293295
-425.046453
-2210.238117
-2242.230799
-763.254807
818.097767
1139.852742
-307.130567
-1519.196182
-1212.980511
-354.662552
375.684677
368.372064
-179.159839
21.022944
731.260487
1089.578527
865.629752
-146.253080
-1117.916541
-953.382747
108.774300
1071.296995
911.333584
-213.894751
-995.430272
-966.179820
-455.210982
106.946147
185.556738
-70.384720
-74.041026
202.010117
324.496386
13.710331
-354.662552
-307.130567
26.507403
376.598754
536.562165
340.949765
-73.126949
-341.865480
-235.832590
61.242316
214.807190
239.487259
299.816317
377.512830
341.863842
211.150883
201.096040
334.551229
490.858333
669.103276
778.792472
736.744947
799.816235
1100.547447
341.863842
-2438.757275
-4278.793537
-2296.161320
980.803408
1983.545474
846.434143
-505.485197
-1054.845253
-904.022609
74.039388
1176.415807
637.110594
-361.061089
489.944256
1787.018998
1675.501649
441.498195
-1208.410127
-2064.899932
-1425.960366
-4.571202
1079.523684
653.563974
-784.278570
-1313.528940
-808.958639
-222.121441
126.141756
39.304476
-61.243953
285.191091
670.017353
864.715676
603.289759
-287.020882
-815.357175
-488.117741
9.139947
406.763283
594.148992
265.995481
-419.561993
-905.850762
-655.393765
15.538484
255.940638
86.836461
1.827334
-4.571202
-51.189110
-17.368275
42.960783
-62.158030
-200.183601
-40.220191
393.052133
563.070387
173.673741
-252.285969
-266.911196
-72.212873
159.048515
389.395827
459.779727
302.558547
91.406844
138.938829
345.520148
304.386700
177.330048
358.317221
615.172755
649.907667
593.234916
714.807108
730.346411
-503.657044
-2637.111904
-3058.501232
-1061.243789
996.342711
1377.512667
525.593245
-379.342621
-884.826999
-782.450416
196.525657
866.543829
208.408653
-223.035517
659.048433
1573.125066
1403.106812
242.229489
-1057.587483
-1554.845171
-1115.174311
-53.931340
834.551147
548.445161
-456.125059
-1036.563720
-875.686233
-240.402973
115.172837
-56.673570
-128.885624
44.788936
364.715758
755.026480
630.712058
-157.222000
-853.748394
-741.316968
161.790745
936.927730
844.605990
176.415971
-512.797810
-744.973275
-369.287778
49.359319
85.008308
-132.541931
-303.474261
-147.167157
180.986354
208.408653
-130.713777
-441.499832
-316.271334
199.267887
575.867460
485.373873
141.681059
-75.869179
-46.618727
101.461687
280.620707
364.715758
205.666424
34.734093
190.127121
480.803490
452.467114
140.766983
12.796254
218.463496
425.958892
496.342793
632.540211
765.081323
130.712140
-1478.976811
-2459.781038
-1561.243708
95.063151
864.715676
563.984464
10.968101
-334.552866
-514.625963
-268.739349
255.940638
185.556738
-214.808828
83.180155
931.443270
1424.130575
977.147102
-135.284161
-937.843444
-988.117659
-533.821572
114.258760
416.818126
76.781618
-459.781365
-618.830699
-273.309732
57.586009
-137.112314
-456.125059
-381.170775
-35.649808
365.629834
567.640770
311.699313
-159.050153
-393.967848
-262.340812
85.008308
396.708440
468.920494
279.706631
-40.220191
-225.777747
-183.730222
-142.596774
-209.324368
-269.653426
-242.231127
-93.236635
105.117994
155.392209
32.905940
-119.744858
-191.956912
-98.721095
103.289841
265.081405
302.558547
191.955274
37.476323
-18.282352
32.905940
117.000990
179.158201
223.947956
281.534784
307.128930
254.112485
217.549420
212.979037
160.876669
152.649979
241.315412
406.763283
579.523766
318.097849
-564.900178
-1317.185247
-1169.104832
-382.998928
212.979037
258.682868
42.046706
-138.940467
-243.145203
-202.011755
-59.415800
-102.377402
-259.598583
-124.315241
347.348302
781.534702
787.933239
346.434225
-117.002628
-332.724713
-380.256698
-270.567502
-46.618727
74.953465
15.538484
-45.704650
31.077787
104.203917
-53.931340
-328.154330
-446.070216
-365.631472
-188.300605
-10.055662
97.805381
109.688377
13.710331
-111.518168
-113.346321
40.218553
181.900431
164.532975
71.297158
42.046706
47.531166
4.569564
-72.212873
-130.713777
-148.081233
-63.072107
109.688377
196.525657
130.712140
-6.399355
-136.198237
-159.964230
-80.439563
13.710331
59.414162
46.617089
33.820017
71.297158
97.805381
54.843779
16.452561
49.359319
129.798063
220.291650
237.659106
173.673741
119.743220
121.571373
135.282523
107.860224
87.750538
195.611581
357.403145
306.214853
3.655488
-316.271334
-463.437672
-383.913005
-162.706459
36.562246
103.289841
33.820017
-64.900260
-92.322559
-81.353639
-142.596774
-249.543740
-259.598583
-105.119632
146.251442
309.871160
285.191091
129.798063
-95.064789
-237.660743
-205.668061
-125.229318
-58.501723
14.624407
88.664615
150.821826
155.392209
104.203917
8.225871
-122.487088
-216.636981
-237.660743
-163.620536
-9.141585
107.860224
95.977228
2.741411
-87.752176
-164.534613
-200.183601
-130.713777
-4.571202
59.414162
38.390400
-10.969738
-30.165348
11.882177
43.874860
2.741411
-37.477961
13.710331
96.891304
99.633534
41.132630
-17.368275
-79.525486
-112.432245
-62.158030
31.077787
66.726775
42.046706
23.765174
27.421480
53.929702
67.640852
34.734093
46.617089
107.860224
117.915067
99.633534
69.469005
42.960783
61.242316
90.492768
110.602454
162.704822
242.229489
284.277014
223.947956
61.242316
-114.260398
-203.839908
-193.785065
-119.744858
-16.454198
47.531166
49.359319
37.476323
8.225871
-56.673570
-120.658934
-156.307923
-139.854544
-92.322559
-56.673570
-27.423118
-7.313432
-25.594965
-65.814336
-81.353639
-55.759493
-30.165348
-27.423118
1.827334
76.781618
133.454370
119.743220
49.359319
-16.454198
-77.697333
-133.456007
-133.456007
-85.924022
-54.845417
-54.845417
-46.618727
-3.657125
24.679250
-16.454198
-87.752176
-129.799701
-117.002628
-57.587647
1.827334
29.249633
16.452561
-2.743049
-5.485279
6.397718
4.569564
-30.165348
-50.275034
-14.626045
40.218553
46.617089
-10.055662
-56.673570
-41.134267
10.968101
53.015626
64.898622
52.101549
30.163710
20.108867
39.304476
73.125312
80.437925
74.039388
64.898622
64.898622
102.375764
129.798063
120.657297
120.657297
160.876669
203.838270
198.353810
158.134439
74.953465
-51.189110
-148.081233
-159.050153
-81.353639
46.617089
132.540293
126.141756
54.843779
-19.196428
-68.556566
-126.143394
-207.496214
-230.348130
-153.565693
-33.821654
60.328239
74.953465
19.194790
-47.532804
-77.697333
-57.587647
-26.509041
-32.907578
-22.852735
26.507403
50.273396
31.991863
-6.399355
-54.845417
-80.439563
-89.580329
-82.267716
-50.275034
-22.852735
-4.571202
21.937020
33.820017
1.827334
-53.017264
-93.236635
-123.401164
-133.456007
-100.549248
-26.509041
50.273396
51.187473
-6.399355
-31.993501
-34.735731
-36.563884
-34.735731
-40.220191
-30.165348
2.741411
26.507403
35.648170
30.163710
5.483641
-12.797892
-0.914895
47.531166
79.523848
42.960783
1.827334
-9.141585
2.741411
47.531166
78.609772
68.554929
58.500086
70.383082
84.094231
99.633534
117.000990
116.086913
85.922385
78.609772
140.766983
192.869351
142.595136
42.046706
-29.251271
-50.275034
-21.938658
22.851097
61.242316
74.953465
31.991863
-21.938658
-46.618727
-63.986183
-108.775938
-164.534613
-147.167157
-51.189110
38.390400
53.929702
14.624407
-4.571202
-11.883815
-60.329877
-118.830781
-137.112314
-121.573011
-73.126949
2.741411
64.898622
74.953465
26.507403
-21.938658
-21.024581
-27.423118
-67.642490
-95.978865
-106.947785
-60.329877
27.421480
53.929702
5.483641
-55.759493
-85.009946
-76.783256
-64.900260
-51.189110
-24.680888
-26.509041
-50.275034
-46.618727
-29.251271
-26.509041
-15.540122
-7.313432
-2.743049
3.655488
6.397718
16.452561
21.022944
12.796254
7.311794
2.741411
-1.828972
19.194790
40.218553
7.311794
-14.626045
30.163710
62.156392
78.609772
106.032071
96.891304
66.726775
55.757856
63.984545
72.211235
64.898622
62.156392
90.492768
130.712140
180.072278
211.150883
139.852906
20.108867
-32.907578
-42.048344
-56.673570
-45.704650
2.741411
54.843779
76.781618
56.671932
15.538484
-28.337194
-75.869179
-99.635172
-93.236635
-88.666252
-53.017264
-17.368275
-24.680888
-32.907578
-53.017264
-93.236635
-102.377402
-75.869179
-27.423118
23.765174
33.820017
37.476323
40.218553
7.311794
-41.134267
-75.869179
-88.666252
-74.041026
-41.134267
2.741411
37.476323
16.452561
-39.306114
-74.041026
-87.752176
-101.463325
-118.830781
-115.174475
-59.415800
16.452561
29.249633
-21.024581
-38.392037
-3.657125
21.022944
3.655488
0.913258
16.452561
-10.055662
-38.392037
-16.454198
-0.914895
-33.821654
-47.532804
4.569564
84.094231
111.516530
72.211235
33.820017
37.476323
28.335557
-7.313432
-4.571202
27.421480
63.984545
92.320921
91.406844
99.633534
113.344684
111.516530
126.141756
129.798063
114.258760
111.516530
92.320921
58.500086
28.335557
-26.509041
-76.783256
-45.704650
43.874860
104.203917
86.836461
29.249633
5.483641
-12.797892
-63.986183
-118.830781
-161.792383
-138.940467
-53.017264
10.054024
34.734093
18.280714
-43.876497
-90.494406
-78.611409
-36.563884
-19.196428
-47.532804
-50.275034
-9.141585
20.108867
8.225871
-40.220191
-92.322559
-78.611409
-28.337194
-19.196428
-27.423118
-27.423118
-51.189110
-82.267716
-78.611409
-55.759493
-56.673570
-63.072107
-23.766811
24.679250
24.679250
4.569564
2.741411
-2.743049
-31.993501
-56.673570
-53.931340
-30.165348
-11.883815
12.796254
31.077787
14.624407
-9.141585
2.741411
31.991863
25.593327
-10.055662
-20.110505
2.741411
21.937020
43.874860
58.500086
45.703013
46.617089
82.266078
119.743220
112.430607
58.500086
31.077787
56.671932
89.578691
112.430607
119.743220
114.258760
125.227680
134.368446
105.117994
41.132630
-23.766811
-44.790574
-10.055662
51.187473
76.781618
40.218553
-10.969738
-37.477961
-42.048344
-56.673570
-95.978865
-115.174475
-85.009946
-27.423118
16.452561
21.937020
-4.571202
-46.618727
-85.924022
-103.291478
-85.009946
-55.759493
-41.134267
-21.024581
10.968101
21.937020
-10.969738
-62.158030
-88.666252
-93.236635
-87.752176
-65.814336
-29.251271
4.569564
10.968101
-6.399355
-21.024581
-29.251271
-30.165348
-15.540122
-15.540122
-43.876497
-69.470643
-73.126949
-43.876497
5.483641
28.335557
17.366637
1.827334
-7.313432
-10.055662
-21.024581
-54.845417
-77.697333
-56.673570
15.538484
85.008308
95.977228
72.211235
48.445243
21.022944
-1.828972
0.913258
14.624407
30.163710
48.445243
57.586009
74.039388
92.320921
89.578691
78.609772
73.125312
80.437925
116.086913
152.649979
164.532975
142.595136
70.383082
9.139947
6.397718
6.397718
-13.711968
-0.914895
43.874860
70.383082
57.586009
13.710331
-40.220191
-68.556566
-67.642490
-53.931340
-46.618727
-50.275034
-42.962421
-21.938658
-10.969738
-29.251271
-73.126949
-109.690015
-103.291478
-76.783256
-76.783256
-70.384720
-30.165348
6.397718
13.710331
-0.000819
-32.907578
-69.470643
-82.267716
-62.158030
-19.196428
1.827334
-14.626045
-23.766811
-12.797892
-11.883815
-33.821654
-72.212873
-98.721095
-86.838099
-60.329877
-49.360957
-39.306114
-8.227509
10.054024
17.366637
31.077787
11.882177
-42.048344
-70.384720
-29.251271
24.679250
31.991863
39.304476
45.703013
21.937020
6.397718
24.679250
23.765174
-5.485279
-8.227509
23.765174
63.984545
88.664615
80.437925
60.328239
63.984545
85.008308
100.547611
109.688377
115.172837
119.743220
116.086913
120.657297
134.368446
91.406844
17.366637
-15.540122
-2.743049
31.991863
63.070469
74.039388
56.671932
11.882177
-26.509041
-34.735731
-50.275034
-80.439563
-103.291478
-87.752176
-31.993501
10.054024
-6.399355
-48.446880
-79.525486
-107.861862
-120.658934
-96.892942
-55.759493
-19.196428
11.882177
34.734093
38.390400
5.483641
-47.532804
-76.783256
-73.126949
-49.360957
-31.079424
-31.079424
-42.048344
-49.360957
-57.587647
-74.955103
-75.869179
-47.532804
-31.079424
-37.477961
-50.275034
-52.103187
-41.134267
-14.626045
5.483641
10.054024
15.538484
14.624407
10.968101
20.108867
12.796254
-37.477961
-91.408482
-67.642490
11.882177
53.929702
61.242316
67.640852
63.070469
22.851097
1.827334
31.991863
55.757856
59.414162
60.328239
60.328239
58.500086
62.156392
82.266078
117.915067
144.423289
147.165519
149.907749
173.673741
172.759665
85.008308
-52.103187
-106.947785
-43.876497
38.390400
84.094231
102.375764
90.492768
29.249633
-42.048344
-79.525486
-90.494406
-107.861862
-130.713777
-123.401164
-54.845417
21.937020
31.077787
-9.141585
-46.618727
-74.955103
-93.236635
-94.150712
-68.556566
-45.704650
-42.048344
-22.852735
22.851097
43.874860
25.593327
-13.711968
-56.673570
-72.212873
-58.501723
-42.048344
-34.735731
-34.735731
-51.189110
-66.728413
-53.017264
-15.540122
5.483641
-24.680888
-69.470643
-66.728413
-29.251271
1.827334
6.397718
-21.938658
-47.532804
-37.477961
-27.423118
-22.852735
-17.368275
-14.626045
-5.485279
21.022944
65.812699
86.836461
56.671932
13.710331
-15.540122
-16.454198
15.538484
53.015626
65.812699
56.671932
42.960783
58.500086
108.774300
153.564055
156.306285
115.172837
96.891304
132.540293
192.869351
216.635343
135.282523
-21.938658
-108.775938
-40.220191
76.781618
114.258760
66.726775
4.569564
-29.251271
-55.759493
-78.611409
-107.861862
-155.393846
-170.933149
-107.861862
6.397718
77.695695
47.531166
-36.563884
-88.666252
-104.205555
-119.744858
-132.541931
-111.518168
-53.931340
-10.055662
12.796254
46.617089
67.640852
40.218553
-21.938658
-54.845417
-50.275034
-49.360957
-48.446880
-21.938658
-13.711968
-67.642490
-119.744858
-95.064789
-15.540122
32.905940
-2.743049
-61.243953
-69.470643
-48.446880
-31.993501
-36.563884
-39.306114
-35.649808
-26.509041
20.108867
70.383082
35.648170
-53.017264
-59.415800
24.679250
82.266078
63.984545
21.937020
7.311794
18.280714
25.593327
31.077787
38.390400
41.132630
52.101549
80.437925
131.626216
167.275205
157.220362
150.821826
168.189282
182.814508
213.893113
244.971719
185.556738
10.968101
-145.339003
-130.713777
2.741411
75.867542
58.500086
33.820017
3.655488
-61.243953
-121.573011
-138.940467
-131.627854
-137.112314
-133.456007
-55.759493
67.640852
108.774300
10.054024
-121.573011
-173.675379
-158.136076
-138.940467
-88.666252
-9.141585
20.108867
0.913258
16.452561
78.609772
74.039388
-30.165348
-116.088551
-95.978865
-38.392037
-21.024581
-28.337194
-31.993501
-69.470643
-132.541931
-127.057471
-40.220191
32.905940
16.452561
-53.931340
-85.924022
-58.501723
-30.165348
-30.165348
-38.392037
-42.048344
-25.594965
27.421480
77.695695
64.898622
3.655488
-30.165348
-5.485279
-9.141585
-18.282352
65.812699
121.571373
62.156392
10.054024
28.335557
66.726775
83.180155
96.891304
119.743220
134.368446
167.275205
229.432416
242.229489
184.642661
154.478132
223.033880
311.699313
212.064960
-108.775938
-312.615027
-184.644299
38.390400
107.860224
54.843779
-10.969738
-80.439563
-159.964230
-179.159839
-135.284161
-157.222000
-236.746667
-195.613218
9.139947
206.580500
183.728584
-34.735731
-184.644299
-179.159839
-150.823463
-95.978865
21.937020
97.805381
62.156392
25.593327
95.063151
155.392209
47.531166
-135.284161
-202.011755
-137.112314
-64.900260
-42.962421
-58.501723
-93.236635
-155.393846
-162.706459
-40.220191
60.328239
-12.797892
-148.995310
-136.198237
-4.571202
60.328239
21.022944
-22.852735
-42.962421
-60.329877
-22.852735
83.180155
154.478132
96.891304
-21.938658
-37.477961
51.187473
80.437925
-0.914895
-57.587647
1.827334
77.695695
116.086913
159.962592
160.876669
87.750538
59.414162
149.907749
275.136248
314.441543
254.112485
224.862033
325.410462
414.075896
178.244125
-361.061089
-593.236554
-218.465134
173.673741
153.564055
-6.399355
-78.611409
-170.019073
-296.161648
-275.137885
-145.339003
-178.245762
-289.763111
-110.604091
267.823635
407.677359
155.392209
-206.582138
-274.223809
-122.487088
-55.759493
16.452561
180.072278
195.611581
45.703013
15.538484
139.852906
128.883986
-129.799701
-331.810637
-267.825272
-144.424927
-96.892942
-55.759493
-47.532804
-138.940467
-258.684506
-214.808828
5.483641
96.891304
-46.618727
-139.854544
-55.759493
59.414162
110.602454
115.172837
85.922385
7.311794
-57.587647
24.679250
167.275205
135.282523
-42.048344
-132.541931
-49.360957
60.328239
54.843779
20.108867
39.304476
48.445243
51.187473
112.430607
146.251442
87.750538
63.070469
193.783427
375.684677
430.529275
349.176455
312.613390
443.326348
536.562165
125.227680
-663.620454
-889.397383
-266.911196
293.417780
230.346493
-42.962421
-212.066598
-382.084851
-440.585756
-208.410291
-34.735731
-256.856353
-402.194537
10.968101
576.781536
647.165437
145.337366
-379.342621
-400.366384
-95.978865
157.220362
339.121612
339.121612
52.101549
-181.902069
-51.189110
163.618898
-7.313432
-430.530913
-564.900178
-323.583947
-17.368275
140.766983
10.968101
-333.638790
-479.891051
-231.262207
130.712140
238.573182
46.617089
-128.885624
-34.735731
189.213044
286.105167
181.900431
-11.883815
-92.322559
-0.914895
154.478132
204.752347
30.163710
-220.293287
-263.254889
-63.986183
100.547611
31.991863
-97.807019
-67.642490
62.156392
170.017435
202.924194
127.969910
21.937020
60.328239
284.277014
510.968019
536.562165
401.278823
346.434225
529.249552
708.408572
178.244125
-977.148739
-1280.622181
-269.653426
515.538402
274.222171
-203.839908
-403.108614
-544.790492
-564.900178
-162.706459
129.798063
-255.942276
-488.117741
170.931511
888.481668
803.472541
88.664615
-522.852653
-436.015373
44.788936
375.684677
516.452479
298.902240
-229.434054
-393.967848
-49.360957
170.931511
-142.596774
-594.150630
-554.845335
-175.503532
52.101549
64.898622
-188.300605
-542.962339
-434.187219
116.086913
440.584118
276.050324
-23.766811
-85.924022
81.352001
237.659106
265.081405
152.649979
-43.876497
-107.861862
44.788936
179.158201
42.960783
-234.004437
-327.240253
-155.393846
61.242316
83.180155
-44.790574
-106.947785
-71.298796
31.077787
197.439734
234.916876
108.774300
77.695695
234.002799
469.834570
597.805299
512.796172
384.825444
426.872969
687.384809
594.148992
-545.704569
-1569.470397
-877.514386
395.794363
497.256869
-114.260398
-489.031817
-623.401082
-643.510768
-296.161648
185.556738
-58.501723
-550.274952
-30.165348
903.106894
1042.046542
389.395827
-440.585756
-612.432163
-31.079424
450.638961
574.953383
343.691995
-267.825272
-541.134185
-176.417609
167.275205
-16.454198
-580.439481
-771.481497
-322.669870
95.977228
148.993672
-113.346321
-525.594883
-481.719204
54.843779
457.037498
476.233107
164.532975
-115.174475
5.483641
246.799872
279.706631
127.055833
-93.236635
-163.620536
-19.196428
132.540293
95.977228
-156.307923
-351.006246
-247.715586
-2.743049
108.774300
24.679250
-95.064789
-85.924022
27.421480
182.814508
258.682868
183.728584
160.876669
297.988163
462.521957
540.218471
496.342793
423.216662
449.724884
635.282441
536.562165
-530.165266
-1574.954857
-924.132295
412.247743
539.304394
-132.541931
-564.900178
-697.441290
-634.370002
-235.832590
228.518339
22.851097
-436.015373
24.679250
908.591354
1022.850933
329.066769
-522.852653
-638.940385
43.874860
543.874778
582.265996
273.308094
-369.287778
-635.284079
-231.262207
122.485450
-101.463325
-668.190837
-763.254807
-203.839908
196.525657
122.485450
-173.675379
-478.062898
-385.741158
111.516530
519.194709
528.335475
121.571373
-192.870988
48.445243
347.348302
224.862033
-53.017264
-185.558375
-114.260398
41.132630
112.430607
10.968101
-255.028199
-396.710077
-167.276843
146.251442
136.196599
-82.267716
-127.057471
32.905940
180.072278
245.885795
218.463496
122.485450
151.735902
366.543911
550.273314
530.163628
401.278823
351.918685
488.116103
755.026480
437.841888
-939.671597
-1719.378965
-552.103105
702.924112
421.388509
-355.576629
-676.417527
-723.035435
-512.797810
39.304476
306.214853
-226.691824
-488.117741
378.426907
1159.048351
887.567592
15.538484
-721.207282
-553.931258
270.565864
671.845506
508.225789
-11.883815
-615.174393
-521.938576
53.929702
138.024753
-435.101296
-976.234663
-648.081151
156.306285
366.543911
92.320921
-295.247571
-625.229236
-285.192728
465.264187
691.955192
285.191091
-212.980674
-146.253080
338.207535
419.560356
118.829143
-137.112314
-265.997119
-112.432245
150.821826
138.024753
-146.253080
-442.413909
-348.264016
76.781618
232.174646
29.249633
-131.627854
-63.072107
127.055833
224.862033
229.432416
177.330048
84.094231
197.439734
481.717567
563.984464
420.474432
325.410462
381.169137
544.788854
622.485368
-44.790574
-1315.357093
-1337.294933
147.165519
760.510940
-14.626045
-580.439481
-648.995228
-618.830699
-263.254889
217.549420
62.156392
-483.547358
-140.768620
872.942365
1065.812535
400.364746
-368.373702
-693.784983
-121.573011
578.609690
538.390318
141.681059
-315.357257
-551.189028
-183.730222
177.330048
-136.198237
-767.825190
-827.240171
-105.119632
351.918685
96.891304
-225.777747
-427.788683
-381.170775
107.860224
531.991781
471.662724
56.671932
-197.441372
108.774300
394.880286
189.213044
-67.642490
-158.136076
-127.971547
27.421480
84.094231
-50.275034
-275.137885
-371.115932
-104.205555
192.869351
110.602454
-76.783256
-34.735731
117.000990
180.986354
168.189282
150.821826
134.368446
186.470814
401.278823
558.500004
415.904049
261.425098
372.028371
626.141675
763.253169
88.664615
-1337.294933
-1510.969493
48.445243
846.434143
101.461687
-540.220109
-648.081151
-643.510768
-273.309732
292.503704
130.712140
-533.821572
-243.145203
832.722994
1097.805217
404.935129
-415.905687
-733.090278
-145.339003
604.203835
614.258678
170.017435
-370.201855
-631.627772
-183.730222
185.556738
-288.849035
-827.240171
-545.704569
126.141756
322.668233
37.476323
-319.927640
-563.986101
-364.717395
269.651788
622.485368
375.684677
-40.220191
-137.112314
138.938829
290.675550
72.211235
-117.916704
-86.838099
5.483641
109.688377
91.406844
-159.050153
-381.170775
-287.020882
20.108867
176.415971
47.531166
-88.666252
-26.509041
112.430607
180.072278
138.938829
95.063151
199.267887
392.138057
480.803490
391.223980
251.370255
297.074087
507.311712
713.893031
642.595054
-368.373702
-1609.689769
-1021.024418
679.158119
821.754074
-318.099487
-839.123168
-650.823381
-351.006246
61.242316
273.308094
-224.863671
-650.823381
123.399527
1141.680895
930.529193
-61.243953
-734.004355
-526.508959
335.465305
762.339093
374.770601
-229.434054
-630.713695
-478.062898
42.960783
63.070469
-412.249380
-565.814255
-200.183601
162.704822
111.516530
-197.441372
-443.327986
-397.624154
83.180155
541.132548
396.708440
-33.821654
-176.417609
-10.969738
177.330048
141.681059
-21.938658
-42.962421
76.781618
157.220362
53.929702
-209.324368
-335.466943
-183.730222
53.015626
159.962592
55.757856
-127.057471
-135.284161
32.905940
189.213044
213.893113
103.289841
63.070469
245.885795
457.037498
455.209344
279.706631
210.236807
371.114294
572.211153
675.501813
228.518339
-1017.368111
-1446.070052
-45.704650
991.772328
236.745029
-683.730140
-700.183520
-400.366384
-97.807019
173.673741
-30.165348
-553.931258
-277.880115
734.002717
1012.796090
296.160010
-484.461434
-670.933067
-42.048344
676.415889
547.531084
-92.322559
-527.423036
-497.258507
-57.587647
157.220362
-200.183601
-546.618645
-372.030008
84.094231
232.174646
-74.955103
-423.218300
-446.984292
-48.446880
433.271505
456.123421
51.187473
-250.457816
-109.690015
233.088722
230.346493
-31.993501
-101.463325
11.882177
174.587818
211.150883
-83.181792
-389.397464
-322.669870
7.311794
242.229489
139.852906
-102.377402
-164.534613
-28.337194
208.408653
286.105167
104.203917
17.366637
159.962592
398.536593
521.936938
300.730393
116.086913
332.723075
625.227598
690.127039
16.452561
-1226.691660
-1203.839744
308.043006
955.209262
74.039388
-726.691742
-679.159757
-316.271334
5.483641
212.979037
-147.167157
-677.331604
-133.456007
924.130657
934.185500
70.383082
-679.159757
-650.823381
174.587818
738.573100
425.958892
-234.004437
-643.510768
-411.335304
137.110676
181.900431
-265.997119
-555.759412
-288.849035
224.862033
245.885795
-200.183601
-502.742967
-393.967848
90.492768
474.404954
287.019244
-118.830781
-249.543740
-39.306114
234.002799
178.244125
-83.181792
-149.909387
53.015626
300.730393
213.893113
-172.761302
-384.827081
-242.231127
98.719457
272.394018
70.383082
-149.909387
-106.947785
76.781618
234.002799
209.322730
80.437925
96.891304
277.878477
454.295268
395.794363
212.979037
220.291650
399.450670
630.712058
324.496386
-846.435781
-1220.293124
35.648170
834.551147
202.924194
-516.454116
-654.479688
-422.304223
1.827334
248.628025
-71.298796
-564.900178
-255.942276
609.688295
781.534702
190.127121
-445.156139
-587.752094
39.304476
639.852824
415.904049
-163.620536
-534.735649
-419.561993
53.929702
157.220362
-187.386529
-406.764920
-273.309732
74.953465
165.447052
-178.245762
-450.640599
-316.271334
93.234998
374.770601
214.807190
-82.267716
-147.167157
-32.907578
113.344684
93.234998
-63.986183
-77.697333
70.383082
206.580500
98.719457
-183.730222
-239.488897
-58.501723
91.406844
132.540293
12.796254
-122.487088
-47.532804
117.000990
176.415971
116.086913
82.266078
201.096040
354.660915
401.278823
291.589627
138.938829
185.556738
450.638961
685.556656
265.081405
-883.912923
-1107.861698
205.666424
895.794281
71.297158
-660.878224
-597.806937
-280.622345
72.211235
239.487259
-150.823463
-578.611327
-116.088551
691.041115
680.072196
17.366637
-555.759412
-539.306032
171.845588
665.446970
296.160010
-287.934958
-474.406591
-234.918513
110.602454
81.352001
-279.708268
-424.132376
-130.713777
179.158201
53.929702
-300.732031
-427.788683
-234.918513
129.798063
303.472623
102.375764
-122.487088
-86.838099
98.719457
152.649979
-35.649808
-164.534613
-32.907578
171.845588
227.604263
26.507403
-239.488897
-218.465134
35.648170
173.673741
46.617089
-107.861862
-57.587647
85.922385
163.618898
93.234998
-52.103187
38.390400
330.894922
451.553038
346.434225
199.267887
180.986354
343.691995
591.406763
540.218471
-350.092169
-1209.324204
-480.805128
808.042924
635.282441
-377.514468
-745.887351
-471.664361
-32.907578
267.823635
53.929702
-516.454116
-463.437672
393.052133
824.496304
323.582309
-373.858162
-647.167075
-173.675379
574.039307
551.187391
-93.236635
-491.774047
-370.201855
59.414162
233.088722
-130.713777
-500.000737
-345.521786
119.743220
230.346493
-138.940467
-438.757603
-355.576629
22.851097
347.348302
213.893113
-135.284161
-202.925831
-22.852735
160.876669
111.516530
-157.222000
-196.527295
99.633534
317.183773
176.415971
-161.792383
-287.934958
-84.095869
163.618898
180.072278
-21.024581
-139.854544
-23.766811
141.681059
191.955274
80.437925
-39.306114
100.547611
376.598754
446.982655
286.105167
148.993672
193.783427
358.317221
542.960701
262.339175
-694.699060
-963.437590
142.595136
840.949683
160.876669
-589.580247
-596.892860
-269.653426
96.891304
245.885795
-154.479770
-561.243871
-106.947785
613.344602
523.765092
-93.236635
-500.914814
-374.772238
241.315412
579.523766
174.587818
-346.435863
-431.444990
-113.346321
188.298967
25.593327
-338.209173
-359.232936
-59.415800
150.821826
9.139947
-322.669870
-446.984292
-170.933149
244.971719
283.362937
-43.876497
-191.042835
-44.790574
133.454370
150.821826
-76.783256
-252.285969
-48.446880
258.682868
256.854715
-27.423118
-247.715586
-161.792383
100.547611
212.064960
47.531166
-141.682697
-70.384720
139.852906
212.979037
82.266078
-66.728413
42.960783
353.746838
467.092340
286.105167
142.595136
204.752347
345.520148
481.717567
287.933320
-518.282270
-937.843444
-58.501723
795.245852
338.207535
-451.554675
-559.415718
-302.560184
-1.828972
222.119803
-26.509041
-467.093978
-172.761302
518.280632
492.686486
-86.838099
-443.327986
-359.232936
92.320921
450.638961
258.682868
-191.956912
-395.796001
-197.441372
93.234998
26.507403
-257.770429
-302.560184
-60.329877
119.743220
-12.797892
-286.106805
-387.569311
-195.613218
136.196599
224.862033
-12.797892
-166.362766
-74.041026
84.094231
120.657297
-31.079424
-150.823463
-36.563884
164.532975
208.408653
27.421480
-169.104996
-143.510850
29.249633
141.681059
82.266078
-61.243953
-59.415800
86.836461
159.048515
77.695695
-15.540122
75.867542
300.730393
404.021053
291.589627
136.196599
143.509212
293.417780
456.123421
329.980846
-358.318859
-804.388256
-113.346321
663.618817
312.613390
-390.311541
-509.141503
-268.739349
13.710331
190.127121
-42.048344
-413.163457
-166.362766
420.474432
437.841888
-25.594965
-377.514468
-347.349939
96.891304
426.872969
184.642661
-213.894751
-340.951403
-175.503532
85.922385
36.562246
-264.168966
-306.216491
-26.509041
130.712140
-46.618727
-286.106805
-331.810637
-141.682697
147.165519
179.158201
-61.243953
-160.878306
-55.759493
54.843779
57.586009
-72.212873
-120.658934
48.445243
194.697504
147.165519
-42.048344
-172.761302
-74.955103
100.547611
129.798063
35.648170
-37.477961
8.225871
114.258760
139.852906
29.249633
-44.790574
123.399527
362.887604
382.083214
243.143565
136.196599
148.079596
295.245934
397.622516
138.024753
-459.781365
-572.212791
169.103358
594.148992
57.586009
-447.898369
-382.084851
-146.253080
82.266078
134.368446
-196.527295
-393.967848
52.101549
488.116103
229.432416
-224.863671
-334.552866
-180.073916
180.072278
382.083214
42.960783
-358.318859
-287.934958
2.741411
75.867542
-122.487088
-302.560184
-202.925831
54.843779
122.485450
-114.260398
-360.147012
-300.732031
-10.969738
172.759665
47.531166
-148.995310
-117.916704
17.366637
46.617089
-17.368275
-108.775938
-73.126949
110.602454
188.298967
60.328239
-105.119632
-122.487088
23.765174
138.938829
93.234998
-8.227509
-3.657125
89.578691
132.540293
86.836461
15.538484
21.022944
186.470814
360.145374
315.355619
174.587818
138.024753
191.041197
320.840079
346.434225
-63.072107
-534.735649
-271.481579
383.911367
390.309903
-137.112314
-382.998928
-260.512659
-64.900260
111.516530
47.531166
-256.856353
-229.434054
218.463496
371.114294
44.788936
-255.942276
-276.966039
-46.618727
226.690186
183.728584
-124.315241
-283.364575
-155.393846
21.937020
14.624407
-159.050153
-268.739349
-143.510850
57.586009
19.194790
-208.410291
-294.333495
-159.964230
32.905940
96.891304
-22.852735
-127.057471
-60.329877
47.531166
39.304476
-60.329877
-100.549248
-7.313432
85.008308
61.242316
-21.938658
-74.955103
-38.392037
68.554929
117.915067
43.874860
0.913258
82.266078
127.969910
56.671932
6.397718
44.788936
140.766983
244.057642
256.854715
176.415971
156.306285
251.370255
317.183773
287.019244
92.320921
-296.161648
-372.030008
127.055833
398.536593
34.734093
-287.934958
-248.629663
-117.002628
26.507403
84.094231
-130.713777
-265.083042
68.554929
362.887604
152.649979
-167.276843
-265.997119
-170.933149
111.516530
263.253251
32.905940
-210.238444
-191.956912
-65.814336
-20.110505
-109.690015
-202.011755
-149.909387
-0.914895
45.703013
-105.119632
-269.653426
-224.863671
-33.821654
73.125312
-7.313432
-110.604091
-71.298796
23.765174
41.132630
-53.931340
-149.909387
-54.845417
127.969910
133.454370
2.741411
-90.494406
-92.322559
13.710331
131.626216
102.375764
-7.313432
13.710331
115.172837
92.320921
17.366637
19.194790
70.383082
180.072278
264.167328
212.979037
142.595136
160.876669
225.776109
273.308094
214.807190
-51.189110
-300.732031
-100.549248
285.191091
204.752347
-127.971547
-219.379211
-158.136076
-42.962421
61.242316
-49.360957
-221.207364
-91.408482
202.924194
219.377573
-15.540122
-181.902069
-193.785065
-19.196428
177.330048
68.554929
-138.940467
-127.057471
-51.189110
-26.509041
-49.360957
-158.136076
-187.386529
-68.556566
-10.055662
-68.556566
-148.081233
-176.417609
-108.775938
-19.196428
-17.368275
-77.697333
-63.986183
-0.000819
-16.454198
-63.072107
-69.470643
-31.993501
45.703013
64.898622
-15.540122
-47.532804
6.397718
36.562246
47.531166
21.937020
-11.883815
46.617089
139.852906
127.969910
24.679250
-20.110505
57.586009
177.330048
236.745029
188.298967
114.258760
138.938829
222.119803
245.885795
199.267887
61.242316
-149.909387
-164.534613
117.000990
244.057642
2.741411
-182.816145
-131.627854
-58.501723
21.022944
42.960783
-127.971547
-185.558375
83.180155
235.830952
49.359319
-142.596774
-197.441372
-138.026390
75.867542
171.845588
-36.563884
-189.214682
-88.666252
-2.743049
-25.594965
-84.095869
-169.104996
-143.510850
-0.000819
9.139947
-133.456007
-196.527295
-143.510850
-63.986183
-10.055662
-28.337194
-70.384720
-59.415800
-27.423118
-31.079424
-74.041026
-85.009946
-24.680888
34.734093
26.507403
-13.711968
-4.571202
23.765174
21.022944
28.335557
40.218553
35.648170
84.094231
121.571373
53.015626
-4.571202
48.445243
158.134439
224.862033
178.244125
119.743220
156.306285
204.752347
194.697504
156.306285
85.922385
-31.993501
-88.666252
11.882177
125.227680
57.586009
-63.986183
-64.900260
-23.766811
-14.626045
-38.392037
-89.580329
-91.408482
9.139947
109.688377
72.211235
-55.759493
-122.487088
-100.549248
-36.563884
18.280714
1.827334
-64.900260
-86.838099
-52.103187
-43.876497
-91.408482
-133.456007
-119.744858
-57.587647
-15.540122
-43.876497
-115.174475
-134.370084
-75.869179
-31.993501
-44.790574
-70.384720
-69.470643
-50.275034
-40.220191
-51.189110
-65.814336
-42.048344
11.882177
49.359319
41.132630
7.311794
-8.227509
2.741411
19.194790
16.452561
14.624407
50.273396
87.750538
82.266078
60.328239
46.617089
68.554929
132.540293
182.814508
161.790745
120.657297
127.055833
126.141756
94.149074
90.492768
82.266078
19.194790
-10.969738
53.929702
94.149074
26.507403
-53.931340
-60.329877
-31.993501
-14.626045
-3.657125
-5.485279
-21.938658
-15.540122
33.820017
38.390400
-56.673570
-95.978865
-31.079424
-4.571202
-5.485279
-12.797892
-67.642490
-102.377402
-75.869179
-48.446880
-54.845417
-67.642490
-54.845417
-39.306114
-61.243953
-84.095869
-78.611409
-75.869179
-70.384720
-64.900260
-60.329877
-38.392037
-28.337194
-30.165348
-38.392037
-56.673570
-41.134267
-2.743049
2.741411
-5.485279
-10.055662
-7.313432
9.139947
21.937020
31.077787
31.991863
40.218553
66.726775
64.898622
28.335557
18.280714
38.390400
65.812699
85.922385
87.750538
86.836461
94.149074
90.492768
74.953465
53.015626
44.788936
45.703013
32.905940
27.421480
30.163710
22.851097
6.397718
11.882177
34.734093
26.507403
-2.743049
-6.399355
10.968101
21.937020
21.937020
7.311794
-17.368275
-28.337194
-22.852735
-21.024581
-21.024581
-23.766811
-31.993501
-31.079424
-19.196428
-25.594965
-47.532804
-56.673570
-57.587647
-50.275034
-46.618727
-63.986183
-62.158030
-44.790574
-41.134267
-36.563884
-42.962421
-61.243953
-58.501723
-33.821654
-18.282352
-26.509041
-37.477961
-39.306114
-36.563884
-23.766811
-14.626045
-19.196428
-8.227509
15.538484
13.710331
-0.914895
-10.969738
-7.313432
10.968101
25.593327
31.991863
33.820017
29.249633
39.304476
57.586009
62.156392
52.101549
44.788936
46.617089
49.359319
59.414162
66.726775
50.273396
30.163710
31.991863
37.476323
38.390400
42.046706
41.132630
38.390400
34.734093
29.249633
21.022944
18.280714
30.163710
33.820017
20.108867
17.366637
17.366637
0.913258
-18.282352
-17.368275
-9.141585
-20.110505
-11.883815
1.827334
-40.220191
-69.470643
-44.790574
-32.907578
-42.962421
-47.532804
-52.103187
-33.821654
-12.797892
-34.735731
-69.470643
-85.924022
-76.783256
-46.618727
-32.907578
-39.306114
-46.618727
-46.618727
-42.048344
-43.876497
-35.649808
-22.852735
-26.509041
-15.540122
-9.141585
-14.626045
-13.711968
-18.282352
-16.454198
5.483641
21.022944
20.108867
12.796254
22.851097
42.046706
38.390400
34.734093
56.671932
66.726775
72.211235
74.039388
49.359319
29.249633
40.218553
53.929702
54.843779
53.015626
55.757856
61.242316
61.242316
63.070469
50.273396
18.280714
11.882177
33.820017
42.960783
35.648170
20.108867
-1.828972
-6.399355
10.968101
21.022944
12.796254
-5.485279
-19.196428
-27.423118
-23.766811
-25.594965
-47.532804
-69.470643
-67.642490
-43.876497
-31.993501
-35.649808
-47.532804
-70.384720
-76.783256
-49.360957
-31.993501
-47.532804
-63.986183
-62.158030
-64.900260
-66.728413
-58.501723
-62.158030
-62.158030
-31.993501
-5.485279
-13.711968
-31.079424
-29.251271
-21.938658
-17.368275
0.913258
14.624407
13.710331
17.366637
24.679250
25.593327
22.851097
35.648170
