-80.820672
-68.386728
-58.284148
-75.380821
-97.140224
-90.146131
-66.832485
-60.615512
-86.260523
-111.128412
-110.351291
-101.025832
-108.019926
-116.568263
-104.911440
-87.037644
-94.031738
-121.230992
-127.447964
-102.580075
-82.374915
-94.808860
-112.682655
-99.471589
-57.507026
-34.970502
-56.729905
-83.152037
-76.935065
-38.856109
-4.662762
-2.331397
-12.433977
-1.554275
25.644978
41.964531
34.970437
31.861951
59.061204
101.802889
118.899563
105.688497
93.254552
107.242740
139.104723
154.647153
147.653060
139.881844
155.424275
184.177772
188.063380
149.207303
91.700309
76.935000
125.893657
179.515043
164.749733
85.483337
21.759371
21.759371
48.181503
46.627260
26.422100
22.536492
30.307708
23.313614
-17.096706
-63.723998
-72.272335
-41.187474
-9.325491
-11.656855
-45.073082
-72.272335
-75.380821
-68.386728
-69.940971
-77.712186
-75.380821
-63.723998
-63.723998
-84.706280
-105.688561
-101.025832
-92.477495
-101.802954
-120.453871
-115.791141
-95.585981
-97.917346
-126.670843
-139.104787
-107.242804
-69.163849
-80.043551
-127.447964
-141.436152
-99.471589
-47.404446
-36.524745
-67.609606
-89.369009
-66.055363
-31.862015
-21.759435
-28.753529
-19.428071
17.873763
47.404381
41.187409
24.090735
34.193315
71.495149
104.911375
110.351226
109.574104
126.670778
152.315789
156.201397
135.219115
127.447900
156.978518
199.720203
221.479606
201.274446
146.098817
87.037580
71.495149
121.230927
188.063380
182.623529
99.471524
19.428006
3.885575
27.976343
38.856044
29.530586
16.319520
15.542398
13.211034
-24.090800
-71.495214
-84.706280
-52.844297
-15.542463
-17.873828
-53.621418
-86.260523
-83.152037
-55.952783
-51.290054
-76.935065
-101.802954
-90.146131
-62.946877
-69.163849
-97.140224
-101.025832
-83.929158
-86.260523
-121.230992
-149.984489
-135.219180
-87.037644
-68.386728
-104.911440
-142.213274
-129.002207
-94.031738
-97.917346
-124.339478
-114.236898
-64.501120
-24.867922
-45.850203
-89.369009
-96.363103
-59.061269
-10.102612
3.108454
-10.102612
-2.331397
27.976343
46.627260
38.078923
32.639072
60.615447
108.796983
139.104723
132.887750
115.013955
122.008049
153.092910
169.412463
161.641247
152.315789
173.298070
218.371119
235.467793
186.509136
92.477430
47.404381
110.351226
207.491418
212.154147
104.911375
7.771183
-0.000032
37.301801
45.850138
17.873763
-6.217005
12.433912
33.416194
-2.331397
-74.603700
-110.351291
-66.832485
-10.102612
-14.765342
-60.615512
-88.591888
-77.712186
-53.621418
-55.952783
-87.814766
-111.128412
-87.814766
-52.067175
-63.723998
-97.917346
-112.682655
-93.254617
-78.489308
-107.242804
-145.321760
-146.098881
-105.688561
-80.820672
-118.899628
-162.418434
-137.550544
-70.718092
-59.838391
-127.447964
-170.966770
-127.447964
-48.181568
-13.211099
-42.741717
-77.712186
-70.718092
-38.856109
-31.862015
-39.633231
-16.319585
41.964531
90.146066
76.935000
31.861951
16.319520
58.284083
123.562292
153.870032
152.315789
148.430181
161.641247
174.075192
160.087004
138.327601
162.418369
239.353401
289.866301
240.130522
108.796983
10.879669
65.278177
209.045661
261.112804
157.755640
18.650885
-20.205192
24.090735
45.850138
14.765277
-6.217005
15.542398
47.404381
25.644978
-59.838391
-122.008114
-99.471589
-25.645043
8.548305
-35.747623
-94.808860
-96.363103
-58.284148
-40.410352
-74.603700
-123.562357
-118.899628
-75.380821
-53.621418
-78.489308
-108.019926
-102.580075
-88.591888
-102.580075
-135.219180
-153.870097
-142.990395
-111.128412
-91.700374
-97.917346
-111.905534
-115.791141
-119.676749
-135.219180
-138.327666
-109.574169
-57.507026
-25.645043
-34.970502
-66.055363
-83.152037
-71.495214
-46.627325
-24.867922
2.331332
40.410288
63.723934
55.175597
29.530586
29.530586
66.832420
110.351226
140.658966
154.647153
156.978518
160.087004
165.526855
163.195490
157.755640
174.852313
229.250821
275.878113
240.907644
116.568198
13.211034
54.398475
194.280352
258.781439
164.749733
21.759371
-24.867922
11.656791
31.084829
18.650885
7.771183
20.205128
46.627260
33.416194
-36.524745
-110.351291
-111.128412
-45.073082
5.439818
-24.090800
-86.260523
-97.140224
-62.169755
-41.964595
-72.272335
-119.676749
-122.785235
-79.266429
-52.844297
-72.272335
-98.694468
-97.140224
-84.706280
-103.357197
-136.773423
-163.195555
-172.521014
-149.984489
-104.911440
-70.718092
-79.266429
-120.453871
-157.755704
-171.743892
-155.424340
-106.465683
-46.627325
-11.656855
-24.090800
-59.061269
-81.597794
-80.043551
-62.169755
-33.416258
12.433912
63.723934
88.591823
67.609541
34.970437
33.416194
62.946812
107.242740
155.424275
190.394744
198.165959
177.960800
160.087004
156.201397
165.526855
199.720203
260.335682
299.968881
235.467793
80.043486
-6.217005
81.597729
236.244915
264.221290
138.327601
9.325426
-17.873828
9.325426
15.542398
-0.777154
0.777089
27.976343
55.952718
28.753464
-56.729905
-132.110694
-125.116600
-52.067175
-7.771248
-37.301866
-90.146131
-93.254617
-53.621418
-36.524745
-83.152037
-141.436152
-136.773423
-81.597794
-47.404446
-64.501120
-94.808860
-98.694468
-85.483401
-96.363103
-139.104787
-187.286323
-195.834660
-132.887815
-52.844297
-45.850203
-117.345384
-180.292229
-175.629500
-135.219180
-107.242804
-97.917346
-78.489308
-41.964595
-24.090800
-41.187474
-73.826578
-87.814766
-63.723998
-17.096706
26.422100
48.181503
52.844232
62.946812
72.272271
69.940906
64.501055
82.374851
138.327601
197.388838
209.822783
181.069286
160.864126
172.520949
201.274446
232.359307
265.775533
267.329776
181.069286
53.621354
33.416194
156.978518
271.992505
237.799158
94.031674
-17.873828
-29.530651
6.216940
30.307708
27.199221
18.650885
30.307708
48.181503
13.211034
-74.603700
-139.104787
-113.459777
-31.862015
2.331332
-43.518838
-99.471589
-98.694468
-55.175661
-38.856109
-84.706280
-133.664937
-128.225086
-88.591888
-61.392634
-66.832485
-83.152037
-91.700374
-89.369009
-108.797048
-161.641312
-220.702549
-219.148306
-129.779329
-45.850203
-52.844297
-125.893721
-184.954958
-187.286323
-161.641312
-135.996301
-99.471589
-47.404446
-13.211099
-10.102612
-45.073082
-92.477495
-110.351291
-78.489308
-8.548369
52.844232
79.266364
86.260458
81.597729
60.615447
34.193315
40.410288
111.905469
209.045661
253.341589
222.256727
167.858220
149.984424
180.292164
233.913550
288.312058
297.637516
202.051567
50.512868
6.994061
119.676684
252.564467
261.889926
145.321695
18.650885
-36.524745
-34.970502
-8.548369
13.211034
23.313614
39.633166
65.278177
55.175597
-31.084894
-132.887815
-149.984489
-72.272335
0.777089
-13.988220
-73.826578
-94.808860
-65.278241
-35.747623
-60.615512
-119.676749
-142.990395
-111.128412
-73.049457
-63.723998
-76.157943
-91.700374
-100.248711
-112.682655
-147.653124
-188.840566
-188.840566
-136.773423
-94.808860
-114.236898
-156.201461
-161.641312
-120.453871
-101.025832
-125.116600
-144.544638
-117.345384
-61.392634
-21.759435
-13.211099
-35.747623
-64.501120
-64.501120
-34.970502
-5.439883
20.982249
65.278177
118.122441
132.887750
88.591823
44.295895
73.826514
163.195490
227.696578
228.473699
204.382932
199.720203
217.593998
254.118710
290.643422
281.317964
177.960800
37.301801
6.216940
132.110629
281.317964
292.974787
162.418369
15.542398
-57.507026
-55.952783
-15.542463
17.096641
27.199221
36.524680
58.284083
65.278177
6.994061
-101.802954
-160.087069
-109.574169
-27.976408
-17.873828
-69.940971
-90.146131
-56.729905
-18.650949
-27.976408
-97.917346
-168.635406
-167.858284
-104.911440
-59.061269
-62.946877
-80.820672
-86.260523
-93.254617
-134.442058
-205.937240
-250.233167
-206.714361
-105.688561
-45.850203
-76.157943
-153.092975
-193.503295
-178.737986
-142.990395
-111.128412
-85.483401
-51.290054
-16.319585
-9.325491
-51.290054
-112.682655
-120.453871
-53.621418
31.861951
77.712121
86.260458
99.471524
105.688497
73.826514
36.524680
64.501055
165.526855
250.233102
260.335682
221.479606
188.840501
216.816876
278.209478
320.174041
283.649329
134.441993
-20.205192
-3.885640
180.292164
331.830864
303.854488
146.875938
-13.988220
-81.597794
-53.621418
-12.433977
-13.211099
-7.771248
45.073017
93.254552
77.712121
-1.554275
-115.014020
-174.075257
-112.682655
-28.753529
-42.741717
-92.477495
-78.489308
-29.530651
-11.656855
-36.524745
-102.580075
-174.852378
-174.075257
-99.471589
-47.404446
-69.940971
-101.802954
-104.134318
-108.797048
-136.773423
-172.521014
-181.846472
-151.538732
-136.773423
-160.087069
-174.852378
-146.098881
-87.814766
-56.729905
-90.146131
-144.544638
-155.424340
-109.574169
-52.067175
-26.422165
-34.970502
-59.061269
-57.507026
-10.102612
21.759371
9.325426
25.644978
95.585917
137.550480
112.682590
80.043486
99.471524
170.189584
250.233102
267.329776
213.708390
184.954893
232.359307
309.294339
347.373295
267.329776
64.501055
-69.940971
37.301801
258.781439
348.927538
262.667047
95.585917
-53.621418
-87.037644
-15.542463
20.982249
-17.873828
-7.771248
69.163784
107.242740
76.935000
-6.994126
-136.773423
-190.394809
-87.814766
-0.777154
-58.284148
-125.116600
-90.923252
-30.307772
-7.771248
-24.090800
-95.585981
-179.515107
-165.526920
-73.049457
-47.404446
-97.140224
-125.116600
-129.779329
-160.087069
-194.280417
-184.177837
-128.225086
-76.157943
-91.700374
-188.840566
-275.101056
-230.805129
-87.037644
-9.325491
-49.735811
-116.568263
-129.779329
-97.917346
-59.061269
-40.410352
-69.163849
-97.917346
-37.301866
65.278177
87.037580
40.410288
28.753464
70.718027
127.447900
162.418369
159.309883
145.321695
169.412463
216.816876
220.702484
206.714296
252.564467
345.041930
381.566642
279.763721
46.627260
-135.996301
-51.290054
227.696578
418.091354
372.241184
160.864126
-53.621418
-113.459777
-32.639137
6.216940
-59.838391
-83.152037
14.765277
128.225021
167.858220
101.025767
-74.603700
-206.714361
-134.442058
-19.428071
-88.591888
-197.388903
-139.881909
-15.542463
45.073017
49.735746
-26.422165
-173.298135
-219.925427
-129.779329
-91.700374
-145.321760
-161.641312
-136.773423
-122.785235
-87.037644
-68.386728
-148.430246
-234.690736
-208.268604
-163.195555
-192.726174
-195.057538
-122.008114
-63.723998
-42.741717
-41.964595
-94.808860
-160.864190
-139.881909
-73.826578
-59.838391
-62.946877
-13.211099
51.289989
82.374851
80.820607
55.952718
35.747558
69.940906
147.653060
198.165959
202.051567
204.382932
220.702484
238.576279
261.889926
291.420544
314.734190
315.511312
213.708390
5.439818
-100.248711
40.410288
284.426450
419.645597
374.572548
158.532761
-101.025832
-168.635406
-38.078988
24.867857
-53.621418
-75.380821
23.313614
115.791077
151.538667
104.134254
-86.260523
-246.347560
-155.424340
-6.217005
-59.061269
-166.304041
-125.116600
-41.964595
0.777089
48.958624
-1.554275
-188.063444
-253.341653
-114.236898
-55.952783
-155.424340
-188.840566
-153.870097
-178.737986
-140.659031
-0.000032
-6.217005
-158.532826
-237.799223
-317.842741
-446.067794
-307.740161
101.802889
240.907644
-85.483401
-401.771867
-366.024276
-150.761611
1.554211
-4.662762
-122.785235
-90.923252
185.732015
336.493593
122.785170
-87.814766
27.976343
243.239009
311.625704
317.842676
325.613892
302.300245
335.716472
453.061824
561.858839
630.245534
582.063999
269.661141
-174.075257
-390.892165
-331.830929
-202.828753
12.433912
309.294339
357.475875
122.785170
-1.554275
-55.952783
-367.578519
-583.618306
-240.130587
192.726109
119.676684
-87.037644
160.087004
564.967325
529.219734
142.213209
-193.503295
-386.229436
-354.367453
-63.723998
73.826514
-149.984489
-256.450140
51.289989
277.432356
23.313614
-390.115044
-601.492102
-644.233786
-585.949671
-418.868541
-306.963039
-283.649393
-88.591888
213.708390
247.901738
-38.856109
-312.402890
-350.481845
-215.262698
25.644978
180.292164
46.627260
-143.767517
-82.374915
26.422100
-102.580075
-292.974852
-258.004383
-41.187474
169.412463
291.420544
326.391013
266.552655
237.799158
379.235278
562.635960
627.137048
622.474319
658.999031
748.368008
857.942144
1063.879351
1350.637199
1119.832102
-151.538732
-1675.474066
-2118.433342
-1527.043852
-1073.204875
-990.829992
-345.819116
963.630673
1754.740398
1377.059331
291.420544
-758.470652
-1011.812273
-240.907709
634.131142
679.204191
310.071461
431.302421
869.598967
710.289052
-214.485577
-1235.623276
-1795.927904
-1593.099183
-746.813829
-40.410352
81.597729
137.550480
520.671397
741.373914
292.974787
-548.647837
-1171.899310
-1255.828436
-693.192443
316.288433
1003.263872
829.188647
291.420544
75.380757
17.873763
-343.487752
-885.141463
-1081.753212
-665.216068
80.820607
557.973231
372.241184
-244.016195
-538.545257
-210.599969
200.497324
213.708390
36.524680
120.453806
512.900182
845.508200
813.646217
456.170310
124.339414
216.039755
640.348114
861.050630
672.210097
425.085448
503.574723
892.135492
1396.487369
1514.609843
244.016130
-2058.594983
-3155.113472
-2238.110058
-1132.266111
-1070.873510
-762.356260
1048.336921
2824.059632
2650.761530
1147.031356
-387.006558
-1306.341336
-961.299373
138.327601
506.683210
152.315789
171.743827
622.474319
593.720822
-348.927602
-1521.604001
-2152.626689
-2028.287243
-917.780567
466.272890
662.107517
288.312058
801.212272
1494.404683
1077.867539
-446.067794
-1965.340399
-1942.803874
-407.211718
902.238072
1078.644661
548.647773
142.990330
133.664872
-298.414703
-1148.585664
-1319.552402
-756.139288
27.976343
625.582805
532.328220
87.037580
-176.406621
-324.059713
-181.069350
109.574104
95.585917
156.978518
550.202016
798.103786
690.083892
374.572548
144.544573
215.262633
403.326045
558.750353
610.817496
497.357751
560.304596
917.003381
1173.453488
1452.440120
1312.558243
-530.774042
-2988.809463
-3539.788632
-2345.352830
-1246.502977
-697.078051
340.379201
2245.104087
3340.845454
2484.457521
736.711184
-910.786473
-1685.576646
-963.630738
22.536492
167.858220
248.678859
478.706834
362.138604
34.193315
-642.679543
-1718.215750
-2316.599334
-1765.620164
-345.819116
876.593061
1230.960482
1401.927220
1509.169992
759.247709
-274.323935
-1066.210781
-1945.912360
-1868.200207
-363.692912
892.135492
1068.542081
690.861014
342.710565
173.298070
-414.982933
-1175.784918
-1111.283830
-481.038264
173.298070
628.691291
418.868476
-106.465683
-264.221355
-244.016195
-218.371184
-105.688561
79.266364
454.616067
823.748797
853.279415
746.036643
628.691291
353.590267
131.333507
251.787346
456.947431
401.771802
333.385107
653.559180
1144.699991
1605.533063
1983.991251
880.478669
-2172.054728
-4074.448250
-3135.685433
-1872.085814
-1563.568564
-471.712805
1997.202317
3757.382598
3182.312661
1594.653361
266.552655
-1347.528777
-2182.934429
-986.167263
221.479606
95.585917
87.037580
621.697197
708.734809
-88.591888
-1418.246837
-2250.544003
-1999.533747
-1092.632913
85.483337
1035.902976
1442.337540
1738.420845
1545.694704
355.921631
-908.455109
-1872.862936
-2408.299675
-1477.308074
151.538667
833.074255
948.088242
1091.078605
986.944319
247.901738
-1110.506708
-1736.089546
-987.721506
-202.828753
179.515043
474.044105
341.156322
20.205128
-112.682655
-235.467858
-267.329841
-159.309947
116.568198
706.403445
1085.638754
861.050630
540.099436
439.073636
359.030118
212.931269
139.881844
253.341589
418.868476
620.920076
1056.108136
1505.284384
1835.561037
1771.837071
-57.507026
-3139.571041
-4280.385457
-3040.876606
-1888.405367
-1160.242487
496.580630
2865.247074
4010.724219
2998.134857
1293.907326
-244.793316
-1841.778075
-2168.169120
-831.520077
41.964531
-11.656855
283.649329
752.253615
580.509756
-343.487752
-1562.014321
-2187.597158
-1817.687307
-753.030802
527.665491
1355.299928
1635.840803
1719.769929
1186.664554
-16.319585
-1164.905216
-2169.723363
-2426.173470
-1107.398222
503.574723
1122.940588
1183.556068
973.733253
488.032293
-263.444233
-1137.705962
-1316.443916
-781.007177
-267.329841
273.546749
600.714916
252.564467
-193.503295
-311.625769
-247.901803
-12.433977
220.702484
365.247090
585.172485
753.807858
725.831483
616.257346
440.627879
184.954893
67.609541
278.209478
526.111248
484.923807
491.140779
921.666110
1535.592124
2074.137349
1723.655536
-745.259586
-3741.840232
-4154.491768
-2709.822831
-1889.182488
-1117.500802
984.612955
3396.798205
4072.116820
2832.607969
1179.670460
-476.375534
-2020.516028
-2053.155133
-847.839629
-409.543082
-488.032357
241.684766
1038.234341
776.344383
-299.191824
-1447.000334
-1963.786156
-1554.243106
-589.058157
404.880288
1077.090418
1513.055600
1772.614193
1250.388520
-7.771248
-1265.153894
-2329.033278
-2414.516647
-967.516346
423.531205
799.658029
1077.090418
1394.156005
1066.987838
-97.140224
-1349.860142
-1493.627626
-819.863254
-361.361547
6.216940
334.162228
255.672953
90.923187
75.380757
10.102548
-68.386728
-19.428071
263.444169
696.300865
861.827752
651.227815
428.971056
337.270715
166.303976
-20.982314
138.327601
490.363657
628.691291
840.845470
1313.335365
1703.450376
2063.257648
1487.410589
-1405.812892
-4338.669572
-4201.119060
-2614.236882
-1872.862936
-828.411591
1539.477732
3805.564133
4114.858505
2692.726093
1134.597411
-545.539351
-2269.194920
-2212.465048
-891.358435
-602.269223
-592.166643
429.748177
1186.664554
745.259521
-368.355641
-1462.542765
-1840.223831
-1377.836517
-535.436771
404.880288
1123.717710
1555.797284
1780.385408
1219.303659
-125.116600
-1464.097008
-2441.715901
-2300.279781
-859.496452
339.602079
829.188647
1285.358989
1382.499182
857.165023
-98.694468
-1145.477178
-1404.258649
-914.672081
-475.598413
-55.952783
250.233102
165.526855
127.447900
204.382932
116.568198
61.392569
128.225021
299.191759
596.829308
682.312677
471.712740
359.807239
355.144510
202.828689
48.958624
204.382932
545.539286
698.632229
792.663935
1155.579693
1673.919758
2203.916646
1683.245216
-1230.183425
-4274.168485
-4298.259252
-2858.253045
-2126.981679
-922.443297
1476.530887
3729.406223
4314.578740
3075.847010
1399.595855
-316.288498
-2188.374280
-2544.295944
-1360.739843
-868.821910
-690.083957
407.988774
1207.646836
896.798221
-20.982314
-1148.585664
-1702.673319
-1400.373042
-798.880972
59.838326
962.076430
1512.278478
1873.639993
1491.296197
100.248646
-1241.840248
-2250.544003
-2656.201445
-1558.128714
54.398475
888.249884
1473.422401
1851.103468
1343.643105
103.357132
-1187.441741
-1698.010590
-1373.950909
-916.226324
-345.819116
383.898007
697.077986
543.985043
317.842676
83.151972
-70.718092
-41.964595
142.990330
465.495768
652.782059
563.413082
481.815320
355.144510
11.656791
-149.984489
128.225021
589.058092
887.472763
936.431419
1131.488925
1640.503532
2207.802254
2040.721123
-425.085513
-4061.237184
-5000.000000
-3361.050679
-2219.459141
-1265.931016
903.792315
3380.478653
4587.348399
3835.094752
2031.395665
101.802889
-2007.304962
-2938.296563
-1853.434898
-985.390141
-946.534064
10.879669
1196.767134
1168.013637
367.578455
-721.168819
-1572.116901
-1537.146432
-1001.709693
-241.684830
725.831483
1412.806921
1833.229673
1767.174342
585.172485
-944.202700
-2064.811956
-2751.010273
-2168.169120
-528.442677
598.383551
1223.189267
1781.939651
1658.377327
876.593061
-169.412527
-1232.514790
-1596.207669
-1252.719950
-833.074320
-276.655299
267.329776
385.452250
432.079542
526.111248
348.150416
147.653060
143.767452
222.256727
400.994681
554.087623
505.128967
404.880288
310.848582
125.116535
108.796983
457.724553
708.734809
726.608605
1034.348733
1540.254854
1993.316709
1933.478351
-215.262698
-3572.427737
-4581.131492
-3328.411574
-2308.050997
-1203.761293
770.127411
2957.724537
4342.555115
3845.974453
2114.547669
352.036024
-1693.347861
-2878.458205
-2025.955879
-1172.676431
-1028.908947
-30.307772
1084.084511
1144.699991
624.805683
-387.783679
-1395.710312
-1516.164151
-1147.808542
-522.225705
508.237453
1317.220972
1738.420845
1738.420845
726.608605
-764.687625
-1871.308693
-2557.507010
-2203.916711
-710.289117
544.762165
1259.713979
1937.363959
1890.736667
781.784234
-557.196174
-1485.079289
-1715.884386
-1372.396666
-906.123744
-255.673018
505.906088
798.880907
658.221909
470.158497
206.714296
-34.970502
-13.988220
192.726109
398.663316
479.483956
456.170310
400.994681
236.244915
41.964531
48.958624
348.150416
748.368008
880.478669
909.232166
1257.382614
1809.916027
2297.171230
1486.633467
-1782.716838
-4835.250234
-4576.468762
-2819.396968
-1802.921998
-580.509820
1585.327903
3880.167801
4803.388186
3586.415860
1467.205429
-669.878797
-2611.128396
-2855.144558
-1639.726475
-1177.339161
-931.768755
331.830864
1307.895514
1192.104405
428.193934
-751.476558
-1516.164151
-1377.836517
-905.346623
-139.104787
810.537730
1391.824640
1757.848884
1628.069587
362.915725
-1205.315536
-2265.309312
-2812.402874
-2136.307137
-405.657475
847.839564
1536.369246
2088.902658
1780.385408
696.300865
-400.217624
-1360.739843
-1791.265175
-1492.073383
-982.281655
-299.968946
480.261077
741.373914
621.697197
547.870651
331.830864
89.368944
118.899563
216.039755
296.083273
425.085448
398.663316
285.980693
274.323870
193.503230
221.479606
604.600523
826.080161
784.115598
1002.486750
1411.252678
2013.521869
2055.486432
-461.610225
-4053.465968
-4645.632579
-2890.892149
-1933.478416
-1357.631357
432.856664
3081.286861
4700.031022
3899.595839
2035.281272
367.578455
-1714.330143
-2908.765945
-1997.202382
-1220.080845
-1250.388585
-306.963039
1012.589330
1323.437945
781.007112
-318.619862
-1219.303724
-1291.576027
-1059.216687
-534.659650
414.205747
1105.066793
1546.471826
1717.438564
833.074255
-586.726793
-1682.468160
-2548.958673
-2424.619227
-937.985727
457.724553
1227.851996
1882.965451
1964.563213
1086.415876
-233.136493
-1327.323617
-1718.992872
-1542.586283
-1233.291911
-598.383616
392.446344
965.184916
823.748797
495.026387
285.203572
146.098817
77.712121
108.796983
216.816876
285.980693
249.455981
275.878113
376.126791
261.889926
19.428006
172.520949
721.945875
969.847646
868.044724
1070.873445
1610.195792
2214.019226
1883.742573
-876.593126
-4178.582536
-4564.034818
-3087.503898
-2178.271700
-1165.682338
812.091974
3228.162831
4701.585265
3978.862236
2097.450995
174.075192
-1997.979503
-2919.645646
-1941.249631
-1378.613639
-1299.347242
-160.087069
1011.035087
1248.834277
842.399713
-233.913615
-1191.327348
-1284.581933
-1014.920759
-410.320204
471.712740
1040.565705
1508.392871
1684.022338
774.790140
-595.275130
-1621.852680
-2451.041359
-2583.152021
-1398.041677
284.426450
1414.361165
1952.906390
1968.448820
1319.552337
268.884019
-851.725237
-1725.209844
-1950.575090
-1617.967072
-907.677987
189.617623
1011.035087
993.938413
676.872826
505.128967
327.945256
118.122441
-3.108519
24.090735
135.996237
230.805064
362.915725
497.357751
376.903913
109.574104
233.913550
735.156941
955.859458
831.520012
886.695641
1388.716154
2139.415558
1635.840803
-1288.467540
-4077.556736
-3984.302151
-2629.779313
-1955.237819
-1087.970184
865.713360
3247.590870
4367.423004
3503.263855
1915.604556
74.603635
-2000.310868
-2590.146114
-1710.444535
-1400.373042
-1216.195237
-104.911440
928.660204
1178.116217
667.547368
-383.120950
-1062.325173
-1126.826261
-951.196793
-345.819116
437.519393
974.510375
1471.868158
1520.826815
598.383551
-636.462571
-1598.539034
-2308.050997
-2351.569803
-1318.775280
287.534936
1546.471826
2033.727029
1862.760291
1185.110311
122.785170
-1011.035152
-1832.452616
-2056.263619
-1629.623895
-716.506089
407.988774
1161.796665
1101.958307
663.661760
414.982868
268.106898
64.501055
-94.031738
-113.459777
31.084829
278.986599
483.369563
484.923807
262.667047
117.345320
341.933444
753.030737
904.569436
831.520012
1001.709629
1472.645280
2051.600825
1780.385408
-786.447028
-3874.728015
-4189.462237
-2855.144558
-2261.423704
-1460.211400
575.847026
3078.955496
4515.076096
3828.877779
2142.524045
427.416813
-1643.612083
-2663.972660
-1962.231913
-1585.327967
-1474.976709
-291.420609
897.575343
1226.297753
864.936238
-196.611781
-1000.155450
-992.384235
-897.575407
-560.304660
212.154147
835.405620
1415.915408
1646.720504
747.590886
-537.768136
-1446.223212
-2263.755069
-2402.859824
-1307.118457
73.049392
1077.090418
1823.904214
2036.058394
1529.375152
498.134873
-806.652188
-1774.945622
-1997.979503
-1741.529396
-1055.331079
69.163784
904.569436
1037.457219
914.672016
735.156941
410.320139
94.031674
-105.688561
-162.418434
-62.946877
109.574104
308.517218
490.363657
487.255171
277.432356
289.866301
696.300865
922.443232
793.441057
797.326664
1123.717710
1880.634087
2085.017051
-268.106963
-3523.469080
-3971.868207
-2697.388887
-2315.045090
-1798.259268
90.146066
2634.441977
4215.884305
3727.074858
2374.883384
961.299309
-1220.080845
-2518.650933
-1849.549290
-1511.501421
-1642.057840
-599.937859
667.547368
1119.832102
853.279415
-94.031738
-794.218243
-829.188712
-878.147369
-629.468477
97.140160
691.638135
1290.798840
1604.755941
875.815940
-301.523189
-1248.834342
-1994.093896
-2157.289418
-1572.116901
-487.255236
897.575343
1872.862871
2018.184599
1552.688798
518.340033
-660.553339
-1491.296261
-1995.648139
-1907.056284
-1108.952465
-73.049457
859.496387
1240.285940
925.551718
589.835214
421.976962
144.544573
-83.929158
-175.629500
-160.864190
61.392569
344.264808
480.261077
410.320139
164.749733
138.327601
597.606429
990.829927
871.153210
778.675747
1146.254234
1771.837071
2189.928458
892.912613
-2368.666476
-4310.693197
-3430.991617
-2345.352830
-2013.521934
-885.141463
1497.513169
3864.625370
4315.355861
2935.965134
1446.223148
-293.751973
-2111.439248
-2262.200826
-1607.087370
-1636.617989
-1139.260205
199.720203
1041.342827
1021.137667
289.089179
-569.630119
-798.103851
-800.435215
-770.904597
-247.901803
438.296514
1058.439501
1596.984726
1306.341271
137.550480
-1021.914853
-1781.162595
-2121.541828
-1939.695388
-1028.131826
417.314233
1505.284384
1926.484257
1894.622274
1191.327283
16.319520
-1129.157625
-1990.208288
-2065.589077
-1412.029865
-598.383616
339.602079
1021.137667
1028.908882
861.827752
680.758434
271.992505
-87.037644
-233.136493
-212.931333
-8.548369
259.558561
441.405001
494.249265
407.988774
307.740096
502.797602
852.502293
790.332571
600.714916
888.249884
1451.662998
2043.052488
1465.651186
-1362.294086
-3787.690403
-3456.636628
-2483.680464
-2235.778694
-1353.745749
755.362101
3242.151019
4237.643708
3209.511915
1909.387583
406.434531
-1659.931635
-2315.822212
-1694.902104
-1668.479972
-1379.390760
-186.509201
739.042549
1032.017368
576.624148
-319.396984
-651.227880
-706.403509
-837.737049
-437.519458
224.588092
822.971675
1453.994363
1368.510994
381.566642
-662.884703
-1488.187775
-2022.847393
-1981.659951
-1229.406304
101.025767
1262.822465
1733.758116
1795.927839
1420.578137
380.012399
-955.859523
-1932.701294
-2035.281337
-1421.355323
-699.409415
41.964531
763.133317
1066.987838
973.733253
704.849201
312.402825
-27.199286
-199.720267
-188.840566
6.994061
202.828689
292.197665
390.114979
452.284702
356.698753
375.349670
704.849201
858.719266
689.306771
791.109692
1238.731697
1775.722679
1772.614193
-110.351291
-2918.091403
-3754.274177
-2831.830912
-2234.224451
-1753.963341
-226.919521
2238.109994
4030.929379
3711.532427
2339.135793
1056.885258
-721.168819
-2140.192745
-2036.058459
-1667.702850
-1528.598095
-683.089863
383.898007
890.581249
774.790140
47.404381
-553.310567
-628.691356
-726.608669
-626.359991
-52.067175
573.515662
1202.984107
1448.554512
767.018924
-274.323935
-1154.802636
-1776.499865
-1921.044471
-1622.629801
-663.661825
808.206366
1713.552956
1835.561037
1566.676986
748.368008
-404.103232
-1462.542765
-2068.697563
-1765.620164
-984.613019
-278.209543
523.002762
1062.325108
1001.709629
760.024831
453.061824
87.814701
-104.911440
-178.737986
-101.025832
155.424275
306.962975
338.824958
360.584361
300.746002
328.722378
629.468412
865.713360
797.326664
814.423338
1152.471207
1625.738223
1858.097562
614.703103
-2235.778694
-3845.974518
-3035.436755
-2173.608971
-1951.352211
-790.332635
1554.243041
3626.826180
3859.185519
2646.098800
1408.144192
-196.611781
-1921.044471
-2095.896817
-1513.832786
-1494.404748
-994.715599
139.104723
799.658029
802.766515
208.268539
-508.237517
-658.999096
-652.005002
-655.113488
-214.485577
422.754084
1019.583424
1392.601762
984.612955
22.536492
-923.997540
-1699.564833
-1853.434898
-1428.349417
-1012.589395
-148.430246
1331.986282
2181.380121
1849.549225
932.545812
-109.574169
-1035.903041
-1740.752275
-2001.087990
-1492.850505
-560.304660
245.570373
896.021100
1252.719885
1042.897070
501.243359
80.820607
-119.676749
-204.382997
-201.274510
-80.820672
183.400650
474.821227
530.773977
377.681034
317.842676
515.231547
795.772421
784.892720
631.799777
800.435150
1185.887433
1698.010525
1718.215685
-251.787410
-3095.275113
-3736.400381
-2554.398524
-1903.170676
-1607.087370
-218.371184
2317.376390
4079.110914
3551.445391
2078.022957
755.362101
-983.058776
-2130.090165
-1830.121251
-1502.175963
-1377.836517
-549.424959
419.645597
858.719266
671.432975
-70.718092
-590.612400
-638.793936
-694.746686
-525.334191
19.428006
633.354020
1230.183360
1321.883702
617.811589
-366.801398
-1321.883766
-1861.206113
-1652.160420
-1252.719950
-615.480290
693.192378
1772.614193
1956.791997
1476.530887
404.880288
-682.312742
-1385.607732
-1908.610527
-1739.198032
-885.141463
-178.737986
510.568817
1133.820290
1096.518456
742.928157
389.337858
-34.193380
-193.503295
-159.309947
-201.274510
-37.301866
273.546749
419.645597
522.225640
560.304596
450.730459
555.641866
836.959863
797.326664
648.119329
804.320758
1245.725791
1796.704961
1084.084511
-1649.829055
-3587.193046
-2953.838994
-2047.715282
-1882.188394
-1042.897135
942.648392
3138.793855
3826.546415
2772.769611
1496.736047
-17.873828
-1701.896198
-1955.237819
-1439.229118
-1481.970803
-1056.108201
-4.662762
651.227815
821.417432
354.367388
-433.633850
-660.553339
-645.788029
-660.553339
-279.763786
301.523124
914.672016
1351.414320
989.275684
97.917281
-807.429309
-1641.280718
-1823.127158
-1380.945003
-985.390141
-140.659031
1294.684448
2081.908565
1746.192061
794.218178
-211.377090
-930.214512
-1586.105089
-1959.900548
-1406.590014
-430.525364
268.106898
818.308946
1123.717710
960.522187
517.562911
41.964531
-219.925427
-229.250886
-191.949052
-86.260523
202.828689
494.249265
585.172485
540.876557
445.290608
416.537111
623.251440
772.458775
652.004937
694.746621
1017.252059
1539.477732
1767.951464
83.929094
-2778.986648
-3562.325157
-2451.818481
-1876.748544
-1597.761912
-356.698818
1937.363959
3765.930935
3444.202619
2088.125537
908.455044
-838.514171
-2071.028928
-1698.010590
-1368.511059
-1321.106645
-529.996920
342.710565
824.525918
762.356195
-94.808860
-703.295023
-678.427134
-739.819735
-544.762230
52.844232
592.166579
1171.122124
1304.787028
606.931888
-254.895896
-1159.465365
-1874.417179
-1655.268906
-1073.981996
-638.016814
347.373295
1576.779566
2086.571294
1681.690973
442.959244
-863.382060
-1413.584108
-1660.708756
-1732.203938
-1118.277924
-226.142400
567.298689
1255.051250
1310.226879
753.030737
180.292164
-282.872272
-442.959308
-205.160118
-55.175661
-1.554275
310.848582
614.703103
660.553274
579.732634
383.898007
300.746002
568.852933
728.162848
629.468412
794.218178
1143.145748
1576.002444
1658.377327
-247.901803
-3108.486179
-3585.638803
-2294.062809
-1792.819418
-1477.308074
41.964531
2373.329141
3819.552321
3215.728887
1812.247391
542.430800
-1174.230674
-2140.192745
-1553.465984
-1181.224768
-1154.025514
-361.361547
502.797602
812.091974
571.961419
-244.016195
-809.760674
-765.464746
-650.450759
-349.704724
201.274446
734.379820
1201.429863
1135.374533
391.669222
-460.833104
-1304.787093
-1823.904279
-1516.941272
-954.305280
-400.217624
656.667666
1701.119012
1847.217861
1150.916964
114.236834
-739.819735
-1300.124363
-1678.582552
-1499.067477
-734.379885
10.102548
603.823402
1014.920695
948.865364
515.231547
50.512868
-233.136493
-226.919521
-87.814766
7.771183
150.761546
413.428625
596.052186
557.196109
454.616067
382.343764
414.205747
605.377645
665.993125
610.817496
777.121504
1230.183360
1802.144811
1150.916964
-1505.284449
-3415.449187
-2764.221339
-1875.971422
-1814.578821
-1066.987902
869.598967
2963.941509
3560.770849
2531.084813
1324.215066
-131.333572
-1670.034215
-1744.637882
-1169.567945
-1213.086751
-835.405684
52.844232
582.841120
724.277240
204.382932
-625.582869
-819.086132
-700.963659
-575.069970
-97.917346
477.152591
965.184916
1227.074874
827.634404
69.940906
-716.506089
-1558.128714
-1774.945622
-1211.532508
-742.928222
-222.256792
923.997475
1918.713042
1825.458458
815.977581
-316.288498
-960.522252
-1295.461634
-1635.063746
-1492.073383
-642.679543
254.118710
833.074255
1099.626942
907.677923
404.103167
-45.850203
-275.878178
-214.485577
-30.307772
17.096641
122.008049
456.947431
626.359926
488.809414
393.223465
393.223465
488.032293
687.752528
639.570992
574.292783
924.774596
1395.710248
1762.511613
933.322933
-1796.705025
-3559.216671
-2709.822831
-1858.097627
-1799.036390
-830.742955
1225.520631
3187.752511
3535.125838
2338.358672
1098.072699
-365.247155
-1826.235644
-1722.101358
-1076.313361
-1110.506708
-663.661825
206.714296
599.937794
621.697197
52.067111
-754.585045
-895.244043
-707.180631
-452.284767
74.603635
582.063999
1048.336921
1247.280034
700.963594
-131.333572
-920.111932
-1680.136795
-1754.740462
-1173.453553
-666.770311
89.368944
1286.913233
1976.997157
1610.195792
586.726728
-435.965215
-1085.638819
-1491.296261
-1686.353767
-1313.335430
-439.850822
392.446344
955.859458
1153.248328
816.754703
212.154147
-177.960864
-258.004383
-162.418434
-31.084894
36.524680
185.732015
493.472143
608.486131
449.953337
348.927538
344.264808
477.152591
758.470588
768.573167
617.811589
806.652123
1345.974469
1875.971357
833.074255
-2172.831849
-3735.623260
-2535.747607
-1585.327967
-1624.184044
-762.356260
1321.106580
3237.488290
3410.786393
2210.133618
965.962038
-635.685449
-1964.563277
-1555.797349
-851.725237
-955.859523
-554.087688
253.341589
606.931888
564.190203
-114.236898
-933.322998
-1008.703787
-729.717155
-342.710630
265.775533
766.241803
1154.025450
1212.309565
538.545193
-314.734255
-1037.457284
-1739.975153
-1733.758181
-949.642550
-264.998476
287.534936
1023.469032
1668.479907
1631.955195
555.641866
-797.326729
-1325.769374
-1269.816623
-1268.262380
-1070.873510
-413.428690
401.771802
959.745066
1019.583424
672.987218
169.412463
-288.312123
-400.217624
-97.140224
169.412463
152.315789
188.063380
460.833039
622.474319
499.689116
340.379201
275.878113
406.434531
672.210097
746.036643
815.977581
1121.386345
1525.489544
1611.750035
29.530586
-2766.552703
-3548.336969
-2258.315218
-1638.172232
-1374.728031
12.433912
2057.817797
3392.912597
2980.261061
1612.527156
385.452250
-1066.987902
-1907.833405
-1241.840248
-655.890609
-631.022720
-166.304041
305.408732
427.416813
241.684766
-542.430865
-1137.705962
-937.208606
-538.545257
-26.422165
628.691291
1058.439501
1234.068968
921.666110
108.796983
-627.914234
-1313.335430
-1824.681401
-1482.747925
-654.336366
-31.862015
610.817496
1356.854171
1700.341890
1169.567880
-20.982314
-892.912678
-1165.682338
-1403.481528
-1408.921379
-746.036708
111.905469
641.125235
832.297134
774.013018
506.683210
4.662697
-438.296579
-345.041995
69.163784
264.221290
262.667047
352.813145
495.026387
467.827133
321.728284
291.420544
383.898007
534.659585
688.529649
763.910438
862.604873
1072.427688
1512.278478
1467.982551
-565.744511
-3186.975455
-3319.086116
-1945.912360
-1445.446091
-1054.553958
420.422719
2404.414002
3349.393791
2561.392553
1280.696260
2.331332
-1507.615814
-1829.344130
-865.713424
-438.296579
-391.669287
17.873763
275.878113
283.649329
-74.603700
-856.387966
-1182.001890
-873.484640
-363.692912
327.945256
888.249884
1170.345002
1208.423957
635.685385
-247.124681
-911.563595
-1520.826880
-1722.101358
-1137.705962
-331.053807
369.909819
925.551718
1202.984107
1302.455663
879.701547
-265.775598
-1254.274193
-1520.049758
-1252.719950
-707.957752
-258.781504
129.002143
624.028562
813.646217
572.738540
184.954893
-268.884084
-478.706899
-202.051632
244.016130
514.454425
471.712740
299.968881
313.957068
344.264808
265.775533
261.112804
331.830864
571.184297
861.827752
883.587155
892.912613
1160.242422
1630.400952
1279.142017
-1250.388585
-3758.936906
-3192.415305
-1512.278543
-1141.591570
-723.500183
880.478669
2725.365197
3219.614494
2119.210398
841.622592
-457.724618
-1841.778075
-1661.485878
-393.223530
-58.284148
-120.453871
119.676684
146.875938
52.067111
-382.343828
-1137.705962
-1237.954640
-736.711249
-126.670843
656.667666
1221.635023
1336.649011
1053.776771
219.925363
-643.456665
-1111.283830
-1518.495515
-1562.014321
-866.490546
16.319520
658.999031
972.179010
972.179010
871.153210
449.176216
-444.513551
-1170.345067
-1269.039502
-899.906772
-366.024276
14.765277
206.714296
356.698753
404.880288
296.083273
47.404381
-278.209543
-352.036089
32.639072
523.779883
655.113423
407.211653
194.280352
223.033849
261.112804
230.805064
254.118710
383.120885
682.312677
934.100055
979.173104
1012.589330
1201.429863
1461.765578
484.923807
-2279.297500
-3795.461618
-2456.481210
-1043.674256
-794.995365
-125.893721
1477.308009
2854.367372
2661.641231
1365.402508
216.816876
-1030.463190
-1766.397285
-873.484640
118.122441
103.357132
53.621354
14.765277
-200.497389
-357.475939
-823.748861
-1246.502977
-999.378329
-385.452315
416.537111
1136.151654
1342.088862
1162.573787
540.876557
-385.452315
-984.613019
-1309.449822
-1464.874129
-1104.289736
-359.030182
359.030118
770.904532
863.381995
940.317027
785.669841
-30.307772
-903.792380
-1094.964278
-831.520077
-557.973296
-387.006558
-151.538732
229.250821
399.440438
258.781439
126.670778
-36.524745
-226.142400
-69.940971
347.373295
594.497943
508.237453
192.726109
59.838326
217.593998
226.919456
144.544573
335.716472
648.119329
884.364276
989.275684
954.305215
920.888989
1132.266047
1280.696260
-165.526920
-2913.428674
-3644.700040
-1900.839311
-669.878797
-442.182187
332.607985
1763.288735
2649.207286
2173.608906
1039.788584
-130.556451
-1419.023959
-1612.527221
-322.505470
445.290608
241.684766
81.597729
-198.166024
-512.123125
-617.034533
-981.504533
-1216.972359
-793.441121
-49.735811
794.995300
1391.824640
1373.173723
882.032912
31.084829
-794.218243
-1154.802636
-1300.124363
-1255.051314
-720.391697
15.542398
564.967325
848.616686
834.628498
676.872826
383.898007
-325.613956
-1055.331079
-1024.246218
-495.026451
-208.268604
-184.177837
-162.418434
6.994061
268.884019
264.998412
6.216940
-163.972677
-160.087069
141.436087
645.787965
738.265428
335.716472
-0.000032
10.879669
210.599904
272.769627
224.588092
411.097261
777.898626
936.431419
892.135492
880.478669
976.064618
1323.437945
919.334746
-1547.249012
-3690.550211
-2711.377074
-848.616751
-513.677368
-300.746067
992.384170
2308.050932
2269.971977
1243.394426
384.675128
-648.896516
-1569.785537
-835.405684
492.695022
593.720822
209.822783
-118.899628
-609.263317
-810.537795
-952.751036
-1220.080845
-964.407860
-260.335747
526.888370
1233.291846
1421.355258
1054.553893
282.095085
-645.788029
-1089.524427
-1125.272018
-1165.682338
-856.387966
-129.779329
488.032293
742.151035
622.474319
383.898007
250.233102
-55.952783
-555.641931
-704.849266
-426.639756
-237.799223
-305.408796
-332.608050
-146.876003
38.078923
30.307708
8.548305
94.808795
135.219115
157.755640
327.945256
505.906088
437.519393
159.309883
-3.885640
119.676684
257.227196
270.438262
409.543018
679.981312
820.640310
780.229991
774.790140
882.032912
1157.133936
1379.390695
51.289989
-2728.473748
-3550.668334
-1718.215750
-403.326110
-328.722442
193.503230
1434.566325
2184.488607
1685.576581
791.886814
-61.392634
-1233.291911
-1334.317711
132.887750
971.401889
596.829308
27.976343
-629.468477
-1005.595301
-951.196793
-1062.325173
-1054.553958
-552.533445
197.388838
1004.818115
1416.692529
1177.339096
498.911994
-432.079607
-1042.120013
-1027.354704
-893.689800
-739.042614
-323.282592
198.165959
571.961419
595.275065
267.329776
-37.301866
-128.225086
-260.335747
-405.657475
-235.467858
-22.536557
-168.635406
-364.470033
-331.830929
-216.039820
-159.309947
-157.755704
-44.295960
182.623529
293.751909
362.915725
466.272890
412.651504
198.165959
18.650885
64.501055
294.529030
377.681034
331.830864
531.551099
844.731078
848.616686
679.204191
634.131142
794.995300
1323.437945
1020.360545
-1538.700675
-3671.899294
-2473.577884
-419.645662
-55.952783
-94.031738
732.825577
1759.403127
1753.186155
962.853552
319.396919
-722.723062
-1488.964897
-316.288498
1120.609224
990.829927
258.781439
-572.738605
-1228.629182
-1132.266111
-989.275749
-1012.589395
-593.720886
76.935000
799.658029
1321.883702
1171.122124
529.219734
-341.156387
-1021.137732
-958.190887
-650.450759
-568.852997
-280.540907
183.400650
361.361482
223.810970
45.850138
97.140160
207.491418
-59.838391
-484.923871
-376.126856
57.506961
-2.331397
-397.109138
-495.026451
-315.511376
-120.453871
-64.501120
-69.940971
45.850138
146.875938
223.033849
446.067730
560.304596
372.241184
132.110629
66.832420
185.732015
266.552655
240.130522
452.284702
844.731078
894.466856
690.861014
658.221909
761.579074
1140.814384
1225.520631
-764.687625
-3452.751020
-3049.424943
-591.389522
291.420544
-37.301866
340.379201
1303.232785
1634.286559
989.275684
268.106898
-442.182187
-1129.934747
-409.543082
1062.325108
1206.869714
426.639691
-479.484021
-1353.745749
-1382.499246
-953.528158
-903.015258
-617.034533
94.808795
711.843295
1095.741334
1022.691910
458.501674
-312.402890
-901.461015
-828.411591
-422.754148
-331.053807
-234.690736
113.459712
223.810970
-46.627325
-216.816941
-45.073082
116.568198
33.416194
-34.193380
89.368944
142.213209
-177.960864
-602.269223
-627.914234
-376.903978
-205.937240
-114.236898
-5.439883
150.761546
244.016130
185.732015
200.497324
350.481781
390.114979
313.957068
288.312058
305.408732
270.438262
188.063380
299.968881
697.077986
885.918520
635.685385
457.724553
617.811589
1154.025450
1554.243041
-45.850203
-3118.588759
-3598.849869
-1019.583489
624.805683
235.467793
67.609541
918.557624
1463.319821
1000.932507
357.475875
-330.276686
-1105.066858
-576.624213
1016.474938
1520.049694
735.156941
-397.886259
-1401.927285
-1541.032040
-1029.686069
-774.013083
-549.424959
9.325426
587.503849
906.900801
850.170929
421.199841
-280.540907
-838.514171
-711.066239
-240.907709
-105.688561
-119.676749
-19.428071
22.536492
-91.700374
-269.661206
-191.949052
222.256727
337.270715
-140.659031
-361.361547
86.260458
233.913550
-323.282592
-694.746686
-453.839010
-104.134318
-24.867922
-65.278241
-26.422165
-21.759435
5.439818
264.998412
566.521568
590.612336
334.939350
130.556386
247.901738
404.103167
309.294339
273.546749
575.069905
807.429244
593.720822
413.428625
640.348114
1115.946494
1433.789203
26.422100
-2878.458205
-3376.593110
-911.563595
560.304596
214.485512
156.201397
760.801952
1049.114042
721.168754
407.988774
-94.031738
-976.064683
-565.744511
1043.674192
1545.694704
806.652123
-357.475939
-1537.146432
-1614.081464
-894.466921
-587.503914
-376.126856
45.850138
387.783614
631.799777
636.462506
319.396919
-282.095150
-789.555514
-520.671462
-6.994126
-6.217005
-32.639137
5.439818
-188.063444
-326.391078
-341.156387
-148.430246
265.775533
294.529030
-20.982314
-59.838391
18.650885
-134.442058
-364.470033
-434.410971
-350.481845
-261.112869
-167.081163
22.536492
115.013955
-28.753529
-89.369009
141.436087
446.067730
566.521568
434.410907
268.106898
275.878113
311.625704
240.130522
254.118710
593.720822
903.792315
616.257346
235.467793
425.085448
1094.187091
1621.075493
166.303976
-2890.115028
-3376.593110
-801.212337
851.725172
498.911994
-38.078988
220.702484
706.403445
676.095705
530.773977
81.597729
-807.429309
-404.103232
1105.843914
1539.477732
774.790140
-544.762230
-1711.221656
-1534.815068
-662.884703
-285.203636
-158.532826
-48.958689
122.785170
386.229371
415.759990
168.635341
-274.323935
-572.738605
-240.907709
160.087004
69.163784
-122.008114
-269.661206
-369.132762
-270.438327
-131.333572
22.536492
226.142335
251.010224
108.796983
-34.970502
-163.195555
-292.974852
-421.977027
-414.982933
-169.412527
30.307708
-87.814766
-240.130587
-143.767517
-13.988220
34.193315
143.767452
331.053742
508.237453
528.442613
388.560736
310.071461
267.329776
164.749733
231.582186
610.817496
911.563530
658.221909
205.160053
276.655235
1000.155385
1607.864427
195.057473
-2833.385155
-3286.447011
-547.093594
1143.922870
517.562911
-226.142400
-33.416258
428.971056
529.996856
502.020480
97.917281
-607.709074
-119.676749
1172.676367
1408.921314
630.245534
-654.336366
-1774.168501
-1435.343511
-355.144575
-41.187474
-189.617687
-219.148306
-58.284148
211.377026
274.323870
86.260458
-244.016195
-408.765961
-44.295960
259.558561
34.970437
-248.678924
-414.982933
-415.760055
-165.526920
25.644978
156.978518
270.438262
120.453806
-93.254617
-141.436152
-151.538732
-229.250886
-383.120950
-317.065619
19.428006
67.609541
-223.811035
-362.138669
-238.576344
-23.313678
118.122441
198.943081
386.229371
529.219734
442.959244
333.385107
317.065555
298.414638
247.901738
306.185853
695.523743
965.962038
523.779883
33.416194
296.860395
1224.743510
1611.750035
-438.296579
-3277.121553
-2724.588140
195.834595
1321.883702
395.554830
-469.381441
-319.396984
277.432356
603.046280
597.606429
-52.844297
-563.413147
366.801333
1356.854171
1112.060887
278.986599
-994.715599
-1786.602445
-969.847710
79.266364
102.580010
-313.180012
-504.351910
-251.010289
132.110629
219.148241
16.319520
-288.312123
-179.515107
298.414638
240.130522
-245.570438
-472.489927
-493.472208
-282.095150
90.146066
218.371119
220.702484
200.497324
21.759371
-150.761611
-254.895896
-301.523189
-282.872272
-283.649393
-129.002207
118.899563
2.331332
-343.487752
-411.874447
-181.069350
65.278177
160.087004
202.828689
370.686941
515.231547
433.633785
300.746002
281.317964
289.866301
275.878113
387.006493
714.951781
784.892720
324.836770
90.923187
549.424894
1342.088862
1227.074874
-1084.084576
-3235.156990
-1909.387648
746.036643
1216.972294
59.838326
-730.494277
-432.079607
321.728284
708.734809
449.953337
-313.957133
-305.408796
861.050630
1364.625386
794.218178
-74.603700
-1216.195237
-1503.730206
-398.663381
334.939350
-31.084894
-573.515727
-669.101676
-288.312123
109.574104
191.948987
-0.000032
-220.702549
10.879669
352.036024
68.386663
-431.302485
-568.075876
-366.024276
-6.994126
169.412463
202.051567
243.239009
51.289989
-173.298135
-143.767517
-116.568263
-174.075257
-269.661206
-316.288498
-96.363103
90.923187
-112.682655
-386.229436
-354.367453
-80.820672
137.550480
168.635341
169.412463
272.769627
384.675128
412.651504
406.434531
406.434531
359.807239
291.420544
493.472143
876.593061
691.638135
96.363038
9.325426
641.902357
1500.621655
739.819671
-2155.735175
-3231.271382
-676.872891
1560.460013
1069.319202
-495.026451
-1134.597476
-439.073701
577.401269
924.774596
256.450075
-528.442677
101.802889
1173.453488
1062.325108
446.844851
-449.953402
-1445.446091
-1016.475002
231.582186
462.387282
-198.166024
-875.816004
-922.443297
-261.889990
296.083273
266.552655
-109.574169
-202.828753
185.732015
254.118710
-203.605875
-571.961483
-630.245599
-177.183743
435.965150
442.959244
179.515043
-39.633231
-340.379265
-264.221355
86.260458
73.049392
-238.576344
-477.152656
-327.168199
105.688497
140.658966
-292.974852
-540.099500
-275.878178
194.280352
345.819051
142.213209
18.650885
130.556386
320.174041
494.249265
564.967325
476.375470
306.962975
306.962975
676.872826
878.147304
382.343764
-63.723998
250.233102
1133.043168
1427.572231
-610.040439
-3097.606478
-2046.161039
889.027006
1610.195792
301.523124
-1005.595301
-1154.802636
-154.647218
851.725172
801.212272
-181.069350
-375.349735
707.180566
1136.151654
662.884638
110.351226
-917.003446
-1260.491165
-87.814766
626.359926
100.248646
-677.650012
-1135.374598
-774.790205
104.911375
439.073636
54.398475
-338.047901
-110.351291
259.558561
-3.885640
-435.965215
-526.888434
-267.329841
285.203572
470.158497
168.635341
-26.422165
-246.347560
-366.801398
-35.747623
226.142335
94.031674
-228.473764
-463.941590
-311.625769
-7.771248
-44.295960
-346.596238
-381.566707
9.325426
296.083273
180.292164
-55.175661
-80.820672
173.298070
456.947431
556.418988
517.562911
391.669222
281.317964
430.525299
809.760609
818.308946
261.889926
-23.313678
484.146685
1283.027625
737.488306
-1792.819418
-2912.651552
-551.756323
1675.474001
1220.080780
-479.484021
-1544.917647
-993.161356
424.308327
1083.307390
456.947431
-430.525364
-63.723998
864.159117
857.165023
453.838945
-219.148306
-1021.137732
-495.803573
538.545193
402.548924
-328.722442
-1020.360610
-1188.218862
-359.807304
442.959244
341.156322
-244.793316
-484.923871
-88.591888
132.110629
-144.544638
-383.898072
-368.355641
94.031674
503.574723
198.165959
-101.025832
-160.087069
-316.288498
-111.128412
247.901738
193.503230
-90.146131
-385.452315
-462.387347
-234.690736
-20.982314
-42.741717
-218.371184
-174.075257
38.856044
12.433912
-57.507026
24.867857
154.647153
340.379201
430.525299
416.537111
447.621973
382.343764
355.144510
681.535555
931.768690
608.486131
105.688497
119.676684
914.672016
1158.688179
-888.249949
-2862.915774
-1311.781186
1442.337540
1635.840803
-128.225086
-1563.568564
-1440.006240
-38.856109
1158.688179
897.575343
-289.866366
-424.308391
453.061824
699.409351
592.166579
262.667047
-662.107582
-606.931953
453.061824
554.864745
-181.069350
-865.713424
-1179.670525
-583.618306
365.247090
445.290608
-250.233167
-649.673637
-345.041995
-59.838391
-80.820672
-62.946877
-96.363103
-17.873828
151.538667
-1.554275
-7.771248
144.544573
-120.453871
-204.382997
127.447900
231.582186
34.970437
-297.637581
-501.243424
-328.722442
-0.777154
82.374851
-187.286323
-310.071526
-104.134318
-34.193380
-10.879734
111.128347
118.122441
195.834595
334.162228
326.391013
354.367388
394.000587
393.223465
665.993125
956.636579
618.588711
77.712121
132.887750
825.303040
1294.684448
-188.063444
-2602.580059
-2015.076177
947.311121
1910.164705
333.385107
-1415.138351
-1745.415004
-427.416878
1127.603317
1166.459394
-170.189649
-739.819735
122.008049
675.318583
665.216003
489.586536
-436.742336
-766.241868
323.282527
771.681654
31.084829
-709.511995
-1069.319267
-686.198349
252.564467
523.002762
-200.497389
-798.880972
-543.985108
-108.019926
17.873763
3.885575
-223.033913
-244.016195
142.213209
199.720203
95.585917
118.899563
-185.732080
-276.655299
184.177772
350.481781
24.867857
-322.505470
-389.337922
-173.298135
35.747558
3.885575
-296.083338
-413.428690
-77.712186
108.019861
-6.217005
-30.307772
6.994061
139.104723
318.619798
306.962975
251.010224
282.095085
338.824958
564.190203
900.683829
842.399713
375.349670
110.351226
522.225640
1283.027625
435.965150
-2151.072446
-2357.009653
599.937794
2022.070206
499.689116
-1363.848329
-1887.628245
-690.861079
1103.512550
1387.939032
-51.290054
-923.220418
-161.641312
509.014574
593.720822
677.649948
-90.146131
-775.567326
142.990330
781.784234
84.706215
-548.647837
-857.165087
-690.083957
278.986599
665.216003
-276.655299
-1013.366516
-658.999096
-134.442058
56.729840
76.157878
-259.558626
-450.730524
30.307708
273.546749
76.157878
109.574104
-29.530651
-243.239073
91.700309
332.607985
44.295895
-271.992570
-320.951227
-116.568263
88.591823
-14.765342
-369.909884
-479.484021
-87.037644
184.954893
25.644978
-115.791141
-105.688561
76.935000
361.361482
341.156322
167.081098
190.394744
289.866301
525.334126
859.496387
784.115598
375.349670
238.576279
613.148860
1263.599586
666.770246
-1735.312424
-2413.739526
275.100992
2085.794172
703.294958
-1317.998159
-1938.918267
-923.997540
914.672016
1562.014257
205.160053
-1008.703787
-505.906153
285.980693
564.190203
800.435150
202.051567
-684.644106
-110.351291
634.908263
142.213209
-377.681099
-518.340097
-517.562976
104.911375
540.099436
-209.045726
-966.739224
-666.770311
-160.087069
-15.542463
59.061204
-217.594063
-620.920140
-237.022101
327.168135
226.142335
83.929094
20.205128
-227.696643
-39.633231
381.566642
163.195490
-300.746067
-289.866366
-6.994126
172.520949
41.964531
-431.302485
-659.776217
-174.852378
338.824958
209.045661
-146.876003
-220.702549
-31.084894
259.558561
407.211653
271.215384
104.911375
139.104723
344.264808
699.409351
868.821846
509.791696
139.104723
433.633785
1221.635023
963.630673
-1208.424022
-2242.772788
24.090735
1868.200142
662.107517
-1150.139907
-1668.479972
-965.184981
606.931888
1508.392871
390.892101
-1062.325173
-730.494277
234.690672
571.961419
841.622592
317.842676
-819.086132
-340.379265
732.048455
289.866301
-314.734255
-310.848647
-434.410971
-62.169755
493.472143
-101.025832
-881.255855
-533.882528
-76.157943
-168.635406
-77.712186
-205.160118
-690.861079
-287.535001
391.669222
167.858220
-3.108519
54.398475
-254.118775
-111.128412
407.988774
226.919456
-241.684830
-224.588157
-21.759435
73.049392
105.688497
-213.708455
-652.782123
-289.089244
359.807239
214.485512
-185.732080
-260.335747
-129.779329
271.992505
545.539286
271.992505
-40.410352
14.765277
270.438262
631.022655
833.074255
549.424894
125.116535
292.197665
1150.139842
1153.248328
-856.387966
-2058.594983
-1.554275
1872.085750
620.920076
-1218.526602
-1532.483703
-887.472827
410.320139
1427.572231
561.081717
-1049.114107
-982.281655
80.043486
632.576899
934.877176
435.188028
-804.320823
-585.949671
582.063999
435.965150
-160.864190
-171.743892
-298.414703
-178.737986
310.848582
14.765277
-676.095769
-498.912059
-34.970502
-141.436152
-276.655299
-301.523189
-509.014639
-320.174106
135.996237
115.013955
13.211034
-1.554275
-209.822847
-69.940971
325.613892
210.599904
-174.075257
-212.154212
20.205128
98.694403
-41.964595
-209.045726
-303.854553
-152.315854
79.266364
-19.428071
-165.526920
-91.700374
27.976343
213.708390
327.168135
212.931269
67.609541
42.741652
254.895832
613.925982
672.210097
353.590267
66.832420
370.686941
1288.467476
1063.102230
-1105.066858
-1841.000953
574.292783
2012.744748
303.854488
-1459.434278
-1525.489609
-654.336366
727.385726
1418.246772
142.990330
-1331.986346
-889.027070
261.889926
834.628498
1039.788584
129.002143
-1168.013702
-497.357816
815.977581
470.158497
-177.960864
-212.154212
-395.554895
-140.659031
451.507580
27.199221
-686.975471
-373.018370
6.994061
-212.931333
-181.846472
-177.183743
-599.160737
-426.639756
173.298070
137.550480
-74.603700
-104.134318
-278.986664
-108.019926
405.657410
346.596173
-170.966770
-310.848647
-55.952783
126.670778
126.670778
-73.049457
-336.493658
-228.473764
48.181503
-25.645043
-124.339478
-13.988220
33.416194
118.899563
222.256727
129.779264
81.597729
209.045661
363.692847
495.026387
460.055917
212.931269
93.254552
441.405001
1161.019544
948.865364
-937.208606
-1680.136795
604.600523
2126.981614
336.493593
-1537.923554
-1382.499246
-464.718711
624.028562
1271.370802
163.972612
-1382.499246
-1003.263936
329.499499
906.900801
953.528093
118.122441
-1150.139907
-610.817560
808.206366
592.166579
-174.852378
-240.907709
-369.132762
-220.702549
391.669222
167.858220
-558.750417
-398.663381
-41.964595
-217.594063
-132.110694
-112.682655
-590.612400
-385.452315
244.793252
-2.331397
-350.481845
-129.779329
-119.676749
-84.706280
373.795427
345.819051
-282.095150
-417.314298
36.524680
288.312058
167.858220
-157.755704
-464.718711
-255.673018
241.684766
226.142335
-145.321760
-254.118775
-103.357197
142.990330
367.578455
281.317964
-14.765342
-15.542463
310.848582
549.424894
516.008668
297.637516
68.386663
208.268539
916.226259
926.328839
-722.723062
-1419.023959
629.468412
1869.754385
230.805064
-1269.039502
-1136.151719
-440.627944
617.034468
1206.092593
17.096641
-1421.355323
-928.660269
392.446344
905.346558
859.496387
9.325426
-1123.717775
-494.249330
816.754703
533.105342
-149.207367
-230.805129
-431.302485
-213.708455
418.091354
173.298070
-468.604319
-373.018370
-176.406621
-250.233167
19.428006
10.879669
-608.486196
-516.008733
139.881844
151.538667
-116.568263
-294.529095
-480.261142
-74.603700
589.835214
394.000587
-317.842741
-509.014639
-121.230992
313.957068
402.548924
-10.102612
-541.653744
-445.290673
132.887750
352.036024
135.219115
-176.406621
-347.373359
-52.844297
409.543018
394.777708
59.061204
-51.290054
202.828689
547.093530
568.075811
217.593998
-38.078988
306.185853
1052.222528
745.259521
-994.715599
-1341.311805
863.381995
1937.363959
222.256727
-1301.678606
-1217.749481
-400.217624
881.255790
1433.789203
-94.031738
-1714.330143
-1087.193062
431.302421
1133.820290
1032.794490
-197.388903
-1430.680782
-532.328285
951.973850
749.145129
-29.530651
-451.507645
-701.740780
-163.972677
622.474319
290.643422
-475.598413
-470.158562
-243.239073
-187.286323
105.688497
4.662697
-588.281036
-437.519458
107.242740
54.398475
-99.471589
-219.148306
-476.375534
-149.207367
502.797602
323.282527
-351.258967
-435.965215
0.777089
359.030118
353.590267
-152.315854
-613.148925
-258.781504
345.041930
308.517218
-62.946877
-264.221355
-224.588157
106.465618
421.199841
274.323870
-91.700374
-71.495214
319.396919
584.395363
499.689116
176.406556
-54.398540
348.927538
1091.078605
554.864745
-1144.700056
-1043.674256
1133.043168
1667.702786
-143.767517
-1331.209225
-969.847710
45.850138
1108.175279
1018.029181
-536.213893
-1474.199588
-666.770311
460.055917
1000.932507
842.399713
-470.158562
-1404.258649
-197.388903
1085.638754
603.823402
-195.834660
-543.207987
-620.143019
13.211034
608.486131
156.201397
-450.730524
-405.657475
-265.775598
-126.670843
160.864126
-95.585981
-607.709074
-349.704724
108.796983
88.591823
-44.295960
-315.511376
-496.580694
5.439818
494.249265
149.207303
-414.982933
-425.862635
29.530586
456.170310
373.795427
-254.895896
-626.359991
-181.846472
347.373295
299.968881
-26.422165
-311.625769
-288.312123
166.303976
489.586536
249.455981
-128.225086
-108.797048
255.672953
575.069905
531.551099
147.653060
-84.706280
373.795427
1042.897070
421.199841
-1129.934747
-806.652188
1262.822465
1473.422401
-414.205811
-1373.950909
-739.042614
324.836770
1137.705897
820.640310
-672.987283
-1436.120632
-506.683274
661.330395
1045.228435
577.401269
-766.241868
-1331.209225
56.729840
1169.567880
568.852933
-292.197730
-645.010908
-591.389522
90.146066
665.216003
212.931269
-522.225705
-536.991014
-237.799223
4.662697
226.142335
-132.887815
-690.083957
-374.572613
195.834595
170.966706
-104.911440
-391.669287
-431.302485
88.591823
509.791696
113.459712
-539.322379
-494.249330
115.791077
530.773977
351.258902
-329.499564
-672.210162
-101.025832
470.935619
285.203572
-153.870097
-373.018370
-236.244980
232.359307
517.562911
232.359307
-200.497389
-148.430246
323.282527
606.154766
425.085448
38.856044
-92.477495
450.730459
1073.981931
300.746002
-1165.682338
-618.588776
1349.860077
1321.883702
-521.448584
-1332.763468
-713.397603
323.282527
1218.526537
861.050630
-784.115663
-1461.765643
-360.584425
760.801952
1041.342827
498.134873
-910.009352
-1394.156069
124.339414
1222.412145
571.961419
-319.396984
-722.723062
-606.154831
215.262633
718.060268
100.248646
-560.304660
-477.929777
-240.907709
3.108454
235.467793
-118.122506
-553.310567
-310.071526
-6.217005
-29.530651
-67.609606
-171.743892
-198.166024
62.169691
157.755640
-143.767517
-328.722442
-91.700374
195.057473
189.617623
-88.591888
-380.012464
-194.280417
334.939350
359.807239
-106.465683
-345.819116
-216.816941
132.110629
435.965150
286.757815
-130.556451
-223.033913
141.436087
554.087623
544.762165
142.213209
-160.087069
41.187409
750.699372
978.395982
-263.444233
-1213.086751
178.737921
1632.732316
592.166579
-974.510439
-994.715599
-277.432421
529.996856
1089.524362
317.842676
-1098.072764
-1052.999715
163.972612
899.906707
911.563530
41.187409
-1264.376773
-940.317092
676.095705
977.618861
139.104723
-371.464127
-659.776217
-454.616131
437.519393
686.198285
-111.128412
-667.547432
-515.231611
-151.538732
262.667047
260.335682
-404.103232
-686.198349
-184.177837
192.726109
110.351226
-213.708455
-483.369628
-212.154212
338.047836
338.047836
-205.160118
-493.472208
-170.189649
238.576279
281.317964
-50.512932
-462.387347
-319.396984
261.889926
418.868476
67.609541
-261.112869
-286.757879
45.850138
392.446344
303.077367
-65.278241
-185.732080
149.984424
523.779883
448.399094
99.471524
-78.489308
206.714296
812.091974
578.178391
-729.717155
-795.772486
940.317027
1385.607668
-169.412527
-1028.131826
-587.503914
12.433912
724.277240
937.208541
-258.004383
-1324.215131
-615.480290
598.383551
971.401889
657.444788
-452.284767
-1334.317711
-366.801398
957.413701
697.855108
-124.339478
-557.973296
-694.746686
-108.797048
706.403445
475.598348
-390.892165
-641.125300
-370.687005
-52.844297
271.992505
109.574104
-484.146750
-504.351910
-28.753529
118.899563
-38.856109
-225.365278
-288.312123
-66.055363
184.177772
55.175597
-261.889990
-211.377090
122.008049
179.515043
-72.272335
-312.402890
-268.106963
89.368944
295.306152
87.037580
-177.960864
-169.412527
78.489243
291.420544
254.895832
15.542398
-171.743892
18.650885
446.844851
495.026387
118.122441
-101.802954
102.580010
627.914169
833.851377
-156.201461
-1129.157625
-13.211099
1544.140461
785.669841
-807.429309
-966.739224
-337.270779
440.627879
1143.922870
485.700928
-1100.404128
-1237.954640
27.976343
850.170929
979.173104
332.607985
-1093.410035
-1192.881591
469.381376
1159.465300
313.179947
-436.742336
-799.658094
-613.926046
363.692847
862.604873
116.568198
-664.438946
-624.805748
-214.485577
234.690672
346.596173
-271.992570
-719.614575
-261.112869
213.708390
86.260458
-190.394809
-280.540907
-153.092975
83.929094
119.676684
-147.653124
-297.637581
-28.753529
259.558561
160.087004
-191.949052
-400.217624
-195.057538
218.371119
320.174041
-19.428071
-328.722442
-167.858284
244.793252
409.543018
227.696578
-101.025832
-209.045726
132.110629
492.695022
404.103167
71.495149
-52.844297
228.473699
708.734809
453.061824
-664.438946
-642.679543
920.111867
1209.201079
-289.866366
-1003.263936
-420.422784
282.095085
825.303040
672.210097
-492.695087
-1162.573851
-382.343828
582.841120
818.308946
437.519393
-596.052251
-1105.843979
29.530586
1034.348733
529.996856
-260.335747
-628.691356
-596.052251
61.392569
593.720822
229.250821
-403.326110
-528.442677
-278.209543
48.181503
278.986599
-37.301866
-595.275130
-400.994745
120.453806
42.741652
-215.262698
-158.532826
-11.656855
25.644978
-53.621418
-186.509201
-223.033913
17.096641
265.775533
57.506961
-275.101056
-248.678924
-43.518838
169.412463
235.467793
-67.609606
-371.464127
-159.309947
298.414638
403.326045
148.430181
-99.471589
-124.339478
177.960800
524.557005
353.590267
-73.049457
-91.700374
265.775533
686.198285
536.213828
-491.917965
-781.784298
581.286877
1293.907326
95.585917
-932.545877
-612.371803
118.122441
701.740715
767.018924
-143.767517
-1013.366516
-572.738605
389.337858
735.934063
510.568817
-330.276686
-1086.415941
-362.915790
847.839564
735.934063
-76.157943
-503.574788
-540.876622
-132.887815
414.982868
310.071461
-306.185918
-519.894340
-258.004383
-74.603700
108.796983
192.726109
-271.992570
-611.594682
-205.937240
177.960800
34.193315
-155.424340
-161.641312
-172.521014
-79.266429
135.219115
62.946812
-157.755704
-99.471589
-85.483401
-164.749798
51.289989
174.852313
-54.398540
-149.984489
-55.175661
-39.633231
34.970437
198.165959
147.653060
-45.073082
-24.090800
161.641247
320.174041
412.651504
194.280352
-165.526920
-31.084894
477.929713
722.722997
216.039755
-717.283211
-532.328285
854.833658
1179.670460
-88.591888
-998.601207
-633.354085
310.071461
972.179010
639.570992
-535.436771
-1073.981996
-265.775598
652.004937
784.115598
306.185853
-618.588776
-1011.812273
-55.952783
860.273509
543.985043
-198.166024
-587.503914
-445.290673
180.292164
521.448519
64.501055
-467.827198
-433.633850
-174.852378
1.554211
141.436087
-39.633231
-422.754148
-303.854553
69.163784
33.416194
-164.749798
-209.045726
-176.406621
-50.512932
73.049392
0.777089
-126.670843
-42.741717
23.313614
-139.881909
-127.447964
62.946812
13.211034
-66.055363
-14.765342
-66.832485
-66.055363
130.556386
211.377026
65.278177
-60.615512
-36.524745
135.219115
404.103167
417.314233
25.644978
-158.532826
169.412463
557.196109
564.190203
-93.254617
-739.042614
-78.489308
1061.547987
718.060268
-536.213893
-861.050695
-179.515107
584.395363
834.628498
201.274446
-789.555514
-796.549608
155.424275
707.180566
528.442613
-25.645043
-718.060332
-615.480290
338.047836
672.987218
104.911375
-365.247155
-404.103232
-176.406621
149.207303
244.793252
20.205128
-195.834660
-237.799223
-301.523189
-242.461952
57.506961
116.568198
-147.653124
-325.613956
-324.059713
-122.785235
162.418369
160.864126
-146.098881
-394.777773
-273.546813
108.796983
295.306152
97.917281
-265.775598
-346.596238
-3.108519
251.787346
135.996237
-118.122506
-272.769692
-125.116600
195.834595
285.980693
115.013955
-74.603700
-66.055363
156.978518
338.047836
278.209478
48.958624
-47.404446
167.081098
471.712740
481.038199
-90.146131
-619.365897
13.988155
1016.474938
619.365832
-579.732699
-861.827817
-170.189649
631.799777
865.713360
142.213209
-842.399778
-741.373978
233.136429
737.488306
532.328220
-97.917346
-826.857348
-590.612400
489.586536
772.458775
77.712121
-446.067794
-505.906153
-240.130587
280.540842
419.645597
-140.659031
-533.105407
-240.130587
50.512868
53.621354
34.193315
-156.978583
-366.801398
-205.160118
5.439818
-45.850203
-113.459777
-85.483401
-115.791141
-137.550544
-24.867922
23.313614
-76.935065
-87.814766
-24.090800
-41.964595
-24.867922
59.061204
43.518774
-45.850203
-43.518838
7.771183
37.301801
104.911375
100.248646
-3.108519
59.061204
249.455981
243.239009
83.151972
28.753464
118.899563
291.420544
423.531205
171.743827
-404.103232
-359.030182
550.202016
929.437326
100.248646
-728.162912
-571.961483
204.382932
742.151035
497.357751
-317.842741
-749.922315
-256.450140
433.633785
534.659585
201.274446
-251.787410
-519.894340
-182.623594
369.909819
351.258902
-63.723998
-289.866366
-239.353466
-48.958689
127.447900
69.940906
-188.063444
-275.101056
-129.779329
-76.157943
-101.802954
-76.935065
-91.700374
-95.585981
-35.747623
-76.157943
-215.262698
-223.033913
-66.055363
19.428006
-16.319585
-59.838391
-167.081163
-214.485577
-25.645043
146.875938
82.374851
-91.700374
-183.400715
-90.923252
108.019861
236.244915
146.875938
-56.729905
-83.152037
26.422100
145.321695
284.426450
226.142335
-23.313678
-73.826578
158.532761
417.314233
447.621973
114.236834
-393.223530
-385.452315
432.079542
899.129586
147.653060
-682.312742
-527.665556
191.171866
738.265428
570.407176
-282.872272
-798.103851
-287.535001
474.821227
564.967325
159.309883
-311.625769
-556.419053
-135.219180
509.014574
414.205747
-162.418434
-430.525364
-268.106963
81.597729
238.576279
9.325426
-271.215449
-239.353466
-27.199286
-13.988220
-180.292229
-244.016195
-149.207367
13.988155
59.061204
-123.562357
-264.998476
-157.755704
44.295895
97.917281
-66.055363
-239.353466
-234.690736
-79.266429
96.363038
106.465618
-61.392634
-160.864190
-77.712186
43.518774
90.146066
93.254552
66.832420
26.422100
41.187409
100.248646
157.755640
212.931269
163.195490
3.885575
-24.867922
164.749733
356.698753
320.174041
-13.211099
-347.373359
-111.905534
574.292783
672.987218
-104.911440
-690.861079
-387.783679
334.162228
698.632229
326.391013
-403.326110
-597.606494
-45.073082
471.712740
428.971056
59.061204
-324.059713
-419.645662
-47.404446
327.168135
230.027943
-80.820672
-251.010289
-204.382997
-15.542463
88.591823
-21.759435
-167.081163
-122.785235
-33.416258
-114.236898
-194.280417
-136.773423
-43.518838
10.879669
-58.284148
-224.588157
-268.884084
-126.670843
59.061204
108.019861
-17.873828
-163.972677
-208.268604
-106.465683
64.501055
98.694403
-25.645043
-130.556451
-100.248711
25.644978
135.219115
139.104723
39.633166
-37.301866
27.199221
145.321695
189.617623
163.195490
96.363038
52.844232
137.550480
278.209478
291.420544
94.031674
-219.148306
-247.124681
239.353401
622.474319
259.558561
-376.126856
-453.839010
11.656791
457.724553
463.941525
-27.976408
-510.568882
-347.373359
219.925363
440.627879
191.171866
-147.653124
-299.191824
-131.333572
186.509136
219.148241
-69.940971
-240.130587
-125.116600
17.873763
23.313614
-65.278241
-163.972677
-138.327666
-2.331397
-20.982314
-187.286323
-205.160118
-58.284148
23.313614
-39.633231
-132.110694
-180.292229
-155.424340
-44.295960
19.428006
-63.723998
-149.984489
-122.008114
-26.422165
45.073017
24.867857
-51.290054
-79.266429
-11.656855
73.049392
57.506961
-0.000032
-2.331397
46.627260
131.333507
161.641247
86.260458
12.433912
14.765277
97.917281
205.937175
219.925363
151.538667
83.929094
-4.662762
-48.958689
94.808795
284.426450
207.491418
-59.061269
-170.966770
-58.284148
122.785170
208.268539
97.140160
-95.585981
-116.568263
44.295895
150.761546
71.495149
-80.043551
-115.014020
-9.325491
94.031674
71.495149
-74.603700
-172.521014
-90.923252
64.501055
92.477430
-49.735811
-183.400715
-174.075257
-83.152037
-8.548369
-22.536557
-110.351291
-139.881909
-96.363103
-58.284148
-55.175661
-77.712186
-108.019926
-104.911440
-47.404446
0.777089
-31.084894
-89.369009
-83.152037
-42.741717
-32.639137
-26.422165
7.771183
31.084829
32.639072
20.982249
4.662697
18.650885
55.175597
72.272271
63.723934
44.295895
31.084829
45.073017
89.368944
124.339414
97.917281
56.729840
58.284083
66.055298
45.850138
22.536492
36.524680
76.157878
92.477430
77.712121
50.512868
17.096641
11.656791
15.542398
3.885575
14.765277
49.735746
58.284083
39.633166
-4.662762
-45.850203
-20.205192
33.416194
46.627260
17.096641
-34.970502
-69.163849
-59.838391
-23.313678
6.994061
-2.331397
-47.404446
-115.014020
-98.694468
28.753464
8.548305
-146.876003
-97.140224
24.090735
-68.386728
-148.430246
-49.735811
-3.108519
-71.495214
-89.369009
-29.530651
-10.102612
-36.524745
-33.416258
-21.759435
-39.633231
-50.512932
-13.988220
18.650885
-2.331397
-9.325491
9.325426
5.439818
4.662697
30.307708
42.741652
37.301801
44.295895
57.506961
55.175597
44.295895
48.958624
68.386663
78.489243
66.055298
31.861951
24.090735
38.856044
45.850138
55.175597
54.398475
41.187409
35.747558
33.416194
40.410288
52.067111
46.627260
41.187409
41.187409
20.982249
-4.662762
-21.759435
-17.873828
13.988155
27.199221
6.994061
-11.656855
-16.319585
-12.433977
-8.548369
-17.873828
-57.507026
-94.808860
-69.940971
-20.982314
-24.090800
-55.952783
-62.169755
-50.512932
-41.964595
-40.410352
-52.844297
-71.495214
-80.820672
-63.723998
-36.524745
-36.524745
-48.181568
-66.055363
-74.603700
-46.627325
-3.108519
24.867857
7.771183
-26.422165
-20.982314
-0.777154
1.554211
3.885575
21.759371
32.639072
20.205128
10.879669
44.295895
78.489243
72.272271
56.729840
42.741652
45.850138
75.380757
93.254552
69.163784
27.199221
30.307708
59.838326
59.838326
50.512868
31.084829
-0.000032
7.771183
55.952718
82.374851
48.958624
4.662697
-1.554275
19.428006
45.073017
38.856044
-13.211099
-44.295960
-22.536557
-3.108519
-14.765342
-41.964595
-58.284148
-43.518838
-17.096706
-13.988220
-38.856109
-69.163849
-66.832485
-46.627325
-41.964595
-60.615512
-96.363103
-97.140224
-55.952783
-21.759435
-8.548369
-27.976408
-56.729905
-52.067175
-40.410352
-45.850203
-49.735811
-38.856109
-14.765342
-3.108519
-10.879734
-16.319585
-11.656855
7.771183
27.199221
41.964531
38.078923
13.211034
15.542398
45.073017
63.723934
64.501055
45.073017
21.759371
37.301801
78.489243
87.037580
54.398475
27.199221
37.301801
69.940906
85.483337
63.723934
18.650885
-1.554275
20.205128
53.621354
62.946812
28.753464
-5.439883
-3.108519
20.205128
36.524680
29.530586
3.885575
-17.096706
-6.994126
21.759371
15.542398
-20.982314
-42.741717
-45.073082
-43.518838
-57.507026
-70.718092
-73.049457
-48.958689
-13.988220
-17.873828
-52.844297
-73.826578
-73.049457
-55.952783
-37.301866
-45.073082
-69.163849
-82.374915
-63.723998
-18.650949
-0.000032
-26.422165
-48.958689
-27.199286
10.102548
6.216940
-23.313678
-34.970502
-19.428071
13.988155
31.084829
28.753464
31.084829
30.307708
27.199221
50.512868
