-141.527515
-146.407949
-143.967732
-143.967732
-148.848167
-148.848167
-148.848167
-143.967732
-141.527515
-151.288384
-148.848167
-134.206863
-136.647081
-129.326429
-119.565560
-126.886212
-122.005777
-92.723171
-82.962302
-95.163388
-85.402519
-82.962302
-73.201433
-41.478609
-46.359043
-39.038392
-24.397088
-9.755785
-2.435133
4.885518
31.727908
21.967039
36.608342
41.488777
58.570297
80.532252
80.532252
114.695293
-53.679695
51.249645
258.668109
131.776814
139.097465
92.733338
131.776814
185.461593
146.418117
187.901810
82.972469
153.738769
192.782244
163.499638
204.983330
134.217031
158.619203
124.456162
146.418117
163.499638
107.374641
136.657248
85.412686
104.934424
126.896379
95.173555
87.852904
53.689863
61.010514
41.488777
36.608342
36.608342
-4.875351
-7.315568
-9.755785
0.005084
-19.516654
-56.119912
-58.560129
-65.880781
-78.081867
-85.402519
-90.282953
-107.364474
-122.005777
-114.685126
-114.685126
-119.565560
-129.326429
-146.407949
-146.407949
-141.527515
-148.848167
-148.848167
-151.288384
-161.049253
-151.288384
-143.967732
-153.728601
-148.848167
-141.527515
-126.886212
-131.766646
-139.087298
-117.125343
-107.364474
-112.244908
-112.244908
-90.282953
-73.201433
-92.723171
-68.320998
-43.918826
-36.598175
-17.076437
-26.837306
-24.397088
-4.875351
17.086604
46.369211
19.526822
12.206170
41.488777
73.211600
63.450732
70.771383
78.092035
87.852904
122.015945
109.814859
124.456162
114.695293
119.575728
148.858334
134.217031
156.178986
117.135510
143.977900
175.700724
122.015945
146.418117
158.619203
180.581158
124.456162
117.135510
175.700724
117.135510
114.695293
129.336596
102.494207
102.494207
107.374641
104.934424
63.450732
61.010514
61.010514
34.168125
48.809428
43.928994
4.885518
-12.196002
-9.755785
-14.636220
-21.956871
-24.397088
-51.239478
-61.000347
-58.560129
-56.119912
-80.522084
-92.723171
-90.282953
-112.244908
-114.685126
-112.244908
-112.244908
-117.125343
-119.565560
-119.565560
-141.527515
-126.886212
-129.326429
-151.288384
-134.206863
-136.647081
-126.886212
-107.364474
-124.445994
-136.647081
-119.565560
-100.043822
-107.364474
-97.603605
-95.163388
-102.484039
-75.641650
-61.000347
-46.359043
-65.880781
-63.440564
-29.277523
-43.918826
-4.875351
-2.435133
-21.956871
2.445301
-12.196002
26.847473
31.727908
36.608342
43.928994
31.727908
82.972469
70.771383
87.852904
87.852904
65.890949
65.890949
97.613773
170.820289
73.211600
85.412686
122.015945
131.776814
190.342027
75.651818
114.695293
119.575728
112.255076
195.222461
90.293121
80.532252
112.255076
136.657248
119.575728
87.852904
131.776814
78.092035
39.048559
61.010514
104.934424
58.570297
9.765953
41.488777
41.488777
26.847473
7.325735
29.287690
-9.755785
-26.837306
7.325735
-51.239478
-24.397088
-26.837306
-63.440564
-53.679695
-68.320998
-63.440564
-92.723171
-85.402519
-87.842736
-95.163388
-75.641650
-129.326429
-124.445994
-102.484039
-95.163388
-100.043822
-119.565560
-114.685126
-122.005777
-102.484039
-95.163388
-112.244908
-126.886212
-143.967732
-82.962302
-41.478609
-107.364474
-146.407949
-80.522084
-29.277523
-65.880781
-102.484039
-97.603605
-51.239478
-4.875351
-29.277523
-63.440564
-31.717740
17.086604
-9.755785
-7.315568
19.526822
48.809428
48.809428
-56.119912
19.526822
146.418117
112.255076
-14.636220
-21.956871
200.102896
114.695293
-2.435133
136.657248
107.374641
119.575728
131.776814
95.173555
87.852904
90.293121
236.706154
102.494207
36.608342
190.342027
112.255076
114.695293
95.173555
151.298551
139.097465
12.206170
129.336596
107.374641
95.173555
70.771383
34.168125
90.293121
24.407256
104.934424
14.646387
-29.277523
78.092035
-9.755785
24.407256
-14.636220
-24.397088
-17.076437
-85.402519
4.885518
-39.038392
-104.924257
-78.081867
-75.641650
-73.201433
-97.603605
-87.842736
-107.364474
-104.924257
-92.723171
-148.848167
-165.929687
-92.723171
-53.679695
-148.848167
-197.652511
-104.924257
-65.880781
-126.886212
-148.848167
-124.445994
-119.565560
-100.043822
-97.603605
-90.282953
-90.282953
-104.924257
-95.163388
-95.163388
-36.598175
-19.516654
-73.201433
-68.320998
-34.157957
29.287690
-19.516654
-65.880781
34.168125
17.086604
-43.918826
-7.315568
97.613773
102.494207
14.646387
24.407256
36.608342
46.369211
112.255076
163.499638
73.211600
39.048559
158.619203
92.733338
95.173555
173.260506
102.494207
87.852904
122.015945
187.901810
131.776814
80.532252
156.178986
124.456162
139.097465
122.015945
122.015945
148.858334
48.809428
85.412686
117.135510
134.217031
117.135510
12.206170
46.369211
48.809428
97.613773
63.450732
-56.119912
4.885518
58.570297
21.967039
-58.560129
-17.076437
4.885518
-48.799261
-21.956871
-75.641650
-85.402519
-19.516654
-53.679695
-136.647081
-136.647081
-51.239478
-78.081867
-146.407949
-119.565560
-85.402519
-97.603605
-117.125343
-134.206863
-124.445994
-119.565560
-126.886212
-95.163388
-158.609036
-143.967732
-65.880781
-139.087298
-122.005777
-80.522084
-92.723171
-134.206863
-107.364474
48.809428
-56.119912
-202.532945
-119.565560
-17.076437
21.967039
-17.076437
-70.761216
-90.282953
12.206170
102.494207
-34.157957
-97.603605
-2.435133
82.972469
63.450732
41.488777
31.727908
31.727908
107.374641
58.570297
31.727908
97.613773
92.733338
82.972469
126.896379
136.657248
107.374641
148.858334
148.858334
65.890949
46.369211
122.015945
168.380072
148.858334
139.097465
117.135510
87.852904
112.255076
134.217031
109.814859
114.695293
92.733338
82.972469
117.135510
36.608342
19.526822
73.211600
61.010514
46.369211
29.287690
36.608342
17.086604
-31.717740
-7.315568
2.445301
-26.837306
-39.038392
-70.761216
-68.320998
-24.397088
-80.522084
-122.005777
-56.119912
-24.397088
-82.962302
-170.810122
-153.728601
-100.043822
-48.799261
-58.560129
-158.609036
-168.369904
-139.087298
-75.641650
-41.478609
-134.206863
-192.772077
-202.532945
-90.282953
43.928994
-17.076437
-183.011208
-212.293814
-73.201433
-31.717740
-12.196002
-39.038392
-153.728601
-100.043822
-26.837306
9.765953
43.928994
-7.315568
-80.522084
-107.364474
31.727908
112.255076
65.890949
14.646387
-53.679695
7.325735
70.771383
92.733338
168.380072
70.771383
-43.918826
73.211600
236.706154
212.303982
4.885518
-65.880781
124.456162
246.467023
209.863765
161.059420
70.771383
68.331166
117.135510
185.461593
202.543113
78.092035
90.293121
146.418117
153.738769
139.097465
31.727908
34.168125
80.532252
124.456162
148.858334
7.325735
-53.679695
53.689863
87.852904
48.809428
-29.277523
-80.522084
-36.598175
-19.516654
-29.277523
-31.717740
-58.560129
-92.723171
-70.761216
-90.282953
-175.690556
-61.000347
-2.435133
-170.810122
-178.130773
-48.799261
-58.560129
-214.734032
-214.734032
-90.282953
-78.081867
-82.962302
-170.810122
-185.451425
-48.799261
-143.967732
-161.049253
-46.359043
-146.407949
-175.690556
-129.326429
-53.679695
-104.924257
-148.848167
65.890949
34.168125
-202.532945
-217.174249
-124.445994
-19.516654
168.380072
165.939855
-207.413380
-200.092728
192.782244
68.331166
-143.967732
85.412686
126.896379
-43.918826
68.331166
107.374641
-56.119912
300.151802
427.043097
-222.054683
-270.859028
346.515929
473.407224
90.293121
-43.918826
129.336596
209.863765
273.309412
273.309412
58.570297
-26.837306
200.102896
280.630064
273.309412
200.102896
-73.201433
-68.320998
175.700724
322.113757
187.901810
-39.038392
58.570297
124.456162
46.369211
12.206170
-36.598175
-63.440564
-2.435133
122.015945
73.211600
-143.967732
-212.293814
-78.081867
70.771383
73.211600
-104.924257
-300.141634
-197.652511
14.646387
17.086604
-68.320998
-168.369904
-217.174249
-168.369904
-92.723171
-73.201433
-131.766646
-148.848167
-136.647081
-156.168818
-180.570990
-173.250339
-80.522084
36.608342
-112.244908
-397.750323
-192.772077
70.771383
-114.685126
-244.016638
-58.560129
73.211600
-102.484039
-136.647081
7.325735
-146.407949
-131.766646
70.771383
-141.527515
-190.331859
143.977900
185.461593
-46.359043
-80.522084
107.374641
117.135510
61.010514
126.896379
97.613773
73.211600
-36.598175
7.325735
395.320273
444.124618
97.613773
-295.261200
-200.092728
517.331134
722.309381
112.255076
-241.576421
-65.880781
241.586589
585.657217
429.483315
-261.098159
-283.060114
329.434408
451.445269
204.983330
139.097465
-34.157957
-268.418810
39.048559
461.206138
280.630064
-92.723171
-178.130773
-68.320998
80.532252
168.380072
19.526822
-290.380765
-383.109020
-114.685126
185.461593
78.092035
-209.853597
-214.734032
-9.755785
53.689863
-153.728601
-344.065544
-234.255769
-34.157957
2.445301
-87.842736
-163.489470
-100.043822
-78.081867
-136.647081
-156.168818
-168.369904
-141.527515
-146.407949
-209.853597
-192.772077
-65.880781
43.928994
-112.244908
-324.543806
-114.685126
58.570297
-43.918826
-31.717740
-295.261200
-546.603573
-82.962302
429.483315
270.869195
-207.413380
-224.494900
87.852904
-78.081867
-190.331859
251.347457
324.553974
-82.962302
-331.864458
-65.880781
527.092003
483.168093
-41.478609
-190.331859
107.374641
463.646356
390.439839
134.217031
146.418117
312.352888
319.673540
109.814859
195.222461
483.168093
309.912671
14.646387
-19.516654
-29.277523
102.494207
322.113757
273.309412
26.847473
-143.967732
-7.315568
278.189847
256.227892
-7.315568
-126.886212
-46.359043
51.249645
65.890949
29.287690
-90.282953
-175.690556
-100.043822
-65.880781
-109.804691
-109.804691
-92.723171
-219.614466
-348.945979
-146.407949
-12.196002
-124.445994
-131.766646
-217.174249
-361.147065
-219.614466
56.130080
29.287690
-309.902503
-419.712278
-226.935118
-46.359043
70.771383
-4.875351
-178.130773
-204.973163
-82.962302
39.048559
-75.641650
-334.304675
-309.902503
-82.962302
-36.598175
-92.723171
-100.043822
-53.679695
-26.837306
-85.402519
-43.918826
63.450732
136.657248
163.499638
68.331166
9.765953
26.847473
151.298551
329.434408
202.543113
-41.478609
148.858334
417.282228
82.972469
-183.011208
312.352888
624.700692
222.064851
78.092035
473.407224
639.341995
605.178954
551.494176
222.064851
-36.598175
170.820289
436.803966
151.298551
-292.820983
-273.299245
-109.804691
-65.880781
-80.522084
-153.728601
-204.973163
-200.092728
-165.929687
-119.565560
0.005084
29.287690
-224.494900
-353.826413
-143.967732
-19.516654
-214.734032
-429.473147
-341.625327
-148.848167
-109.804691
-65.880781
-9.755785
-70.761216
-100.043822
26.847473
168.380072
168.380072
12.206170
-122.005777
-124.445994
-90.282953
-129.326429
-229.375335
-244.016638
-190.331859
-214.734032
-187.891642
-29.277523
21.967039
-163.489470
-356.266630
-258.657942
-34.157957
-48.799261
-231.815552
-280.619897
-129.326429
12.206170
-2.435133
53.689863
165.939855
114.695293
48.809428
161.059420
366.037667
390.439839
207.423547
170.820289
348.956146
475.847442
439.244183
383.119187
495.369179
527.092003
417.282228
492.928962
751.591988
1007.814796
968.771320
492.928962
-36.598175
-39.038392
265.988761
-87.842736
-836.989423
-946.799198
-666.174217
-649.092697
-710.098127
-566.125311
-480.717709
-539.282922
-405.070975
-53.679695
173.260506
78.092035
-158.609036
-219.614466
7.325735
197.662679
-17.076437
-302.581851
-204.973163
26.847473
41.488777
141.537683
380.678970
290.390933
43.928994
143.977900
400.200708
434.363749
156.178986
-204.973163
-309.902503
-263.538376
-312.342720
-363.587282
-441.674233
-607.609004
-722.299213
-539.282922
-158.609036
-100.043822
-390.429671
-549.043791
-366.027499
-107.364474
-43.918826
-58.560129
-43.918826
-21.956871
124.456162
385.559405
566.135479
490.488745
270.869195
241.586589
434.363749
531.972438
409.961577
258.668109
212.303982
283.070281
456.325704
617.380040
624.700692
553.934393
539.293089
666.184385
912.646324
1071.260443
1142.026743
1078.581095
478.287659
-312.342720
-429.473147
-156.168818
-622.250307
-1591.016544
-1788.674138
-1351.875256
-1093.212231
-1002.924194
-880.913333
-712.538344
-480.717709
-122.005777
256.227892
551.494176
551.494176
158.619203
-51.239478
317.233322
641.782213
319.673540
-141.527515
-109.804691
195.222461
387.999622
470.967007
505.130048
366.037667
124.456162
82.972469
187.901810
97.613773
-373.348151
-885.793767
-1002.924194
-861.391595
-727.179648
-754.022037
-1034.647017
-1149.337227
-651.532914
-34.157957
19.526822
-109.804691
-4.875351
107.374641
241.586589
458.765921
466.086573
280.630064
224.505068
326.994191
468.526790
566.135479
402.640925
117.135510
119.575728
300.151802
300.151802
136.657248
53.689863
117.135510
212.303982
305.032236
422.162663
634.461561
756.472422
702.787643
780.874594
1102.983267
1400.689768
1478.776719
1347.004989
653.983299
-451.435102
-785.744861
-497.799229
-1015.125280
-2066.858902
-2276.717582
-1793.554573
-1405.560035
-1061.489407
-695.456824
-463.636188
-190.331859
258.668109
702.787643
1017.575665
971.211537
429.483315
78.092035
407.521360
688.146340
356.276798
-151.288384
-263.538376
0.005084
209.863765
302.592019
387.999622
239.146371
-95.163388
-234.255769
-100.043822
-129.326429
-641.772045
-1205.462223
-1351.875256
-1137.136141
-780.864427
-617.369873
-868.712247
-954.119849
-344.065544
402.640925
566.135479
348.956146
234.265937
200.102896
297.711585
505.130048
458.765921
183.021375
-4.875351
29.287690
319.673540
549.053958
305.032236
-100.043822
-124.445994
180.581158
356.276798
283.070281
195.222461
143.977900
241.586589
653.983299
1071.260443
1090.782181
851.640894
922.407193
1361.646293
1715.477789
1803.325609
1349.445206
95.173555
-1044.407886
-1046.848104
-868.712247
-1705.706753
-2657.391469
-2696.434944
-2140.065418
-1398.239383
-688.136172
-244.016638
-2.435133
353.836581
932.168062
1500.738674
1705.716921
1246.956083
497.809397
219.624634
497.809397
610.059389
109.814859
-466.076405
-558.804660
-292.820983
26.847473
229.385502
192.782244
-102.484039
-405.070975
-412.391626
-241.576421
-378.228585
-976.081804
-1644.701322
-1927.766520
-1498.288289
-712.538344
-434.353581
-544.163356
-197.652511
500.249614
980.972406
1285.999559
1259.157169
710.108295
300.151802
412.401794
527.092003
270.869195
-241.576421
-722.299213
-727.179648
-305.022069
-163.489470
-422.152495
-524.641619
-370.907934
-114.685126
265.988761
546.613741
512.450700
429.483315
597.858303
1037.097402
1520.260412
1566.624539
1242.075649
1224.994128
1610.548449
1925.336470
2113.233196
1844.809302
383.119187
-1381.157863
-1661.782843
-1224.983961
-2047.337164
-3391.896852
-3574.913144
-2835.527326
-1903.364348
-990.723108
-358.706848
63.450732
605.178954
1264.037604
1986.341901
2540.271210
2181.559278
1017.575665
466.086573
878.483283
1024.896316
302.592019
-617.369873
-949.239415
-685.695955
-358.706848
-214.734032
-212.293814
-475.837274
-880.913333
-878.473115
-473.397057
-424.592712
-1129.815489
-1908.244782
-1774.032835
-993.163325
-500.239446
-285.500331
156.178986
695.466991
1085.901747
1454.374547
1681.314748
1412.890854
768.673508
124.456162
-146.407949
-29.277523
-241.576421
-971.201370
-1300.630694
-922.397025
-524.641619
-485.598143
-497.799229
-253.777507
73.211600
331.874626
629.581127
961.450668
1059.059357
956.570234
1190.831087
1720.358224
1749.640831
1278.678907
1232.314780
1705.716921
2032.706028
2047.347331
1368.966944
-358.706848
-1805.755659
-1825.277397
-1918.005651
-3167.396868
-4026.353329
-3665.201181
-2847.728412
-1764.271966
-502.679664
326.994191
888.244152
1725.238658
2550.032079
3072.238564
3130.803777
2281.608184
1029.776751
551.494176
612.499606
141.537683
-805.266599
-1503.168724
-1654.462191
-1322.592649
-836.989423
-546.603573
-575.886180
-795.505730
-878.473115
-634.451393
-312.342720
-495.359012
-1188.380702
-1508.049158
-1071.250276
-544.163356
-87.842736
712.548512
1337.244120
1266.477821
1312.841948
1842.369085
1959.499511
1181.070218
119.575728
-619.810090
-919.956808
-1034.647017
-1429.962207
-1859.440438
-1744.750229
-1305.511129
-858.951378
-226.935118
414.842011
617.380040
578.336565
932.168062
1600.787580
1864.331040
1512.939760
1122.505005
1278.678907
1656.912576
1466.575633
1002.934361
1122.505005
1525.140846
1673.994097
1839.928868
1393.369116
-597.848135
-2637.869731
-2872.130584
-2728.157768
-3809.173997
-4697.413065
-4177.646797
-2842.847978
-1183.500268
385.559405
1403.129985
2293.809271
3262.575507
3789.662426
3975.118935
3828.705902
2620.798378
754.032205
-312.342720
-512.440532
-980.962239
-2030.255643
-2891.652322
-2850.168629
-2083.940422
-1300.630694
-822.348119
-553.924225
-463.636188
-429.473147
-180.570990
244.026806
285.510499
-285.500331
-744.261168
-463.636188
256.227892
937.048496
1320.162600
1205.472390
966.331103
1146.907177
1320.162600
871.162631
-90.282953
-1220.103526
-1976.570864
-1898.483913
-1471.445900
-1456.804597
-1676.424146
-1495.848072
-653.973131
485.608311
1171.309349
1120.064788
939.488713
1198.151739
1671.553879
1881.412560
1659.352793
1124.945222
749.151770
959.010451
1386.048465
1376.287596
1063.939792
1015.135447
1403.129985
2035.146245
2103.472327
339.195277
-2596.386038
-3877.500079
-3282.087077
-3552.951189
-4824.304360
-4795.021754
-3230.842515
-1320.152432
739.390901
2632.999464
3594.445049
3962.917849
4287.466739
4443.640641
4270.385219
3072.238564
541.733307
-1634.940454
-2030.255643
-1905.804565
-2657.391469
-3509.027279
-3477.304455
-2654.951252
-1459.244814
-307.462286
353.836581
395.320273
139.097465
95.173555
531.972438
973.651755
541.733307
-473.397057
-685.695955
175.700724
1015.135447
1307.961514
1249.396300
829.678939
395.320273
458.765921
534.412655
-175.690556
-1476.326334
-2452.413222
-2428.011050
-1761.831749
-1408.000252
-1456.804597
-1137.136141
-297.701417
651.543082
1490.977805
1927.776688
1781.363654
1432.412592
1322.602817
1486.097371
1544.662584
1041.977837
234.265937
56.130080
580.776782
934.608279
868.722414
912.646324
1232.314780
1600.787580
2027.825594
2015.624508
331.874626
-2567.103432
-4136.163104
-3767.690304
-3648.119660
-4448.510908
-4375.304392
-2728.157768
-368.467716
1954.619077
3526.118967
4136.173272
4397.276514
4441.200424
4043.445017
3335.782024
1835.048433
-722.299213
-2789.163199
-3223.521864
-2945.337101
-3052.706658
-3416.299024
-3240.603384
-2132.744766
-492.918795
763.793074
1185.950653
1066.380009
773.553943
632.021344
810.157201
902.885455
414.842011
-480.717709
-944.358980
-395.310106
714.988729
1266.477821
719.869164
-126.886212
-136.647081
424.602880
302.592019
-758.902472
-1925.326303
-2525.619739
-2203.511066
-1207.902440
-478.277491
-439.234016
-451.435102
109.814859
1237.195214
2193.760365
2040.026680
1024.896316
524.651786
966.331103
1386.048465
1137.146308
419.722446
-209.853597
-14.636220
858.961545
1388.488682
1229.874563
978.532189
1054.178923
1551.983236
2291.369053
2013.184290
-453.875319
-3565.152275
-4458.271777
-3448.021848
-3313.809901
-4187.407666
-3765.250087
-1691.065450
734.510467
2872.140752
4219.140657
4404.597166
4050.765669
3677.412434
3225.972249
2464.624476
632.021344
-2183.989328
-3911.663120
-3535.869668
-2737.918637
-2786.722981
-2967.299056
-2435.331702
-1149.337227
453.885487
1522.700629
1661.793011
1193.271304
544.173524
287.950716
705.227860
998.053927
275.749630
-910.195939
-1168.858965
-170.810122
932.168062
944.369148
39.048559
-585.647049
-329.424241
129.336596
-14.636220
-822.348119
-1710.587187
-1976.570864
-1371.396994
-436.793799
34.168125
-114.685126
-444.114450
-239.136204
861.401762
1844.809302
1510.499543
561.255044
422.162663
1029.776751
1512.939760
1359.206075
605.178954
17.086604
258.668109
810.157201
1024.896316
973.651755
797.956115
707.668078
1195.711522
2093.711459
2193.760365
348.956146
-2698.875162
-4189.847883
-3274.766425
-2657.391469
-3606.635967
-3860.418558
-2135.184984
300.151802
2432.901652
3750.618951
3972.678718
3731.097213
3426.070061
2950.227703
2347.494049
961.450668
-1683.744798
-3777.451173
-3660.320746
-2664.712120
-2489.016481
-2820.886023
-2601.266473
-1422.641555
309.912671
1561.744105
1742.320179
1295.760428
839.439807
683.265905
898.005021
1022.456099
466.086573
-663.734000
-1471.445900
-1105.413317
156.178986
990.733275
339.195277
-1002.924194
-1063.929624
209.863765
675.945254
-605.168787
-2093.701291
-2188.869763
-1020.005714
134.217031
373.358318
56.130080
-63.440564
204.983330
946.809365
1764.282134
1512.939760
202.543113
-412.391626
461.206138
1503.178891
1337.244120
263.548544
-258.657942
549.053958
1608.108232
1652.032142
1151.787612
1032.216968
1190.831087
1490.977805
2066.869069
1783.803872
-741.820951
-3931.184858
-4663.250024
-3235.722950
-2798.924068
-3765.250087
-3506.587061
-1142.016575
1710.597355
3623.727655
4265.504784
4084.928710
3711.575475
3140.564646
2362.135353
1447.053895
-412.391626
-3152.755564
-4548.559814
-3648.119660
-2415.809964
-2264.516496
-2428.011050
-1893.603479
-390.429671
1398.249551
2162.037541
1664.233228
951.689800
597.858303
490.488745
617.380040
605.178954
-95.163388
-1068.810059
-1398.239383
-775.983992
446.564835
1105.423484
119.575728
-1356.755691
-1059.049190
431.923532
580.776782
-863.831812
-2071.739336
-1964.369778
-734.500299
441.684401
483.168093
-41.478609
-112.244908
265.988761
1015.135447
1827.727782
1359.206075
-185.451425
-529.522053
697.907209
1639.831056
1332.363686
314.793105
-209.853597
583.216999
1678.874531
1603.227797
927.287627
785.755029
978.532189
1429.972375
2249.885361
1971.700598
-712.538344
-3875.059862
-4414.347867
-2869.690367
-2508.538218
-3706.684873
-3591.994664
-1085.891579
1920.456036
3670.091783
4014.162411
3750.618951
3504.157012
3047.836392
2254.765795
1271.358255
-578.326397
-3308.929467
-4626.646765
-3487.065324
-2142.505635
-2110.782812
-2354.804534
-1744.750229
-102.484039
1744.760396
2332.852746
1556.863670
783.314811
600.298520
575.896348
573.456130
397.760491
-353.826413
-1461.685031
-1878.962176
-705.217693
1037.097402
1002.934361
-763.782906
-1454.364379
-61.000347
1098.102833
326.994191
-1259.147002
-1903.364348
-1383.598080
-585.647049
-61.000347
178.140941
0.005084
-400.190540
-21.956871
1344.564772
2022.945159
915.086541
-451.435102
-156.168818
1232.314780
1786.244089
946.809365
-56.119912
19.526822
856.521328
1332.363686
1188.390870
917.526759
819.918070
973.651755
1654.472359
2591.515771
2179.119061
-690.576389
-3857.978341
-4184.967449
-2669.592555
-2791.603416
-4165.445711
-3570.032709
-807.706816
1925.336470
3574.923311
4121.531968
3943.396111
3587.124397
3006.352699
2144.956020
1083.461529
-973.641587
-3794.532693
-4848.706532
-3433.380545
-2105.902377
-2176.668676
-2264.516496
-1303.070912
444.124618
2066.869069
2442.662521
1632.510404
836.999590
529.532221
390.439839
305.032236
100.053990
-610.049221
-1537.331765
-1742.310011
-739.380734
658.863733
793.075680
-468.516622
-1081.011145
-58.560129
976.091972
517.331134
-844.310074
-1683.744798
-1327.473084
-336.744893
122.015945
-229.375335
-597.848135
-539.282922
31.727908
1046.858271
1583.706060
905.325672
36.608342
322.113757
1317.722383
1752.081048
1161.548481
156.178986
-119.565560
617.380040
1242.075649
937.048496
427.043097
529.532221
1098.102833
1839.928868
2596.396206
2415.820132
48.809428
-3225.962081
-4138.603321
-2779.402330
-2674.472989
-4221.570707
-4148.364190
-1405.560035
1888.733212
3782.341775
3999.521107
3626.167873
3643.249393
3479.754840
2435.341869
1007.814796
-983.402456
-3699.364222
-5000.000000
-3721.326177
-2181.549111
-2118.103463
-2342.603447
-1437.282859
510.010483
2362.135353
2757.450542
1713.037572
717.428946
519.771352
536.852872
248.907240
-241.576421
-944.358980
-1891.163262
-2191.309980
-744.261168
1290.879993
1146.907177
-832.108988
-1234.744830
561.255044
1715.477789
600.298520
-1442.163293
-2274.277365
-1320.152432
-85.402519
7.325735
-490.478577
-685.695955
-536.842705
248.907240
1539.782150
1776.483220
461.206138
-444.114450
378.238753
1749.640831
2005.863639
863.841980
-395.310106
-292.820983
902.885455
1530.021281
980.972406
317.233322
483.168093
1295.760428
2157.157106
2718.407067
2242.564709
-158.609036
-3167.396868
-3889.701165
-2625.668645
-2684.233858
-4287.456572
-4202.048969
-1334.793736
2059.548417
3823.825468
3833.586336
3450.472233
3540.760270
3350.423327
2313.331008
890.684369
-1190.820920
-3831.135952
-4882.869573
-3465.103369
-1966.809996
-1998.532819
-2264.516496
-1305.511129
700.347426
2396.298394
2552.472296
1483.657154
607.619172
463.646356
475.847442
239.146371
-268.418810
-961.440501
-1564.174154
-1722.788274
-939.478546
610.059389
1176.189784
-202.532945
-1339.674170
-173.250339
1469.015850
951.689800
-1022.445931
-2025.375209
-1210.342657
119.575728
229.385502
-766.223123
-1117.614403
-451.435102
217.184416
836.999590
1427.532157
1046.858271
87.852904
283.070281
1459.254981
1886.292995
1054.178923
-141.527515
-407.511192
558.814827
1290.879993
768.673508
107.374641
431.923532
1261.597387
1959.499511
2518.309255
2620.798378
1234.754997
-1744.750229
-3894.581599
-3323.570770
-2452.413222
-3792.092476
-4804.782622
-2510.978436
1315.282165
3528.559184
3714.015693
3345.542892
3567.602659
3821.385250
2796.494018
898.005021
-876.032898
-2940.456666
-4729.135889
-4314.298961
-2406.049095
-1666.663277
-2061.978467
-1530.011113
402.640925
2352.374484
2855.059231
1771.602786
580.776782
395.320273
492.928962
43.928994
-622.250307
-1093.212231
-1478.766552
-1752.070880
-1200.581788
431.923532
1439.733244
317.233322
-1027.326366
-102.484039
1603.227797
1193.271304
-873.592681
-2162.027373
-1691.065450
-422.152495
12.206170
-675.935086
-1012.685063
-439.234016
231.825720
985.852841
1698.396269
1207.912608
7.325735
90.293121
1281.119124
1717.918007
912.646324
-307.462286
-717.418779
265.988761
1315.282165
1088.341964
449.005052
629.581127
1344.564772
1998.542987
2452.423390
2564.673382
1683.754966
-829.668771
-3533.429451
-3855.538124
-2742.799071
-3350.413159
-4736.456540
-3399.217504
283.070281
3130.803777
3904.352636
3545.640704
3421.189626
3699.374389
3111.282039
1366.526727
-458.755754
-2406.049095
-4424.108736
-4641.288069
-2835.527326
-1586.136109
-1783.793704
-1598.337195
-21.956871
1930.216905
2801.374452
2083.950590
795.515898
207.423547
222.064851
87.852904
-429.473147
-1007.804628
-1303.070912
-1447.043728
-1337.233953
-239.136204
1278.678907
1124.945222
-514.880750
-846.750292
629.581127
1410.450637
151.298551
-1783.793704
-2188.869763
-705.217693
439.244183
-290.380765
-1322.592649
-1037.087235
-119.565560
685.706123
1339.684338
1329.923469
629.581127
290.390933
873.602849
1659.352793
1539.782150
344.075712
-644.212262
-241.576421
810.157201
1068.820226
534.412655
224.505068
749.151770
1703.276703
2315.771226
2574.434251
2484.146214
858.961545
-2279.157800
-3962.907681
-3050.266441
-2706.195813
-4333.820699
-4668.130458
-1720.348056
2103.472327
3943.396111
3618.847221
3018.553785
3526.118967
3850.667857
2347.494049
104.934424
-1615.418716
-3428.500110
-4702.293499
-3782.331607
-1959.489344
-1559.293720
-1815.516528
-856.511160
1151.787612
2708.646198
2632.999464
1207.912608
163.499638
295.271367
400.200708
-326.984024
-1095.652448
-1320.152432
-1349.435039
-1310.391563
-690.576389
517.331134
1100.543050
312.352888
-470.956840
129.336596
1076.140878
656.423516
-941.918763
-2008.293688
-1434.842642
-234.255769
-183.011208
-929.717677
-900.435070
-197.652511
407.521360
1049.298488
1464.135416
1039.537620
380.678970
468.526790
1100.543050
1405.570203
771.113725
-405.070975
-671.054652
305.032236
1068.820226
968.771320
773.553943
1002.934361
1571.504973
2196.200582
2452.423390
2298.689705
1405.570203
-1015.125280
-3633.478357
-3945.826161
-2955.097970
-3428.500110
-4263.054400
-2676.913207
732.070250
3460.233102
4228.901526
3526.118967
3028.314654
3330.901589
2740.369022
668.624602
-1288.429608
-2837.967543
-4336.260916
-4287.456572
-2503.657784
-1366.516559
-1444.603510
-959.000284
571.015913
2054.667983
2554.912513
1720.358224
414.842011
-36.598175
141.537683
-102.484039
-744.261168
-1117.614403
-1139.576358
-1102.973100
-880.913333
-19.516654
922.407193
617.380040
-458.755754
-336.744893
898.005021
1105.423484
-329.424241
-1761.831749
-1644.701322
-385.549237
2.445301
-1041.967669
-1581.255675
-646.652480
363.597450
783.314811
1190.831087
1278.678907
768.673508
668.624602
1273.798473
1478.776719
785.755029
-180.570990
-588.087266
-134.206863
524.651786
646.662647
524.651786
783.314811
1425.091940
2018.064725
2242.564709
2223.042971
2071.749504
968.771320
-1527.570896
-3540.750102
-3535.869668
-3167.396868
-3826.255517
-3792.092476
-1600.777413
1488.537588
3509.037446
3740.858082
3223.532031
3328.461372
3372.385282
1927.776688
-207.413380
-1708.146970
-3101.511003
-4277.695703
-3772.570738
-2149.826287
-1322.592649
-1149.337227
-326.984024
1098.102833
2152.276672
2186.439713
1288.439776
341.635495
26.847473
-73.201433
-439.234016
-836.989423
-1054.168755
-1129.815489
-983.402456
-505.119881
134.217031
502.689831
339.195277
4.885518
183.021375
651.543082
468.526790
-497.799229
-1320.152432
-1232.304612
-644.212262
-551.484008
-1090.772014
-1239.625264
-434.353581
546.613741
1022.456099
1185.950653
1203.032173
1112.744136
1115.184353
1059.059357
678.385471
190.342027
-165.929687
-356.266630
-178.130773
326.994191
675.945254
834.559373
1146.907177
1598.347363
2042.466897
2213.282102
2030.265811
1847.249519
1041.977837
-1351.875256
-3755.489218
-3977.548985
-3247.924036
-3455.342500
-3328.451204
-1412.880687
1356.765858
3513.917881
4067.847190
3301.618982
2938.026617
3033.195088
1776.483220
-480.717709
-1954.608909
-3055.146876
-4153.244625
-3750.608783
-2061.978467
-1081.011145
-783.304644
14.646387
1144.466960
1966.820163
2140.075586
1373.847379
202.543113
-322.103589
-258.657942
-431.913364
-932.157894
-1161.538313
-966.320935
-749.141603
-502.679664
58.570297
583.216999
529.532221
141.537683
43.928994
324.553974
400.200708
-353.826413
-1451.924162
-1615.418716
-912.636156
-700.337258
-1010.244845
-768.663341
-26.837306
617.380040
1163.988698
1527.581064
1417.771289
993.173492
622.260475
473.407224
451.445269
173.260506
-383.109020
-546.603573
-82.962302
461.206138
922.407193
1334.803903
1495.858240
1620.309318
1993.662553
2227.923406
2147.396237
1881.412560
644.222430
-1925.326303
-3911.663120
-3831.135952
-3164.956651
-3360.174028
-3194.239257
-1254.266567
1776.483220
3982.439587
4053.205886
2920.945096
2667.162505
2896.542924
1542.222367
-810.147033
-2279.157800
-3218.641429
-4040.994633
-3487.065324
-1766.712183
-724.739431
-492.918795
65.890949
1122.505005
2081.510372
2179.119061
1046.858271
-248.897073
-470.956840
-187.891642
-466.076405
-1037.087235
-1178.619833
-861.391595
-456.315536
-178.130773
70.771383
424.602880
595.418085
295.271367
-117.125343
-92.723171
117.135510
-280.619897
-1217.663309
-1576.375240
-966.320935
-385.549237
-478.277491
-666.174217
-261.098159
578.336565
1271.358255
1461.695199
1212.793042
807.716984
453.885487
275.749630
292.831150
204.983330
-158.609036
-441.674233
-195.212294
531.972438
1281.119124
1612.988666
1466.575633
1339.684338
1676.434314
2088.831024
2042.466897
1647.151707
690.586557
-1325.032867
-3330.891422
-3633.478357
-2962.418621
-3011.222966
-3130.793609
-1698.386101
1129.825657
3626.167873
4072.727624
2735.488587
1988.782118
2486.586431
1976.581032
-204.973163
-2105.902377
-3084.429482
-3653.000095
-3186.918606
-1734.989360
-719.858996
-463.636188
-100.043822
744.271336
1788.684306
2164.477758
1129.825657
-363.587282
-714.978562
-195.212294
-143.967732
-785.744861
-1305.511129
-1054.168755
-275.739462
185.461593
104.934424
17.086604
190.342027
322.113757
204.983330
-70.761216
-212.293814
-319.663372
-795.505730
-1166.418747
-824.788337
-407.511192
-585.647049
-797.945947
-380.668803
441.684401
1105.423484
1215.233259
929.727845
866.282197
963.890886
588.097434
-48.799261
-270.859028
-200.092728
-204.973163
-158.609036
151.298551
741.831119
1464.135416
1893.613647
1903.374515
1827.727782
1788.684306
1691.075617
1634.950621
1351.885424
-53.679695
-2459.733874
-3984.869636
-3577.353361
-2669.592555
-2613.467559
-2432.891485
-673.494869
2191.320147
4119.091751
3748.178734
2271.847316
1774.043003
1915.575601
937.048496
-937.038329
-2381.646923
-3316.250118
-3567.592492
-2501.217567
-954.119849
-251.337290
-148.848167
222.064851
1037.097402
1817.966913
1652.032142
331.874626
-846.750292
-873.592681
-326.984024
-248.897073
-729.619865
-1010.244845
-595.407918
117.135510
431.923532
270.869195
21.967039
-17.076437
129.336596
48.809428
-366.027499
-641.772045
-663.734000
-744.261168
-819.907902
-736.940517
-561.244877
-300.141634
-48.799261
80.532252
375.798536
902.885455
1120.064788
888.244152
614.939823
412.401794
165.939855
-107.364474
-231.815552
-95.163388
92.733338
146.418117
400.200708
1181.070218
1983.901684
2101.032110
1652.032142
1320.162600
1464.135416
1698.396269
1520.260412
854.081111
-524.641619
-2513.418653
-3728.646828
-3284.527294
-2474.375177
-2420.690398
-2081.500205
-224.494900
2569.553816
4243.542829
3460.233102
1749.640831
1461.695199
1842.369085
734.510467
-1329.913301
-2706.195813
-3279.646860
-3142.994696
-2025.375209
-673.494869
-68.320998
9.765953
300.151802
1054.178923
1700.836486
1310.401731
-65.880781
-1144.456792
-1005.364411
-275.739462
-163.489470
-688.136172
-810.147033
-239.136204
307.472454
529.532221
461.206138
17.086604
-341.625327
-236.695987
-156.168818
-387.989454
-636.891611
-902.875288
-973.641587
-427.032930
4.885518
-344.065544
-619.810090
-268.418810
200.102896
549.053958
797.956115
739.390901
612.499606
656.423516
571.015913
231.825720
-126.886212
-278.179679
-122.005777
180.581158
375.798536
580.776782
1000.494144
1532.461498
1979.021249
2010.744073
1588.586494
1256.716952
1351.885424
1490.977805
1085.901747
-417.272061
-2672.032772
-3857.978341
-3164.956651
-2254.755627
-2244.994759
-1954.608909
-187.891642
2493.907083
4148.374358
3474.874405
1822.847347
1300.640862
1344.564772
292.831150
-1403.119818
-2564.663214
-3177.157737
-3069.788179
-1857.000221
-356.266630
326.994191
300.151802
366.037667
919.966976
1451.934330
1005.374578
-363.587282
-1334.793736
-1110.293751
-331.864458
0.005084
-292.820983
-412.391626
126.896379
546.613741
344.075712
97.613773
-58.560129
-427.032930
-622.250307
-458.755754
-414.831844
-439.234016
-427.032930
-610.049221
-505.119881
26.847473
-61.000347
-675.935086
-556.364442
53.689863
363.597450
663.744168
912.646324
795.515898
685.706123
580.776782
168.380072
-178.130773
-209.853597
-212.293814
-90.282953
258.668109
588.097434
1005.374578
1610.548449
2032.706028
1996.102770
1591.026711
1146.907177
1046.858271
1227.434345
1107.863702
158.619203
-1627.619802
-3274.766425
-3465.103369
-2513.418653
-1986.331733
-1974.130647
-1024.886149
1329.923469
3611.526569
3909.233070
2298.689705
1034.657185
1120.064788
876.043066
-663.734000
-2201.070849
-2869.690367
-2903.853408
-2154.706721
-732.060082
329.434408
490.488745
268.428978
319.673540
807.716984
985.852841
85.412686
-1129.815489
-1295.750260
-463.636188
229.385502
195.222461
-158.609036
-56.119912
434.363749
387.999622
-122.005777
-239.136204
-302.581851
-797.945947
-919.956808
-429.473147
-131.766646
-187.891642
-473.397057
-678.375303
-65.880781
546.613741
-263.538376
-1181.060051
-551.484008
385.559405
519.771352
583.216999
775.994160
829.678939
836.999590
475.847442
-102.484039
-217.174249
-195.212294
-297.701417
117.135510
749.151770
883.363717
1059.059357
1695.956052
2125.434282
1947.298425
1329.923469
734.510467
810.157201
1339.684338
1163.988698
-322.103589
-2364.565402
-3528.549016
-3074.668613
-2052.217598
-1764.271966
-1647.141540
-309.902503
2169.358192
3943.396111
3445.591798
1554.423453
529.532221
614.939823
117.135510
-1200.581788
-2196.190414
-2635.429514
-2542.701259
-1437.282859
117.135510
758.912639
370.918101
-29.277523
117.135510
522.211569
497.809397
-341.625327
-1222.543743
-1012.685063
-2.435133
561.255044
363.597450
124.456162
170.820289
178.140941
-63.440564
-368.467716
-619.810090
-832.108988
-783.304644
-358.706848
14.646387
0.005084
-236.695987
-429.473147
-353.826413
-51.239478
-134.206863
-761.342689
-934.598111
-239.136204
417.282228
607.619172
797.956115
1068.820226
1098.102833
797.956115
265.988761
-253.777507
-546.603573
-571.005746
-241.576421
336.755060
741.831119
924.847410
1349.445206
2066.869069
2408.499480
1861.890823
905.325672
449.005052
746.711553
1229.874563
1083.461529
-270.859028
-2315.761058
-3396.777286
-2845.288195
-1874.081741
-1615.418716
-1615.418716
-485.598143
2018.064725
3940.955894
3269.896159
1137.146308
178.140941
446.564835
212.303982
-888.233984
-1979.011082
-2493.896915
-2249.875193
-1254.266567
21.967039
685.706123
307.472454
-366.027499
-270.859028
348.956146
456.325704
-226.935118
-988.282890
-944.358980
9.765953
824.798504
624.700692
78.092035
9.765953
36.608342
-207.413380
-395.310106
-507.560098
-793.065513
-885.793767
-473.397057
153.738769
475.847442
7.325735
-919.956808
-993.163325
-9.755785
356.276798
-580.766615
-1285.989391
-541.723139
856.521328
1408.010420
895.564804
478.287659
712.548512
780.874594
207.423547
-395.310106
-641.772045
-614.929656
-190.331859
505.130048
1049.298488
1264.037604
1307.961514
1564.184322
2081.510372
2147.396237
1320.162600
390.439839
307.472454
956.570234
1322.602817
222.064851
-2125.424115
-3601.755533
-3045.386007
-1847.239352
-1488.527420
-1556.853503
-651.532914
1681.314748
3740.858082
3443.151581
1500.738674
295.271367
190.342027
-109.804691
-939.478546
-1739.869794
-2196.190414
-2149.826287
-1386.038297
-63.440564
907.765890
653.983299
-265.978593
-524.641619
-4.875351
292.831150
-163.489470
-873.592681
-917.516591
-29.277523
839.439807
800.396332
290.390933
-12.196002
-73.201433
-107.364474
-331.864458
-666.174217
-732.060082
-639.331828
-619.810090
-305.022069
241.586589
229.385502
-427.032930
-924.837243
-722.299213
12.206170
251.347457
-544.163356
-927.277460
156.178986
1310.401731
1276.238690
653.983299
285.510499
331.874626
358.717015
-178.130773
-785.744861
-649.092697
-92.723171
451.445269
1059.059357
1400.689768
1354.325641
1461.695199
1720.358224
1742.320179
1488.537588
844.320242
114.695293
331.874626
1337.244120
1427.532157
-370.907934
-2891.652322
-3857.978341
-2628.108862
-1190.820920
-1176.179616
-1461.685031
-100.043822
2606.157075
4155.695009
2908.744010
485.608311
-556.364442
-326.984024
-422.152495
-1061.489407
-1625.179585
-1903.364348
-1610.538281
-483.157926
849.200676
1188.390870
131.776814
-1149.337227
-1215.223092
-305.022069
200.102896
-287.940548
-985.842673
-690.576389
666.184385
1598.347363
1115.184353
68.331166
-453.875319
-446.554667
-390.429671
-546.603573
-780.864427
-822.348119
-588.087266
-165.929687
324.553974
612.499606
275.749630
-766.223123
-1610.538281
-1137.136141
119.575728
439.244183
-353.826413
-719.858996
158.619203
1447.053895
1722.798441
693.026774
-280.619897
-248.897073
97.613773
53.689863
-256.217724
-575.886180
-358.706848
683.265905
1652.032142
1808.206044
1420.211506
927.287627
844.320242
1327.483251
1432.412592
680.825688
58.570297
331.874626
1410.450637
2215.722320
810.157201
-2476.815395
-4314.298961
-3218.641429
-1434.842642
-956.560066
-1303.070912
-675.935086
1886.292995
4253.303698
3455.352667
585.657217
-998.043759
-856.511160
-566.125311
-663.734000
-1054.168755
-1483.646986
-1339.674170
-473.397057
636.901778
1224.994128
368.477884
-1395.799166
-1998.532819
-978.522021
100.053990
195.222461
-427.032930
-607.609004
566.135479
1854.570171
1432.412592
43.928994
-710.098127
-824.788337
-614.929656
-383.109020
-714.978562
-980.962239
-373.348151
222.064851
324.553974
500.249614
275.749630
-697.897041
-1398.239383
-1325.032867
-690.576389
187.901810
317.233322
-302.581851
0.005084
1300.640862
1756.961482
915.086541
-134.206863
-571.005746
-234.255769
109.814859
-170.810122
-305.022069
236.706154
810.157201
1183.510435
1415.331071
1163.988698
729.630033
717.428946
949.249582
1081.021312
932.168062
458.765921
424.602880
1481.216936
2528.070124
1566.624539
-1437.282859
-3955.587030
-3916.543554
-2262.076279
-1256.706785
-1254.266567
-773.543775
1224.994128
3643.249393
3928.754808
1539.782150
-902.875288
-1459.244814
-978.522021
-583.206832
-561.244877
-929.717677
-1105.413317
-468.516622
578.336565
1139.586526
497.809397
-1232.304612
-2364.565402
-1676.424146
-295.261200
326.994191
173.260506
-24.397088
449.005052
1415.331071
1530.021281
395.320273
-732.060082
-1151.777444
-1105.413317
-651.532914
-231.815552
-324.543806
-329.424241
78.092035
358.717015
417.282228
151.298551
-802.826382
-1705.706753
-1532.451330
-641.772045
165.939855
583.216999
463.646356
287.950716
700.347426
1115.184353
751.591988
12.206170
-495.359012
-610.049221
-214.734032
351.396363
483.168093
344.075712
449.005052
773.553943
1022.456099
966.331103
514.890917
156.178986
536.852872
1371.407161
1693.515834
1256.716952
751.591988
871.162631
1656.912576
2064.428852
390.439839
-2901.413191
-4673.010893
-3428.500110
-1227.424178
-251.337290
-407.511192
-163.489470
1671.553879
3633.488524
2879.461403
-85.402519
-1959.489344
-1688.625232
-627.130742
214.744199
287.950716
-287.940548
-495.359012
-146.407949
229.385502
417.282228
-305.022069
-2013.174123
-2674.472989
-1293.310043
427.043097
1088.341964
763.793074
124.456162
292.831150
1076.140878
785.755029
-475.837274
-1093.212231
-961.440501
-568.565528
112.255076
366.037667
-75.641650
-229.375335
-126.886212
-287.940548
-258.657942
-209.853597
-785.744861
-1193.261137
-812.587250
-312.342720
180.581158
678.385471
536.852872
102.494207
265.988761
553.934393
370.918101
78.092035
-204.973163
-346.505761
41.488777
544.173524
568.575696
392.880056
305.032236
331.874626
578.336565
768.673508
573.456130
400.200708
729.630033
1310.401731
1625.189752
1364.086510
744.271336
580.776782
1293.320210
1971.700598
898.005021
-2049.777381
-4299.657658
-3657.880529
-1376.277428
-14.636220
-80.522084
-173.250339
939.488713
2535.390775
2374.336439
65.890949
-1876.521958
-1778.913270
-580.766615
512.450700
1010.255013
722.309381
41.488777
-478.277491
-566.125311
-244.016638
-319.663372
-1486.087203
-2437.771919
-1637.380671
139.097465
1305.521296
1271.358255
358.717015
-263.538376
73.211600
287.950716
-248.897073
-595.407918
-451.435102
-229.375335
275.749630
727.189815
283.070281
-517.320967
-790.625295
-775.983992
-600.288352
-236.695987
-317.223155
-673.494869
-356.266630
158.619203
87.852904
-4.875351
104.934424
-70.761216
-131.766646
258.668109
466.086573
366.037667
334.314843
183.021375
46.369211
263.548544
344.075712
80.532252
134.217031
519.771352
734.510467
751.591988
624.700692
422.162663
524.651786
861.401762
1034.657185
1054.178923
937.048496
690.586557
832.119156
1612.988666
2018.064725
649.102864
-2157.146939
-4062.956588
-3389.456635
-1251.826350
109.814859
70.771383
-170.810122
680.825688
1998.542987
1720.358224
-268.418810
-1710.587187
-1405.560035
-222.054683
907.765890
1412.890854
993.173492
109.814859
-729.619865
-1149.337227
-832.108988
-573.445963
-1351.875256
-2115.663246
-1439.723076
178.140941
1454.374547
1505.619109
329.434408
-595.407918
-278.179679
180.581158
24.407256
-117.125343
-158.609036
-234.255769
48.809428
358.717015
217.184416
-92.723171
-688.136172
-1461.685031
-1239.625264
-34.157957
566.135479
192.782244
-346.505761
-524.641619
-39.038392
514.890917
29.287690
-868.712247
-695.456824
190.342027
702.787643
851.640894
732.070250
322.113757
34.168125
-31.717740
34.168125
375.798536
639.341995
422.162663
283.070281
546.613741
717.428946
610.059389
446.564835
422.162663
797.956115
1212.793042
932.168062
478.287659
836.999590
1717.918007
2137.635369
1139.586526
-1437.282859
-3735.967480
-3555.391406
-1620.299150
-214.734032
63.450732
4.885518
534.412655
1617.869101
1620.309318
-161.049253
-1634.940454
-1278.668739
-151.288384
702.787643
1227.434345
1176.189784
527.092003
-383.109020
-1293.310043
-1512.929593
-897.994853
-756.462254
-1381.157863
-1266.467653
-12.196002
1161.548481
1390.928899
607.619172
-473.397057
-758.902472
-424.592712
-339.185110
-263.538376
151.298551
402.640925
419.722446
429.483315
4.885518
-693.016607
-900.435070
-754.022037
-527.081836
-97.603605
124.456162
-90.282953
-153.728601
-114.685126
-329.424241
-427.032930
-366.027499
-461.195971
-229.375335
483.168093
883.363717
788.195246
507.570266
56.130080
-139.087298
143.977900
190.342027
-39.038392
136.657248
541.733307
739.390901
827.238721
627.140909
173.260506
100.053990
397.760491
710.108295
1054.178923
1112.744136
707.668078
531.972438
919.966976
1500.738674
1788.684306
751.591988
-1832.598048
-3657.880529
-2877.011019
-817.467685
534.412655
578.336565
-119.565560
-107.364474
834.559373
719.869164
-895.554636
-1630.060019
-556.364442
795.515898
1432.412592
1249.396300
517.331134
-17.076437
-461.195971
-1327.473084
-1742.310011
-1117.614403
-512.440532
-339.185110
24.407256
444.124618
524.651786
275.749630
-366.027499
-897.994853
-585.647049
-75.641650
-148.848167
-26.837306
658.863733
976.091972
558.814827
-192.772077
-819.907902
-732.060082
-183.011208
-331.864458
-961.440501
-732.060082
156.178986
510.010483
131.776814
-468.516622
-668.614434
-141.527515
258.668109
-180.570990
-480.717709
78.092035
685.706123
727.189815
439.244183
65.890949
-58.560129
190.342027
285.510499
244.026806
514.890917
683.265905
458.765921
334.314843
353.836581
224.505068
143.977900
214.744199
473.407224
1107.863702
1503.178891
1020.015882
444.124618
561.255044
1166.428915
1659.352793
1044.418054
-1117.614403
-3074.668613
-2908.733842
-1278.668739
148.858334
612.499606
187.901810
-114.685126
356.276798
341.635495
-810.147033
-1432.402424
-539.282922
761.352856
1400.689768
1195.711522
414.842011
-197.652511
-407.511192
-832.108988
-1271.348088
-1059.049190
-580.766615
-302.581851
36.608342
336.755060
217.184416
-129.326429
-514.880750
-783.304644
-510.000315
53.689863
202.543113
200.102896
451.445269
514.890917
229.385502
-143.967732
-658.853566
-951.679632
-502.679664
100.053990
102.494207
-109.804691
-139.087298
-75.641650
34.168125
-136.647081
-688.136172
-805.266599
-217.174249
197.662679
112.255076
-9.755785
43.928994
317.233322
661.303950
485.608311
-34.157957
-75.641650
226.945285
348.956146
402.640925
441.684401
380.678970
461.206138
563.695262
309.912671
68.331166
212.303982
461.206138
758.912639
1132.265874
1120.064788
632.021344
244.026806
248.907240
724.749598
1498.298457
1268.918038
-671.054652
-2550.021911
-2457.293657
-871.152464
575.896348
780.874594
-197.652511
-815.027468
-173.250339
253.787675
-563.685094
-1210.342657
-466.076405
961.450668
1749.640831
1212.793042
-122.005777
-885.793767
-749.141603
-644.212262
-722.299213
-495.359012
-165.929687
-17.076437
2.445301
-131.766646
-278.179679
-265.978593
-402.630758
-744.261168
-632.011176
21.967039
483.168093
483.168093
224.505068
-107.364474
-280.619897
-295.261200
-373.348151
-336.744893
48.809428
361.157232
119.575728
-358.706848
-512.440532
-280.619897
-70.761216
-280.619897
-678.375303
-497.799229
209.863765
446.564835
-31.717740
-427.032930
-241.576421
317.233322
714.988729
510.010483
19.526822
-14.636220
322.113757
453.885487
375.798536
307.472454
302.592019
407.521360
461.206138
265.988761
53.689863
87.852904
214.744199
478.287659
941.928931
1185.950653
934.608279
492.928962
214.744199
395.320273
1102.983267
1471.456067
456.325704
-1386.038297
-2376.766488
-1805.755659
-322.103589
844.320242
736.950684
-190.331859
-585.647049
-326.984024
-419.712278
-878.473115
-785.744861
109.814859
1193.271304
1512.939760
622.260475
-629.570959
-1127.375272
-900.435070
-507.560098
-58.560129
319.673540
346.515929
97.613773
-270.859028
-583.206832
-563.685094
-387.989454
-490.478577
-588.087266
-251.337290
190.342027
329.434408
165.939855
-173.250339
-312.342720
-56.119912
100.053990
-131.766646
-278.179679
-70.761216
107.374641
-48.799261
-456.315536
-732.060082
-424.592712
161.059420
222.064851
-136.647081
-183.011208
92.733338
190.342027
-90.282953
-505.119881
-517.320967
63.450732
614.939823
575.896348
248.907240
65.890949
73.211600
219.624634
336.755060
326.994191
370.918101
522.211569
524.651786
295.271367
70.771383
-17.076437
97.613773
497.809397
995.613710
1220.113694
1017.575665
475.847442
-65.880781
-41.478609
746.711553
1456.814764
905.325672
-719.858996
-1954.608909
-1778.913270
-505.119881
651.543082
690.586557
-122.005777
-636.891611
-517.320967
-446.554667
-675.935086
-634.451393
48.809428
1010.255013
1373.847379
641.782213
-553.924225
-1195.701354
-1054.168755
-510.000315
73.211600
400.200708
375.798536
97.613773
-390.429671
-797.945947
-714.978562
-283.060114
-41.478609
-122.005777
-231.815552
-161.049253
-9.755785
-51.239478
-341.625327
-488.038360
-219.614466
170.820289
287.950716
146.418117
0.005084
-51.239478
-97.603605
-234.255769
-346.505761
-202.532945
39.048559
2.445301
-234.255769
-273.299245
-61.000347
107.374641
104.934424
-39.038392
-161.049253
-58.560129
156.178986
190.342027
107.374641
122.015945
158.619203
195.222461
258.668109
263.548544
273.309412
392.880056
439.244183
341.635495
261.108326
190.342027
158.619203
309.912671
519.771352
666.184385
775.994160
685.706123
307.472454
-9.755785
90.293121
558.814827
951.689800
697.907209
-263.538376
-1139.576358
-1198.141571
-468.516622
480.727876
880.923500
463.646356
-153.728601
-505.119881
-790.625295
-1005.364411
-871.152464
-341.625327
456.325704
1039.537620
771.113725
-122.005777
-761.342689
-861.391595
-585.647049
-95.163388
285.510499
356.276798
229.385502
-122.005777
-624.690525
-849.190509
-595.407918
-178.130773
185.461593
378.238753
253.787675
-63.440564
-314.782938
-500.239446
-583.206832
-373.348151
4.885518
200.102896
141.537683
-68.320998
-346.505761
-478.277491
-339.185110
-124.445994
24.407256
180.581158
231.825720
51.249645
-197.652511
-353.826413
-356.266630
-134.206863
158.619203
222.064851
114.695293
63.450732
24.407256
-12.196002
29.287690
41.488777
41.488777
197.662679
314.793105
251.347457
234.265937
324.553974
356.276798
339.195277
290.390933
202.543113
202.543113
309.912671
378.238753
417.282228
490.488745
490.488745
441.684401
449.005052
490.488745
617.380040
705.227860
383.119187
-295.261200
-817.467685
-849.190509
-348.945979
387.999622
661.303950
270.869195
-175.690556
-383.109020
-544.163356
-614.929656
-490.478577
-239.136204
170.820289
436.803966
114.695293
-436.793799
-622.250307
-497.799229
-190.331859
217.184416
380.678970
280.630064
158.619203
-119.565560
-571.005746
-758.902472
-585.647049
-285.500331
53.689863
219.624634
114.695293
-17.076437
-114.685126
-297.701417
-444.114450
-344.065544
-117.125343
21.967039
-24.397088
-224.494900
-317.223155
-236.695987
-204.973163
-197.652511
-34.157957
204.983330
295.271367
153.738769
-180.570990
-461.195971
-378.228585
-85.402519
63.450732
70.771383
82.972469
85.412686
87.852904
100.053990
65.890949
26.847473
92.733338
168.380072
178.140941
207.423547
229.385502
224.505068
224.505068
217.184416
224.505068
300.151802
387.999622
387.999622
344.075712
346.515929
361.157232
309.912671
239.146371
195.222461
224.505068
378.238753
588.097434
646.662647
385.559405
-63.440564
-448.994885
-544.163356
-187.891642
319.673540
400.200708
63.450732
-229.375335
-348.945979
-366.027499
-280.619897
-187.891642
-75.641650
183.021375
280.630064
-61.000347
-468.516622
-583.206832
-483.157926
-219.614466
109.814859
224.505068
161.059420
82.972469
-97.603605
-356.266630
-436.793799
-307.462286
-129.326429
4.885518
-4.875351
-156.168818
-248.897073
-202.532945
-202.532945
-258.657942
-219.614466
-65.880781
51.249645
24.407256
-126.886212
-312.342720
-412.391626
-380.668803
-297.701417
-117.125343
146.418117
231.825720
29.287690
-241.576421
-373.348151
-287.940548
-39.038392
148.858334
178.140941
190.342027
180.581158
53.689863
-58.560129
-51.239478
-2.435133
80.532252
200.102896
212.303982
124.456162
75.651818
63.450732
102.494207
275.749630
405.081142
351.396363
300.151802
283.070281
178.140941
114.695293
170.820289
234.265937
285.510499
392.880056
412.401794
346.515929
397.760491
510.010483
468.526790
251.347457
-63.440564
-331.864458
-261.098159
107.374641
292.831150
129.336596
-126.886212
-263.538376
-239.136204
-119.565560
-48.799261
-29.277523
87.852904
173.260506
-21.956871
-329.424241
-468.516622
-431.913364
-290.380765
-82.962302
63.450732
63.450732
41.488777
7.325735
-143.967732
-287.940548
-241.576421
-90.282953
-9.755785
-21.956871
-151.288384
-312.342720
-322.103589
-209.853597
-180.570990
-178.130773
-73.201433
26.847473
34.168125
-46.359043
-185.451425
-290.380765
-285.500331
-275.739462
-317.223155
-217.174249
24.407256
156.178986
92.733338
-73.201433
-253.777507
-285.500331
-119.565560
34.168125
41.488777
51.249645
124.456162
119.575728
48.809428
-2.435133
-9.755785
68.331166
175.700724
129.336596
4.885518
2.445301
78.092035
124.456162
178.140941
248.907240
346.515929
449.005052
400.200708
185.461593
36.608342
85.412686
163.499638
148.858334
134.217031
168.380072
236.706154
322.113757
380.678970
400.200708
383.119187
270.869195
56.130080
-107.364474
-9.755785
263.548544
331.874626
48.809428
-275.739462
-344.065544
-200.092728
-19.516654
26.847473
-9.755785
63.450732
151.298551
36.608342
-214.734032
-390.429671
-383.109020
-183.011208
21.967039
0.005084
-158.609036
-234.255769
-185.451425
-100.043822
-46.359043
-34.157957
-9.755785
36.608342
0.005084
-173.250339
-329.424241
-358.706848
-287.940548
-222.054683
-173.250339
-92.723171
-4.875351
7.325735
-56.119912
-151.288384
-192.772077
-187.891642
-187.891642
-183.011208
-161.049253
-87.842736
2.445301
19.526822
-75.641650
-207.413380
-231.815552
-129.326429
-26.837306
12.206170
17.086604
21.967039
65.890949
114.695293
126.896379
109.814859
124.456162
134.217031
70.771383
-21.956871
-56.119912
-21.956871
29.287690
85.412686
178.140941
283.070281
322.113757
268.428978
192.782244
151.298551
175.700724
231.825720
253.787675
209.863765
185.461593
219.624634
222.064851
190.342027
212.303982
300.151802
344.075712
278.189847
82.972469
-87.842736
31.727908
312.352888
341.635495
68.331166
-207.413380
-275.739462
-146.407949
-7.315568
-36.598175
-63.440564
68.331166
158.619203
34.168125
-175.690556
-256.217724
-185.451425
-58.560129
-21.956871
-134.206863
-224.494900
-187.891642
-148.848167
-170.810122
-165.929687
-75.641650
65.890949
100.053990
-17.076437
-163.489470
-226.935118
-207.413380
-180.570990
-209.853597
-236.695987
-151.288384
-36.598175
-29.277523
-109.804691
-178.130773
-173.250339
-124.445994
-129.326429
-180.570990
-197.652511
-124.445994
-39.038392
-48.799261
-136.647081
-209.853597
-202.532945
-158.609036
-97.603605
-21.956871
43.928994
48.809428
34.168125
-2.435133
-26.837306
19.526822
92.733338
112.255076
78.092035
36.608342
19.526822
65.890949
124.456162
102.494207
87.852904
156.178986
212.303982
168.380072
95.173555
87.852904
156.178986
241.586589
287.950716
270.869195
253.787675
283.070281
265.988761
158.619203
102.494207
175.700724
302.592019
341.635495
253.787675
104.934424
36.608342
185.461593
322.113757
190.342027
-63.440564
-195.212294
-168.369904
-75.641650
-29.277523
-36.598175
24.407256
158.619203
178.140941
19.526822
-156.168818
-207.413380
-131.766646
-26.837306
-26.837306
-141.527515
-209.853597
-175.690556
-129.326429
-124.445994
-102.484039
-34.157957
14.646387
-2.435133
-97.603605
-214.734032
-261.098159
-229.375335
-180.570990
-151.288384
-107.364474
-51.239478
-68.320998
-153.728601
-207.413380
-195.212294
-151.288384
-112.244908
-131.766646
-178.130773
-183.011208
-146.407949
-129.326429
-153.728601
-136.647081
-87.842736
-56.119912
-53.679695
-90.282953
-80.522084
-9.755785
48.809428
31.727908
-24.397088
-19.516654
19.526822
56.130080
73.211600
36.608342
26.847473
90.293121
131.776814
143.977900
126.896379
112.255076
119.575728
124.456162
114.695293
95.173555
109.814859
168.380072
239.146371
283.070281
283.070281
256.227892
217.184416
175.700724
139.097465
153.738769
190.342027
239.146371
302.592019
275.749630
148.858334
36.608342
46.369211
163.499638
239.146371
139.097465
-56.119912
-163.489470
-114.685126
9.765953
65.890949
56.130080
78.092035
58.570297
-53.679695
-204.973163
-309.902503
-280.619897
-119.565560
21.967039
21.967039
-51.239478
-80.522084
-92.723171
-119.565560
-161.049253
-209.853597
-183.011208
-102.484039
-90.282953
-180.570990
-270.859028
-236.695987
-131.766646
-61.000347
-65.880781
-112.244908
-117.125343
-104.924257
-158.609036
-231.815552
-241.576421
-178.130773
-112.244908
-102.484039
-148.848167
-173.250339
-100.043822
-4.875351
-29.277523
-92.723171
-80.522084
-41.478609
-17.076437
-19.516654
-43.918826
-36.598175
39.048559
56.130080
-19.516654
-78.081867
-43.918826
63.450732
136.657248
126.896379
87.852904
117.135510
180.581158
204.983330
161.059420
124.456162
146.418117
175.700724
131.776814
31.727908
-14.636220
73.211600
214.744199
292.831150
283.070281
219.624634
209.863765
253.787675
253.787675
219.624634
229.385502
285.510499
302.592019
234.265937
80.532252
-97.603605
-131.766646
51.249645
236.706154
246.467023
129.336596
12.206170
-7.315568
48.809428
43.928994
