-40.587737
7.382768
11.072807
-25.827582
-55.347893
-59.037932
-18.447504
44.283157
73.803468
55.353274
33.213041
18.452885
33.213041
66.423391
95.943702
103.323779
95.943702
77.493507
73.803468
92.253663
114.393896
118.083935
107.013818
92.253663
73.803468
70.113429
59.043313
47.973196
36.903080
25.832963
0.002691
-29.517620
-36.897698
-47.967815
-70.108048
-59.037932
-62.727970
-62.727970
-40.587737
-55.347893
-55.347893
-47.967815
-40.587737
-25.827582
-33.207659
-25.827582
-44.277776
-62.727970
-47.967815
-36.897698
-14.757465
-11.067426
-14.757465
14.762846
29.523002
55.353274
88.563624
110.703857
132.844091
121.773974
110.703857
136.534129
169.744479
180.814596
166.054441
166.054441
169.744479
169.744479
184.504635
206.644868
225.095063
225.095063
221.405024
199.264791
202.954829
232.475140
247.235296
243.545257
232.475140
199.264791
162.364402
180.814596
217.714985
221.405024
206.644868
162.364402
118.083935
95.943702
92.253663
88.563624
59.043313
7.382768
-77.488126
-158.668981
-195.569370
-169.739098
-147.598865
-173.429137
-210.329526
-265.680109
-309.960576
-302.580498
-261.990070
-217.709604
-228.779720
-287.820342
-324.720731
-335.790848
-306.270537
-258.300031
-236.159798
-258.300031
-295.200420
-317.340654
-298.890459
-236.159798
-158.668981
-103.318398
-99.628359
-136.528748
-140.218787
-88.558243
-18.447504
29.523002
25.832963
-22.137543
-59.037932
-47.967815
-3.687348
33.213041
62.733352
51.663235
22.142924
14.762846
25.832963
44.283157
77.493507
92.253663
92.253663
77.493507
59.043313
77.493507
99.633741
110.703857
103.323779
103.323779
77.493507
59.043313
62.733352
47.973196
44.283157
33.213041
3.692730
-29.517620
-66.418009
-66.418009
-55.347893
-62.727970
-40.587737
-25.827582
-29.517620
-44.277776
-44.277776
-18.447504
-3.687348
-7.377387
-22.137543
-44.277776
-59.037932
-55.347893
-40.587737
0.002691
11.072807
3.692730
-11.067426
-14.757465
44.283157
84.873585
92.253663
121.773974
125.464013
118.083935
103.323779
107.013818
143.914207
158.674363
151.294285
136.534129
125.464013
147.604246
169.744479
191.884713
206.644868
184.504635
173.434518
173.434518
191.884713
214.024946
202.954829
191.884713
188.194674
188.194674
188.194674
191.884713
195.574752
206.644868
210.334907
195.574752
180.814596
166.054441
147.604246
151.294285
118.083935
77.493507
25.832963
-47.967815
-103.318398
-162.359020
-184.499254
-195.569370
-214.019565
-228.779720
-254.609992
-273.060187
-298.890459
-287.820342
-250.919954
-250.919954
-287.820342
-324.720731
-346.860965
-343.170926
-324.720731
-302.580498
-295.200420
-306.270537
-324.720731
-313.650615
-258.300031
-188.189293
-129.148670
-103.318398
-121.768593
-129.148670
-99.628359
-55.347893
-11.067426
-7.377387
-25.827582
-47.967815
-51.657854
-25.827582
14.762846
44.283157
36.903080
18.452885
7.382768
14.762846
40.593118
73.803468
103.323779
95.943702
81.183546
73.803468
95.943702
121.773974
121.773974
118.083935
95.943702
66.423391
59.043313
70.113429
81.183546
77.493507
44.283157
0.002691
-14.757465
-3.687348
-14.757465
0.002691
-3.687348
-18.447504
-47.967815
-62.727970
-25.827582
3.692730
3.692730
-11.067426
-33.207659
-47.967815
-51.657854
-40.587737
-14.757465
7.382768
-3.687348
-33.207659
-18.447504
29.523002
77.493507
103.323779
118.083935
118.083935
92.253663
99.633741
140.224168
177.124557
177.124557
140.224168
118.083935
110.703857
136.534129
177.124557
199.264791
199.264791
184.504635
166.054441
169.744479
195.574752
217.714985
217.714985
202.954829
158.674363
147.604246
166.054441
199.264791
228.785102
217.714985
184.504635
166.054441
177.124557
217.714985
250.925335
232.475140
191.884713
154.984324
118.083935
99.633741
84.873585
44.283157
-36.897698
-121.768593
-188.189293
-202.949448
-188.189293
-202.949448
-228.779720
-258.300031
-302.580498
-317.340654
-295.200420
-276.750226
-254.609992
-276.750226
-332.100809
-354.241042
-354.241042
-335.790848
-309.960576
-302.580498
-313.650615
-332.100809
-313.650615
-280.440265
-217.709604
-140.218787
-125.458631
-136.528748
-136.528748
-118.078554
-77.488126
-40.587737
-40.587737
-51.657854
-51.657854
-70.108048
-59.037932
-33.207659
-7.377387
3.692730
14.762846
3.692730
0.002691
14.762846
36.903080
77.493507
107.013818
103.323779
95.943702
92.253663
103.323779
114.393896
129.154052
118.083935
95.943702
66.423391
40.593118
29.523002
33.213041
47.973196
29.523002
-33.207659
-66.418009
-51.657854
-33.207659
-11.067426
-3.687348
-11.067426
-25.827582
-55.347893
-36.897698
-14.757465
-22.137543
-47.967815
-81.178165
-84.868204
-92.248281
-77.488126
-29.517620
-7.377387
-18.447504
-33.207659
-7.377387
73.803468
125.464013
125.464013
110.703857
118.083935
129.154052
136.534129
143.914207
166.054441
173.434518
147.604246
125.464013
143.914207
195.574752
232.475140
206.644868
195.574752
202.954829
206.644868
236.165179
250.925335
250.925335
239.855218
202.954829
188.194674
225.095063
239.855218
225.095063
202.954829
188.194674
188.194674
177.124557
202.954829
232.475140
232.475140
206.644868
188.194674
162.364402
147.604246
140.224168
99.633741
18.452885
-70.108048
-158.668981
-228.779720
-243.539876
-236.159798
-261.990070
-302.580498
-343.170926
-365.311159
-354.241042
-339.480887
-291.510381
-280.440265
-324.720731
-369.001198
-405.901587
-383.761354
-350.551004
-335.790848
-321.030692
-343.170926
-365.311159
-354.241042
-306.270537
-214.019565
-132.838709
-107.008437
-118.078554
-121.768593
-81.178165
-29.517620
-3.687348
0.002691
-22.137543
-36.897698
-47.967815
-44.277776
-3.687348
18.452885
36.903080
29.523002
25.832963
51.663235
73.803468
103.323779
132.844091
140.224168
129.154052
129.154052
129.154052
107.013818
103.323779
99.633741
84.873585
51.663235
36.903080
44.283157
36.903080
7.382768
-14.757465
-14.757465
-3.687348
3.692730
3.692730
14.762846
11.072807
-3.687348
0.002691
14.762846
22.142924
3.692730
-25.827582
-36.897698
-33.207659
-25.827582
-29.517620
-22.137543
-14.757465
-22.137543
-22.137543
-7.377387
44.283157
99.633741
107.013818
114.393896
121.773974
132.844091
151.294285
184.504635
210.334907
180.814596
151.294285
147.604246
147.604246
177.124557
206.644868
199.264791
191.884713
169.744479
166.054441
202.954829
236.165179
254.615374
239.855218
202.954829
180.814596
188.194674
214.024946
217.714985
221.405024
214.024946
158.674363
140.224168
177.124557
225.095063
269.375529
261.995452
228.785102
188.194674
154.984324
177.124557
177.124557
121.773974
40.593118
-77.488126
-191.879331
-261.990070
-265.680109
-261.990070
-295.200420
-346.860965
-391.141431
-416.971703
-409.591626
-372.691237
-317.340654
-295.200420
-335.790848
-402.211548
-439.111937
-428.041820
-380.071315
-350.551004
-335.790848
-354.241042
-391.141431
-387.451392
-332.100809
-217.709604
-103.318398
-73.798087
-88.558243
-107.008437
-92.248281
-44.277776
-7.377387
-3.687348
-11.067426
-33.207659
-81.178165
-77.488126
-33.207659
18.452885
51.663235
47.973196
22.142924
25.832963
55.353274
84.873585
125.464013
136.534129
114.393896
66.423391
36.903080
44.283157
59.043313
59.043313
33.213041
25.832963
11.072807
-7.377387
-7.377387
22.142924
40.593118
7.382768
-25.827582
-11.067426
14.762846
7.382768
11.072807
33.213041
40.593118
22.142924
11.072807
18.452885
33.213041
25.832963
-33.207659
-40.587737
-11.067426
-7.377387
-14.757465
3.692730
40.593118
44.283157
40.593118
73.803468
136.534129
166.054441
154.984324
162.364402
206.644868
221.405024
202.954829
191.884713
177.124557
177.124557
188.194674
154.984324
143.914207
180.814596
177.124557
166.054441
195.574752
225.095063
243.545257
236.165179
228.785102
217.714985
199.264791
195.574752
206.644868
221.405024
217.714985
184.504635
166.054441
162.364402
154.984324
199.264791
236.165179
247.235296
254.615374
243.545257
210.334907
191.884713
169.744479
103.323779
14.762846
-95.938320
-225.089681
-328.410770
-361.621120
-357.931081
-354.241042
-380.071315
-428.041820
-442.801976
-453.872092
-416.971703
-350.551004
-313.650615
-324.720731
-380.071315
-442.801976
-439.111937
-391.141431
-350.551004
-328.410770
-339.480887
-354.241042
-350.551004
-287.820342
-151.288904
-29.517620
14.762846
-14.757465
-55.347893
-47.967815
-7.377387
25.832963
29.523002
11.072807
-25.827582
-70.108048
-70.108048
-22.137543
36.903080
70.113429
66.423391
44.283157
33.213041
51.663235
103.323779
162.364402
177.124557
118.083935
47.973196
18.452885
14.762846
29.523002
51.663235
25.832963
-18.447504
-77.488126
-121.768593
-77.488126
11.072807
40.593118
22.142924
-7.377387
-29.517620
-36.897698
-11.067426
62.733352
99.633741
62.733352
14.762846
-25.827582
-7.377387
25.832963
25.832963
25.832963
18.452885
-18.447504
-59.037932
-70.108048
-3.687348
92.253663
121.773974
110.703857
92.253663
110.703857
143.914207
195.574752
261.995452
298.895840
269.375529
184.504635
107.013818
114.393896
199.264791
228.785102
188.194674
154.984324
136.534129
143.914207
177.124557
239.855218
295.205802
284.135685
221.405024
188.194674
210.334907
276.755607
306.275918
265.685490
239.855218
195.574752
184.504635
217.714985
250.925335
309.965957
328.416152
309.965957
287.825724
265.685490
258.305413
221.405024
166.054441
51.663235
-110.698476
-276.750226
-391.141431
-413.281665
-402.211548
-413.281665
-442.801976
-487.082442
-505.532637
-487.082442
-450.182053
-369.001198
-321.030692
-354.241042
-428.041820
-472.322287
-461.252170
-416.971703
-387.451392
-372.691237
-354.241042
-372.691237
-365.311159
-273.060187
-110.698476
40.593118
84.873585
73.803468
36.903080
3.692730
11.072807
33.213041
44.283157
25.832963
-44.277776
-118.078554
-125.458631
-59.037932
33.213041
77.493507
66.423391
44.283157
40.593118
59.043313
92.253663
118.083935
99.633741
18.452885
-70.108048
-136.528748
-158.668981
-140.218787
-121.768593
-118.078554
-110.698476
-77.488126
-29.517620
25.832963
84.873585
118.083935
118.083935
81.183546
40.593118
22.142924
3.692730
-3.687348
11.072807
11.072807
-11.067426
-36.897698
-11.067426
18.452885
29.523002
62.733352
66.423391
25.832963
22.142924
59.043313
81.183546
81.183546
66.423391
77.493507
110.703857
143.914207
206.644868
261.995452
258.305413
232.475140
232.475140
243.545257
254.615374
247.235296
195.574752
147.604246
143.914207
180.814596
199.264791
225.095063
247.235296
247.235296
236.165179
261.995452
306.275918
302.585879
276.755607
265.685490
239.855218
214.024946
195.574752
206.644868
236.165179
298.895840
324.726113
317.346035
309.965957
306.275918
298.895840
236.165179
110.703857
-66.418009
-273.060187
-409.591626
-420.661742
-409.591626
-457.562131
-505.532637
-527.672870
-520.292792
-501.842598
-446.492015
-339.480887
-250.919954
-276.750226
-376.381276
-431.731859
-405.901587
-391.141431
-442.801976
-479.702365
-461.252170
-461.252170
-468.632248
-365.311159
-77.488126
184.504635
250.925335
202.954829
202.954829
228.785102
169.744479
77.493507
55.353274
40.593118
-70.108048
-188.189293
-169.739098
-25.827582
70.113429
44.283157
3.692730
14.762846
73.803468
103.323779
77.493507
107.013818
110.703857
11.072807
-140.218787
-247.229915
-269.370148
-295.200420
-350.551004
-335.790848
-232.469759
-129.148670
-44.277776
73.803468
199.264791
254.615374
214.024946
110.703857
33.213041
14.762846
7.382768
18.452885
51.663235
59.043313
44.283157
55.353274
92.253663
95.943702
55.353274
-11.067426
-73.798087
-59.037932
11.072807
84.873585
132.844091
107.013818
84.873585
95.943702
99.633741
110.703857
180.814596
254.615374
228.785102
265.685490
357.936463
387.456774
335.796229
261.995452
236.165179
210.334907
121.773974
77.493507
180.814596
335.796229
332.106190
254.615374
313.655996
405.906968
380.076696
295.205802
273.065568
376.386657
428.047201
387.456774
402.216929
472.327668
472.327668
372.696618
236.165179
110.703857
-55.347893
-324.720731
-594.093570
-671.584387
-571.953337
-501.842598
-553.503142
-583.023453
-523.982831
-487.082442
-490.772481
-450.182053
-339.480887
-265.680109
-324.720731
-435.421898
-446.492015
-354.241042
-302.580498
-335.790848
-372.691237
-387.451392
-361.621120
-284.130304
-129.148670
103.323779
306.275918
380.076696
313.655996
265.685490
284.135685
261.995452
147.604246
14.762846
-40.587737
-66.418009
-147.598865
-202.949448
-114.388515
40.593118
77.493507
-25.827582
-70.108048
3.692730
44.283157
0.002691
-22.137543
18.452885
-59.037932
-328.410770
-560.883220
-527.672870
-383.761354
-409.591626
-453.872092
-280.440265
-59.037932
3.692730
22.142924
236.165179
479.707746
442.807357
206.644868
66.423391
95.943702
110.703857
29.523002
7.382768
143.914207
225.095063
73.803468
-103.318398
-44.277776
143.914207
147.604246
59.043313
70.113429
136.534129
92.253663
-3.687348
55.353274
225.095063
265.685490
121.773974
25.832963
154.984324
306.275918
357.936463
365.316540
391.146813
361.626501
173.434518
7.382768
110.703857
302.585879
287.825724
177.124557
191.884713
298.895840
391.146813
416.977085
376.386657
354.246424
431.737240
546.128446
560.888601
523.988212
479.707746
446.497396
383.766735
199.264791
-29.517620
-225.089681
-531.362909
-911.436914
-1059.038470
-863.466409
-697.414659
-734.315048
-749.075203
-597.783609
-431.731859
-464.942209
-505.532637
-306.270537
-84.868204
-154.978943
-391.141431
-424.351781
-225.089681
-121.768593
-232.469759
-324.720731
-221.399643
-73.798087
-66.418009
29.523002
346.866346
630.999340
601.479029
405.906968
321.036074
328.416152
239.855218
29.523002
-151.288904
-173.429137
-173.429137
-276.750226
-291.510381
-125.458631
70.113429
77.493507
-81.178165
-147.598865
-103.318398
-88.558243
-184.499254
-343.170926
-380.071315
-321.030692
-424.351781
-660.514270
-730.625009
-391.141431
-47.967815
-114.388515
-136.528748
191.884713
516.608135
439.117318
225.095063
428.047201
671.589768
464.947590
70.113429
-3.687348
298.895840
306.275918
-59.037932
-99.628359
254.615374
413.287046
70.113429
-214.019565
11.072807
217.714985
0.002691
-236.159798
-70.108048
188.194674
92.253663
-103.318398
18.452885
295.205802
365.316540
250.925335
243.545257
420.667124
512.918096
365.316540
217.714985
276.755607
376.386657
332.106190
217.714985
254.615374
398.526890
424.357163
365.316540
479.707746
730.630390
833.951479
704.800118
583.028835
564.578640
509.228057
265.685490
-169.739098
-590.403531
-922.507031
-1332.101347
-1623.614419
-1431.732397
-1055.348431
-944.647264
-966.787498
-819.185942
-505.532637
-287.820342
-247.229915
-169.739098
-62.727970
-132.838709
-380.071315
-472.322287
-217.709604
77.493507
132.844091
59.043313
103.323779
328.416152
487.087824
535.058329
678.969846
856.091712
738.010468
354.246424
132.844091
136.534129
81.183546
-184.499254
-487.082442
-549.813103
-483.392403
-523.982831
-542.433026
-332.100809
-107.008437
-191.879331
-439.111937
-464.942209
-273.060187
-210.329526
-376.381276
-446.492015
-346.860965
-332.100809
-398.521509
-250.919954
140.224168
409.597007
405.906968
376.386657
512.918096
678.969846
690.039962
549.818485
442.807357
380.076696
236.165179
44.283157
-7.377387
81.183546
121.773974
40.593118
7.382768
110.703857
225.095063
210.334907
125.464013
47.973196
-81.178165
-232.469759
-280.440265
-239.849837
-210.329526
-147.598865
-33.207659
81.183546
225.095063
431.737240
605.169068
656.829612
667.899729
675.279807
619.929224
549.818485
487.087824
431.737240
369.006579
298.895840
339.486268
501.847979
638.379418
642.069457
638.379418
723.250312
734.320429
490.777863
-3.687348
-531.362909
-1018.448042
-1678.965003
-2221.400719
-2121.769669
-1634.684536
-1457.562669
-1472.322825
-1147.599403
-557.193181
-188.189293
-110.698476
66.423391
357.936463
369.006579
-36.897698
-317.340654
-73.798087
302.585879
309.965957
143.914207
250.925335
579.338796
730.630390
697.420040
874.541907
1158.674901
1022.143462
487.087824
84.873585
-3.687348
-169.739098
-594.093570
-974.167575
-1077.488664
-1011.067964
-992.617770
-944.647264
-634.683998
-228.779720
-114.388515
-254.609992
-321.030692
-210.329526
-147.598865
-276.750226
-435.421898
-335.790848
-114.388515
18.452885
191.884713
464.947590
719.560273
804.431168
760.150701
701.110079
671.589768
656.829612
564.578640
354.246424
188.194674
143.914207
77.493507
-70.108048
-143.908826
-55.347893
0.002691
-70.108048
-110.698476
-18.447504
25.832963
-81.178165
-147.598865
-151.288904
-154.978943
-136.528748
-77.488126
-25.827582
51.663235
188.194674
317.346035
464.947590
634.689379
763.840740
793.361051
811.811246
837.641518
756.460662
649.449535
656.829612
686.349923
608.859107
479.707746
487.087824
546.128446
564.578640
601.479029
571.958718
217.714985
-505.532637
-1247.230453
-1922.507569
-2505.533713
-2501.843674
-1977.858152
-1656.824769
-1520.293330
-1169.739636
-682.654503
-243.539876
66.423391
335.796229
597.788990
568.268679
236.165179
-47.967815
40.593118
402.216929
579.338796
439.117318
376.386657
619.929224
863.471790
911.442296
1003.693268
1162.364940
985.243073
372.696618
-202.949448
-501.842598
-712.174814
-970.477536
-1317.341192
-1531.363447
-1446.492553
-1199.259947
-885.606642
-501.842598
-162.359020
11.072807
-55.347893
-284.130304
-284.130304
-14.757465
3.692730
-236.159798
-232.469759
81.183546
357.936463
520.298174
785.980973
1047.973734
1044.283695
811.811246
535.058329
431.737240
416.977085
232.475140
-36.897698
-177.119176
-147.598865
-110.698476
-173.429137
-118.078554
22.142924
0.002691
-173.429137
-254.609992
-132.838709
-55.347893
-110.698476
-158.668981
-228.779720
-195.569370
40.593118
258.305413
394.836851
590.408912
774.910857
785.980973
730.630390
830.261440
981.553034
907.752257
671.589768
542.438407
557.198562
549.818485
553.508524
667.899729
745.390546
653.139573
601.479029
671.589768
682.659885
446.497396
-166.049059
-1040.588275
-1922.507569
-2848.707329
-3387.453007
-2878.227640
-1852.396830
-1409.592164
-1317.341192
-782.285553
25.832963
450.187435
479.707746
678.969846
977.862995
767.530779
44.283157
-343.170926
173.434518
885.612023
881.921984
549.818485
697.420040
1107.014356
1114.394434
793.361051
763.840740
889.302062
346.866346
-715.864853
-1258.300570
-1132.839247
-1147.599403
-1553.503680
-1760.145858
-1416.972242
-952.027342
-774.905475
-564.573259
99.633741
579.338796
66.423391
-697.414659
-535.052948
25.832963
-3.687348
-202.949448
103.323779
642.069457
763.840740
653.139573
1003.693268
1571.959256
1439.117856
601.479029
18.452885
99.633741
143.914207
-225.089681
-501.842598
-383.761354
-206.639487
-380.071315
-498.152559
-103.318398
202.954829
-7.377387
-321.030692
-365.311159
-206.639487
-70.108048
-14.757465
-25.827582
-66.418009
22.142924
177.124557
321.036074
619.929224
966.792879
1055.353812
922.512412
830.261440
904.062218
981.553034
915.132334
686.349923
416.977085
317.346035
409.597007
450.187435
479.707746
653.139573
763.840740
638.379418
527.678251
512.918096
254.615374
-464.942209
-1435.422436
-2464.943285
-3383.762968
-3523.984446
-2542.434102
-1542.433564
-1162.359558
-712.174814
-55.347893
487.087824
778.600896
856.091712
988.933112
977.862995
564.578640
-36.897698
-184.499254
450.187435
1121.774512
1147.604784
918.822373
955.722762
1040.593657
789.671012
468.637629
350.556385
36.903080
-778.595514
-1538.743525
-1678.965003
-1516.603292
-1453.872630
-1416.972242
-1261.990608
-889.296681
-546.123064
-402.211548
-77.488126
549.818485
874.541907
291.515763
-542.433026
-501.842598
55.353274
180.814596
73.803468
372.696618
1047.973734
1273.066106
918.822373
867.161829
1180.815134
1088.564162
225.095063
-664.204309
-763.835359
-538.742987
-564.573259
-760.145320
-656.824231
-169.739098
-51.657854
-309.960576
-243.539876
151.294285
239.855218
-184.499254
-498.152559
-243.539876
184.504635
309.965957
247.235296
287.825724
439.117318
560.888601
634.689379
708.490157
826.571401
974.172957
970.482918
756.460662
671.589768
819.191323
785.980973
564.578640
324.726113
92.253663
147.604246
409.597007
424.357163
269.375529
339.486268
542.438407
498.157940
225.095063
-107.008437
-730.625009
-1738.005625
-2926.198146
-3719.556507
-3077.489740
-1531.363447
-915.126953
-837.636136
-173.429137
638.379418
985.243073
848.711634
804.431168
1125.464551
988.933112
132.844091
-442.801976
99.633741
1025.833501
1158.674901
837.641518
841.331557
937.272568
671.589768
136.534129
-162.359020
-132.838709
-627.303920
-1726.935508
-2092.249358
-1523.983369
-1236.160336
-1335.791386
-1151.289442
-612.543764
-121.768593
-95.938320
-151.288904
365.316540
1051.663773
848.711634
-95.938320
-516.602753
-40.587737
431.737240
284.135685
151.294285
667.899729
1158.674901
911.442296
520.298174
671.589768
774.910857
121.773974
-752.765242
-1081.178703
-885.606642
-608.853726
-501.842598
-464.942209
-232.469759
88.563624
107.013818
70.113429
217.714985
243.545257
77.493507
-177.119176
-291.510381
29.523002
472.327668
560.888601
509.228057
586.718874
612.549146
616.239185
701.110079
642.069457
520.298174
571.958718
597.788990
564.578640
686.349923
752.770623
568.268679
346.866346
173.434518
191.884713
391.146813
354.246424
265.685490
416.977085
494.467901
428.047201
538.748368
402.216929
-498.152559
-1568.263836
-2553.504219
-3619.925457
-3361.622735
-1542.433564
-638.374037
-749.075203
-132.838709
623.619262
826.571401
852.401673
767.530779
738.010468
719.560273
180.814596
-523.982831
-236.159798
940.962607
1450.187973
1073.804007
845.021596
808.121207
468.637629
-121.768593
-564.573259
-564.573259
-800.735748
-1760.145858
-2129.149747
-1394.832008
-926.197070
-999.997847
-767.525398
-276.750226
3.692730
-51.657854
-250.919954
62.733352
830.261440
881.921984
169.744479
7.382768
457.567513
512.918096
516.608135
856.091712
811.811246
494.467901
346.866346
254.615374
199.264791
-70.108048
-487.082442
-719.554892
-833.946098
-1036.898236
-1007.377925
-261.990070
317.346035
51.663235
-184.499254
-70.108048
147.604246
202.954829
-55.347893
-92.248281
177.124557
217.714985
84.873585
339.486268
841.331557
878.231946
557.198562
369.006579
269.375529
369.006579
531.368290
350.556385
324.726113
597.788990
723.250312
778.600896
723.250312
483.397785
376.386657
346.866346
66.423391
-99.628359
250.925335
520.298174
420.667124
509.228057
815.501284
926.202451
656.829612
-214.019565
-1250.920492
-2103.319474
-3409.593240
-3985.239306
-2284.131380
-527.672870
-472.322287
-376.381276
531.368290
1202.955368
1177.125095
623.619262
309.965957
612.549146
461.257551
-590.403531
-811.805864
653.139573
1745.391084
1383.767273
966.792879
955.722762
712.180196
73.803468
-719.554892
-996.307809
-922.507031
-1531.363447
-2269.371224
-1723.245469
-597.783609
-402.211548
-678.964464
-424.351781
143.914207
261.995452
-306.270537
-542.433026
265.685490
885.612023
324.726113
-206.639487
457.567513
1409.597545
1402.217467
811.811246
538.748368
811.811246
723.250312
-387.451392
-981.547653
-239.849837
-162.359020
-1151.289442
-1442.802514
-959.407420
-468.632248
-81.178165
-202.949448
-450.182053
36.903080
402.216929
-118.078554
-391.141431
239.855218
682.659885
483.397785
269.375529
313.655996
763.840740
1169.745018
586.718874
-162.359020
51.663235
276.755607
-66.418009
-206.639487
77.493507
590.408912
859.781751
605.169068
623.619262
1143.914745
1059.043851
180.814596
-261.990070
55.353274
70.113429
-317.340654
-140.218787
642.069457
1140.224706
808.121207
627.309301
1394.837390
1409.597545
-154.978943
-1332.101347
-1863.466947
-3261.991685
-4254.612145
-2859.777446
-664.204309
154.984324
140.224168
372.696618
1073.804007
1516.608673
630.999340
-464.942209
-103.318398
372.696618
-542.433026
-1099.628897
354.246424
2154.985400
2298.896917
1354.246962
756.460662
701.110079
162.364402
-1055.348431
-1594.094108
-1291.510919
-1501.843136
-2029.518697
-1490.773019
-147.598865
476.017707
14.762846
-391.141431
-110.698476
-40.587737
-760.145320
-1225.090220
-479.702365
568.268679
520.298174
107.013818
782.290935
1974.173495
2151.295361
1195.575290
490.777863
409.597007
-228.779720
-1055.348431
-907.746875
-457.562131
-461.252170
-741.695125
-918.816992
-457.562131
-47.967815
-660.514270
-1092.248820
-265.680109
81.183546
-944.647264
-922.507031
800.741129
1505.538556
597.788990
269.375529
1044.283695
1535.058867
774.910857
-380.071315
-199.259409
638.379418
14.762846
-1084.868742
-453.872092
907.752257
929.892490
195.574752
265.685490
1033.213579
1317.346573
642.069457
-59.037932
232.475140
568.268679
-95.938320
-605.163687
-33.207659
715.870235
1011.073345
1014.763384
948.342684
1250.925873
1450.187973
557.198562
-690.034581
-1236.160336
-2173.430213
-4095.940473
-4391.143584
-1948.337841
217.714985
354.246424
143.914207
797.051090
1509.228595
959.412801
-656.824231
-1077.488664
59.043313
180.814596
-952.027342
-568.263298
1734.320967
3118.085549
2428.048278
1291.516301
752.770623
184.504635
-1025.828120
-2081.179241
-1940.957763
-1350.551542
-1468.632786
-1520.293330
-276.750226
1092.254201
826.571401
-243.539876
-557.193181
-464.942209
-1025.828120
-1959.407958
-1730.625547
-81.178165
1154.984862
1073.804007
1118.084473
2018.453961
2568.269755
1845.022134
416.977085
-398.521509
-461.252170
-826.566020
-1476.012864
-1199.259947
11.072807
535.058329
-11.067426
-232.469759
81.183546
-33.207659
-715.864853
-1535.053486
-1815.496441
-1095.938859
-442.801976
-405.901587
416.977085
1870.852406
2143.915283
1247.235834
627.309301
671.589768
501.847979
-350.551004
-1129.149208
-948.337303
3.692730
343.176307
77.493507
719.560273
1546.128984
1073.804007
166.054441
66.423391
520.298174
535.058329
-59.037932
-309.960576
195.574752
608.859107
446.497396
380.076696
819.191323
1228.785640
966.792879
413.287046
693.730001
1184.505173
298.895840
-1007.377925
-1638.374575
-2944.648340
-4284.132456
-2944.648340
-335.790848
383.766735
121.773974
380.076696
656.829612
826.571401
324.726113
-881.916603
-778.595514
394.836851
81.183546
-601.473648
911.442296
2789.672089
2726.941427
1726.940889
682.659885
-313.650615
-959.407420
-1627.304458
-2084.869280
-1542.433564
-922.507031
-1073.798625
-516.602753
988.933112
1225.095601
-143.908826
-1121.769131
-1221.400181
-1365.311697
-1752.765780
-1738.005625
-457.562131
1520.298712
2195.575828
1653.140112
1697.420578
2214.026022
1793.361589
354.246424
-878.226564
-1070.108586
-841.326175
-1295.200958
-1505.533175
206.644868
1704.800656
649.449535
-553.503142
-376.381276
-697.414659
-1782.286091
-2273.061263
-1616.234341
-221.399643
476.017707
62.733352
686.349923
2490.778939
2354.247500
461.257551
-132.838709
103.323779
-490.772481
-900.366798
-476.012326
228.785102
852.401673
826.571401
523.988212
863.471790
915.132334
11.072807
-549.813103
-214.019565
177.124557
372.696618
686.349923
907.752257
808.121207
797.051090
730.630390
335.796229
228.785102
464.947590
590.408912
527.678251
734.320429
970.482918
324.726113
-527.672870
-1420.662280
-3583.025068
-4483.394556
-1966.788036
36.903080
-380.071315
-225.089681
734.320429
867.161829
553.508524
-136.528748
-933.577148
-236.159798
811.811246
-62.727970
-339.480887
1863.472328
2933.583605
1937.273106
1387.457312
645.759496
-892.986720
-1778.596052
-2011.068502
-1867.156986
-1095.938859
-693.724620
-752.765242
291.515763
1431.737778
383.766735
-1191.879870
-1232.470297
-1180.809753
-1785.976130
-1918.817530
-1084.868742
675.279807
2280.446722
2280.446722
1634.689917
1778.601434
1771.221356
619.929224
-549.813103
-741.695125
-785.975592
-1084.868742
-918.816992
-114.388515
1003.693268
1284.136223
184.504635
-571.953337
-970.477536
-2177.120252
-2575.644452
-1634.684536
-778.595514
99.633741
1011.073345
1254.615912
1409.597545
1900.372717
1472.328206
11.072807
-634.683998
-649.444153
-808.115825
-129.148670
660.519651
756.460662
1184.505173
1380.077234
616.239185
11.072807
-166.049059
-649.444153
-959.407420
-339.480887
483.397785
1029.523540
1446.497934
1287.826262
922.512412
933.582529
413.287046
-476.012326
-239.849837
649.449535
678.969846
490.777863
966.792879
885.612023
147.604246
-800.735748
-3180.810829
-4874.538678
-2653.135268
-118.078554
-557.193181
-560.883220
1014.763384
1409.597545
678.969846
-59.037932
-774.905475
-560.883220
269.375529
-210.329526
-498.152559
1656.830151
3107.015433
2118.085011
1542.438945
1114.394434
-560.883220
-1878.227102
-2247.230991
-2169.740174
-1468.632786
-970.477536
-785.975592
439.117318
1723.250850
833.951479
-918.816992
-1177.119714
-1084.868742
-1800.736286
-1996.308347
-1132.839247
468.637629
2114.394972
2424.358239
1937.273106
1826.571939
1420.667662
309.965957
-649.444153
-867.156448
-785.975592
-815.495903
-472.322287
553.508524
1195.575290
206.644868
-785.975592
-18.447504
-188.189293
-2405.902663
-2889.297757
-1391.141969
-712.174814
-376.381276
501.847979
1568.269217
2523.989289
2077.494584
162.364402
-601.473648
302.585879
162.364402
-999.997847
-560.883220
830.261440
1151.294823
988.933112
856.091712
560.888601
487.087824
-239.849837
-1487.082980
-1206.640025
99.633741
808.121207
1099.634279
1225.095601
1143.914745
1169.745018
1029.523540
169.744479
-483.392403
84.873585
616.239185
464.947590
778.600896
1107.014356
612.549146
-22.137543
-1476.012864
-4232.471912
-4760.147472
-1811.806402
143.914207
-125.458631
202.954829
1025.833501
1250.925873
649.449535
-693.724620
-1095.938859
-221.399643
36.903080
-479.702365
199.264791
2280.446722
3151.295899
2217.716061
1346.866884
361.626501
-1162.359558
-2158.670058
-2380.072391
-1885.607180
-1154.979481
-948.337303
-335.790848
1125.464551
1634.689917
291.515763
-1269.370686
-1453.872630
-1321.031231
-1845.016752
-1693.725158
-306.270537
1450.187973
2464.948667
2169.745556
1642.069995
1505.538556
797.051090
-387.451392
-1018.448042
-889.296681
-391.141431
-14.757465
265.685490
749.080585
675.279807
-328.410770
-837.636136
-645.754114
-1553.503680
-2948.338379
-1999.998386
221.405024
538.748368
236.165179
1280.446184
2110.704933
1335.796767
-343.170926
-933.577148
73.803468
538.748368
-306.270537
-501.842598
1062.733890
2154.985400
922.512412
-239.849837
143.914207
214.024946
-590.403531
-1214.020103
-704.794737
642.069457
1206.645406
1047.973734
1247.235834
1324.726651
767.530779
92.253663
-162.359020
-33.207659
221.405024
605.169068
1059.043851
1405.907506
1199.265329
269.375529
-560.883220
-1992.618308
-4789.667783
-4955.719533
-1206.640025
797.051090
158.674363
675.279807
1542.438945
1269.376067
361.626501
-1191.879870
-1741.695664
-254.609992
343.176307
-664.204309
457.567513
3206.646483
3180.816210
1402.217467
774.910857
-7.377387
-1516.603292
-2280.441341
-2202.950524
-1479.702903
-527.672870
-428.041820
-202.949448
1136.534668
1269.376067
-904.056836
-2387.452469
-1682.655041
-944.647264
-1033.208197
-704.794737
686.349923
2350.557461
2631.000416
1494.468440
693.730001
453.877474
-261.990070
-1103.318936
-948.337303
0.002691
789.671012
1177.125095
1154.984862
826.571401
-118.078554
-1782.286091
-2099.629436
-1107.008975
-1749.075741
-2538.744063
-752.765242
1070.113968
977.862995
856.091712
1273.066106
1221.405562
568.268679
-926.197070
-1774.906014
-3.687348
1516.608673
479.707746
140.224168
1686.350462
1944.653184
509.228057
-435.421898
-671.584387
-675.274426
-571.953337
-712.174814
-228.779720
1328.416690
2077.494584
1369.007117
774.910857
590.408912
158.674363
-273.060187
-413.281665
-84.868204
638.379418
1173.435056
1549.819023
1616.239723
963.102840
-55.347893
-2011.068502
-4892.988872
-5000.000000
-1394.832008
616.239185
-265.680109
114.393896
1546.128984
1402.217467
269.375529
-892.986720
-1398.522047
-221.399643
734.320429
-214.019565
332.106190
2944.653722
2907.753333
619.929224
-129.148670
-250.919954
-1180.809753
-1590.404069
-1210.330064
-797.045709
-180.809215
232.475140
162.364402
557.198562
350.556385
-1833.946636
-3236.161412
-2044.278852
-690.034581
-369.001198
158.674363
1398.527428
2553.509600
2487.088900
1295.206340
191.884713
-376.381276
-852.396292
-1328.411308
-1018.448042
295.205802
1361.627040
1667.900267
1490.778401
682.659885
-682.654503
-2103.319474
-2202.950524
-1073.798625
-1269.370686
-2055.348969
-697.414659
1343.176845
1416.977623
287.825724
51.663235
797.051090
760.150701
-963.097459
-1845.016752
571.958718
2734.321505
1166.054979
-498.152559
885.612023
2154.985400
531.368290
-1660.514808
-1553.503680
-66.418009
346.866346
-365.311159
66.423391
2033.214117
2549.819561
712.180196
-365.311159
383.766735
612.549146
-228.779720
-516.602753
273.065568
1136.534668
1166.054979
804.431168
815.501284
701.110079
-1103.318936
-4468.634400
-4937.269339
-918.816992
1369.007117
-298.890459
-833.946098
885.612023
1191.885251
-601.473648
-1675.274964
-1029.518159
162.364402
1073.804007
870.851868
959.412801
2822.882439
2974.174033
151.294285
-1343.171464
-907.746875
-1402.212086
-2047.968891
-837.636136
690.039962
490.777863
132.844091
863.471790
1014.763384
-114.388515
-2036.898774
-3509.224290
-2538.744063
-501.842598
18.452885
81.183546
1169.745018
2372.697694
2040.594195
553.508524
-118.078554
-99.628359
-405.901587
-627.303920
-354.241042
564.578640
1523.988751
1372.697156
369.006579
-723.244931
-1313.651153
-1014.758003
-627.303920
-1110.699014
-1619.924380
-690.034581
811.811246
778.600896
-77.488126
365.316540
1092.254201
-29.517620
-1586.714030
-1202.949986
269.375529
826.571401
476.017707
649.449535
1612.549684
2025.834039
966.792879
-501.842598
-789.665631
-546.123064
-955.717381
-863.466409
564.578640
1630.999878
1402.217467
1284.136223
1402.217467
830.261440
284.135685
125.464013
59.043313
217.714985
232.475140
59.043313
81.183546
424.357163
405.906968
-1638.374575
-4158.671134
-3166.050674
136.534129
1391.147351
-129.148670
-1140.219325
490.777863
1121.774512
-1077.488664
-2077.489202
-863.466409
464.947590
822.881362
579.338796
1498.158478
2601.480105
2014.763922
420.667124
-1258.300570
-1461.252708
-413.281665
-505.532637
-767.525398
-7.377387
280.445646
-3.687348
202.954829
527.678251
-309.960576
-1999.998386
-2431.732935
-1199.259947
14.762846
653.139573
797.051090
398.526890
464.947590
904.062218
276.755607
-822.875981
-859.776370
7.382768
505.538018
398.526890
837.641518
1697.420578
1468.638167
-195.569370
-1723.245469
-1468.632786
-276.750226
-25.827582
-789.665631
-926.197070
140.224168
535.058329
-99.628359
-81.178165
608.859107
542.438407
-605.163687
-1018.448042
7.382768
535.058329
3.692730
-328.410770
92.253663
778.600896
988.933112
815.501284
472.327668
-36.897698
-261.990070
129.154052
612.549146
715.870235
715.870235
778.600896
785.980973
682.659885
446.497396
383.766735
738.010468
1022.143462
660.519651
129.154052
202.954829
350.556385
-184.499254
-1690.035119
-3313.652229
-2970.478613
-690.034581
1243.545795
752.770623
-1166.049597
-804.425787
778.600896
99.633741
-1627.304458
-1738.005625
44.283157
1250.925873
690.039962
704.800118
1398.527428
1184.505173
413.287046
-723.244931
-1612.544303
-955.717381
468.637629
896.682140
265.685490
-92.248281
560.888601
900.372179
-154.978943
-1151.289442
-1498.153097
-1597.784147
-918.816992
-55.347893
391.146813
616.239185
487.087824
439.117318
206.644868
-413.281665
-571.953337
-479.702365
-479.702365
-132.838709
391.146813
520.298174
409.597007
354.246424
88.563624
-206.639487
-387.451392
-328.410770
33.213041
44.283157
-11.067426
-44.277776
-62.727970
527.678251
627.309301
-44.277776
-321.030692
-321.030692
-291.510381
-284.130304
-217.709604
166.054441
483.397785
464.947590
332.106190
361.626501
431.737240
151.294285
-535.052948
-789.665631
-3.687348
763.840740
785.980973
616.239185
841.331557
1276.756145
892.992101
114.393896
51.663235
324.726113
383.766735
99.633741
88.563624
424.357163
398.526890
291.515763
-151.288904
-881.916603
-1014.758003
-690.034581
40.593118
184.504635
-675.274426
-804.425787
-298.890459
-99.628359
-302.580498
-892.986720
-723.244931
202.954829
535.058329
442.807357
129.154052
-324.720731
-18.447504
276.755607
-321.030692
-826.566020
-907.746875
-457.562131
154.984324
84.873585
191.884713
383.766735
77.493507
99.633741
47.973196
-158.668981
-136.528748
-357.931081
-221.399643
118.083935
44.283157
180.814596
295.205802
-59.037932
-313.650615
-228.779720
-55.347893
81.183546
110.703857
88.563624
107.013818
18.452885
47.973196
162.364402
-162.359020
-457.562131
-420.661742
-295.200420
-70.108048
107.013818
321.036074
409.597007
136.534129
-3.687348
125.464013
92.253663
-339.480887
-642.064076
-450.182053
-151.288904
132.844091
269.375529
365.316540
571.958718
361.626501
55.353274
40.593118
25.832963
7.382768
-25.827582
-14.757465
92.253663
332.106190
789.671012
937.272568
531.368290
191.884713
302.585879
571.958718
601.479029
590.408912
638.379418
527.678251
413.287046
346.866346
199.264791
29.523002
-269.370148
-343.170926
-84.868204
-77.488126
29.523002
166.054441
-280.440265
-741.695125
-837.636136
-557.193181
-273.060187
-678.964464
-741.695125
-317.340654
-461.252170
-232.469759
258.305413
-40.587737
-542.433026
-940.957225
-804.425787
-225.089681
-184.499254
-136.528748
-99.628359
-457.562131
-184.499254
206.644868
-47.967815
-184.499254
-243.539876
-247.229915
44.283157
143.914207
295.205802
442.807357
7.382768
-221.399643
14.762846
121.773974
114.393896
-140.218787
-273.060187
73.803468
228.785102
369.006579
653.139573
372.696618
-140.218787
-365.311159
-350.551004
-121.768593
0.002691
70.113429
173.434518
18.452885
14.762846
317.346035
321.036074
55.353274
-217.709604
-324.720731
-95.938320
221.405024
424.357163
457.567513
273.065568
29.523002
22.142924
143.914207
129.154052
147.604246
180.814596
99.633741
81.183546
350.556385
804.431168
782.290935
402.216929
346.866346
380.076696
369.006579
402.216929
420.667124
450.187435
284.135685
151.294285
173.434518
129.154052
309.965957
365.316540
-33.207659
-232.469759
-450.182053
-892.986720
-900.366798
-608.853726
-287.820342
-243.539876
-583.023453
-402.211548
-151.288904
-464.942209
-376.381276
-247.229915
-557.193181
-738.005087
-841.326175
-501.842598
-73.798087
-221.399643
-77.488126
59.043313
-169.739098
22.142924
70.113429
-59.037932
95.943702
-73.798087
-143.908826
121.773974
210.334907
258.305413
-25.827582
-387.451392
-136.528748
40.593118
-11.067426
162.364402
239.855218
217.714985
47.973196
-114.388515
254.615374
428.047201
-55.347893
-239.849837
-147.598865
-180.809215
-103.318398
-33.207659
140.224168
169.744479
-47.967815
36.903080
70.113429
59.043313
180.814596
40.593118
-154.978943
-154.978943
44.283157
158.674363
59.043313
51.663235
44.283157
14.762846
107.013818
273.065568
431.737240
398.526890
324.726113
335.796229
317.346035
284.135685
276.755607
180.814596
62.733352
169.744479
420.667124
642.069457
760.150701
605.169068
557.198562
608.859107
450.187435
202.954829
-317.340654
-627.303920
-217.709604
184.504635
221.405024
51.663235
-324.720731
-553.503142
-564.573259
-376.381276
47.973196
-228.779720
-896.676759
-767.525398
-535.052948
-483.392403
-143.908826
-166.049059
-586.713492
-856.086331
-645.754114
-55.347893
18.452885
-313.650615
-372.691237
-568.263298
-549.813103
92.253663
328.416152
22.142924
-143.908826
18.452885
457.567513
549.818485
328.416152
210.334907
-254.609992
-597.783609
-232.469759
184.504635
339.486268
239.855218
14.762846
59.043313
180.814596
236.165179
313.655996
59.043313
-317.340654
-369.001198
-232.469759
51.663235
214.024946
129.154052
92.253663
-7.377387
55.353274
166.054441
44.283157
59.043313
-22.137543
-195.569370
-103.318398
140.224168
413.287046
273.065568
0.002691
84.873585
44.283157
-51.657854
33.213041
51.663235
66.423391
121.773974
287.825724
586.718874
645.759496
608.859107
590.408912
269.375529
143.914207
372.696618
387.456774
243.545257
107.013818
132.844091
398.526890
527.678251
542.438407
332.106190
-143.908826
-99.628359
210.334907
55.353274
-269.370148
-745.385164
-1140.219325
-963.097459
-542.433026
55.353274
343.176307
-84.868204
-236.159798
-177.119176
-243.539876
-92.248281
-420.661742
-1077.488664
-1339.481425
-1103.318936
-343.170926
136.534129
81.183546
158.674363
62.733352
-169.739098
47.973196
151.294285
-210.329526
-608.853726
-686.344542
-136.528748
442.807357
520.298174
520.298174
265.685490
-118.078554
-25.827582
261.995452
328.416152
47.973196
-291.510381
-276.750226
3.692730
280.445646
383.766735
188.194674
-214.019565
-324.720731
-158.668981
59.043313
261.995452
121.773974
-180.809215
-232.469759
-84.868204
118.083935
206.644868
206.644868
92.253663
-77.488126
-62.727970
166.054441
309.965957
95.943702
-103.318398
-55.347893
33.213041
243.545257
398.526890
332.106190
184.504635
129.154052
302.585879
431.737240
298.895840
210.334907
202.954829
114.393896
306.275918
664.209690
745.390546
608.859107
391.146813
398.526890
479.707746
280.445646
151.294285
-188.189293
-678.964464
-405.901587
143.914207
236.165179
7.382768
-335.790848
-446.492015
-450.182053
-461.252170
-118.078554
-136.528748
-774.905475
-926.197070
-693.724620
-398.521509
7.382768
-44.277776
-328.410770
-527.672870
-439.111937
95.943702
84.873585
-420.661742
-575.643376
-601.473648
-509.222676
-114.388515
210.334907
177.124557
-118.078554
-195.569370
309.965957
653.139573
380.076696
-29.517620
-424.351781
-494.462520
-184.499254
99.633741
424.357163
335.796229
-66.418009
-62.727970
221.405024
535.058329
413.287046
-118.078554
-405.901587
-398.521509
-188.189293
121.773974
317.346035
210.334907
-154.978943
-250.919954
77.493507
295.205802
228.785102
147.604246
-47.967815
-261.990070
-95.938320
247.235296
298.895840
33.213041
-66.418009
73.803468
132.844091
317.346035
494.467901
306.275918
-59.037932
-66.418009
416.977085
542.438407
221.405024
225.095063
383.766735
402.216929
446.497396
590.408912
634.689379
258.305413
-95.938320
136.534129
369.006579
346.866346
202.954829
-191.879331
-250.919954
114.393896
221.405024
88.563624
-416.971703
-885.606642
-841.326175
-708.484775
-287.820342
81.183546
-199.259409
-413.281665
-424.351781
-295.200420
84.873585
-18.447504
-564.573259
-892.986720
-889.296681
-453.872092
-99.628359
-84.868204
25.832963
-110.698476
-243.539876
151.294285
365.316540
140.224168
-243.539876
-428.041820
-118.078554
88.563624
132.844091
250.925335
-47.967815
-387.451392
-147.598865
317.346035
520.298174
265.685490
-81.178165
-206.639487
-180.809215
84.873585
254.615374
-59.037932
-221.399643
-70.108048
7.382768
169.744479
332.106190
298.895840
-62.727970
-365.311159
-70.108048
169.744479
99.633741
206.644868
125.464013
-143.908826
-70.108048
254.615374
350.556385
-29.517620
-254.609992
-22.137543
18.452885
73.803468
457.567513
450.187435
81.183546
81.183546
479.707746
675.279807
361.626501
195.574752
269.375529
143.914207
243.545257
523.988212
542.438407
339.486268
210.334907
398.526890
501.847979
306.275918
59.043313
-206.639487
-313.650615
-191.879331
-66.418009
-121.768593
-416.971703
-653.134192
-571.953337
-258.300031
66.423391
88.563624
-239.849837
-472.322287
-605.163687
-649.444153
-416.971703
-354.241042
-586.713492
-701.104698
-479.702365
22.142924
184.504635
3.692730
-11.067426
-169.739098
-339.480887
-103.318398
33.213041
-114.388515
-232.469759
-158.668981
191.884713
405.906968
324.726113
265.685490
-18.447504
-254.609992
-55.347893
59.043313
3.692730
-84.868204
-206.639487
-62.727970
143.914207
184.504635
162.364402
-84.868204
-273.060187
-143.908826
25.832963
243.545257
276.755607
-44.277776
-129.148670
55.353274
129.154052
166.054441
173.434518
110.703857
-70.108048
-228.779720
66.423391
302.585879
62.733352
-18.447504
143.914207
195.574752
214.024946
306.275918
335.796229
88.563624
-84.868204
169.744479
346.866346
214.024946
276.755607
450.187435
439.117318
439.117318
557.198562
568.268679
295.205802
95.943702
243.545257
302.585879
132.844091
-18.447504
-147.598865
-210.329526
-140.218787
25.832963
73.803468
-195.569370
-520.292792
-490.772481
-254.609992
-125.458631
-195.569370
-380.071315
-464.942209
-490.772481
-446.492015
-214.019565
-129.148670
-346.860965
-586.713492
-487.082442
-158.668981
-132.838709
-291.510381
-298.890459
-287.820342
-291.510381
-140.218787
81.183546
95.943702
-36.897698
25.832963
228.785102
254.615374
195.574752
95.943702
-118.078554
-206.639487
-18.447504
177.124557
136.534129
-121.768593
-173.429137
44.283157
92.253663
70.113429
199.264791
173.434518
-95.938320
-239.849837
-14.757465
221.405024
18.452885
-169.739098
-3.687348
62.733352
-62.727970
0.002691
217.714985
273.065568
88.563624
99.633741
324.726113
184.504635
-47.967815
11.072807
62.733352
44.283157
114.393896
276.755607
317.346035
228.785102
295.205802
376.386657
225.095063
140.224168
232.475140
254.615374
236.165179
372.696618
538.748368
509.228057
346.866346
269.375529
225.095063
114.393896
-29.517620
-166.049059
-180.809215
-110.698476
-92.248281
-140.218787
-173.429137
-140.218787
-317.340654
-535.052948
-398.521509
-284.130304
-413.281665
-424.351781
-166.049059
-29.517620
-254.609992
-317.340654
-129.148670
-343.170926
-642.064076
-391.141431
-177.119176
-391.141431
-394.831470
11.072807
191.884713
-140.218787
-191.879331
136.534129
-47.967815
-346.860965
-33.207659
250.925335
22.142924
-188.189293
33.213041
143.914207
-158.668981
-217.709604
81.183546
47.973196
-73.798087
217.714985
435.427279
173.434518
-103.318398
0.002691
40.593118
-239.849837
-210.329526
121.773974
132.844091
-14.757465
77.493507
332.106190
280.445646
-40.587737
-47.967815
51.663235
-22.137543
3.692730
129.154052
195.574752
162.364402
166.054441
350.556385
416.977085
232.475140
173.434518
173.434518
95.943702
129.154052
202.954829
261.995452
250.925335
199.264791
402.216929
520.298174
387.456774
306.275918
228.785102
243.545257
221.405024
88.563624
143.914207
121.773974
-77.488126
-143.908826
3.692730
95.943702
-81.178165
-306.270537
-346.860965
-446.492015
-612.543764
-428.041820
-195.569370
-306.270537
-350.551004
-188.189293
-143.908826
-343.170926
-446.492015
-313.650615
-420.661742
-601.473648
-357.931081
-73.798087
-140.218787
-247.229915
-59.037932
118.083935
-40.587737
-154.978943
-18.447504
-29.517620
-121.768593
-11.067426
147.604246
92.253663
-121.768593
-110.698476
0.002691
-114.388515
-147.598865
-36.897698
66.423391
162.364402
169.744479
169.744479
88.563624
-118.078554
-110.698476
-11.067426
22.142924
110.703857
107.013818
118.083935
221.405024
195.574752
140.224168
136.534129
-14.757465
-154.978943
-110.698476
99.633741
265.685490
132.844091
95.943702
261.995452
232.475140
199.264791
276.755607
199.264791
40.593118
25.832963
217.714985
324.726113
221.405024
247.235296
365.316540
291.515763
247.235296
343.176307
365.316540
243.545257
151.294285
217.714985
232.475140
136.534129
118.083935
7.382768
-147.598865
-110.698476
11.072807
-18.447504
-184.499254
-254.609992
-295.200420
-490.772481
-431.731859
-92.248281
-55.347893
-258.300031
-254.609992
-177.119176
-298.890459
-483.392403
-402.211548
-309.960576
-538.742987
-601.473648
-280.440265
-129.148670
-169.739098
-84.868204
55.353274
99.633741
11.072807
18.452885
25.832963
-188.189293
-276.750226
-99.628359
33.213041
11.072807
-3.687348
40.593118
40.593118
22.142924
70.113429
92.253663
84.873585
88.563624
62.733352
18.452885
-55.347893
-125.458631
-70.108048
77.493507
169.744479
180.814596
147.604246
188.194674
169.744479
7.382768
-11.067426
22.142924
-125.458631
-236.159798
-114.388515
184.504635
295.205802
180.814596
232.475140
298.895840
177.124557
121.773974
158.674363
121.773974
-22.137543
-51.657854
166.054441
291.515763
236.165179
321.036074
416.977085
424.357163
428.047201
383.766735
258.305413
99.633741
51.663235
66.423391
-22.137543
-62.727970
62.733352
88.563624
-44.277776
-66.418009
-36.897698
-132.838709
-214.019565
-166.049059
-143.908826
-295.200420
-365.311159
-195.569370
-177.119176
-280.440265
-162.359020
-169.739098
-479.702365
-594.093570
-302.580498
-147.598865
-350.551004
-354.241042
-70.108048
-44.277776
-206.639487
-62.727970
114.393896
-88.558243
-280.440265
-151.288904
3.692730
-103.318398
-158.668981
66.423391
151.294285
36.903080
62.733352
136.534129
-11.067426
-195.569370
-166.049059
-44.277776
-18.447504
22.142924
140.224168
136.534129
22.142924
3.692730
84.873585
177.124557
199.264791
143.914207
88.563624
44.283157
18.452885
-3.687348
-7.377387
59.043313
55.353274
22.142924
202.954829
405.906968
383.766735
221.405024
107.013818
66.423391
-11.067426
-25.827582
66.423391
59.043313
36.903080
206.644868
416.977085
505.538018
457.567513
332.106190
295.205802
221.405024
121.773974
129.154052
121.773974
77.493507
59.043313
118.083935
228.785102
136.534129
-77.488126
-125.458631
-140.218787
-180.809215
-158.668981
-136.528748
-154.978943
-261.990070
-328.410770
-232.469759
-236.159798
-335.790848
-313.650615
-280.440265
-265.680109
-284.130304
-306.270537
-273.060187
-306.270537
-287.820342
-173.429137
-154.978943
-177.119176
-177.119176
-225.089681
-250.919954
-217.709604
-129.148670
-33.207659
-36.897698
-25.827582
33.213041
40.593118
66.423391
110.703857
51.663235
-99.628359
-188.189293
-202.949448
-236.159798
-151.288904
81.183546
217.714985
162.364402
151.294285
214.024946
95.943702
-84.868204
-22.137543
143.914207
70.113429
-84.868204
11.072807
132.844091
62.733352
59.043313
232.475140
306.275918
199.264791
214.024946
332.106190
210.334907
62.733352
132.844091
136.534129
18.452885
14.762846
158.674363
188.194674
132.844091
269.375529
457.567513
394.836851
243.545257
221.405024
243.545257
232.475140
195.574752
184.504635
158.674363
95.943702
70.113429
143.914207
265.685490
250.925335
66.423391
-99.628359
-140.218787
-114.388515
-129.148670
-188.189293
-173.429137
-239.849837
-365.311159
-332.100809
-247.229915
-239.849837
-239.849837
-177.119176
-99.628359
-180.809215
-287.820342
-265.680109
-313.650615
-398.521509
-309.960576
-191.879331
-210.329526
-284.130304
-265.680109
-110.698476
-51.657854
-84.868204
-3.687348
18.452885
-62.727970
-84.868204
-77.488126
-40.587737
-51.657854
-70.108048
-36.897698
-59.037932
-129.148670
-166.049059
-88.558243
107.013818
225.095063
173.434518
147.604246
107.013818
-29.517620
-99.628359
-7.377387
99.633741
18.452885
-77.488126
59.043313
166.054441
136.534129
147.604246
191.884713
140.224168
70.113429
151.294285
295.205802
188.194674
18.452885
73.803468
147.604246
107.013818
84.873585
177.124557
180.814596
107.013818
247.235296
439.117318
369.006579
191.884713
143.914207
151.294285
103.323779
92.253663
173.434518
158.674363
66.423391
132.844091
254.615374
284.135685
214.024946
66.423391
-99.628359
-236.159798
-273.060187
-188.189293
-188.189293
-217.709604
-151.288904
-151.288904
-191.879331
-173.429137
-166.049059
-184.499254
-265.680109
-280.440265
-202.949448
-276.750226
-346.860965
-261.990070
-254.609992
-287.820342
-254.609992
-184.499254
-143.908826
-221.399643
-206.639487
-44.277776
-36.897698
-73.798087
-25.827582
-33.207659
-95.938320
-121.768593
-40.587737
47.973196
-14.757465
-73.798087
-51.657854
-84.868204
-99.628359
22.142924
180.814596
210.334907
151.294285
143.914207
118.083935
11.072807
-3.687348
77.493507
33.213041
-92.248281
-33.207659
151.294285
210.334907
158.674363
177.124557
206.644868
118.083935
73.803468
158.674363
166.054441
51.663235
22.142924
158.674363
221.405024
191.884713
199.264791
173.434518
154.984324
199.264791
269.375529
280.445646
202.954829
147.604246
92.253663
84.873585
173.434518
239.855218
180.814596
88.563624
103.323779
173.434518
191.884713
169.744479
121.773974
-11.067426
-154.978943
-228.779720
-261.990070
-261.990070
-166.049059
-77.488126
-73.798087
-114.388515
-121.768593
-132.838709
-236.159798
-298.890459
-269.370148
-280.440265
-324.720731
-317.340654
-243.539876
-214.019565
-225.089681
-210.329526
-191.879331
-180.809215
-180.809215
-191.879331
-188.189293
-158.668981
-66.418009
3.692730
-18.447504
-59.037932
-66.418009
-95.938320
-99.628359
-62.727970
-51.657854
-84.868204
-110.698476
-44.277776
88.563624
114.393896
95.943702
88.563624
66.423391
62.733352
59.043313
84.873585
73.803468
14.762846
51.663235
118.083935
99.633741
99.633741
136.534129
154.984324
151.294285
140.224168
180.814596
143.914207
0.002691
25.832963
132.844091
147.604246
121.773974
129.154052
169.744479
136.534129
132.844091
