-117.583688
-92.021299
132.927725
173.827547
40.903124
-148.258555
-230.058200
15.340735
250.514715
46.015602
-230.058200
-66.458910
132.927725
51.128080
5.115780
10.228257
-40.896521
-35.784043
15.340735
30.678169
20.453213
-30.671565
-138.033599
-66.458910
214.727370
214.727370
-102.246254
-230.058200
-30.671565
127.815247
86.915425
20.453213
-97.133777
-51.121476
163.602592
15.340735
-255.620589
-35.784043
260.739670
56.240558
-163.595988
30.678169
153.377636
-122.696166
-265.845545
40.903124
322.089404
224.952326
-153.371033
-357.870145
-71.571388
219.839848
-5.109176
-224.945722
138.040203
393.664093
-5.109176
-373.207579
-168.708466
148.265158
86.915425
-51.121476
92.027902
92.027902
-173.820944
-163.595988
107.365336
158.490114
10.228257
-97.133777
-61.346432
97.140380
107.365336
-51.121476
-71.571388
-15.334132
-51.121476
0.003302
117.590292
97.140380
-20.446609
-61.346432
-61.346432
-56.233954
-20.446609
0.003302
56.240558
-10.221654
-92.021299
92.027902
199.389937
-30.671565
-214.720766
-66.458910
138.040203
102.252858
-25.559087
-40.896521
10.228257
40.903124
15.340735
0.003302
-20.446609
-92.021299
-10.221654
214.727370
178.940025
-127.808644
-250.508111
-56.233954
138.040203
81.802947
-61.346432
-35.784043
66.465513
10.228257
-61.346432
5.115780
76.690469
-20.446609
-148.258555
-61.346432
112.477814
81.802947
-46.008999
-76.683865
10.228257
102.252858
76.690469
15.340735
-112.471210
-240.283155
-112.471210
178.940025
158.490114
-71.571388
15.340735
189.164981
-15.334132
-219.833244
-35.784043
102.252858
-10.221654
-81.796343
-20.446609
71.577991
97.140380
40.903124
35.790647
51.128080
-86.908821
-214.720766
-86.908821
92.027902
35.790647
-35.784043
51.128080
97.140380
35.790647
-40.896521
-35.784043
-10.221654
-71.571388
-86.908821
-10.221654
56.240558
61.353036
61.353036
46.015602
-10.221654
-25.559087
20.453213
25.565691
-76.683865
-163.595988
-40.896521
158.490114
153.377636
40.903124
-25.559087
-112.471210
-189.158377
-66.458910
194.277459
143.152681
-153.371033
-219.833244
35.790647
270.964626
199.389937
-112.471210
-296.520411
-107.358732
173.827547
86.915425
-117.583688
-40.896521
97.140380
35.790647
-5.109176
102.252858
51.128080
-173.820944
-158.483510
81.802947
178.940025
35.790647
-138.033599
-97.133777
102.252858
112.477814
-40.896521
-76.683865
30.678169
71.577991
-61.346432
-189.158377
-66.458910
148.265158
138.040203
51.128080
76.690469
-30.671565
-189.158377
-117.583688
10.228257
76.690469
102.252858
-35.784043
-112.471210
46.015602
138.040203
25.565691
-71.571388
-61.346432
-81.796343
-46.008999
107.365336
117.590292
-92.021299
-117.583688
71.577991
127.815247
51.128080
-20.446609
-66.458910
-20.446609
20.453213
-51.121476
-61.346432
40.903124
56.240558
0.003302
40.903124
46.015602
-35.784043
-46.008999
30.678169
-5.109176
-92.021299
-20.446609
81.802947
66.465513
-5.109176
-51.121476
-20.446609
25.565691
35.790647
-20.446609
-56.233954
-10.221654
102.252858
112.477814
-56.233954
-158.483510
-66.458910
81.802947
112.477814
51.128080
-15.334132
-20.446609
10.228257
-20.446609
-92.021299
-61.346432
10.228257
5.115780
81.802947
158.490114
30.678169
-158.483510
-158.483510
25.565691
148.265158
61.353036
-86.908821
-56.233954
35.790647
56.240558
20.453213
-5.109176
30.678169
56.240558
5.115780
-76.683865
-76.683865
-5.109176
-15.334132
-51.121476
10.228257
112.477814
92.027902
25.565691
-46.008999
-112.471210
-46.008999
56.240558
30.678169
-20.446609
25.565691
51.128080
-10.221654
-35.784043
0.003302
46.015602
0.003302
-122.696166
-76.683865
81.802947
71.577991
-66.458910
-107.358732
-15.334132
40.903124
35.790647
20.453213
-30.671565
-35.784043
10.228257
40.903124
35.790647
-20.446609
-56.233954
-5.109176
25.565691
10.228257
0.003302
5.115780
-30.671565
-51.121476
10.228257
66.465513
40.903124
-10.221654
-51.121476
-46.008999
20.453213
40.903124
15.340735
25.565691
15.340735
-56.233954
-97.133777
-25.559087
76.690469
66.465513
-46.008999
-56.233954
51.128080
76.690469
-10.221654
-56.233954
-20.446609
40.903124
20.453213
-61.346432
-51.121476
61.353036
40.903124
-40.896521
5.115780
56.240558
0.003302
-46.008999
25.565691
61.353036
0.003302
-97.133777
-81.796343
15.340735
51.128080
-10.221654
-46.008999
46.015602
117.590292
35.790647
-92.021299
-81.796343
-25.559087
20.453213
97.140380
35.790647
-76.683865
-25.559087
76.690469
30.678169
-40.896521
-30.671565
-5.109176
-10.221654
20.453213
30.678169
-20.446609
-66.458910
-25.559087
56.240558
102.252858
35.790647
-86.908821
-76.683865
51.128080
56.240558
-40.896521
-40.896521
20.453213
46.015602
30.678169
0.003302
-10.221654
25.565691
10.228257
-51.121476
-40.896521
15.340735
25.565691
25.565691
15.340735
-35.784043
-56.233954
15.340735
86.915425
25.565691
-40.896521
-15.334132
10.228257
-20.446609
-40.896521
-20.446609
-20.446609
5.115780
46.015602
46.015602
5.115780
-5.109176
-30.671565
-46.008999
-15.334132
25.565691
30.678169
35.790647
35.790647
-35.784043
-66.458910
15.340735
56.240558
0.003302
-20.446609
10.228257
0.003302
-25.559087
-30.671565
-25.559087
0.003302
15.340735
56.240558
46.015602
-15.334132
-25.559087
-35.784043
-30.671565
-5.109176
15.340735
25.565691
20.453213
5.115780
-15.334132
-20.446609
5.115780
10.228257
-20.446609
-20.446609
15.340735
0.003302
-51.121476
-15.334132
66.465513
46.015602
-20.446609
-30.671565
5.115780
15.340735
15.340735
0.003302
-35.784043
-40.896521
5.115780
56.240558
51.128080
-5.109176
-30.671565
-10.221654
-20.446609
-35.784043
-10.221654
-15.334132
-10.221654
25.565691
15.340735
25.565691
35.790647
-10.221654
-81.796343
-51.121476
30.678169
25.565691
-15.334132
-30.671565
5.115780
46.015602
25.565691
-35.784043
-30.671565
25.565691
40.903124
15.340735
-15.334132
15.340735
35.790647
0.003302
-20.446609
-30.671565
0.003302
25.565691
15.340735
20.453213
25.565691
-5.109176
-30.671565
15.340735
46.015602
-5.109176
-25.559087
0.003302
10.228257
-10.221654
-10.221654
-5.109176
5.115780
5.115780
-10.221654
-25.559087
0.003302
30.678169
5.115780
-30.671565
0.003302
35.790647
-5.109176
-61.346432
5.115780
51.128080
-5.109176
-25.559087
20.453213
25.565691
-10.221654
0.003302
10.228257
-35.784043
-25.559087
-15.334132
-10.221654
30.678169
35.790647
15.340735
15.340735
15.340735
-20.446609
-61.346432
-40.896521
15.340735
25.565691
20.453213
15.340735
-10.221654
10.228257
46.015602
-10.221654
-66.458910
-25.559087
5.115780
10.228257
30.678169
35.790647
25.565691
-10.221654
-20.446609
-5.109176
20.453213
0.003302
-25.559087
-20.446609
15.340735
25.565691
15.340735
30.678169
20.453213
-20.446609
-15.334132
10.228257
15.340735
-15.334132
-25.559087
5.115780
10.228257
5.115780
20.453213
10.228257
-10.221654
-5.109176
5.115780
-30.671565
-40.896521
-5.109176
0.003302
0.003302
-5.109176
-10.221654
-25.559087
-25.559087
0.003302
5.115780
20.453213
-25.559087
-76.683865
5.115780
61.353036
5.115780
-20.446609
-35.784043
-35.784043
15.340735
51.128080
46.015602
10.228257
-46.008999
-56.233954
10.228257
46.015602
15.340735
-10.221654
-10.221654
5.115780
25.565691
35.790647
5.115780
-46.008999
-30.671565
30.678169
35.790647
35.790647
15.340735
-46.008999
-25.559087
30.678169
20.453213
-20.446609
-5.109176
10.228257
-20.446609
-30.671565
-15.334132
-10.221654
-15.334132
5.115780
5.115780
-5.109176
-10.221654
0.003302
5.115780
20.453213
20.453213
0.003302
-15.334132
-20.446609
-5.109176
10.228257
30.678169
30.678169
-10.221654
0.003302
51.128080
71.577991
40.903124
25.565691
46.015602
46.015602
15.340735
15.340735
25.565691
25.565691
20.453213
0.003302
-15.334132
-15.334132
-5.109176
-5.109176
20.453213
30.678169
-5.109176
-30.671565
-35.784043
-10.221654
20.453213
20.453213
-20.446609
-25.559087
10.228257
0.003302
-20.446609
-20.446609
-40.896521
-61.346432
-61.346432
-40.896521
-5.109176
-5.109176
-25.559087
-25.559087
-5.109176
20.453213
40.903124
5.115780
-30.671565
-15.334132
-15.334132
-46.008999
-56.233954
-35.784043
-40.896521
-25.559087
-25.559087
-30.671565
-10.221654
5.115780
-20.446609
-51.121476
-46.008999
-10.221654
-10.221654
-46.008999
-71.571388
-35.784043
-25.559087
-40.896521
-40.896521
-20.446609
-10.221654
10.228257
30.678169
46.015602
56.240558
46.015602
30.678169
30.678169
35.790647
25.565691
5.115780
-5.109176
30.678169
40.903124
30.678169
30.678169
35.790647
51.128080
61.353036
81.802947
92.027902
56.240558
81.802947
127.815247
122.702769
102.252858
86.915425
61.353036
30.678169
40.903124
97.140380
61.353036
0.003302
15.340735
30.678169
10.228257
10.228257
15.340735
-40.896521
-46.008999
-15.334132
-20.446609
-15.334132
-20.446609
-35.784043
-20.446609
-25.559087
-20.446609
-5.109176
-5.109176
-20.446609
-40.896521
-30.671565
-15.334132
-71.571388
-97.133777
-81.796343
-86.908821
-102.246254
-117.583688
-117.583688
-132.921121
-117.583688
-102.246254
-92.021299
-76.683865
-56.233954
-81.796343
-102.246254
-61.346432
-20.446609
-35.784043
-56.233954
-46.008999
-51.121476
-51.121476
-51.121476
-56.233954
-25.559087
-25.559087
-25.559087
-20.446609
-5.109176
10.228257
20.453213
46.015602
86.915425
61.353036
20.453213
35.790647
92.027902
117.590292
102.252858
117.590292
112.477814
117.590292
127.815247
138.040203
127.815247
107.365336
97.140380
92.027902
71.577991
46.015602
30.678169
30.678169
81.802947
143.152681
153.377636
138.040203
158.490114
194.277459
199.389937
168.715070
138.040203
178.940025
173.827547
112.477814
56.240558
25.565691
46.015602
61.353036
15.340735
-25.559087
-15.334132
-15.334132
-40.896521
-51.121476
-61.346432
-143.146077
-255.620589
-322.082800
-368.095101
-501.019524
-639.056425
-633.943947
-582.819169
-567.481736
-485.682090
-352.757667
-184.045899
-15.334132
102.252858
199.389937
281.189582
362.989227
373.214182
276.077104
189.164981
168.715070
86.915425
-81.796343
-153.371033
-204.495811
-250.508111
-250.508111
-235.170678
-245.395633
-184.045899
-92.021299
-20.446609
56.240558
138.040203
178.940025
178.940025
194.277459
178.940025
112.477814
86.915425
132.927725
178.940025
163.602592
112.477814
92.027902
132.927725
143.152681
97.140380
40.903124
61.353036
76.690469
46.015602
56.240558
178.940025
322.089404
327.201882
306.751971
368.101704
449.901349
434.563916
306.751971
153.377636
102.252858
138.040203
46.015602
-92.021299
-107.358732
-5.109176
81.802947
102.252858
92.027902
132.927725
245.402237
291.414537
178.940025
15.340735
-61.346432
-235.170678
-628.831469
-981.592438
-1063.392083
-966.255005
-920.242705
-879.342882
-700.406159
-398.769968
-97.133777
46.015602
184.052503
465.238783
695.300284
695.300284
531.700994
414.114005
342.539315
163.602592
-127.808644
-347.645190
-347.645190
-301.632889
-357.870145
-414.107401
-322.082800
-127.808644
0.003302
40.903124
97.140380
184.052503
163.602592
-20.446609
-184.045899
-209.608289
-214.720766
-316.970323
-352.757667
-214.720766
-92.021299
-132.921121
-224.945722
-189.158377
-107.358732
-86.908821
-66.458910
92.027902
281.189582
316.976926
245.402237
214.727370
306.751971
347.651793
265.852148
178.940025
240.289759
296.527015
178.940025
10.228257
-5.109176
76.690469
46.015602
-122.696166
-184.045899
-86.908821
5.115780
0.003302
30.678169
214.727370
424.338960
485.688694
490.801172
521.476039
562.375861
526.588517
368.101704
199.389937
178.940025
230.064803
184.052503
86.915425
153.377636
342.539315
444.788872
429.451438
444.788872
593.050728
751.537540
690.187807
342.539315
-97.133777
-475.457135
-1053.167128
-1937.625790
-2402.861271
-2085.887646
-1676.889421
-1554.189954
-1242.328807
-557.256780
163.602592
587.938250
685.075329
874.237008
1380.372312
1671.783547
1247.447888
613.500639
337.426838
260.739670
-81.796343
-567.481736
-628.831469
-368.095101
-311.857845
-455.007224
-455.007224
-184.045899
112.477814
132.927725
-46.008999
-30.671565
35.790647
-301.632889
-838.443060
-1048.054650
-853.780493
-577.706691
-414.107401
-178.933422
306.751971
756.650018
864.012052
828.224708
884.461964
915.136830
746.425063
414.114005
66.465513
-184.045899
-434.557312
-715.743592
-802.655715
-577.706691
-276.070500
-122.696166
-81.796343
10.228257
46.015602
-148.258555
-255.620589
-30.671565
81.802947
-184.045899
-439.669790
-357.870145
-148.258555
-117.583688
-194.270855
25.565691
593.050728
956.036653
710.637718
306.751971
337.426838
587.938250
347.651793
-250.508111
-465.232179
-158.483510
15.340735
-255.620589
-460.119701
-66.458910
557.263384
639.063029
286.302059
276.077104
715.750196
904.911875
531.700994
143.152681
235.177281
444.788872
184.052503
-291.407934
-255.620589
230.064803
501.026128
393.664093
516.363561
1063.398687
1477.509390
1313.910100
679.962851
25.565691
-403.882445
-1129.854295
-2505.110827
-3399.794444
-2857.871796
-2004.088001
-1860.938622
-1554.189954
-434.557312
807.774796
1375.259834
1313.910100
1349.697445
1825.157881
2019.432038
1334.360011
465.238783
132.927725
81.802947
-301.632889
-930.467660
-986.704916
-526.581913
-357.870145
-511.244480
-403.882445
20.453213
255.627192
122.702769
-204.495811
-316.970323
-281.182978
-664.618814
-1262.778718
-1339.465885
-864.005449
-403.882445
-163.595988
204.502414
940.699220
1574.646468
1533.746646
1145.198332
991.823998
920.249308
511.251083
-122.696166
-593.044125
-725.968548
-807.768193
-986.704916
-1002.042350
-608.381558
-86.908821
76.690469
-122.696166
-296.520411
-92.021299
173.827547
92.027902
10.228257
291.414537
593.050728
460.126305
-40.896521
-419.219879
-265.845545
178.940025
296.527015
97.140380
97.140380
378.326660
480.576216
168.715070
-138.033599
-51.121476
163.602592
40.903124
-286.295456
-393.657490
-143.146077
122.702769
138.040203
143.152681
368.101704
593.050728
506.138605
296.527015
342.539315
485.688694
434.563916
199.389937
56.240558
71.577991
56.240558
-5.109176
15.340735
173.827547
444.788872
695.300284
904.911875
1140.085854
1313.910100
1293.460189
1012.273909
255.627192
-956.030049
-2208.587114
-3093.045775
-3251.532588
-2837.421885
-2346.624015
-1722.901721
-690.181203
357.876749
930.474264
1145.198332
1365.034878
1753.583192
2034.769472
1799.595492
1191.210632
582.825773
102.252858
-291.407934
-587.931647
-751.530937
-741.305981
-603.269080
-516.356957
-419.219879
-281.182978
-230.058200
-214.720766
-219.833244
-291.407934
-414.107401
-633.943947
-945.805094
-1083.841995
-930.467660
-644.168903
-204.495811
409.001527
1037.836298
1554.196557
1743.358236
1589.983902
1288.347711
889.574441
378.326660
-132.921121
-577.706691
-986.704916
-1267.891196
-1329.240930
-1155.416684
-828.218104
-419.219879
0.003302
301.639493
347.651793
76.690469
-138.033599
102.252858
357.876749
311.864448
255.627192
311.864448
322.089404
122.702769
-168.708466
-224.945722
15.340735
265.852148
265.852148
132.927725
81.802947
138.040203
163.602592
92.027902
56.240558
66.465513
-20.446609
-138.033599
-158.483510
-86.908821
61.353036
204.502414
342.539315
419.226483
398.776571
434.563916
475.463738
429.451438
388.551616
342.539315
219.839848
66.465513
15.340735
81.802947
122.702769
138.040203
342.539315
823.112230
1242.335411
1329.247533
1278.122755
1324.135056
1048.061254
-240.283155
-2269.936847
-3588.956123
-3410.019400
-2755.622240
-2617.585339
-2356.848970
-1037.829694
593.050728
1262.785322
1088.961076
1237.222933
1993.869649
2433.542741
1922.294960
1053.173731
470.351261
51.128080
-490.794568
-864.005449
-695.293681
-393.657490
-521.469435
-751.530937
-526.581913
-61.346432
-20.446609
-368.095101
-516.356957
-368.095101
-403.882445
-889.567838
-1278.116152
-1083.841995
-562.369258
-168.708466
132.927725
659.512940
1324.135056
1728.020803
1656.446113
1390.597267
1140.085854
700.412762
30.678169
-541.919346
-817.993148
-910.017749
-1114.516862
-1349.690841
-1273.003674
-858.892971
-337.420234
71.577991
209.614892
81.802947
5.115780
97.140380
97.140380
30.678169
204.502414
613.500639
945.811697
797.549841
209.614892
-184.045899
-92.021299
25.565691
-102.246254
-209.608289
-97.133777
51.128080
-81.796343
-316.970323
-235.170678
143.152681
403.889049
311.864448
148.265158
158.490114
245.402237
158.490114
15.340735
10.228257
122.702769
204.502414
245.402237
327.201882
439.676394
475.463738
439.676394
470.351261
495.913650
409.001527
311.864448
281.189582
342.539315
424.338960
511.251083
690.187807
920.249308
1150.310810
1298.572666
879.349486
-587.931647
-2617.585339
-3865.029925
-3568.506212
-2776.072151
-2515.335783
-2029.650390
-567.481736
1037.836298
1584.871424
1237.222933
1216.773021
1978.532216
2643.154331
2269.943451
1221.885499
347.651793
-250.508111
-736.193503
-966.255005
-766.868370
-506.132002
-557.256780
-736.193503
-633.943947
-414.107401
-424.332357
-577.706691
-567.481736
-373.207579
-378.320056
-700.406159
-981.592438
-848.668015
-368.095101
76.690469
495.913650
1037.836298
1538.859124
1768.920625
1661.558591
1354.809922
956.036653
383.439138
-301.632889
-802.655715
-996.929872
-1140.079251
-1339.465885
-1411.040575
-1242.328807
-792.430759
-219.833244
224.952326
608.388162
961.149131
874.237008
178.940025
-552.144302
-603.269080
-76.683865
235.177281
143.152681
270.964626
746.425063
833.337185
163.602592
-470.344657
-281.182978
403.889049
526.588517
-112.471210
-516.356957
-230.058200
92.027902
-20.446609
-224.945722
-35.784043
311.864448
276.077104
-97.133777
-209.608289
56.240558
296.527015
281.189582
311.864448
567.488339
725.975151
501.026128
184.052503
214.727370
455.013827
398.776571
199.389937
235.177281
403.889049
424.338960
322.089404
460.126305
853.787097
1109.410987
1145.198332
1252.560366
1303.685144
444.788872
-1538.852520
-3553.168779
-4350.715318
-3829.242581
-3047.033475
-2479.548438
-1365.028274
475.463738
1855.832748
2075.669294
1855.832748
1988.757171
2367.080530
2341.518140
1625.771247
685.075329
-143.146077
-894.680316
-1324.128452
-1109.404384
-577.706691
-337.420234
-516.356957
-628.831469
-398.769968
-291.407934
-613.494036
-950.917572
-874.230404
-644.168903
-700.406159
-950.917572
-961.142527
-495.907046
199.389937
771.987452
1232.110455
1682.008503
1978.532216
1881.395137
1477.509390
996.936475
429.451438
-230.058200
-894.680316
-1339.465885
-1354.803319
-1288.341107
-1334.353408
-1180.979073
-761.755892
-373.207579
-148.258555
112.477814
557.263384
853.787097
623.725595
199.389937
143.152681
260.739670
86.915425
-240.283155
-112.471210
434.563916
628.838073
138.040203
-327.195278
-158.483510
199.389937
86.915425
-270.958022
-250.508111
127.815247
260.739670
-10.221654
-132.921121
81.802947
184.052503
-61.346432
-286.295456
-194.270855
-46.008999
-25.559087
61.353036
383.439138
710.637718
695.300284
531.700994
557.263384
644.175506
531.700994
209.614892
-15.334132
-20.446609
56.240558
102.252858
153.377636
357.876749
649.287984
930.474264
1160.535766
1339.472489
1467.284434
1462.171957
1160.535766
86.915425
-1728.014199
-3558.281257
-4775.050976
-4769.938498
-3604.293557
-2198.362158
-894.680316
674.850373
2264.830973
3006.140256
2678.941676
1973.419738
1666.671069
1743.358236
1339.472489
337.426838
-577.706691
-981.592438
-976.479961
-782.205804
-536.806869
-291.407934
-153.371033
-260.733067
-485.682090
-685.068725
-966.255005
-1257.666240
-1411.040575
-1313.903496
-971.367483
-633.943947
-327.195278
148.265158
833.337185
1421.272134
1743.358236
1866.057704
1814.932926
1635.996202
1242.335411
613.500639
-117.583688
-756.643415
-1211.653940
-1416.153053
-1334.353408
-1053.167128
-792.430759
-669.731292
-603.269080
-465.232179
-204.495811
0.003302
97.140380
250.514715
506.138605
766.874974
700.412762
281.189582
178.940025
639.063029
720.862674
30.678169
-465.232179
-265.845545
-127.808644
-465.232179
-679.956247
-291.407934
296.527015
414.114005
117.590292
107.365336
409.001527
393.664093
-25.559087
-301.632889
-235.170678
-158.483510
-327.195278
-403.882445
-97.133777
306.751971
598.163206
777.099929
843.562141
828.224708
664.625418
429.451438
255.627192
25.565691
-260.733067
-347.645190
-122.696166
163.602592
373.214182
506.138605
690.187807
1058.286209
1395.709745
1431.497090
1262.785322
1221.885499
1211.660544
695.300284
-782.205804
-2857.871796
-4504.089652
-5000.000000
-4207.565939
-2714.722417
-1293.453585
178.940025
1866.057704
3041.927601
3026.590168
2229.043629
1467.284434
1114.523465
1007.161431
669.737895
25.565691
-557.256780
-777.093326
-526.581913
-51.121476
204.502414
30.678169
-449.894746
-940.692616
-1257.666240
-1497.952698
-1794.476411
-1845.601189
-1503.065175
-935.580138
-327.195278
184.052503
613.500639
1017.386387
1416.159656
1661.558591
1646.221158
1451.947001
1140.085854
777.099929
409.001527
10.228257
-342.532712
-695.293681
-961.142527
-1012.267305
-894.680316
-807.768193
-817.993148
-812.880671
-823.105626
-823.105626
-654.393858
-189.158377
342.539315
608.388162
695.300284
930.474264
1150.310810
945.811697
557.263384
449.901349
439.676394
5.115780
-792.430759
-1201.428984
-956.030049
-695.293681
-654.393858
-235.170678
639.063029
1206.548066
961.149131
373.214182
127.815247
132.927725
-194.270855
-741.305981
-879.342882
-480.569613
-143.146077
-81.796343
132.927725
715.750196
1247.447888
1226.997977
874.237008
674.850373
495.913650
117.590292
-296.520411
-449.894746
-332.307756
-122.696166
97.140380
429.451438
853.787097
1124.748421
1211.660544
1298.572666
1354.809922
1232.110455
976.486564
782.212407
659.512940
138.040203
-1319.015974
-3246.420110
-4585.889297
-4734.151154
-3553.168779
-1855.826145
-526.581913
695.300284
2116.569117
2903.890700
2479.555041
1523.521690
904.911875
858.899575
945.811697
649.287984
132.927725
-230.058200
-347.645190
-117.583688
250.514715
245.402237
-255.620589
-1007.154827
-1651.327032
-1866.051100
-1881.388534
-1952.963223
-1702.451810
-966.255005
-138.033599
424.338960
731.087629
976.486564
1262.785322
1395.709745
1232.110455
1017.386387
915.136830
705.525240
414.114005
214.727370
56.240558
-143.146077
-393.657490
-628.831469
-720.856070
-731.081026
-940.692616
-1242.328807
-1308.791019
-1186.091551
-945.805094
-490.794568
143.152681
787.324885
1211.660544
1262.785322
1165.648243
1155.423288
940.699220
449.901349
-92.021299
-598.156602
-828.218104
-828.218104
-925.355182
-848.668015
-265.845545
342.539315
572.600817
552.150906
480.576216
475.463738
286.302059
-184.045899
-449.894746
-373.207579
-368.095101
-490.794568
-460.119701
-117.583688
414.114005
782.212407
894.686919
1022.498865
1083.848598
787.324885
357.876749
51.128080
-158.483510
-281.182978
-378.320056
-362.982623
-66.458910
322.089404
526.588517
715.750196
1048.061254
1278.122755
1252.560366
1104.298510
930.474264
812.887274
685.075329
475.463738
148.265158
-777.093326
-2494.885871
-4156.441161
-4631.901597
-3578.731168
-1927.400834
-761.755892
281.189582
1774.033103
2832.316011
2530.679820
1462.171957
777.099929
787.324885
961.149131
777.099929
347.651793
81.802947
-51.121476
-127.808644
-46.008999
0.003302
-352.757667
-1037.829694
-1728.014199
-1993.863046
-1789.363933
-1605.314732
-1441.715442
-925.355182
-112.471210
567.488339
940.699220
1063.398687
1099.186032
1129.860899
950.924175
720.862674
756.650018
797.549841
639.063029
475.463738
352.764271
122.702769
-286.295456
-802.655715
-1134.966773
-1119.629339
-1134.966773
-1329.240930
-1375.253230
-1170.754118
-792.430759
-265.845545
403.889049
1068.511165
1477.509390
1472.396912
1155.423288
751.537540
362.989227
97.140380
-168.708466
-613.494036
-787.318282
-429.444835
-240.283155
-470.344657
-439.669790
86.915425
674.850373
771.987452
332.314360
-5.109176
-10.221654
-97.133777
-480.569613
-751.530937
-572.594213
-168.708466
66.465513
132.927725
424.338960
879.349486
1042.948776
935.586742
771.987452
557.263384
240.289759
-97.133777
-316.970323
-342.532712
-235.170678
-107.358732
117.590292
485.688694
817.999752
915.136830
894.686919
961.149131
1042.948776
945.811697
690.187807
572.600817
679.962851
685.075329
230.064803
-925.355182
-2592.022950
-4038.854171
-4417.177529
-3384.457011
-1666.664465
-362.982623
654.400462
1937.632393
2770.966277
2423.317786
1431.497090
598.163206
506.138605
843.562141
751.537540
240.289759
-158.483510
-260.733067
-92.021299
107.365336
15.340735
-403.882445
-1042.942172
-1733.126677
-2019.425435
-1912.063401
-1763.801544
-1405.928097
-685.068725
112.477814
797.549841
1160.535766
1145.198332
1099.186032
1109.410987
945.811697
705.525240
613.500639
577.713295
526.588517
449.901349
240.289759
-20.446609
-306.745367
-710.631114
-1068.504561
-1170.754118
-1237.216329
-1334.353408
-1298.566063
-1099.179428
-720.856070
-71.571388
623.725595
1114.523465
1385.484789
1390.597267
1083.848598
506.138605
-132.921121
-398.769968
-245.395633
-194.270855
-337.420234
-224.945722
-40.896521
-46.008999
-122.696166
-102.246254
112.477814
311.864448
163.602592
-158.483510
-276.070500
-316.970323
-403.882445
-378.320056
-209.608289
112.477814
378.326660
388.551616
419.226483
669.737895
782.212407
669.737895
521.476039
332.314360
132.927725
-15.334132
-117.583688
-138.033599
-56.233954
46.015602
184.052503
465.238783
777.099929
910.024353
874.237008
864.012052
904.911875
904.911875
736.200107
582.825773
679.962851
633.950551
-240.283155
-1850.713667
-3476.481612
-4488.752219
-4171.778594
-2494.885871
-761.755892
552.150906
1896.732571
2811.866099
2704.504065
1804.707970
674.850373
61.353036
250.514715
414.114005
291.414537
214.727370
86.915425
138.040203
511.251083
526.588517
0.003302
-705.518636
-1666.664465
-2428.423660
-2438.648615
-2208.587114
-1794.476411
-910.017749
30.678169
828.224708
1503.071779
1620.658769
1319.022578
1058.286209
746.425063
444.788872
311.864448
204.502414
250.514715
490.801172
506.138605
327.201882
153.377636
-240.283155
-812.880671
-1094.066950
-1216.766418
-1477.502786
-1625.764643
-1436.602964
-1058.279606
-480.569613
322.089404
1073.623643
1579.758946
1702.458414
1283.235233
659.512940
296.527015
66.465513
-260.733067
-623.718991
-654.393858
-163.595988
122.702769
-184.045899
-245.395633
311.864448
613.500639
235.177281
-342.532712
-567.481736
-352.757667
-209.608289
-383.432534
-260.733067
260.739670
557.263384
485.688694
352.764271
306.751971
332.314360
245.402237
71.577991
168.715070
439.676394
506.138605
429.451438
521.476039
557.263384
403.889049
194.277459
-40.896521
-127.808644
51.128080
224.952326
419.226483
828.224708
1104.298510
1134.973376
1319.022578
1390.597267
1048.061254
444.788872
-848.668015
-2499.998349
-3532.718867
-4412.065051
-4723.926198
-2903.884096
-408.994923
945.811697
2126.794072
3036.815123
2765.853799
2044.994427
736.200107
-700.406159
-516.356957
71.577991
-189.158377
122.702769
685.075329
715.750196
1078.736121
1007.161431
-81.796343
-812.880671
-1589.977298
-2842.534363
-2985.683741
-2387.523837
-1988.750568
-879.342882
429.451438
1129.860899
1896.732571
2106.344161
1324.135056
812.887274
455.013827
-173.820944
-235.170678
46.015602
219.839848
715.750196
991.823998
639.063029
419.226483
92.027902
-720.856070
-1206.541462
-1380.365708
-1702.451810
-1820.038800
-1538.852520
-950.917572
-25.559087
869.124530
1344.584967
1554.196557
1416.159656
833.337185
199.389937
-204.495811
-316.970323
-35.784043
270.964626
184.052503
51.128080
-86.908821
-480.569613
-608.381558
-383.432534
-270.958022
-173.820944
-56.233954
-30.671565
61.353036
86.915425
-35.784043
209.614892
552.150906
414.114005
230.064803
250.514715
117.590292
-102.246254
-270.958022
-265.845545
76.690469
439.676394
557.263384
720.862674
956.036653
945.811697
720.862674
322.089404
-107.358732
-347.645190
-357.870145
-112.471210
214.727370
521.476039
1002.048953
1457.059479
1651.333636
1661.558591
1349.697445
792.437363
-92.021299
-1830.263755
-3374.232055
-3905.929748
-4539.876997
-4207.565939
-1676.889421
674.850373
1758.695670
2730.066454
2832.316011
1937.632393
1083.848598
-408.994923
-1416.153053
-455.007224
286.302059
357.876749
1247.447888
1630.883724
1196.323110
1134.973376
373.214182
-1002.042350
-1687.114377
-2699.384984
-3563.393734
-2755.622240
-1794.476411
-1165.641640
286.302059
1482.621868
1860.945226
2131.906550
1513.296735
214.727370
-332.307756
-567.481736
-741.305981
-92.021299
731.087629
1211.660544
1743.358236
1738.245758
940.699220
209.614892
-521.469435
-1503.065175
-1978.525612
-2044.987824
-2198.362158
-1809.813844
-838.443060
-10.221654
879.349486
1671.783547
1697.345936
1278.122755
674.850373
-209.608289
-720.856070
-618.606514
-383.432534
25.565691
429.451438
501.026128
695.300284
741.312585
76.690469
-342.532712
-327.195278
-649.281381
-950.917572
-889.567838
-572.594213
276.077104
915.136830
751.537540
766.874974
833.337185
189.164981
-388.545012
-654.393858
-833.330582
-414.107401
117.590292
316.976926
838.449663
1344.584967
1298.572666
1150.310810
843.562141
235.177281
-132.921121
-368.095101
-674.843770
-567.481736
10.228257
608.388162
1063.398687
1385.484789
1564.421513
1559.309035
1298.572666
807.774796
260.739670
-189.158377
-1088.954473
-2530.673216
-3338.444711
-3634.968424
-3921.267181
-2617.585339
-112.471210
1354.809922
2137.019028
2530.679820
1707.570892
649.287984
-301.632889
-1472.390309
-1048.054650
639.063029
1273.010277
1595.096380
2137.019028
1687.120980
966.261609
306.751971
-1088.954473
-2183.024725
-2663.597639
-3277.094977
-3052.145953
-1784.251455
-731.081026
245.402237
1375.259834
1855.832748
1559.309035
761.762496
-342.532712
-1088.954473
-1078.729517
-562.369258
265.852148
1354.809922
2183.031328
2295.505840
1993.869649
1288.347711
-35.784043
-1196.316507
-1789.363933
-2264.824370
-2254.599414
-1794.476411
-1405.928097
-506.132002
598.163206
935.586742
1186.098155
1232.110455
337.426838
-501.019524
-869.117927
-899.792793
-97.133777
536.813472
557.263384
1344.584967
1973.419738
1032.723820
-10.221654
-475.457135
-869.117927
-930.467660
-1206.541462
-1446.827919
-373.207579
761.762496
777.099929
950.924175
1298.572666
858.899575
92.027902
-674.843770
-1165.641640
-884.455360
-501.019524
-322.082800
388.551616
1221.885499
1344.584967
1257.672844
1267.897800
976.486564
465.238783
-51.121476
-465.232179
-408.994923
-214.720766
-230.058200
204.502414
1037.836298
1349.697445
1324.135056
1339.472489
1232.110455
1124.748421
761.762496
86.915425
-316.970323
-1293.453585
-2919.221530
-3716.768069
-4110.428860
-3691.205680
-1196.316507
792.437363
1232.110455
2331.293185
2423.317786
685.075329
-153.371033
-802.655715
-1421.265530
260.739670
1682.008503
1359.922400
2126.794072
2459.105130
884.461964
189.164981
-485.682090
-2177.912247
-2494.885871
-2540.898172
-3159.507987
-2024.537912
-449.894746
-81.796343
823.112230
1589.983902
894.686919
219.839848
-470.344657
-1533.740042
-1334.353408
-240.283155
562.375861
1779.145581
2883.440789
2709.616543
2065.444339
1257.672844
-199.383333
-1375.253230
-1814.926322
-2137.012424
-2019.425435
-1395.703141
-950.917572
-286.295456
628.838073
904.911875
741.312585
383.439138
-480.569613
-1099.179428
-1186.091551
-1037.829694
35.790647
1508.184257
2004.094605
1947.857349
1508.184257
521.476039
-143.146077
-838.443060
-1733.126677
-1472.390309
-552.144302
-270.958022
71.577991
623.725595
812.887274
956.036653
725.975151
-66.458910
-429.444835
-470.344657
-756.643415
-664.618814
-76.683865
357.876749
552.150906
674.850373
679.962851
725.975151
756.650018
516.363561
373.214182
449.901349
276.077104
35.790647
66.465513
127.815247
224.952326
506.138605
751.537540
956.036653
1104.298510
1160.535766
1324.135056
1175.873199
674.850373
189.164981
-1191.204029
-2960.121352
-3675.868246
-4386.502662
-4248.465761
-1365.028274
935.586742
1191.210632
2244.381062
2443.767697
449.901349
-516.356957
-899.792793
-1385.478186
439.676394
2106.344161
1661.558591
2315.955751
2842.540966
1083.848598
-102.246254
-695.293681
-2172.799769
-2704.497462
-2540.898172
-2586.910472
-1375.253230
35.790647
189.164981
654.400462
1170.760721
230.064803
-991.817394
-1559.302431
-1804.701366
-1175.866595
322.089404
1625.771247
2678.941676
3430.475915
2919.228133
1559.309035
455.013827
-705.518636
-1779.138977
-1988.750568
-1743.351633
-1334.353408
-572.594213
-30.671565
255.627192
679.962851
460.126305
-398.769968
-935.580138
-1324.128452
-1554.189954
-1216.766418
-536.806869
695.300284
1942.744871
2004.094605
1559.309035
1390.597267
705.525240
-434.557312
-1109.404384
-1140.079251
-766.868370
-465.232179
-235.170678
414.114005
894.686919
608.388162
143.152681
-132.921121
-301.632889
-495.907046
-802.655715
-608.381558
127.815247
475.463738
516.363561
746.425063
838.449663
777.099929
639.063029
311.864448
322.089404
654.400462
547.038428
342.539315
424.338960
301.639493
112.477814
240.289759
557.263384
889.574441
950.924175
884.461964
1196.323110
1211.660544
715.750196
495.913650
-521.469435
-2551.123127
-3532.718867
-4084.866471
-4248.465761
-1722.901721
956.036653
1012.273909
1288.347711
1820.045403
245.402237
-1180.979073
-1283.228629
-1119.629339
557.263384
2622.704420
2535.792297
2193.256284
2566.467164
1482.621868
-368.095101
-1262.778718
-1917.175878
-2433.536138
-2024.537912
-1262.778718
-577.706691
230.064803
516.363561
56.240558
-235.170678
-705.518636
-1896.725967
-2372.186404
-1682.001899
-807.768193
598.163206
2264.830973
3041.927601
3118.614768
2459.105130
986.711520
-102.246254
-756.643415
-1298.566063
-1027.604739
-449.894746
-265.845545
-10.221654
76.690469
-66.458910
-178.933422
-771.980848
-1319.015974
-1160.529162
-1109.404384
-869.117927
-204.495811
-209.608289
127.815247
1319.022578
1262.785322
572.600817
812.887274
823.112230
332.314360
-5.109176
-511.244480
-444.782268
398.776571
409.001527
-143.146077
-153.371033
-122.696166
-322.082800
-408.994923
-306.745367
-25.559087
173.827547
117.590292
102.252858
178.940025
138.040203
143.152681
260.739670
460.126305
644.175506
731.087629
940.699220
945.811697
490.801172
260.739670
265.852148
-5.109176
-132.921121
158.490114
679.962851
1129.860899
1257.672844
1431.497090
1605.321335
1078.736121
495.913650
-230.058200
-2137.012424
-3317.994799
-3236.195154
-3859.917448
-2735.172329
674.850373
1564.421513
552.150906
608.388162
-40.896521
-1492.840220
-1860.938622
-1533.740042
51.128080
2592.029553
3404.913526
2776.078755
2428.430263
1763.808148
173.827547
-1359.915797
-1968.300656
-1855.826145
-1344.578363
-485.682090
296.527015
526.588517
235.177281
-475.457135
-1155.416684
-1446.827919
-1927.400834
-2331.286581
-1682.001899
-470.344657
577.713295
1487.734346
1932.519915
1876.282659
1523.521690
807.774796
230.064803
138.040203
230.064803
475.463738
628.838073
393.664093
10.228257
-470.344657
-981.592438
-1150.304206
-1170.754118
-1155.416684
-746.418459
0.003302
337.426838
-480.569613
-1186.091551
-178.933422
480.576216
-521.469435
-337.420234
1503.071779
1866.057704
751.537540
153.377636
368.101704
925.361786
439.676394
-1032.717217
-884.455360
276.077104
-86.908821
-679.956247
112.477814
766.874974
306.751971
-265.845545
-316.970323
-148.258555
-132.921121
-168.708466
102.252858
685.075329
848.674619
593.050728
792.437363
956.036653
403.889049
204.502414
572.600817
260.739670
-189.158377
163.602592
506.138605
598.163206
787.324885
899.799397
1201.435588
1303.685144
817.999752
710.637718
-102.246254
-2229.037025
-2852.759318
-2898.771619
-3696.318158
-1712.676766
1365.034878
874.237008
-306.745367
5.115780
-797.543237
-1784.251455
-1503.065175
-889.567838
904.911875
2975.465389
2602.254509
1416.159656
1472.396912
940.699220
-587.931647
-986.704916
-501.019524
-332.307756
56.240558
593.050728
414.114005
-199.383333
-848.668015
-1472.390309
-1528.627564
-1303.678541
-1579.752343
-1436.602964
-276.070500
419.226483
291.414537
260.739670
102.252858
-214.720766
-102.246254
230.064803
741.312585
1446.834523
1779.145581
1549.084079
981.599042
378.326660
-163.595988
-930.467660
-1467.277831
-1262.778718
-843.555537
-255.620589
132.927725
-143.146077
92.027902
5.115780
-1492.840220
-1303.678541
485.688694
240.289759
-577.706691
414.114005
1354.809922
935.586742
332.314360
296.527015
603.275684
490.801172
-327.195278
-639.056425
158.490114
541.925950
-153.371033
-378.320056
352.764271
567.488339
66.465513
-46.008999
102.252858
25.565691
20.453213
66.465513
158.490114
501.026128
649.287984
536.813472
531.700994
582.825773
649.287984
460.126305
219.839848
526.588517
633.950551
332.314360
414.114005
587.938250
664.625418
746.425063
567.488339
991.823998
1196.323110
-920.242705
-2648.260206
-1988.750568
-2484.660916
-2868.096752
-112.471210
1349.697445
-194.270855
-1037.829694
-1094.066950
-1518.402609
-1390.590664
-920.242705
163.602592
2259.718495
2888.553267
1308.797622
444.788872
577.713295
-501.019524
-1584.864820
-664.618814
746.425063
1370.147356
1528.634168
1022.498865
143.152681
-705.518636
-1579.752343
-1855.826145
-1457.052875
-1252.553763
-1186.091551
-501.019524
531.700994
777.099929
194.277459
-327.195278
-679.956247
-838.443060
-495.907046
10.228257
603.275684
1191.210632
1267.897800
1068.511165
986.711520
751.537540
107.365336
-710.631114
-930.467660
-577.706691
-516.356957
-460.119701
122.702769
403.889049
-10.221654
-623.718991
-766.868370
-230.058200
-56.233954
-388.545012
-20.446609
618.613117
654.400462
362.989227
35.790647
-138.033599
-311.857845
-506.132002
-122.696166
449.901349
746.425063
746.425063
301.639493
132.927725
235.177281
-30.671565
-10.221654
178.940025
10.228257
117.590292
301.639493
219.839848
455.013827
598.163206
255.627192
102.252858
189.164981
281.189582
322.089404
306.751971
695.300284
966.261609
516.363561
495.913650
828.224708
516.363561
306.751971
449.901349
690.187807
945.811697
-439.669790
-2321.061626
-2039.875346
-2029.650390
-2321.061626
143.152681
1743.358236
-97.133777
-1569.527387
-1451.940397
-1738.239155
-2075.662691
-1109.404384
593.050728
2070.556816
2735.178932
1789.370537
414.114005
281.189582
-327.195278
-1758.689066
-1165.641640
639.063029
1252.560366
1431.497090
1365.034878
444.788872
-465.232179
-807.768193
-838.443060
-838.443060
-986.704916
-1175.866595
-1053.167128
-490.794568
20.453213
-76.683865
-281.182978
-81.796343
-25.559087
-46.008999
281.189582
357.876749
107.365336
15.340735
102.252858
245.402237
444.788872
567.488339
311.864448
86.915425
260.739670
-373.207579
-1354.803319
-368.095101
1119.635943
434.563916
-802.655715
-332.307756
383.439138
-710.631114
-1743.351633
-332.307756
1462.171957
1354.809922
424.338960
61.353036
46.015602
-516.356957
-1487.727742
-1119.629339
409.001527
884.461964
511.251083
705.525240
910.024353
409.001527
-296.520411
-204.495811
439.676394
460.126305
327.201882
541.925950
403.889049
230.064803
388.551616
536.813472
644.175506
449.901349
168.715070
332.314360
429.451438
204.502414
204.502414
720.862674
1216.773021
940.699220
695.300284
930.474264
756.650018
342.539315
-899.792793
-2489.773393
-1998.975523
-1651.327032
-2009.200479
347.651793
1968.307260
-5.109176
-1763.801544
-1978.525612
-1876.276056
-1988.750568
-1436.602964
746.425063
2223.931151
1784.258059
1083.848598
301.639493
51.128080
153.377636
-725.968548
-373.207579
1329.247533
1308.797622
470.351261
127.815247
-383.432534
-823.105626
-853.780493
-255.620589
403.889049
112.477814
-439.669790
-516.356957
-746.418459
-1134.966773
-1129.854295
-766.868370
-250.508111
143.152681
92.027902
66.465513
265.852148
15.340735
-76.683865
557.263384
777.099929
449.901349
148.265158
-322.082800
-506.132002
-127.808644
163.602592
296.527015
61.353036
-475.457135
71.577991
1078.736121
567.488339
-557.256780
-700.406159
-434.557312
-817.993148
-910.017749
419.226483
1385.484789
526.588517
-582.819169
-572.594213
-51.121476
-5.109176
-265.845545
-107.358732
143.152681
127.815247
184.052503
439.676394
664.625418
368.101704
20.453213
388.551616
751.537540
679.962851
562.375861
383.439138
117.590292
-66.458910
352.764271
1099.186032
848.674619
132.927725
189.164981
383.439138
178.940025
20.453213
480.576216
1027.611342
608.388162
424.338960
1007.161431
1058.286209
659.512940
-991.817394
-2576.685516
-1211.653940
-782.205804
-2121.674991
-122.696166
1891.620093
-173.820944
-2269.936847
-2101.225080
-1365.028274
-1175.866595
-894.680316
352.764271
1329.247533
1088.961076
316.976926
-414.107401
-265.845545
270.964626
56.240558
490.801172
1497.959301
1150.310810
286.302059
-5.109176
-281.182978
-761.755892
-618.606514
270.964626
603.275684
97.140380
-419.219879
-710.631114
-889.567838
-1017.379783
-894.680316
-260.733067
347.651793
245.402237
-316.970323
-639.056425
-659.506336
-669.731292
-235.170678
731.087629
1068.511165
685.075329
444.788872
66.465513
-270.958022
-158.483510
-92.021299
-51.121476
-260.733067
-506.132002
603.275684
1477.509390
260.739670
-679.956247
-219.833244
-209.608289
-695.293681
-76.683865
1109.410987
879.349486
-516.356957
-1037.829694
-311.857845
30.678169
-337.420234
-260.733067
235.177281
398.776571
-86.908821
-424.332357
265.852148
536.813472
-117.583688
81.802947
817.999752
807.774796
506.138605
230.064803
138.040203
378.326660
557.263384
853.787097
996.936475
536.813472
398.776571
628.838073
429.451438
153.377636
301.639493
771.987452
741.312585
444.788872
751.537540
725.975151
352.764271
-178.933422
-1789.363933
-1738.239155
-352.757667
-1487.727742
-1319.015974
1308.797622
807.774796
-1748.464110
-2494.885871
-1687.114377
-1232.103851
-1262.778718
76.690469
1457.059479
879.349486
-102.246254
-644.168903
-603.269080
97.140380
158.490114
250.514715
1088.961076
1262.785322
751.537540
322.089404
184.052503
25.565691
-460.119701
-35.784043
817.999752
424.338960
-209.608289
-490.794568
-940.692616
-1134.966773
-843.555537
-250.508111
240.289759
194.277459
-306.745367
-869.117927
-986.704916
-756.643415
-470.344657
127.815247
536.813472
357.876749
265.852148
143.152681
-138.033599
-40.896521
71.577991
51.128080
107.365336
153.377636
368.101704
582.825773
516.363561
112.477814
-378.320056
-352.757667
107.365336
419.226483
449.901349
352.764271
189.164981
-291.407934
-720.856070
-439.669790
-76.683865
-15.334132
-15.334132
-168.708466
-163.595988
-40.896521
-158.483510
-10.221654
189.164981
199.389937
475.463738
475.463738
224.952326
230.064803
219.839848
311.864448
536.813472
736.200107
1058.286209
940.699220
460.126305
409.001527
582.825773
674.850373
557.263384
613.500639
1032.723820
736.200107
378.326660
710.637718
618.613117
260.739670
-1022.492261
-2147.237380
-971.367483
-991.817394
-1625.764643
608.388162
1349.697445
-1063.392083
-2592.022950
-1993.863046
-981.592438
-1140.079251
-649.281381
930.474264
700.412762
-403.882445
-593.044125
-398.769968
219.839848
388.551616
56.240558
633.950551
1063.398687
429.451438
-20.446609
214.727370
378.326660
-46.008999
255.627192
1262.785322
833.337185
-260.733067
-506.132002
-582.819169
-731.081026
-644.168903
-117.583688
398.776571
178.940025
-388.545012
-940.692616
-991.817394
-700.406159
-700.406159
-184.045899
398.776571
-56.233954
-342.532712
-81.796343
-102.246254
-81.796343
71.577991
15.340735
-30.671565
276.077104
414.114005
5.115780
270.964626
996.936475
465.238783
-357.870145
158.490114
904.911875
306.751971
-511.244480
-5.109176
444.788872
-163.595988
-562.369258
-184.045899
286.302059
61.353036
-547.031824
-383.432534
173.827547
-76.683865
-587.931647
-265.845545
291.414537
439.676394
311.864448
138.040203
296.527015
388.551616
138.040203
214.727370
664.625418
817.999752
603.275684
485.688694
674.850373
766.874974
679.962851
766.874974
848.674619
690.187807
547.038428
807.774796
1073.623643
761.762496
153.377636
-1216.766418
-1784.251455
-434.557312
-797.543237
-1395.703141
598.163206
685.075329
-1569.527387
-2627.810294
-1983.638090
-664.618814
-690.181203
-679.956247
582.825773
296.527015
-869.117927
-966.255005
-495.907046
209.614892
316.976926
209.614892
741.312585
925.361786
465.238783
61.353036
224.952326
536.813472
143.152681
194.277459
1058.286209
848.674619
-117.583688
-332.307756
-56.233954
76.690469
-107.358732
-30.671565
219.839848
-143.146077
-603.269080
-720.856070
-608.381558
-444.782268
-506.132002
-342.532712
-255.620589
-639.056425
-679.956247
-480.569613
-316.970323
-66.458910
5.115780
92.027902
35.790647
-219.833244
-148.258555
393.664093
797.549841
112.477814
-465.232179
490.801172
1140.085854
516.363561
127.815247
613.500639
782.212407
-332.307756
-797.543237
347.651793
659.512940
-444.782268
-705.518636
219.839848
516.363561
-92.021299
-357.870145
-322.082800
-306.745367
-214.720766
-56.233954
378.326660
383.439138
-132.921121
-112.471210
230.064803
475.463738
664.625418
654.400462
403.889049
235.177281
608.388162
904.911875
659.512940
679.962851
956.036653
782.212407
547.038428
751.537540
920.249308
766.874974
552.150906
-526.581913
-1273.003674
-61.346432
-332.307756
-1503.065175
316.976926
1211.660544
-1180.979073
-2873.209229
-2218.812069
-858.892971
-807.768193
-751.530937
465.238783
199.389937
-1058.279606
-1186.091551
-644.168903
61.353036
56.240558
-204.495811
122.702769
204.502414
281.189582
388.551616
322.089404
572.600817
485.688694
516.363561
1186.098155
792.437363
-337.420234
-434.557312
117.590292
316.976926
260.739670
362.989227
383.439138
-5.109176
-414.107401
-506.132002
-224.945722
-56.233954
-378.320056
-439.669790
-276.070500
-633.943947
-848.668015
-608.381558
-368.095101
-214.720766
-235.170678
-194.270855
-194.270855
-547.031824
-669.731292
97.140380
920.249308
337.426838
-490.794568
20.453213
536.813472
409.001527
388.551616
725.975151
976.486564
291.414537
-373.207579
117.590292
398.776571
10.228257
-56.233954
148.265158
255.627192
158.490114
-209.608289
-480.569613
-270.958022
-40.896521
35.790647
281.189582
153.377636
-296.520411
-224.945722
127.815247
455.013827
613.500639
424.338960
138.040203
25.565691
449.901349
761.762496
393.664093
449.901349
899.799397
894.686919
695.300284
756.650018
1017.386387
756.650018
362.989227
337.426838
-490.794568
-741.305981
270.964626
-593.044125
-1324.128452
848.674619
1349.697445
-1140.079251
-2244.374458
-1390.590664
-1002.042350
-1196.316507
-761.755892
-158.483510
-434.557312
-1145.191728
-1114.516862
-342.532712
10.228257
-148.258555
-10.221654
76.690469
-112.471210
-158.483510
15.340735
281.189582
322.089404
301.639493
782.212407
1221.885499
582.825773
-352.757667
-117.583688
526.588517
414.114005
291.414537
552.150906
352.764271
-240.283155
-322.082800
-20.446609
132.927725
-25.559087
-102.246254
107.365336
-209.608289
-828.218104
-700.406159
-357.870145
-455.007224
-455.007224
-204.495811
-178.933422
-490.794568
-547.031824
-158.483510
-163.595988
-495.907046
-362.982623
-5.109176
189.164981
368.101704
577.713295
347.651793
-132.921121
51.128080
465.238783
598.163206
526.588517
102.252858
-56.233954
158.490114
194.277459
327.201882
383.439138
81.802947
-214.720766
-388.545012
-143.146077
240.289759
102.252858
-97.133777
-46.008999
-66.458910
102.252858
368.101704
316.976926
158.490114
92.027902
184.052503
444.788872
526.588517
439.676394
378.326660
337.426838
501.026128
761.762496
884.461964
899.799397
664.625418
547.038428
720.862674
-30.671565
-864.005449
209.614892
751.537540
-1053.167128
-1109.404384
1088.961076
797.549841
-1354.803319
-1748.464110
-766.868370
-316.970323
-858.892971
-950.917572
-143.146077
-490.794568
-1584.864820
-1293.453585
-250.508111
163.602592
-20.446609
-127.808644
-178.933422
-378.320056
-306.745367
107.365336
419.226483
260.739670
-15.334132
306.751971
598.163206
184.052503
-168.708466
224.952326
695.300284
501.026128
219.839848
347.651793
332.314360
-81.796343
-270.958022
97.140380
327.201882
153.377636
76.690469
117.590292
-194.270855
-598.156602
-460.119701
-178.933422
-189.158377
-189.158377
-240.283155
-429.444835
-577.706691
-475.457135
-46.008999
-255.620589
-812.880671
-270.958022
138.040203
-311.857845
-30.671565
690.187807
373.214182
-618.606514
-398.769968
920.249308
1032.723820
-71.571388
-260.733067
526.588517
536.813472
-122.696166
102.252858
664.625418
347.651793
-362.982623
-383.432534
316.976926
516.363561
-20.446609
-184.045899
138.040203
291.414537
138.040203
270.964626
439.676394
-81.796343
-291.407934
276.077104
649.287984
562.375861
342.539315
322.089404
414.114005
306.751971
383.439138
828.224708
828.224708
373.214182
332.314360
685.075329
409.001527
-608.381558
-347.645190
945.811697
-112.471210
-1533.740042
178.940025
1283.235233
-761.755892
-2208.587114
-1053.167128
184.052503
-541.919346
-1175.866595
-173.820944
-10.221654
-1232.103851
-1497.952698
-598.156602
51.128080
-178.933422
-470.344657
-316.970323
-408.994923
-480.569613
-25.559087
455.013827
449.901349
-66.458910
-102.246254
501.026128
378.326660
-260.733067
-102.246254
659.512940
715.750196
148.265158
260.739670
623.725595
158.490114
-214.720766
61.353036
342.539315
393.664093
189.164981
81.802947
20.453213
-455.007224
-480.569613
-25.559087
-66.458910
-112.471210
-189.158377
-475.457135
-429.444835
-424.332357
-506.132002
-408.994923
-347.645190
-40.896521
81.802947
-465.232179
-455.007224
398.776571
501.026128
-480.569613
-352.757667
996.936475
690.187807
-644.168903
-327.195278
833.337185
915.136830
107.365336
-20.446609
639.063029
393.664093
-501.019524
-388.545012
444.788872
628.838073
0.003302
-199.383333
214.727370
316.976926
209.614892
322.089404
424.338960
122.702769
-255.620589
-30.671565
357.876749
383.439138
414.114005
490.801172
414.114005
414.114005
521.476039
562.375861
490.801172
373.214182
403.889049
490.801172
470.351261
-10.221654
-593.044125
260.739670
869.124530
-817.993148
-1104.291906
1012.273909
792.437363
-1559.302431
-1922.288356
-378.320056
56.240558
-1012.267305
-756.643415
409.001527
-230.058200
-1339.465885
-1180.979073
-475.457135
-25.559087
-209.608289
-424.332357
-501.019524
-787.318282
-439.669790
178.940025
240.289759
184.052503
56.240558
102.252858
378.326660
-30.671565
-419.219879
178.940025
674.850373
378.326660
86.915425
383.439138
557.263384
97.140380
-117.583688
281.189582
582.825773
270.964626
-92.021299
56.240558
-86.908821
-480.569613
-260.733067
40.903124
-35.784043
-81.796343
-112.471210
-168.708466
-230.058200
-419.219879
-685.068725
-889.567838
-470.344657
378.326660
347.651793
-327.195278
-260.733067
66.465513
-398.769968
-623.718991
480.576216
1237.222933
235.177281
-945.805094
-603.269080
547.038428
869.124530
388.551616
475.463738
690.187807
-97.133777
-664.618814
-86.908821
608.388162
582.825773
107.365336
-5.109176
265.852148
296.527015
245.402237
347.651793
419.226483
235.177281
-46.008999
97.140380
332.314360
311.864448
311.864448
286.302059
352.764271
521.476039
552.150906
495.913650
424.338960
347.651793
342.539315
480.576216
316.976926
-388.545012
-194.270855
894.686919
138.040203
-1457.052875
-230.058200
1441.722045
-15.334132
-1886.501011
-1216.766418
40.903124
-434.557312
-1058.279606
-81.796343
434.563916
-741.305981
-1497.952698
-807.768193
15.340735
-10.221654
-444.782268
-526.581913
-577.706691
-664.618814
-316.970323
76.690469
158.490114
0.003302
-15.334132
398.776571
388.551616
-311.857845
-398.769968
337.426838
679.962851
316.976926
127.815247
332.314360
209.614892
-71.571388
143.152681
582.825773
511.251083
97.140380
102.252858
184.052503
-214.720766
-485.682090
-204.495811
15.340735
-92.021299
-107.358732
81.802947
-46.008999
-751.530937
-1155.416684
-429.444835
598.163206
393.664093
-685.068725
-853.780493
-122.696166
-102.246254
-495.907046
163.602592
915.136830
230.064803
-879.342882
-669.731292
306.751971
444.788872
173.827547
557.263384
741.312585
178.940025
-337.420234
-255.620589
250.514715
557.263384
419.226483
301.639493
153.377636
-153.371033
-112.471210
409.001527
787.324885
587.938250
168.715070
25.565691
81.802947
184.052503
316.976926
383.439138
311.864448
255.627192
378.326660
577.713295
572.600817
337.426838
270.964626
414.114005
577.713295
695.300284
107.365336
-771.980848
-148.258555
925.361786
-25.559087
-1145.191728
51.128080
858.899575
-669.731292
-1625.764643
-485.682090
255.627192
-695.293681
-1201.428984
-199.383333
184.052503
-777.093326
-1216.766418
-541.919346
15.340735
-122.696166
-383.432534
-388.545012
-501.019524
-751.530937
-414.107401
291.414537
296.527015
-209.608289
-184.045899
219.839848
153.377636
-158.483510
173.827547
812.887274
582.825773
-163.595988
-138.033599
322.089404
199.389937
0.003302
393.664093
715.750196
276.077104
-61.346432
245.402237
250.514715
-178.933422
-209.608289
76.690469
51.128080
-194.270855
-224.945722
-122.696166
-296.520411
-449.894746
-455.007224
-501.019524
40.903124
562.375861
-204.495811
-899.792793
-327.195278
92.027902
-393.657490
-449.894746
357.876749
501.026128
-419.219879
-848.668015
-168.708466
506.138605
465.238783
260.739670
378.326660
347.651793
-194.270855
-424.332357
184.052503
715.750196
485.688694
81.802947
0.003302
112.477814
163.602592
230.064803
516.363561
582.825773
214.727370
-5.109176
112.477814
306.751971
414.114005
414.114005
342.539315
219.839848
204.502414
368.101704
403.889049
332.314360
465.238783
674.850373
664.625418
490.801172
-20.446609
-511.244480
-30.671565
628.838073
-86.908821
-950.917572
-86.908821
725.975151
-357.870145
-1262.778718
-516.356957
25.565691
-644.168903
-1007.154827
-224.945722
163.602592
-746.418459
-1375.253230
-812.880671
-138.033599
-46.008999
-184.045899
-235.170678
-455.007224
-807.768193
-613.494036
-25.559087
153.377636
-56.233954
-71.571388
153.377636
102.252858
-158.483510
20.453213
536.813472
613.500639
158.490114
5.115780
255.627192
342.539315
204.502414
194.277459
368.101704
347.651793
86.915425
81.802947
265.852148
204.502414
35.790647
56.240558
51.128080
-40.896521
-56.233954
-56.233954
-214.720766
-628.831469
-828.218104
-224.945722
337.426838
46.015602
-219.833244
-35.784043
-173.820944
-541.919346
-398.769968
92.027902
143.152681
-189.158377
-337.420234
-178.933422
-56.233954
-56.233954
209.614892
593.050728
419.226483
-51.121476
-97.133777
35.790647
86.915425
316.976926
562.375861
465.238783
86.915425
-178.933422
-40.896521
357.876749
501.026128
316.976926
260.739670
327.201882
235.177281
127.815247
240.289759
449.901349
342.539315
30.678169
143.152681
444.788872
322.089404
178.940025
526.588517
838.449663
598.163206
337.426838
245.402237
-240.283155
-470.344657
291.414537
623.725595
-475.457135
-1007.154827
102.252858
511.251083
-608.381558
-920.242705
-51.121476
-112.471210
-1083.841995
-1022.492261
-56.233954
-30.671565
-1002.042350
-1242.328807
-444.782268
51.128080
-199.383333
-408.994923
-327.195278
-506.132002
-736.193503
-408.994923
102.252858
230.064803
107.365336
10.228257
10.228257
-107.358732
-265.845545
30.678169
557.263384
572.600817
143.152681
25.565691
337.426838
449.901349
209.614892
199.389937
362.989227
224.952326
-20.446609
-20.446609
214.727370
311.864448
117.590292
-35.784043
25.565691
138.040203
51.128080
-260.733067
-455.007224
-368.095101
-265.845545
-102.246254
56.240558
-219.833244
-511.244480
-265.845545
102.252858
56.240558
-184.045899
-168.708466
-194.270855
-388.545012
-245.395633
204.502414
398.776571
56.240558
-342.532712
-158.483510
178.940025
178.940025
230.064803
460.126305
475.463738
209.614892
0.003302
97.140380
260.739670
219.839848
184.052503
255.627192
250.514715
158.490114
173.827547
409.001527
572.600817
357.876749
35.790647
20.453213
306.751971
470.351261
250.514715
138.040203
255.627192
281.189582
409.001527
618.613117
705.525240
654.400462
214.727370
-368.095101
-270.958022
409.001527
501.026128
-408.994923
-858.892971
-56.233954
378.326660
-383.432534
-777.093326
-194.270855
-184.045899
-986.704916
-996.929872
-107.358732
107.365336
-623.718991
-1032.717217
-669.731292
-393.657490
-593.044125
-562.369258
-143.146077
-51.121476
-362.982623
-455.007224
-163.595988
-30.671565
-61.346432
163.602592
281.189582
-86.908821
-490.794568
-301.632889
347.651793
572.600817
276.077104
204.502414
373.214182
281.189582
112.477814
230.064803
409.001527
296.527015
40.903124
51.128080
245.402237
199.389937
71.577991
117.590292
127.815247
30.678169
40.903124
-61.346432
-378.320056
-352.757667
-15.334132
5.115780
-189.158377
-541.919346
-833.330582
-260.733067
398.776571
86.915425
-286.295456
-30.671565
-86.908821
-700.406159
-557.256780
460.126305
669.737895
-199.383333
-628.831469
-122.696166
260.739670
51.128080
92.027902
644.175506
654.400462
-25.559087
-296.520411
138.040203
449.901349
286.302059
148.265158
306.751971
311.864448
-30.671565
-71.571388
460.126305
792.437363
465.238783
15.340735
35.790647
383.439138
434.563916
189.164981
245.402237
449.901349
281.189582
168.715070
501.026128
700.412762
511.251083
322.089404
66.465513
-148.258555
127.815247
495.913650
122.702769
-695.293681
-577.706691
168.715070
-46.008999
-695.293681
-393.657490
40.903124
-449.894746
-1063.392083
-771.980848
-148.258555
-240.283155
-720.856070
-761.755892
-567.481736
-557.256780
-587.931647
-332.307756
40.903124
25.565691
-281.182978
-383.432534
-281.182978
-81.796343
209.614892
352.764271
173.827547
-189.158377
-342.532712
-107.358732
235.177281
409.001527
316.976926
276.077104
434.563916
337.426838
163.602592
255.627192
373.214182
311.864448
168.715070
71.577991
66.465513
-10.221654
-61.346432
76.690469
184.052503
184.052503
86.915425
-112.471210
-347.645190
-511.244480
-424.332357
-117.583688
-76.683865
-480.569613
-506.132002
76.690469
92.027902
-587.931647
-506.132002
255.627192
209.614892
-439.669790
-368.095101
214.727370
178.940025
-337.420234
-286.295456
327.201882
398.776571
-138.033599
-230.058200
286.302059
521.476039
184.052503
35.790647
311.864448
352.764271
61.353036
-15.334132
194.277459
286.302059
117.590292
102.252858
403.889049
541.925950
347.651793
199.389937
281.189582
373.214182
357.876749
281.189582
184.052503
138.040203
265.852148
383.439138
373.214182
414.114005
577.713295
562.375861
127.815247
-240.283155
51.128080
342.539315
-138.033599
-700.406159
-255.620589
357.876749
-178.933422
-797.543237
-342.532712
-10.221654
-639.056425
-1012.267305
-495.907046
-76.683865
-316.970323
-649.281381
-603.269080
-526.581913
-552.144302
-465.232179
-219.833244
-30.671565
-86.908821
-260.733067
-306.745367
-209.608289
-30.671565
209.614892
332.314360
117.590292
-235.170678
-306.745367
-76.683865
143.152681
327.201882
424.338960
434.563916
424.338960
301.639493
102.252858
107.365336
235.177281
214.727370
168.715070
132.927725
56.240558
61.353036
81.802947
25.565691
76.690469
219.839848
112.477814
-204.495811
-388.545012
-373.207579
-214.720766
-25.559087
-168.708466
-455.007224
-250.508111
51.128080
-311.857845
-639.056425
-97.133777
332.314360
-143.146077
-439.669790
25.565691
270.964626
-138.033599
-347.645190
132.927725
388.551616
-81.796343
-362.982623
102.252858
536.813472
306.751971
0.003302
178.940025
455.013827
250.514715
-76.683865
117.590292
439.676394
214.727370
-66.458910
270.964626
705.525240
521.476039
163.602592
235.177281
414.114005
296.527015
143.152681
255.627192
306.751971
189.164981
219.839848
368.101704
347.651793
291.414537
460.126305
526.588517
92.027902
-235.170678
25.565691
301.639493
-40.896521
-511.244480
-276.070500
143.152681
-235.170678
-736.193503
-444.782268
-66.458910
-398.769968
-843.555537
-608.381558
-132.921121
-235.170678
-654.393858
-715.743592
-506.132002
-495.907046
-577.706691
-373.207579
-56.233954
30.678169
-173.820944
-403.882445
-352.757667
-122.696166
10.228257
107.365336
173.827547
40.903124
-173.820944
-153.371033
107.365336
301.639493
311.864448
347.651793
403.889049
240.289759
35.790647
112.477814
270.964626
260.739670
209.614892
189.164981
178.940025
122.702769
30.678169
-40.896521
15.340735
199.389937
178.940025
-25.559087
-117.583688
-163.595988
-424.332357
-654.393858
-281.182978
250.514715
61.353036
-465.232179
-362.982623
-158.483510
-516.356957
-485.682090
316.976926
654.400462
-15.334132
-531.694391
-250.508111
-5.109176
-132.921121
-51.121476
388.551616
516.363561
5.115780
-368.095101
0.003302
439.676394
357.876749
260.739670
419.226483
424.338960
102.252858
-97.133777
122.702769
368.101704
383.439138
306.751971
332.314360
449.901349
347.651793
117.590292
178.940025
306.751971
265.852148
235.177281
255.627192
214.727370
173.827547
240.289759
357.876749
342.539315
337.426838
444.788872
296.527015
-138.033599
-224.945722
92.027902
148.265158
-301.632889
-511.244480
-35.784043
138.040203
-388.545012
-593.044125
-168.708466
-158.483510
-736.193503
-884.455360
-378.320056
-61.346432
-342.532712
-628.831469
-521.469435
-429.444835
-552.144302
-552.144302
-255.620589
15.340735
-66.458910
-357.870145
-414.107401
-189.158377
-46.008999
-30.671565
46.015602
143.152681
40.903124
-122.696166
-5.109176
178.940025
153.377636
158.490114
362.989227
419.226483
199.389937
56.240558
163.602592
255.627192
158.490114
143.152681
276.077104
260.739670
107.365336
35.790647
71.577991
66.465513
-25.559087
-61.346432
-46.008999
-148.258555
-235.170678
-199.383333
-235.170678
-368.095101
-281.182978
66.465513
56.240558
-306.745367
-311.857845
-81.796343
-184.045899
-347.645190
-76.683865
276.077104
153.377636
-189.158377
-219.833244
-35.784043
40.903124
20.453213
132.927725
286.302059
240.289759
61.353036
10.228257
178.940025
311.864448
245.402237
209.614892
255.627192
291.414537
204.502414
92.027902
199.389937
347.651793
286.302059
214.727370
306.751971
337.426838
189.164981
143.152681
235.177281
311.864448
316.976926
265.852148
265.852148
306.751971
250.514715
168.715070
224.952326
347.651793
306.751971
20.453213
-127.808644
138.040203
265.852148
-112.471210
-424.332357
-199.383333
10.228257
-230.058200
-352.757667
-92.021299
-112.471210
-572.594213
-833.330582
-598.156602
-281.182978
-260.733067
-398.769968
-403.882445
-342.532712
-424.332357
-547.031824
-455.007224
-194.270855
-102.246254
-163.595988
-178.933422
-209.608289
-250.508111
-178.933422
-15.334132
92.027902
97.140380
71.577991
76.690469
56.240558
10.228257
51.128080
199.389937
322.089404
276.077104
184.052503
199.389937
235.177281
158.490114
71.577991
97.140380
168.715070
163.602592
66.465513
-51.121476
-81.796343
20.453213
20.453213
-153.371033
-209.608289
-71.571388
-40.896521
-230.058200
-347.645190
-230.058200
-56.233954
-107.358732
-214.720766
-51.121476
35.790647
-230.058200
-414.107401
-163.595988
138.040203
56.240558
-81.796343
56.240558
138.040203
-66.458910
-163.595988
153.377636
373.214182
199.389937
35.790647
112.477814
199.389937
138.040203
81.802947
270.964626
424.338960
260.739670
66.465513
97.140380
230.064803
255.627192
184.052503
204.502414
311.864448
306.751971
143.152681
92.027902
204.502414
270.964626
260.739670
255.627192
235.177281
168.715070
163.602592
230.064803
276.077104
265.852148
240.289759
240.289759
153.377636
-61.346432
-71.571388
153.377636
148.265158
-168.708466
-276.070500
-66.458910
-81.796343
-347.645190
-368.095101
-158.483510
-209.608289
-521.469435
-623.718991
-403.882445
-209.608289
-260.733067
-347.645190
-316.970323
-301.632889
-383.432534
-465.232179
-362.982623
-204.495811
-178.933422
-245.395633
-276.070500
-184.045899
-117.583688
-66.458910
40.903124
97.140380
61.353036
-5.109176
-46.008999
25.565691
112.477814
184.052503
235.177281
214.727370
194.277459
194.277459
148.265158
132.927725
158.490114
122.702769
76.690469
61.353036
35.790647
30.678169
46.015602
40.903124
25.565691
5.115780
-56.233954
-189.158377
-265.845545
-163.595988
-51.121476
-86.908821
-107.358732
-20.446609
-51.121476
-214.720766
-260.733067
-122.696166
-46.008999
-86.908821
-66.458910
30.678169
0.003302
-92.021299
-15.334132
102.252858
158.490114
189.164981
138.040203
46.015602
0.003302
5.115780
61.353036
204.502414
347.651793
342.539315
204.502414
127.815247
102.252858
97.140380
189.164981
255.627192
194.277459
153.377636
189.164981
173.827547
132.927725
184.052503
245.402237
194.277459
127.815247
132.927725
219.839848
276.077104
219.839848
148.265158
184.052503
240.289759
209.614892
158.490114
178.940025
214.727370
102.252858
-132.921121
-112.471210
102.252858
127.815247
-76.683865
-194.270855
-76.683865
-158.483510
-434.557312
-408.994923
-158.483510
-158.483510
-393.657490
-480.569613
-352.757667
-327.195278
-419.219879
-414.107401
-316.970323
-306.745367
-414.107401
-465.232179
-322.082800
-153.371033
-117.583688
-148.258555
-143.146077
-127.808644
-112.471210
-112.471210
-51.121476
92.027902
107.365336
40.903124
61.353036
122.702769
153.377636
189.164981
235.177281
245.402237
163.602592
71.577991
66.465513
117.590292
158.490114
163.602592
107.365336
20.453213
0.003302
15.340735
20.453213
25.565691
-20.446609
-81.796343
-127.808644
-158.483510
-168.708466
-97.133777
15.340735
-10.221654
-194.270855
-270.958022
-163.595988
-107.358732
-158.483510
-97.133777
51.128080
25.565691
-158.483510
-189.158377
20.453213
158.490114
56.240558
-25.559087
71.577991
138.040203
40.903124
5.115780
199.389937
332.314360
209.614892
71.577991
122.702769
224.952326
189.164981
86.915425
107.365336
214.727370
214.727370
112.477814
76.690469
138.040203
184.052503
148.265158
117.590292
117.590292
173.827547
189.164981
158.490114
163.602592
168.715070
168.715070
138.040203
127.815247
219.839848
291.414537
260.739670
184.052503
127.815247
132.927725
189.164981
148.265158
5.115780
5.115780
107.365336
81.802947
-56.233954
-127.808644
-153.371033
-240.283155
-281.182978
-199.383333
-127.808644
-189.158377
-342.532712
-444.782268
-403.882445
-352.757667
-347.645190
-311.857845
-265.845545
-270.958022
-337.420234
-327.195278
-230.058200
-173.820944
-173.820944
-178.933422
-173.820944
-168.708466
-163.595988
-92.021299
20.453213
66.465513
66.465513
56.240558
81.802947
92.027902
51.128080
46.015602
92.027902
86.915425
71.577991
97.140380
122.702769
148.265158
163.602592
148.265158
86.915425
25.565691
-5.109176
-20.446609
-10.221654
-10.221654
5.115780
20.453213
-25.559087
-122.696166
-97.133777
0.003302
-56.233954
-173.820944
-184.045899
-132.921121
-122.696166
-153.371033
-61.346432
117.590292
122.702769
-46.008999
-138.033599
-81.796343
-10.221654
-25.559087
-15.334132
92.027902
168.715070
92.027902
10.228257
122.702769
230.064803
127.815247
30.678169
86.915425
112.477814
66.465513
71.577991
117.590292
153.377636
153.377636
148.265158
112.477814
76.690469
117.590292
92.027902
5.115780
86.915425
199.389937
158.490114
97.140380
138.040203
178.940025
132.927725
86.915425
112.477814
204.502414
219.839848
168.715070
148.265158
163.602592
163.602592
143.152681
153.377636
173.827547
112.477814
-20.446609
-30.671565
61.353036
71.577991
-5.109176
-97.133777
-143.146077
-153.371033
-199.383333
-230.058200
-194.270855
-158.483510
-163.595988
-255.620589
-316.970323
-250.508111
-219.833244
-286.295456
-296.520411
-240.283155
-230.058200
-255.620589
-219.833244
-163.595988
-127.808644
-107.358732
-102.246254
-132.921121
-173.820944
-132.921121
-92.021299
-61.346432
10.228257
71.577991
51.128080
10.228257
56.240558
148.265158
158.490114
92.027902
66.465513
40.903124
25.565691
51.128080
117.590292
148.265158
86.915425
51.128080
76.690469
25.565691
