-93.154368
-15.514406
93.181542
31.069572
-46.570391
15.541579
77.653550
15.541579
-31.042398
-62.098383
-15.514406
-15.514406
-15.514406
31.069572
0.013587
-31.042398
46.597565
31.069572
-62.098383
-15.514406
77.653550
0.013587
-46.570391
15.541579
-15.514406
-31.042398
-15.514406
-46.570391
46.597565
108.709535
108.709535
62.125557
-46.570391
-108.682361
31.069572
139.765520
31.069572
-93.154368
-46.570391
31.069572
15.541579
46.597565
93.181542
31.069572
-93.154368
-93.154368
31.069572
186.349497
15.541579
-201.850316
-46.570391
124.237527
155.293512
77.653550
-46.570391
-31.042398
77.653550
31.069572
-31.042398
15.541579
15.541579
31.069572
15.541579
0.013587
-93.154368
-46.570391
93.181542
-31.042398
-46.570391
15.541579
0.013587
15.541579
0.013587
31.069572
-15.514406
-93.154368
-15.514406
15.541579
15.541579
-15.514406
15.541579
15.541579
-46.570391
-15.514406
62.125557
31.069572
-15.514406
-93.154368
-62.098383
108.709535
62.125557
-77.626376
-31.042398
46.597565
46.597565
77.653550
-15.514406
-62.098383
-46.570391
-31.042398
77.653550
62.125557
-46.570391
-31.042398
31.069572
0.013587
-31.042398
-31.042398
-77.626376
-15.514406
77.653550
-15.514406
-93.154368
-31.042398
-31.042398
46.597565
46.597565
-108.682361
-108.682361
93.181542
139.765520
0.013587
-93.154368
-77.626376
46.597565
155.293512
77.653550
-170.794331
-170.794331
46.597565
93.181542
46.597565
77.653550
15.541579
-31.042398
31.069572
-15.514406
15.541579
108.709535
-15.514406
-108.682361
0.013587
31.069572
-31.042398
-31.042398
-15.514406
31.069572
15.541579
-31.042398
-46.570391
31.069572
15.541579
-124.210353
-46.570391
93.181542
108.709535
-46.570391
-124.210353
31.069572
124.237527
77.653550
-93.154368
-62.098383
46.597565
-31.042398
-31.042398
31.069572
62.125557
31.069572
-46.570391
-93.154368
-15.514406
108.709535
31.069572
-108.682361
-62.098383
46.597565
46.597565
62.125557
139.765520
15.541579
-155.266338
-186.322323
77.653550
155.293512
-62.098383
-77.626376
0.013587
15.541579
77.653550
77.653550
0.013587
-139.738346
-31.042398
139.765520
46.597565
-93.154368
-46.570391
31.069572
46.597565
62.125557
-93.154368
-108.682361
186.349497
170.821505
-108.682361
-46.570391
31.069572
-46.570391
77.653550
46.597565
-62.098383
-46.570391
-31.042398
-31.042398
0.013587
46.597565
-77.626376
-77.626376
124.237527
77.653550
-62.098383
-31.042398
62.125557
46.597565
-15.514406
-77.626376
-15.514406
15.541579
-31.042398
-31.042398
139.765520
124.237527
-108.682361
-46.570391
108.709535
93.181542
-46.570391
-170.794331
-46.570391
124.237527
77.653550
-46.570391
-155.266338
-62.098383
139.765520
46.597565
-124.210353
-62.098383
77.653550
15.541579
-108.682361
-46.570391
77.653550
31.069572
-77.626376
-31.042398
31.069572
62.125557
-77.626376
-139.738346
124.237527
170.821505
-62.098383
-232.906301
-15.514406
186.349497
46.597565
-108.682361
-139.738346
108.709535
201.877490
-139.738346
-186.322323
0.013587
108.709535
93.181542
15.541579
-46.570391
15.541579
62.125557
-46.570391
-77.626376
46.597565
0.013587
-77.626376
77.653550
170.821505
0.013587
-139.738346
15.541579
15.541579
0.013587
62.125557
31.069572
-15.514406
-46.570391
0.013587
139.765520
62.125557
-77.626376
-15.514406
62.125557
-46.570391
-46.570391
170.821505
217.405482
-155.266338
-341.602248
139.765520
434.797377
-77.626376
-388.186226
-77.626376
295.045445
279.517452
-155.266338
-372.658233
-31.042398
232.933475
46.597565
-77.626376
62.125557
-15.514406
-139.738346
108.709535
186.349497
-108.682361
-186.322323
-31.042398
124.237527
201.877490
46.597565
-186.322323
-201.850316
124.237527
201.877490
-93.154368
-93.154368
46.597565
15.541579
46.597565
155.293512
-155.266338
-155.266338
217.405482
93.181542
-201.850316
-62.098383
201.877490
77.653550
-232.906301
-201.850316
77.653550
263.989460
62.125557
-263.962286
-155.266338
186.349497
93.181542
-77.626376
-62.098383
-31.042398
62.125557
0.013587
-46.570391
15.541579
-77.626376
-108.682361
46.597565
124.237527
-93.154368
-77.626376
108.709535
-46.570391
15.541579
-15.514406
-124.210353
139.765520
155.293512
-93.154368
-124.210353
108.709535
46.597565
-201.850316
-31.042398
155.293512
93.181542
-124.210353
-232.906301
62.125557
201.877490
-31.042398
-248.434293
108.709535
403.741392
-15.514406
-295.018271
46.597565
263.989460
31.069572
-248.434293
-232.906301
62.125557
279.517452
124.237527
-93.154368
-139.738346
-31.042398
170.821505
108.709535
-217.378308
-232.906301
108.709535
248.461467
-93.154368
-201.850316
-15.514406
139.765520
139.765520
-295.018271
-186.322323
248.461467
124.237527
-170.794331
-77.626376
15.541579
15.541579
124.237527
15.541579
-263.962286
-46.570391
248.461467
93.181542
-124.210353
-124.210353
-62.098383
93.181542
232.933475
46.597565
-217.378308
-46.570391
124.237527
-93.154368
-15.514406
310.573437
93.181542
-232.906301
15.541579
232.933475
46.597565
-46.570391
-124.210353
-124.210353
155.293512
170.821505
-77.626376
-155.266338
0.013587
108.709535
0.013587
-46.570391
0.013587
31.069572
93.181542
-62.098383
-295.018271
-31.042398
295.045445
186.349497
-201.850316
-295.018271
62.125557
310.573437
93.181542
-263.962286
-248.434293
108.709535
279.517452
31.069572
-357.130241
-31.042398
201.877490
124.237527
186.349497
-93.154368
-263.962286
46.597565
201.877490
-15.514406
-62.098383
-62.098383
-139.738346
77.653550
124.237527
-46.570391
-46.570391
46.597565
77.653550
-93.154368
-93.154368
124.237527
31.069572
-186.322323
-124.210353
295.045445
217.405482
-310.546263
-170.794331
186.349497
124.237527
-155.266338
-170.794331
201.877490
155.293512
-77.626376
62.125557
-124.210353
-139.738346
248.461467
62.125557
-186.322323
-15.514406
139.765520
77.653550
-15.514406
-93.154368
-124.210353
155.293512
232.933475
-108.682361
-186.322323
-77.626376
77.653550
139.765520
-46.570391
-93.154368
31.069572
62.125557
46.597565
77.653550
108.709535
-170.794331
-403.714218
-15.514406
434.797377
170.821505
-248.434293
-186.322323
62.125557
186.349497
0.013587
-279.490278
-15.514406
248.461467
-124.210353
-295.018271
186.349497
263.989460
-93.154368
-77.626376
62.125557
31.069572
-31.042398
-93.154368
31.069572
139.765520
0.013587
-124.210353
-31.042398
108.709535
15.541579
-62.098383
-108.682361
-15.514406
248.461467
31.069572
-217.378308
-46.570391
62.125557
77.653550
77.653550
-31.042398
-77.626376
15.541579
0.013587
-93.154368
15.541579
77.653550
-31.042398
-46.570391
108.709535
31.069572
-93.154368
-15.514406
108.709535
62.125557
-170.794331
-108.682361
295.045445
170.821505
-232.906301
-62.098383
139.765520
0.013587
-62.098383
-124.210353
-170.794331
-46.570391
263.989460
263.989460
-170.794331
-279.490278
46.597565
201.877490
124.237527
-31.042398
-124.210353
0.013587
31.069572
-77.626376
15.541579
201.877490
31.069572
-186.322323
-77.626376
124.237527
186.349497
0.013587
-186.322323
15.541579
124.237527
15.541579
0.013587
-62.098383
-77.626376
217.405482
295.045445
-295.018271
-434.770203
155.293512
434.797377
-93.154368
-372.658233
108.709535
232.933475
-248.434293
-201.850316
357.157415
217.405482
-248.434293
-232.906301
186.349497
326.101430
-31.042398
-341.602248
-139.738346
248.461467
201.877490
-248.434293
-186.322323
217.405482
186.349497
-93.154368
-108.682361
-62.098383
-124.210353
31.069572
248.461467
62.125557
-248.434293
-77.626376
170.821505
31.069572
-77.626376
-31.042398
62.125557
-46.570391
-217.378308
-15.514406
201.877490
62.125557
-232.906301
-139.738346
170.821505
155.293512
-77.626376
-77.626376
46.597565
-46.570391
-46.570391
0.013587
-31.042398
31.069572
15.541579
31.069572
93.181542
-62.098383
-186.322323
93.181542
248.461467
-31.042398
-170.794331
-77.626376
-62.098383
93.181542
217.405482
0.013587
-31.042398
31.069572
-62.098383
-139.738346
-108.682361
-31.042398
201.877490
310.573437
-77.626376
-295.018271
170.821505
388.213400
-124.210353
-357.130241
-108.682361
108.709535
170.821505
77.653550
-139.738346
-46.570391
124.237527
93.181542
15.541579
108.709535
31.069572
-248.434293
-279.490278
0.013587
372.685407
186.349497
-372.658233
-170.794331
388.213400
326.101430
-217.378308
-450.298196
-139.738346
263.989460
217.405482
-186.322323
-108.682361
248.461467
232.933475
-15.514406
-170.794331
-217.378308
-170.794331
77.653550
248.461467
15.541579
-15.514406
155.293512
-124.210353
-310.546263
279.517452
465.853362
-248.434293
-590.050128
-93.154368
465.853362
465.853362
-31.042398
-527.938158
-326.074256
357.157415
496.909347
-139.738346
-636.634106
-201.850316
310.573437
263.989460
263.989460
124.237527
-341.602248
-201.850316
341.629422
124.237527
-263.962286
-186.322323
-124.210353
124.237527
248.461467
-108.682361
-124.210353
108.709535
15.541579
-155.266338
-31.042398
77.653550
-15.514406
-77.626376
-15.514406
139.765520
186.349497
-93.154368
-279.490278
108.709535
124.237527
-341.602248
62.125557
465.853362
-419.242211
-652.162098
450.325370
636.661280
-186.322323
-201.850316
0.013587
-263.962286
93.181542
388.213400
-217.378308
-450.298196
124.237527
527.965332
279.517452
-31.042398
-232.906301
-372.658233
139.765520
326.101430
-512.410166
-450.298196
574.549310
683.245257
0.013587
-170.794331
-263.962286
-388.186226
139.765520
512.437340
31.069572
-496.882173
-217.378308
543.493325
760.885220
62.125557
-838.498008
-745.330053
170.821505
527.965332
155.293512
-170.794331
-155.266338
62.125557
139.765520
-77.626376
-139.738346
124.237527
-15.514406
-139.738346
170.821505
124.237527
-139.738346
-108.682361
170.821505
248.461467
-108.682361
-186.322323
-77.626376
-77.626376
-93.154368
46.597565
372.685407
263.989460
-232.906301
-388.186226
-93.154368
263.989460
170.821505
-232.906301
-403.714218
-155.266338
372.685407
698.773250
217.405482
-605.578121
-496.882173
357.157415
419.269385
-46.570391
-186.322323
0.013587
186.349497
15.541579
-46.570391
15.541579
-201.850316
-326.074256
186.349497
496.909347
-139.738346
-481.354181
-31.042398
403.741392
450.325370
15.541579
-714.274068
-621.106113
527.965332
916.165145
-170.794331
-822.970016
-263.962286
357.157415
388.213400
170.821505
-341.602248
-450.298196
186.349497
326.101430
0.013587
155.293512
62.125557
-481.354181
-434.770203
217.405482
574.549310
108.709535
-590.050128
-232.906301
760.885220
388.213400
-465.826188
-108.682361
170.821505
-93.154368
46.597565
93.181542
-93.154368
170.821505
62.125557
-636.634106
-217.378308
822.997190
419.269385
-652.162098
-527.938158
326.101430
636.661280
201.877490
-496.882173
-403.714218
232.933475
434.797377
248.461467
-186.322323
-496.882173
-326.074256
124.237527
263.989460
-31.042398
-124.210353
0.013587
232.933475
341.629422
310.573437
201.877490
-326.074256
-527.938158
-170.794331
-139.738346
15.541579
388.213400
46.597565
62.125557
527.965332
-170.794331
-854.026001
-46.570391
760.885220
155.293512
-683.218083
-605.578121
263.989460
1195.669010
527.965332
-931.665963
-760.858046
403.741392
621.133287
-124.210353
-667.690091
-465.826188
341.629422
776.413212
-108.682361
-683.218083
388.213400
1009.333100
77.653550
-947.193956
-900.609978
201.877490
900.637152
-15.514406
-885.081986
15.541579
931.693137
341.629422
-481.354181
-481.354181
124.237527
341.629422
-310.546263
-543.466151
170.821505
465.853362
-31.042398
-77.626376
357.157415
279.517452
-201.850316
-450.298196
-310.546263
186.349497
310.573437
-403.714218
-465.826188
729.829235
962.749122
-217.378308
-885.081986
-419.242211
590.077302
652.189272
-993.777933
-1226.697821
962.749122
1506.228860
-496.882173
-962.721948
419.269385
838.525182
217.405482
-558.994143
-916.137971
-326.074256
326.101430
388.213400
372.685407
372.685407
-62.098383
-465.826188
46.597565
481.381355
-170.794331
-1086.945888
-652.162098
714.301242
869.581167
108.709535
77.653550
124.237527
-357.130241
-248.434293
93.181542
-77.626376
93.181542
46.597565
-574.522136
0.013587
885.109160
248.461467
-326.074256
-372.658233
-621.106113
155.293512
885.109160
-341.602248
-822.970016
621.133287
714.301242
-326.074256
31.069572
186.349497
-403.714218
108.709535
279.517452
-512.410166
-419.242211
62.125557
279.517452
776.413212
481.381355
-1071.417896
-776.386038
854.053175
201.877490
-683.218083
93.181542
232.933475
-326.074256
-62.098383
590.077302
512.437340
-108.682361
-279.490278
-77.626376
77.653550
-108.682361
-621.106113
-295.018271
776.413212
869.581167
0.013587
-590.050128
-326.074256
232.933475
326.101430
0.013587
-465.826188
-621.106113
-124.210353
590.077302
621.133287
-62.098383
-372.658233
0.013587
326.101430
403.741392
-108.682361
-993.777933
-698.746076
496.909347
621.133287
155.293512
263.989460
155.293512
-388.186226
-496.882173
-46.570391
419.269385
0.013587
-621.106113
-248.434293
776.413212
1040.389085
62.125557
-714.274068
-558.994143
-217.378308
217.405482
512.437340
-77.626376
-776.386038
-310.546263
512.437340
621.133287
186.349497
-217.378308
-170.794331
-279.490278
-512.410166
-46.570391
357.157415
139.765520
-186.322323
-155.266338
450.325370
543.493325
-217.378308
-714.274068
-155.266338
388.213400
-62.098383
-388.186226
-201.850316
46.597565
605.605295
667.717265
0.013587
-683.218083
-822.970016
0.013587
776.413212
574.549310
-341.602248
-854.026001
-279.490278
745.357227
1024.861092
341.629422
-512.410166
-854.026001
-434.770203
248.461467
341.629422
77.653550
139.765520
388.213400
403.741392
77.653550
-419.242211
-698.746076
-310.546263
403.741392
263.989460
-496.882173
-170.794331
698.773250
931.693137
248.461467
-1086.945888
-1086.945888
279.517452
559.021317
-186.322323
-279.490278
46.597565
62.125557
481.381355
605.605295
-155.266338
-450.298196
-388.186226
-434.770203
-93.154368
155.293512
-46.570391
310.573437
962.749122
310.573437
-776.386038
-558.994143
403.741392
543.493325
-496.882173
-1102.473881
263.989460
1382.004920
450.325370
-621.106113
-295.018271
77.653550
-279.490278
-232.906301
108.709535
62.125557
-62.098383
46.597565
139.765520
186.349497
108.709535
-341.602248
-403.714218
201.877490
279.517452
-201.850316
-279.490278
-31.042398
155.293512
217.405482
-77.626376
-201.850316
77.653550
-15.514406
31.069572
605.605295
124.237527
-745.330053
-558.994143
-108.682361
248.461467
605.605295
232.933475
-372.658233
-108.682361
186.349497
-263.962286
-77.626376
496.909347
-93.154368
-760.858046
-310.546263
636.661280
931.693137
186.349497
-714.274068
-450.298196
450.325370
155.293512
-621.106113
-46.570391
527.965332
93.181542
-77.626376
-46.570391
-108.682361
263.989460
403.741392
-232.906301
-791.914031
-512.410166
248.461467
559.021317
372.685407
232.933475
31.069572
-139.738346
124.237527
0.013587
-558.994143
-232.906301
310.573437
248.461467
357.157415
139.765520
-434.770203
-248.434293
186.349497
-217.378308
-652.162098
15.541579
636.661280
403.741392
124.237527
0.013587
-201.850316
-31.042398
217.405482
-232.906301
-714.274068
-295.018271
481.381355
450.325370
-62.098383
-248.434293
-62.098383
295.045445
357.157415
-155.266338
-683.218083
-527.938158
217.405482
667.717265
465.853362
0.013587
-77.626376
124.237527
-170.794331
-698.746076
-450.298196
139.765520
419.269385
496.909347
15.541579
-248.434293
357.157415
372.685407
-465.826188
-667.690091
-341.602248
-77.626376
403.741392
465.853362
-62.098383
31.069572
341.629422
77.653550
-62.098383
-46.570391
-450.298196
-590.050128
-186.322323
217.405482
543.493325
512.437340
-93.154368
-357.130241
-77.626376
-31.042398
-15.514406
77.653550
-124.210353
-232.906301
155.293512
496.909347
419.269385
93.181542
-419.242211
-605.578121
-186.322323
31.069572
-155.266338
-108.682361
139.765520
124.237527
139.765520
341.629422
388.213400
170.821505
-15.514406
-217.378308
-496.882173
-326.074256
77.653550
201.877490
-62.098383
-124.210353
310.573437
326.101430
-31.042398
-108.682361
0.013587
-62.098383
-263.962286
-201.850316
-46.570391
170.821505
512.437340
295.045445
-248.434293
-450.298196
-263.962286
46.597565
15.541579
-186.322323
124.237527
543.493325
201.877490
-248.434293
108.709535
217.405482
-232.906301
-201.850316
-124.210353
-388.186226
46.597565
729.829235
403.741392
-279.490278
-326.074256
-62.098383
248.461467
388.213400
-124.210353
-543.466151
-201.850316
186.349497
170.821505
46.597565
-31.042398
-279.490278
-93.154368
232.933475
31.069572
-263.962286
-170.794331
108.709535
279.517452
217.405482
31.069572
-46.570391
-31.042398
31.069572
-46.570391
-341.602248
-357.130241
77.653550
341.629422
-15.514406
-357.130241
0.013587
357.157415
62.125557
-77.626376
139.765520
0.013587
-124.210353
139.765520
201.877490
46.597565
-201.850316
-341.602248
-279.490278
155.293512
403.741392
-62.098383
-341.602248
139.765520
279.517452
-77.626376
0.013587
201.877490
-46.570391
-46.570391
263.989460
124.237527
-217.378308
-279.490278
-217.378308
31.069572
419.269385
186.349497
-496.882173
-419.242211
372.685407
419.269385
-155.266338
-170.794331
93.181542
0.013587
-77.626376
124.237527
201.877490
93.181542
-108.682361
-217.378308
62.125557
232.933475
-62.098383
-279.490278
-232.906301
-108.682361
186.349497
403.741392
31.069572
-357.130241
0.013587
263.989460
77.653550
62.125557
62.125557
-201.850316
-139.738346
170.821505
46.597565
-139.738346
-139.738346
0.013587
124.237527
170.821505
0.013587
-139.738346
-155.266338
31.069572
170.821505
46.597565
-46.570391
-77.626376
-15.514406
108.709535
77.653550
-295.018271
-326.074256
248.461467
450.325370
-15.514406
-543.466151
-341.602248
403.741392
481.381355
-201.850316
-450.298196
-46.570391
310.573437
201.877490
-77.626376
-186.322323
-139.738346
-62.098383
124.237527
186.349497
0.013587
-186.322323
-62.098383
201.877490
93.181542
-46.570391
31.069572
77.653550
-201.850316
-279.490278
108.709535
217.405482
-31.042398
-124.210353
-15.514406
62.125557
77.653550
170.821505
-170.794331
-496.882173
-201.850316
232.933475
434.797377
357.157415
-124.210353
-558.994143
-170.794331
357.157415
155.293512
-263.962286
-155.266338
46.597565
108.709535
248.461467
108.709535
-263.962286
-232.906301
93.181542
341.629422
201.877490
-201.850316
-310.546263
-15.514406
248.461467
201.877490
139.765520
46.597565
-326.074256
-450.298196
-62.098383
419.269385
295.045445
-201.850316
-248.434293
46.597565
263.989460
310.573437
-31.042398
-372.658233
-186.322323
139.765520
263.989460
232.933475
-62.098383
-341.602248
-186.322323
186.349497
279.517452
93.181542
-46.570391
-155.266338
-46.570391
263.989460
62.125557
-263.962286
-217.378308
15.541579
124.237527
186.349497
31.069572
-263.962286
-170.794331
170.821505
341.629422
108.709535
-232.906301
-232.906301
-108.682361
124.237527
263.989460
77.653550
-93.154368
-186.322323
-201.850316
-46.570391
46.597565
-15.514406
-31.042398
77.653550
15.541579
-170.794331
-77.626376
93.181542
-15.514406
-93.154368
0.013587
-46.570391
-15.514406
62.125557
-108.682361
-248.434293
-15.514406
201.877490
62.125557
-108.682361
-77.626376
-62.098383
-62.098383
-93.154368
-170.794331
-139.738346
139.765520
170.821505
-46.570391
-31.042398
15.541579
-62.098383
-62.098383
0.013587
-62.098383
-15.514406
170.821505
124.237527
-31.042398
-62.098383
-108.682361
62.125557
295.045445
77.653550
-217.378308
-155.266338
139.765520
263.989460
186.349497
77.653550
93.181542
31.069572
-46.570391
108.709535
170.821505
-62.098383
-217.378308
-77.626376
93.181542
186.349497
155.293512
15.541579
-62.098383
77.653550
248.461467
124.237527
0.013587
-15.514406
-46.570391
15.541579
295.045445
419.269385
93.181542
-77.626376
155.293512
201.877490
-62.098383
-155.266338
-15.514406
-15.514406
93.181542
139.765520
15.541579
62.125557
108.709535
31.069572
31.069572
46.597565
170.821505
93.181542
-31.042398
-46.570391
46.597565
170.821505
62.125557
0.013587
46.597565
-62.098383
-139.738346
-93.154368
-46.570391
31.069572
-15.514406
-31.042398
77.653550
15.541579
-232.906301
-248.434293
-93.154368
-170.794331
-295.018271
-310.546263
-357.130241
-326.074256
-326.074256
-434.770203
-434.770203
-403.714218
-388.186226
-279.490278
-201.850316
-279.490278
-388.186226
-201.850316
-124.210353
-201.850316
-232.906301
-248.434293
-170.794331
-15.514406
-139.738346
-310.546263
-201.850316
15.541579
31.069572
-77.626376
-62.098383
-62.098383
-77.626376
77.653550
232.933475
186.349497
139.765520
155.293512
170.821505
201.877490
217.405482
341.629422
481.381355
403.741392
388.213400
419.269385
279.517452
201.877490
263.989460
357.157415
341.629422
326.101430
326.101430
341.629422
403.741392
512.437340
543.493325
496.909347
434.797377
372.685407
450.325370
481.381355
419.269385
372.685407
357.157415
357.157415
341.629422
248.461467
186.349497
279.517452
372.685407
341.629422
295.045445
248.461467
201.877490
201.877490
170.821505
46.597565
31.069572
155.293512
93.181542
-155.266338
-263.962286
-232.906301
-232.906301
-295.018271
-403.714218
-527.938158
-621.106113
-714.274068
-900.609978
-1024.833918
-1071.417896
-1133.529866
-1211.169828
-1242.225814
-1257.753806
-1319.865776
-1304.337784
-1118.001873
-962.721948
-869.553993
-652.162098
-388.186226
-217.378308
-155.266338
15.541579
155.293512
77.653550
15.541579
124.237527
232.933475
93.181542
-46.570391
77.653550
155.293512
124.237527
93.181542
46.597565
139.765520
217.405482
170.821505
263.989460
434.797377
559.021317
543.493325
574.549310
543.493325
419.269385
310.573437
201.877490
170.821505
108.709535
-15.514406
-31.042398
77.653550
93.181542
-15.514406
-15.514406
170.821505
388.213400
310.573437
357.157415
729.829235
1009.333100
1086.973062
1071.445070
1133.557040
1211.197002
1149.085032
931.693137
729.829235
667.717265
465.853362
186.349497
248.461467
372.685407
232.933475
-15.514406
-46.570391
139.765520
263.989460
232.933475
279.517452
527.965332
636.661280
481.381355
419.269385
481.381355
450.325370
15.541579
-512.410166
-652.162098
-729.802061
-1242.225814
-1816.761536
-1863.345514
-1739.121574
-1863.345514
-1940.985476
-1770.177559
-1428.561724
-1226.697821
-1180.113843
-822.970016
-326.074256
-93.154368
-108.682361
139.765520
496.909347
512.437340
279.517452
124.237527
217.405482
170.821505
-93.154368
-232.906301
-139.738346
-77.626376
-155.266338
-46.570391
295.045445
481.381355
527.965332
636.661280
776.413212
807.469197
605.605295
419.269385
326.101430
-31.042398
-621.106113
-1102.473881
-1211.169828
-1118.001873
-1459.617709
-1754.649566
-1475.145701
-1226.697821
-1164.585851
-885.081986
-93.154368
496.909347
652.189272
885.109160
1257.780980
1490.700868
1397.532913
1226.724995
1149.085032
978.277115
652.189272
388.213400
481.381355
527.965332
372.685407
263.989460
357.157415
543.493325
574.549310
512.437340
760.885220
1071.445070
1009.333100
838.525182
838.525182
978.277115
822.997190
419.269385
279.517452
108.709535
-170.794331
-357.130241
-295.018271
-108.682361
-77.626376
-46.570391
217.405482
590.077302
807.469197
807.469197
962.749122
1257.780980
1428.588898
1413.060905
1273.308973
947.221130
434.797377
124.237527
-201.850316
-1211.169828
-2236.017334
-2453.409229
-2562.105177
-2950.304989
-3183.224877
-3059.000937
-2701.857109
-2453.409229
-2003.097446
-1164.585851
-512.410166
-201.850316
62.125557
481.381355
776.413212
745.357227
559.021317
403.741392
310.573437
-46.570391
-574.522136
-636.634106
-403.714218
-263.962286
-232.906301
31.069572
481.381355
822.997190
1055.917077
1257.780980
1506.228860
1614.924808
1459.644883
1118.029047
807.469197
559.021317
186.349497
-403.714218
-869.553993
-1102.473881
-1475.145701
-2003.097446
-2111.793394
-1816.761536
-1832.289529
-2204.961349
-2282.601311
-1708.065589
-993.777933
-791.914031
-621.106113
232.933475
1040.389085
978.277115
838.525182
1677.036778
2422.380418
1987.596628
1273.308973
1319.892950
1490.700868
869.581167
139.765520
170.821505
450.325370
31.069572
-745.330053
-574.522136
310.573437
512.437340
248.461467
714.301242
1490.700868
1552.812838
1118.029047
1195.669010
1692.564770
1537.284845
791.941205
434.797377
496.909347
310.573437
-279.490278
-543.466151
-217.378308
46.597565
-170.794331
-139.738346
403.741392
993.805107
1257.780980
1444.116890
1956.540643
2313.684470
2173.932538
1956.540643
2034.180605
1925.484658
1180.141017
0.013587
-931.665963
-1475.145701
-2344.713281
-3167.696884
-3509.312719
-3773.288592
-4114.904427
-4285.712345
-3928.568517
-3090.056922
-2329.185289
-1708.065589
-978.249941
-93.154368
605.605295
931.693137
1257.780980
1568.340830
1444.116890
931.693137
372.685407
-46.570391
-434.770203
-791.914031
-854.026001
-745.330053
-667.690091
-496.882173
-93.154368
636.661280
1350.948935
1785.732725
1987.596628
2127.348560
2158.404545
1863.372688
1444.116890
993.805107
310.573437
-481.354181
-1211.169828
-1754.649566
-2204.961349
-2515.521199
-2655.273132
-2639.745139
-2484.465214
-2282.601311
-1863.345514
-1428.561724
-1149.057858
-760.858046
-232.906301
263.989460
590.077302
838.525182
1180.141017
1304.364958
1211.197002
1211.197002
1382.004920
1428.588898
1009.333100
667.717265
791.941205
652.189272
217.405482
62.125557
186.349497
186.349497
15.541579
-15.514406
263.989460
543.493325
496.909347
450.325370
760.885220
1024.861092
807.469197
527.965332
683.245257
776.413212
372.685407
31.069572
93.181542
232.933475
31.069572
-139.738346
155.293512
450.325370
434.797377
481.381355
978.277115
1552.812838
1801.260718
1925.484658
2204.988523
2468.964395
2437.908410
2236.044508
2127.348560
1956.540643
1304.364958
77.653550
-978.249941
-1506.201686
-2375.769266
-3307.448817
-3555.896697
-3866.456547
-4378.880300
-4642.856172
-4378.880300
-3524.840712
-2701.857109
-2096.265401
-1319.865776
-419.242211
326.101430
729.829235
1102.501055
1754.676740
1925.484658
1397.532913
760.885220
450.325370
232.933475
-201.850316
-465.826188
-357.130241
-326.074256
-326.074256
15.541579
714.301242
1335.420943
1708.092763
1972.068635
2158.404545
2173.932538
1878.900680
1475.172875
1180.141017
605.605295
-279.490278
-1242.225814
-1832.289529
-2267.073319
-2795.025064
-3105.584914
-3043.472944
-2872.665027
-2748.441087
-2422.353244
-1583.841649
-822.970016
-745.330053
-714.274068
93.181542
838.525182
854.053175
1055.917077
1785.732725
2034.180605
1242.252987
745.357227
1288.836965
1475.172875
854.053175
388.213400
527.965332
714.301242
124.237527
-201.850316
450.325370
838.525182
403.741392
-170.794331
170.821505
791.941205
527.965332
155.293512
434.797377
776.413212
496.909347
31.069572
186.349497
605.605295
434.797377
-170.794331
-108.682361
465.853362
388.213400
31.069572
403.741392
1055.917077
1102.501055
729.829235
931.693137
1723.620755
2096.292575
2049.708598
2220.516515
2546.604358
2406.852425
1878.900680
1723.620755
1878.900680
1413.060905
-31.042398
-1490.673694
-2080.737409
-2732.913094
-3540.368704
-3881.984540
-4083.848442
-4378.880300
-4844.720075
-4829.192082
-3913.040525
-2779.497072
-1925.457484
-1257.753806
-326.074256
527.965332
822.997190
1211.197002
1816.788710
2251.572500
1816.788710
900.637152
388.213400
170.821505
-62.098383
-403.714218
-419.242211
-155.266338
-232.906301
-217.378308
465.853362
1335.420943
1941.012650
2158.404545
2236.044508
2298.156478
2065.236590
1645.980793
1195.669010
652.189272
-201.850316
-1350.921761
-2251.545326
-2670.801124
-2934.776997
-3183.224877
-3276.392832
-3152.168892
-2841.609042
-2406.825251
-1785.705551
-1009.305926
-481.354181
-31.042398
357.157415
621.133287
1133.557040
1614.924808
1723.620755
1708.092763
1444.116890
1180.141017
931.693137
698.773250
683.245257
465.853362
155.293512
46.597565
31.069572
155.293512
186.349497
295.045445
574.549310
621.133287
465.853362
310.573437
419.269385
512.437340
434.797377
341.629422
388.213400
388.213400
170.821505
93.181542
279.517452
341.629422
232.933475
108.709535
201.877490
481.381355
652.189272
885.109160
1055.917077
1149.085032
1366.476928
1599.396815
1878.900680
2189.460530
2375.796440
2531.076366
2422.380418
2096.292575
2111.820568
2158.404545
1630.452800
434.797377
-962.721948
-1832.289529
-2670.801124
-3633.536659
-3866.456547
-3819.872570
-4332.296322
-4968.944015
-4875.776060
-4083.848442
-3260.864839
-2437.881236
-1397.505739
-496.882173
0.013587
419.269385
1102.501055
1941.012650
2329.212463
1941.012650
1288.836965
791.941205
326.101430
-139.738346
-357.130241
-279.490278
-139.738346
-341.602248
-403.714218
279.517452
1149.085032
1614.924808
1925.484658
2173.932538
2204.988523
1785.732725
1413.060905
1273.308973
885.109160
31.069572
-1040.361911
-1972.041461
-2468.937221
-2826.081049
-3105.584914
-3214.280862
-3152.168892
-2841.609042
-2531.049192
-2003.097446
-1024.833918
-139.738346
217.405482
170.821505
450.325370
1086.973062
1444.116890
1397.532913
1444.116890
1770.204733
1490.700868
465.853362
170.821505
714.301242
885.109160
279.517452
0.013587
512.437340
636.661280
310.573437
357.157415
993.805107
1195.669010
496.909347
-31.042398
186.349497
357.157415
15.541579
-263.962286
62.125557
263.989460
-279.490278
-512.410166
155.293512
683.245257
496.909347
201.877490
388.213400
791.941205
822.997190
854.053175
1257.780980
1444.116890
1149.085032
900.637152
1319.892950
1863.372688
2018.652613
2065.236590
2220.516515
2298.156478
1972.068635
1770.204733
1863.372688
1614.924808
326.101430
-1304.337784
-2096.265401
-2717.385102
-3431.672757
-3695.648629
-3897.512532
-4363.352307
-4844.720075
-5000.000000
-4270.184352
-3214.280862
-2329.185289
-1583.841649
-869.553993
-15.514406
776.413212
1397.532913
2127.348560
2593.188336
2236.044508
1366.476928
745.357227
450.325370
77.653550
-232.906301
-201.850316
-170.794331
-326.074256
-201.850316
263.989460
962.749122
1692.564770
2049.708598
2080.764583
2080.764583
1878.900680
1599.396815
1304.364958
931.693137
263.989460
-947.193956
-2173.905364
-2748.441087
-2996.888967
-3167.696884
-3322.976809
-3276.392832
-2888.193019
-2437.881236
-2111.793394
-1288.809791
-170.794331
419.269385
263.989460
108.709535
916.165145
1661.508785
1350.948935
1180.141017
1568.340830
1521.756853
465.853362
-248.434293
465.853362
1086.973062
419.269385
-155.266338
388.213400
1071.445070
729.829235
232.933475
854.053175
1537.284845
760.885220
-310.546263
-170.794331
543.493325
403.741392
-295.018271
-170.794331
450.325370
248.461467
-310.546263
15.541579
947.221130
1040.389085
310.573437
263.989460
916.165145
1226.724995
1040.389085
1071.445070
1506.228860
1568.340830
1195.669010
1164.613025
1894.428673
2484.492388
2298.156478
1987.596628
2065.236590
2267.100493
1972.068635
1273.308973
434.797377
-512.410166
-1444.089716
-2732.913094
-3586.952682
-3307.448817
-3447.200749
-4456.520262
-4984.472007
-4565.216210
-3975.152495
-3773.288592
-3121.112907
-1630.425626
-605.578121
-403.714218
108.709535
1273.308973
2142.876553
2173.932538
1801.260718
1614.924808
1335.420943
465.853362
-279.490278
-155.266338
186.349497
-77.626376
-527.938158
-357.130241
372.685407
838.525182
1180.141017
1754.676740
2220.516515
2158.404545
1645.980793
1413.060905
1490.700868
1055.917077
201.877490
-667.690091
-1521.729679
-2360.241274
-3090.056922
-3338.504802
-3136.640899
-3074.528929
-3074.528929
-2655.273132
-2003.097446
-1304.337784
-558.994143
419.269385
993.805107
527.965332
201.877490
1180.141017
1832.316703
1102.501055
714.301242
1149.085032
854.053175
-481.354181
-807.442023
574.549310
1009.333100
-15.514406
-217.378308
822.997190
1552.812838
822.997190
496.909347
1537.284845
1692.564770
310.573437
-822.970016
-170.794331
729.829235
-186.322323
-1133.529866
-481.354181
310.573437
-170.794331
-636.634106
357.157415
1614.924808
1211.197002
248.461467
698.773250
1832.316703
1708.092763
962.749122
1226.724995
1941.012650
1645.980793
822.997190
1211.197002
2313.684470
2391.324433
1677.036778
1552.812838
2189.460530
2267.100493
1350.948935
357.157415
-62.098383
-512.410166
-2018.625439
-3338.504802
-2950.304989
-2763.969079
-3990.680487
-4844.720075
-4347.824315
-3680.120637
-3850.928555
-3711.176622
-2298.129304
-993.777933
-776.386038
-636.634106
559.021317
1956.540643
2096.292575
1614.924808
1661.508785
1894.428673
1133.557040
-31.042398
-46.570391
543.493325
310.573437
-512.410166
-527.938158
201.877490
450.325370
512.437340
1055.917077
1863.372688
2158.404545
1568.340830
1195.669010
1599.396815
1599.396815
745.357227
-232.906301
-776.386038
-1397.505739
-2577.633169
-3291.920824
-2903.721012
-2577.633169
-3090.056922
-3400.616772
-2468.937221
-1366.449754
-1149.057858
-729.802061
683.245257
1475.172875
590.077302
31.069572
1506.228860
2406.852425
978.277115
201.877490
931.693137
854.053175
-745.330053
-1195.641836
527.965332
1242.252987
-31.042398
-590.050128
791.941205
1909.956665
1009.333100
403.741392
1537.284845
1972.068635
310.573437
-1024.833918
-124.210353
885.109160
-295.018271
-1552.785664
-714.274068
419.269385
-217.378308
-1055.889903
170.821505
1801.260718
1397.532913
248.461467
822.997190
2236.044508
2018.652613
822.997190
1226.724995
2531.076366
2267.100493
978.277115
1180.141017
2562.132351
2717.412276
1506.228860
1226.724995
2189.460530
1847.844695
-357.130241
-1319.865776
-372.658233
-931.665963
-2950.304989
-3618.008667
-2934.776997
-3198.752869
-4611.800187
-4580.744202
-3136.640899
-2686.329117
-3291.920824
-2981.360974
-1366.449754
-232.906301
-372.658233
-46.570391
1304.364958
2003.124620
1350.948935
838.525182
1397.532913
1692.564770
791.941205
77.653550
372.685407
636.661280
139.765520
-232.906301
326.101430
1024.861092
993.805107
683.245257
1149.085032
1878.900680
1739.148748
1180.141017
1086.973062
1242.252987
760.885220
-341.602248
-978.249941
-1288.809791
-1894.401499
-2701.857109
-3027.944952
-2779.497072
-2748.441087
-2965.832982
-2608.689154
-1785.705551
-1180.113843
-667.690091
0.013587
481.381355
419.269385
683.245257
1397.532913
1444.116890
962.749122
869.581167
838.525182
186.349497
-372.658233
-15.514406
419.269385
124.237527
-186.322323
279.517452
978.277115
962.749122
729.829235
1118.029047
1459.644883
900.637152
93.181542
93.181542
388.213400
-108.682361
-760.858046
-512.410166
-77.626376
-263.962286
-465.826188
93.181542
745.357227
745.357227
652.189272
1055.917077
1537.284845
1397.532913
1149.085032
1459.644883
1925.484658
1847.844695
1614.924808
1847.844695
2189.460530
2080.764583
1863.372688
2003.124620
2096.292575
1661.508785
512.437340
-605.578121
-838.498008
-1319.865776
-2437.881236
-2857.137034
-2841.609042
-3260.864839
-4083.848442
-4270.184352
-3338.504802
-2779.497072
-2841.609042
-2375.769266
-1459.617709
-838.498008
-605.578121
-155.266338
854.053175
1506.228860
1149.085032
683.245257
900.637152
1149.085032
698.773250
248.461467
527.965332
729.829235
139.765520
-139.738346
496.909347
1086.973062
1040.389085
885.109160
1273.308973
1739.148748
1413.060905
1009.333100
1242.252987
1366.476928
512.437340
-590.050128
-822.970016
-962.721948
-1925.457484
-2639.745139
-2282.601311
-2080.737409
-2562.105177
-2826.081049
-2236.017334
-1397.505739
-1195.641836
-1071.417896
-170.794331
683.245257
512.437340
-155.266338
465.853362
1832.316703
1211.197002
-186.322323
201.877490
822.997190
-170.794331
-1055.889903
170.821505
1428.588898
527.965332
-326.074256
667.717265
1863.372688
1568.340830
807.469197
1195.669010
1816.788710
947.221130
-419.242211
-248.434293
667.717265
77.653550
-1180.113843
-1024.833918
-15.514406
-170.794331
-838.498008
-62.098383
1242.252987
1164.613025
512.437340
885.109160
1723.620755
1708.092763
1195.669010
1397.532913
2018.652613
1956.540643
1490.700868
1490.700868
2049.708598
2282.628485
1909.956665
1614.924808
1288.836965
279.517452
-714.274068
-1180.113843
-1599.369641
-1956.513469
-2375.769266
-3105.584914
-3540.368704
-3618.008667
-3478.256734
-3105.584914
-2655.273132
-2189.433356
-1894.401499
-1645.953619
-1040.361911
-372.658233
186.349497
621.133287
838.525182
760.885220
481.381355
512.437340
714.301242
729.829235
512.437340
419.269385
357.157415
295.045445
481.381355
869.581167
1226.724995
1273.308973
1102.501055
1102.501055
1195.669010
1211.197002
1350.948935
1273.308973
776.413212
201.877490
-326.074256
-885.081986
-1397.505739
-1692.537596
-1863.345514
-2158.377371
-2577.633169
-2701.857109
-2251.545326
-1754.649566
-1552.785664
-1288.809791
-667.690091
-248.434293
-450.298196
-388.186226
652.189272
1273.308973
698.773250
279.517452
590.077302
636.661280
-77.626376
-263.962286
512.437340
760.885220
201.877490
31.069572
791.941205
1490.700868
1211.197002
1009.333100
1428.588898
1521.756853
822.997190
77.653550
279.517452
636.661280
62.125557
-698.746076
-558.994143
-139.738346
-372.658233
-590.050128
93.181542
854.053175
683.245257
388.213400
993.805107
1708.092763
1614.924808
1304.364958
1583.868823
2018.652613
1816.788710
1413.060905
1770.204733
2282.628485
2127.348560
1645.980793
1708.092763
1878.900680
1024.861092
-419.242211
-807.442023
-900.609978
-1956.513469
-2810.553057
-2950.304989
-3043.472944
-3447.200749
-3897.512532
-3493.784727
-2732.913094
-2453.409229
-2236.017334
-1754.649566
-962.721948
-357.130241
-295.018271
186.349497
947.221130
885.109160
419.269385
326.101430
512.437340
450.325370
201.877490
248.461467
434.797377
341.629422
326.101430
667.717265
1040.389085
1288.836965
1273.308973
1180.141017
1242.252987
1195.669010
1102.501055
1040.389085
776.413212
295.045445
-232.906301
-791.914031
-1164.585851
-1506.201686
-1754.649566
-1925.457484
-2173.905364
-2204.961349
-2018.625439
-1847.817521
-1428.561724
-885.081986
-590.050128
-496.882173
-434.770203
-108.682361
388.213400
481.381355
450.325370
683.245257
605.605295
139.765520
-124.210353
155.293512
481.381355
263.989460
77.653550
496.909347
869.581167
885.109160
916.165145
1273.308973
1552.812838
1164.613025
621.133287
496.909347
621.133287
357.157415
-201.850316
-295.018271
0.013587
-186.322323
-621.106113
-372.658233
232.933475
341.629422
186.349497
527.965332
1086.973062
1195.669010
1102.501055
1382.004920
1708.092763
1770.204733
1568.340830
1490.700868
1785.732725
2034.180605
1801.260718
1614.924808
1941.012650
1941.012650
916.165145
-248.434293
-388.186226
-760.858046
-2003.097446
-2453.409229
-2344.713281
-2903.721012
-3586.952682
-3680.120637
-3012.416959
-2468.937221
-2375.769266
-1987.569454
-1397.505739
-885.081986
-512.410166
-232.906301
357.157415
931.693137
636.661280
124.237527
201.877490
419.269385
263.989460
-155.266338
31.069572
527.965332
326.101430
77.653550
636.661280
1304.364958
1428.588898
1149.085032
1257.780980
1568.340830
1304.364958
900.637152
1024.861092
1071.445070
434.797377
-419.242211
-869.553993
-993.777933
-1381.977746
-2003.097446
-2049.681424
-1863.345514
-2080.737409
-2267.073319
-1878.873506
-1040.361911
-621.106113
-636.634106
-295.018271
248.461467
-31.042398
-496.882173
124.237527
838.525182
388.213400
-372.658233
-232.906301
46.597565
-326.074256
-419.242211
248.461467
916.165145
885.109160
543.493325
993.805107
1770.204733
1832.316703
1335.420943
1055.917077
1226.724995
791.941205
-248.434293
-465.826188
108.709535
-93.154368
-947.193956
-1055.889903
-403.714218
-139.738346
-248.434293
62.125557
822.997190
1180.141017
962.749122
993.805107
1521.756853
1909.956665
1723.620755
1537.284845
1661.508785
1630.452800
1413.060905
1288.836965
1537.284845
1847.844695
1785.732725
1444.116890
776.413212
15.541579
-326.074256
-854.026001
-1568.313656
-1785.705551
-2173.905364
-2919.249004
-3493.784727
-3400.616772
-2826.081049
-2624.217147
-2422.353244
-1878.873506
-1537.257671
-1242.225814
-776.386038
-124.210353
465.853362
698.773250
605.605295
465.853362
403.741392
357.157415
341.629422
419.269385
465.853362
357.157415
155.293512
403.741392
854.053175
1024.861092
1195.669010
1350.948935
1242.252987
1055.917077
931.693137
1040.389085
1055.917077
698.773250
217.405482
-326.074256
-745.330053
-1055.889903
-1350.921761
-1583.841649
-1739.121574
-1894.401499
-2096.265401
-2111.793394
-1754.649566
-1102.473881
-667.690091
-574.522136
-388.186226
-31.042398
93.181542
0.013587
31.069572
403.741392
512.437340
-62.098383
-527.938158
-279.490278
62.125557
-108.682361
-310.546263
279.517452
993.805107
854.053175
621.133287
1366.476928
2111.820568
1677.036778
869.581167
900.637152
1009.333100
232.933475
-574.522136
-388.186226
-124.210353
-543.466151
-1149.057858
-931.665963
-139.738346
108.709535
0.013587
465.853362
1242.252987
1382.004920
1086.973062
1304.364958
1956.540643
1987.596628
1521.756853
1397.532913
1614.924808
1599.396815
1366.476928
1382.004920
1723.620755
1909.956665
1552.812838
698.773250
0.013587
-62.098383
-667.690091
-1785.705551
-1847.817521
-1739.121574
-2624.217147
-3555.896697
-3447.200749
-2717.385102
-2562.105177
-2639.745139
-1925.457484
-1195.641836
-1118.001873
-993.777933
-357.130241
419.269385
667.717265
295.045445
93.181542
388.213400
465.853362
155.293512
186.349497
760.885220
854.053175
279.517452
310.573437
1040.389085
1335.420943
1164.613025
1257.780980
1506.228860
1335.420943
760.885220
714.301242
1040.389085
745.357227
77.653550
-372.658233
-652.162098
-978.249941
-1397.505739
-1537.257671
-1413.033731
-1583.841649
-1909.929491
-1987.569454
-1692.537596
-1133.529866
-854.026001
-745.330053
-372.658233
-232.906301
-621.106113
-450.298196
372.685407
698.773250
217.405482
-108.682361
31.069572
-217.378308
-496.882173
-62.098383
419.269385
357.157415
217.405482
496.909347
978.277115
1350.948935
1552.812838
1506.228860
1273.308973
931.693137
450.325370
108.709535
170.821505
217.405482
-201.850316
-574.522136
-465.826188
-310.546263
-388.186226
-108.682361
512.437340
714.301242
652.189272
931.693137
1257.780980
1366.476928
1366.476928
1428.588898
1506.228860
1428.588898
1273.308973
1288.836965
1537.284845
1708.092763
1677.036778
1739.148748
1801.260718
1086.973062
-186.322323
-605.578121
-667.690091
-1521.729679
-2173.905364
-2173.905364
-2453.409229
-3291.920824
-3680.120637
-2965.832982
-2375.769266
-2437.881236
-2173.905364
-1475.145701
-993.777933
-698.746076
-326.074256
295.045445
745.357227
590.077302
93.181542
93.181542
434.797377
403.741392
62.125557
263.989460
776.413212
512.437340
93.181542
667.717265
1350.948935
1304.364958
1055.917077
1257.780980
1552.812838
1180.141017
885.109160
1071.445070
931.693137
232.933475
-403.714218
-714.274068
-1009.305926
-1444.089716
-1661.481611
-1630.425626
-1630.425626
-1847.817521
-2018.625439
-1614.897634
-885.081986
-683.218083
-776.386038
-279.490278
108.709535
-574.522136
-978.249941
248.461467
931.693137
-232.906301
-636.634106
170.821505
139.765520
-807.442023
-496.882173
947.221130
1071.445070
279.517452
543.493325
1490.700868
1956.540643
1614.924808
1288.836965
1521.756853
1382.004920
450.325370
-372.658233
0.013587
559.021317
-248.434293
-1086.945888
-512.410166
232.933475
-186.322323
-403.714218
543.493325
1164.613025
791.941205
652.189272
1273.308973
1645.980793
1335.420943
1086.973062
1304.364958
1475.172875
1242.252987
1055.917077
1366.476928
1785.732725
1816.788710
1645.980793
1661.508785
1257.780980
139.765520
-621.106113
-916.137971
-1475.145701
-2049.681424
-2499.993207
-2888.193019
-3385.088779
-3540.368704
-3074.528929
-2546.577184
-2220.489341
-1956.513469
-1552.785664
-1024.833918
-543.466151
-62.098383
341.629422
636.661280
512.437340
77.653550
-31.042398
170.821505
232.933475
124.237527
124.237527
295.045445
326.101430
341.629422
791.941205
1335.420943
1459.644883
1366.476928
1366.476928
1459.644883
1257.780980
1071.445070
1102.501055
714.301242
15.541579
-481.354181
-760.858046
-1102.473881
-1537.257671
-1645.953619
-1599.369641
-1723.593581
-1863.345514
-1723.593581
-1257.753806
-714.274068
-543.466151
-543.466151
-201.850316
46.597565
-496.882173
-916.137971
62.125557
760.885220
-248.434293
-776.386038
46.597565
326.101430
-465.826188
-419.242211
931.693137
1242.252987
388.213400
450.325370
1552.812838
2096.292575
1568.340830
993.805107
1242.252987
1164.613025
139.765520
-652.162098
-263.962286
372.685407
-279.490278
-1133.529866
-527.938158
388.213400
139.765520
-263.962286
574.549310
1444.116890
1009.333100
636.661280
1288.836965
1770.204733
1428.588898
947.221130
1149.085032
1428.588898
1133.557040
900.637152
1211.197002
1723.620755
1832.316703
1537.284845
1118.029047
527.965332
-31.042398
-760.858046
-1521.729679
-1521.729679
-1723.593581
-2748.441087
-3462.728742
-3198.752869
-2826.081049
-2872.665027
-2562.105177
-1723.593581
-1428.561724
-1459.617709
-900.609978
-93.154368
341.629422
434.797377
403.741392
201.877490
139.765520
139.765520
-31.042398
15.541579
419.269385
512.437340
93.181542
279.517452
1133.557040
1382.004920
1211.197002
1475.172875
1692.564770
1428.588898
1102.501055
1195.669010
1304.364958
869.581167
155.293512
-310.546263
-698.746076
-1024.833918
-1397.505739
-1630.425626
-1506.201686
-1583.841649
-2018.625439
-2034.153431
-1335.393769
-729.802061
-745.330053
-574.522136
-46.570391
-155.266338
-1055.889903
-993.777933
310.573437
496.909347
-481.354181
-543.466151
-62.098383
-341.602248
-698.746076
0.013587
916.165145
745.357227
372.685407
652.189272
1413.060905
2003.124620
1863.372688
1428.588898
1428.588898
1304.364958
310.573437
-434.770203
124.237527
559.021317
-388.186226
-993.777933
-295.018271
108.709535
-217.378308
15.541579
822.997190
1133.557040
822.997190
807.469197
1335.420943
1661.508785
1459.644883
1133.557040
1040.389085
1273.308973
1071.445070
791.941205
1226.724995
1754.676740
1630.452800
1428.588898
1645.980793
1211.197002
-15.514406
-558.994143
-745.330053
-1459.617709
-2034.153431
-2329.185289
-2903.721012
-3447.200749
-3416.144764
-3012.416959
-2655.273132
-2220.489341
-1801.233544
-1568.313656
-1040.361911
-310.546263
46.597565
310.573437
776.413212
729.829235
77.653550
-62.098383
217.405482
62.125557
-186.322323
62.125557
372.685407
93.181542
108.709535
900.637152
1257.780980
1273.308973
1490.700868
1552.812838
1428.588898
1273.308973
1226.724995
1086.973062
621.133287
186.349497
-388.186226
-1071.417896
-1428.561724
-1599.369641
-1723.593581
-1785.705551
-1785.705551
-1894.401499
-1940.985476
-1304.337784
-574.522136
-527.938158
-388.186226
186.349497
-139.738346
-1133.529866
-698.746076
683.245257
326.101430
-854.026001
-434.770203
186.349497
-543.466151
-885.081986
543.493325
1444.116890
714.301242
341.629422
1086.973062
1878.900680
2080.764583
1739.148748
1475.172875
1475.172875
931.693137
-279.490278
-683.218083
232.933475
388.213400
-900.609978
-1086.945888
62.125557
186.349497
-434.770203
232.933475
1459.644883
1273.308973
543.493325
962.749122
1754.676740
1661.508785
1257.780980
1242.252987
1366.476928
1211.197002
838.525182
947.221130
1506.228860
1832.316703
1692.564770
1506.228860
1552.812838
931.693137
-295.018271
-869.553993
-1086.945888
-1537.257671
-2267.073319
-2919.249004
-3043.472944
-3214.280862
-3447.200749
-3043.472944
-2204.961349
-1785.705551
-1832.289529
-1459.617709
-621.106113
-155.266338
46.597565
512.437340
760.885220
419.269385
108.709535
62.125557
93.181542
170.821505
186.349497
108.709535
108.709535
263.989460
636.661280
885.109160
1164.613025
1645.980793
1506.228860
1133.557040
1257.780980
1444.116890
1164.613025
745.357227
450.325370
-31.042398
-760.858046
-1273.281799
-1397.505739
-1459.617709
-1475.145701
-1599.369641
-1909.929491
-1816.761536
-1350.921761
-993.777933
-776.386038
-310.546263
77.653550
-372.658233
-1118.001873
-683.218083
419.269385
263.989460
-496.882173
-263.962286
-77.626376
-636.634106
-776.386038
217.405482
978.277115
543.493325
295.045445
698.773250
1335.420943
1832.316703
1677.036778
1382.004920
1413.060905
1071.445070
46.597565
-310.546263
357.157415
357.157415
-683.218083
-869.553993
-46.570391
-31.042398
-341.602248
403.741392
1164.613025
838.525182
667.717265
1226.724995
1521.756853
1335.420943
1288.836965
1242.252987
1055.917077
1071.445070
1040.389085
978.277115
1366.476928
1832.316703
1614.924808
1459.644883
1925.484658
1366.476928
-310.546263
-729.802061
-667.690091
-1739.121574
-2577.633169
-2562.105177
-2810.553057
-3586.952682
-3726.704614
-2903.721012
-2406.825251
-2251.545326
-1692.537596
-1133.529866
-807.442023
-310.546263
201.877490
559.021317
822.997190
760.885220
295.045445
-77.626376
46.597565
170.821505
-124.210353
-31.042398
496.909347
372.685407
186.349497
760.885220
1490.700868
1630.452800
1413.060905
1583.868823
1739.148748
1242.252987
807.469197
854.053175
745.357227
-31.042398
-916.137971
-1288.809791
-1444.089716
-1832.289529
-1909.929491
-1583.841649
-1459.617709
-1568.313656
-1614.897634
-1226.697821
-450.298196
-31.042398
-232.906301
-310.546263
-124.210353
-434.770203
-1226.697821
-636.634106
652.189272
-93.154368
-1381.977746
-636.634106
388.213400
-248.434293
-605.578121
1040.389085
1941.012650
869.581167
574.549310
1832.316703
2468.964395
1630.452800
885.109160
1024.861092
947.221130
139.765520
-698.746076
-652.162098
217.405482
201.877490
-916.137971
-745.330053
900.637152
1118.029047
31.069572
683.245257
2220.516515
1739.148748
419.269385
916.165145
1863.372688
1071.445070
295.045445
900.637152
1211.197002
776.413212
807.469197
1164.613025
1583.868823
2065.236590
2127.348560
1226.724995
139.765520
-46.570391
-822.970016
-2298.129304
-2065.209416
-1645.953619
-3183.224877
-4332.296322
-3524.840712
-2686.329117
-2919.249004
-2375.769266
-1009.305926
-854.026001
-1149.057858
-481.354181
341.629422
698.773250
931.693137
698.773250
124.237527
0.013587
0.013587
-341.602248
-341.602248
450.325370
543.493325
-326.074256
108.709535
1490.700868
1583.868823
1211.197002
1878.900680
2220.516515
1335.420943
807.469197
1149.085032
1040.389085
295.045445
-357.130241
-947.193956
-1506.201686
-1661.481611
-1785.705551
-1940.985476
-1599.369641
-1226.697821
-1552.785664
-1723.593581
-807.442023
124.237527
-139.738346
-279.490278
372.685407
77.653550
-1195.641836
-1397.505739
-217.378308
217.405482
-776.386038
-1071.417896
-372.658233
-93.154368
-372.658233
93.181542
1288.836965
1645.980793
1009.333100
869.581167
1770.204733
2468.964395
1754.676740
729.829235
745.357227
714.301242
-326.074256
-1071.417896
-450.298196
170.821505
-434.770203
-916.137971
-155.266338
714.301242
745.357227
714.301242
1257.780980
1630.452800
1319.892950
1040.389085
1055.917077
1242.252987
1055.917077
450.325370
326.101430
698.773250
916.165145
962.749122
1304.364958
1909.956665
2204.988523
2127.348560
1863.372688
1071.445070
-15.514406
-885.081986
-1909.929491
-2391.297259
-2515.521199
-3198.752869
-3866.456547
-3819.872570
-3245.336847
-2779.497072
-2313.657296
-1428.561724
-807.442023
-714.274068
-326.074256
232.933475
527.965332
574.549310
357.157415
77.653550
-232.906301
-558.994143
-698.746076
-621.106113
-248.434293
186.349497
388.213400
636.661280
1288.836965
1894.428673
2127.348560
2313.684470
2360.268448
2034.180605
1459.644883
916.165145
543.493325
46.597565
-590.050128
-1149.057858
-1521.729679
-1754.649566
-1878.873506
-1816.761536
-1397.505739
-962.721948
-854.026001
-854.026001
-698.746076
-155.266338
124.237527
-108.682361
-155.266338
-15.514406
-838.498008
-2173.905364
-1708.065589
-62.098383
-263.962286
-1211.169828
-527.938158
481.381355
77.653550
-108.682361
1444.116890
2437.908410
1661.508785
854.053175
1226.724995
1894.428673
1645.980793
776.413212
372.685407
450.325370
-31.042398
-1133.529866
-1133.529866
139.765520
590.077302
-279.490278
-326.074256
854.053175
1164.613025
543.493325
885.109160
1692.564770
1397.532913
496.909347
434.797377
916.165145
885.109160
496.909347
403.741392
745.357227
1071.445070
1071.445070
1397.532913
2189.460530
2717.412276
2639.772313
2251.572500
1661.508785
388.213400
-1024.833918
-2003.097446
-2562.105177
-2732.913094
-3322.976809
-4177.016397
-4161.488405
-3571.424689
-3027.944952
-2313.657296
-1149.057858
-372.658233
-481.354181
-357.130241
341.629422
698.773250
450.325370
295.045445
31.069572
-714.274068
-1211.169828
-1164.585851
-900.609978
-558.994143
15.541579
465.853362
667.717265
1397.532913
2313.684470
2577.660343
2655.300306
2763.996253
2142.876553
1055.917077
574.549310
403.741392
-263.962286
-1133.529866
-1537.257671
-1692.537596
-2018.625439
-1987.569454
-1413.033731
-807.442023
-450.298196
-372.658233
-403.714218
-295.018271
-62.098383
-46.570391
-372.658233
-450.298196
-512.410166
-1475.145701
-2577.633169
-1925.457484
-388.186226
-372.658233
-683.218083
279.517452
962.749122
559.021317
745.357227
2065.236590
2437.908410
1583.868823
993.805107
900.637152
978.277115
1009.333100
543.493325
-46.570391
-62.098383
-108.682361
-807.442023
-854.026001
341.629422
838.525182
93.181542
155.293512
1009.333100
916.165145
403.741392
838.525182
1242.252987
543.493325
-77.626376
217.405482
512.437340
481.381355
590.077302
636.661280
822.997190
1304.364958
1599.396815
1847.844695
2515.548373
2857.164208
2391.324433
2018.652613
2003.124620
838.525182
-1257.753806
-2251.545326
-2468.937221
-3121.112907
-3586.952682
-3509.312719
-3260.864839
-3043.472944
-2670.801124
-1847.817521
-838.498008
-170.794331
-217.378308
-434.770203
-170.794331
15.541579
-419.242211
-636.634106
-450.298196
-745.330053
-1319.865776
-1350.921761
-729.802061
-77.626376
372.685407
1071.445070
1723.620755
1925.484658
2173.932538
2437.908410
2515.548373
2344.740455
1583.868823
636.661280
77.653550
-388.186226
-978.249941
-1288.809791
-1133.529866
-1102.473881
-1335.393769
-1071.417896
-465.826188
-232.906301
-62.098383
139.765520
62.125557
-403.714218
-885.081986
-1149.057858
-1226.697821
-1366.449754
-1614.897634
-1832.289529
-1940.985476
-1987.569454
-1459.617709
-62.098383
1242.252987
1382.004920
1118.029047
1475.172875
1661.508785
1133.557040
869.581167
1319.892950
1133.557040
-139.738346
-652.162098
217.405482
807.469197
419.269385
155.293512
652.189272
947.221130
357.157415
0.013587
636.661280
1133.557040
574.549310
-279.490278
-232.906301
326.101430
108.709535
-372.658233
31.069572
698.773250
621.133287
419.269385
916.165145
1630.452800
1614.924808
1195.669010
1288.836965
1754.676740
1801.260718
1459.644883
1475.172875
1972.068635
2096.292575
1599.396815
1024.861092
170.821505
-1133.529866
-2329.185289
-2903.721012
-2593.161162
-2313.657296
-2872.665027
-3121.112907
-2655.273132
-2204.961349
-1878.873506
-1319.865776
-543.466151
-527.938158
-1273.281799
-1335.393769
-745.330053
-496.882173
-558.994143
-543.466151
-434.770203
-527.938158
-636.634106
-263.962286
698.773250
1552.812838
1770.204733
1645.980793
1801.260718
2173.932538
2034.180605
1614.924808
1521.756853
1086.973062
31.069572
-745.330053
-698.746076
-434.770203
-527.938158
-605.578121
-388.186226
-403.714218
-636.634106
-496.882173
-139.738346
-15.514406
-326.074256
-962.721948
-1521.729679
-1599.369641
-1583.841649
-1847.817521
-1661.481611
-1055.889903
-1273.281799
-2142.849379
-1413.033731
667.717265
1444.116890
1164.613025
1583.868823
1909.956665
993.805107
46.597565
527.965332
1009.333100
403.741392
-357.130241
-543.466151
77.653550
978.277115
1195.669010
1055.917077
1521.756853
1661.508785
543.493325
-93.154368
714.301242
885.109160
-403.714218
-1009.305926
-434.770203
-450.298196
-714.274068
-46.570391
760.885220
791.941205
729.829235
1133.557040
1444.116890
1630.452800
1785.732725
1273.308973
667.717265
900.637152
993.805107
527.965332
838.525182
1708.092763
1708.092763
1350.948935
2018.652613
2453.436403
1086.973062
-636.634106
-1319.865776
-2049.681424
-2981.360974
-3012.416959
-2841.609042
-3090.056922
-3183.224877
-2934.776997
-2546.577184
-1723.593581
-698.746076
-527.938158
-947.193956
-714.274068
-217.378308
-621.106113
-745.330053
-108.682361
-155.266338
-838.498008
-807.442023
-232.906301
201.877490
714.301242
1552.812838
1878.900680
1754.676740
1972.068635
1941.012650
1490.700868
1335.420943
1133.557040
295.045445
-543.466151
-621.106113
-481.354181
-621.106113
-419.242211
15.541579
-15.514406
-357.130241
-341.602248
-310.546263
-496.882173
-636.634106
-962.721948
-1506.201686
-1785.705551
-1708.065589
-1677.009604
-1506.201686
-962.721948
-745.330053
-1226.697821
-1195.641836
62.125557
1288.836965
1413.060905
1211.197002
1350.948935
947.221130
-62.098383
-248.434293
512.437340
791.941205
93.181542
-341.602248
232.933475
1133.557040
1475.172875
1273.308973
1335.420943
1428.588898
683.245257
-403.714218
-419.242211
295.045445
-62.098383
-1055.889903
-807.442023
155.293512
232.933475
62.125557
869.581167
1599.396815
1382.004920
1009.333100
1226.724995
1490.700868
1257.780980
698.773250
419.269385
621.133287
854.053175
776.413212
900.637152
1599.396815
2189.460530
2189.460530
2344.740455
2826.108223
2298.156478
77.653550
-1816.761536
-2531.049192
-3322.976809
-3913.040525
-3633.536659
-3105.584914
-3043.472944
-3043.472944
-2406.825251
-1304.337784
-341.602248
-31.042398
-512.410166
-854.026001
-667.690091
-838.498008
-1350.921761
-1102.473881
-512.410166
-807.442023
-1164.585851
-357.130241
807.469197
1242.252987
1630.452800
2298.156478
2422.380418
2127.348560
1894.428673
1475.172875
1055.917077
683.245257
77.653550
-621.106113
-760.858046
-372.658233
-248.434293
-62.098383
481.381355
559.021317
62.125557
-279.490278
-434.770203
-838.498008
-1304.337784
-1677.009604
-2111.793394
-2375.769266
-2236.017334
-1801.233544
-1335.393769
-869.553993
-434.770203
-512.410166
-667.690091
-201.850316
667.717265
1118.029047
931.693137
760.885220
481.381355
-77.626376
-279.490278
139.765520
807.469197
916.165145
590.077302
667.717265
1319.892950
1925.484658
1847.844695
1459.644883
1195.669010
590.077302
-481.354181
-1102.473881
-729.802061
-372.658233
-729.802061
-822.970016
-170.794331
621.133287
993.805107
1195.669010
1537.284845
1630.452800
1118.029047
621.133287
667.717265
776.413212
481.381355
155.293512
93.181542
403.741392
854.053175
1335.420943
1925.484658
2531.076366
2903.748186
2872.692201
2779.524246
2655.300306
1878.900680
46.597565
-2158.377371
-3602.480674
-4378.880300
-4518.632232
-3711.176622
-2701.857109
-2173.905364
-1863.345514
-1381.977746
-807.442023
-372.658233
-139.738346
-574.522136
-1335.393769
-1739.121574
-2049.681424
-2298.129304
-1801.233544
-714.274068
-295.018271
-232.906301
527.965332
1428.588898
1692.564770
1956.540643
2406.852425
2282.628485
1583.868823
978.277115
465.853362
155.293512
124.237527
31.069572
-108.682361
-15.514406
372.685407
481.381355
590.077302
947.221130
760.885220
-31.042398
-714.274068
-1257.753806
-1863.345514
-2173.905364
-2111.793394
-2111.793394
-1987.569454
-1397.505739
-854.026001
-543.466151
-77.626376
326.101430
-108.682361
-869.553993
-683.218083
-388.186226
-543.466151
-124.210353
496.909347
512.437340
186.349497
341.629422
900.637152
1226.724995
1413.060905
1350.948935
1211.197002
1335.420943
1102.501055
621.133287
698.773250
760.885220
-15.514406
-962.721948
-869.553993
-419.242211
-465.826188
-310.546263
372.685407
854.053175
807.469197
869.581167
1024.861092
978.277115
916.165145
527.965332
46.597565
108.709535
419.269385
310.573437
295.045445
900.637152
1319.892950
1211.197002
1614.924808
2422.380418
2546.604358
2515.548373
2701.884283
2437.908410
1972.068635
1413.060905
232.933475
-1754.649566
-3260.864839
-3726.704614
-3928.568517
-3276.392832
-2096.265401
-1599.369641
-1599.369641
-1413.033731
-1055.889903
-1024.833918
-1024.833918
-1118.001873
-1909.929491
-2515.521199
-2313.657296
-1956.513469
-1444.089716
-310.546263
667.717265
791.941205
916.165145
1475.172875
1599.396815
1521.756853
1847.844695
1770.204733
900.637152
403.741392
481.381355
403.741392
434.797377
947.221130
1055.917077
636.661280
590.077302
822.997190
590.077302
279.517452
232.933475
-279.490278
-1226.697821
-1801.233544
-1894.401499
-1894.401499
-1692.537596
-1428.561724
-1397.505739
-1040.361911
-419.242211
-403.714218
-652.162098
-232.906301
-155.266338
-1599.369641
-2499.993207
-1024.833918
15.541579
-248.434293
388.213400
1677.036778
1630.452800
559.021317
822.997190
1770.204733
1599.396815
776.413212
93.181542
108.709535
652.189272
698.773250
295.045445
667.717265
1257.780980
279.517452
-1009.305926
-357.130241
652.189272
46.597565
-450.298196
326.101430
574.549310
-62.098383
-46.570391
652.189272
838.525182
527.965332
170.821505
77.653550
481.381355
916.165145
729.829235
791.941205
1459.644883
1537.284845
1180.141017
1661.508785
2577.660343
2468.964395
1941.012650
2236.044508
2515.548373
1847.844695
822.997190
-512.410166
-2267.073319
-3757.760600
-4316.768330
-3742.232607
-2484.465214
-1475.145701
-1257.753806
-1381.977746
-1164.585851
-1102.473881
-1537.257671
-1599.369641
-1661.481611
-2406.825251
-3059.000937
-2686.329117
-1708.065589
-714.274068
357.157415
1304.364958
1692.564770
1537.284845
1257.780980
1242.252987
1490.700868
1521.756853
962.749122
310.573437
248.461467
403.741392
481.381355
931.693137
1521.756853
1521.756853
1009.333100
605.605295
481.381355
279.517452
-62.098383
-605.578121
-1195.641836
-1521.729679
-1708.065589
-1801.233544
-1630.425626
-1180.113843
-822.970016
-822.970016
-729.802061
-403.714218
-481.354181
-1040.361911
-1739.121574
-2111.793394
-1770.177559
-1118.001873
-590.050128
388.213400
1661.508785
2127.348560
1739.148748
1537.284845
1661.508785
1211.197002
248.461467
-263.962286
-62.098383
201.877490
357.157415
698.773250
1413.060905
1894.428673
1444.116890
683.245257
527.965332
419.269385
-419.242211
-1055.889903
-605.578121
-186.322323
-372.658233
-295.018271
357.157415
760.885220
714.301242
605.605295
683.245257
791.941205
667.717265
295.045445
232.933475
605.605295
698.773250
512.437340
1133.557040
2065.236590
2204.988523
2127.348560
2593.188336
2857.164208
2484.492388
1972.068635
1444.116890
124.237527
-1801.233544
-3338.504802
-4208.072382
-3913.040525
-2313.657296
-1164.585851
-885.081986
-590.050128
-760.858046
-1552.785664
-2065.209416
-1863.345514
-1972.041461
-2763.969079
-3136.640899
-2701.857109
-1925.457484
-667.690091
714.301242
1552.812838
1925.484658
1909.956665
1257.780980
683.245257
760.885220
760.885220
341.629422
170.821505
465.853362
605.605295
760.885220
1382.004920
1785.732725
1506.228860
1335.420943
993.805107
77.653550
-450.298196
-465.826188
-791.914031
-1397.505739
-1335.393769
-962.721948
-1164.585851
-1304.337784
-993.777933
-947.193956
-993.777933
-993.777933
-1211.169828
-1475.145701
-1692.537596
-2344.713281
-2950.304989
-2096.265401
-388.186226
217.405482
683.245257
2158.404545
2826.108223
1785.732725
993.805107
1164.613025
574.549310
-683.218083
-993.777933
-217.378308
605.605295
1055.917077
1490.700868
2080.764583
2593.188336
2189.460530
869.581167
139.765520
170.821505
-527.938158
-1677.009604
-1381.977746
-186.322323
-62.098383
-217.378308
667.717265
1537.284845
1273.308973
760.885220
683.245257
621.133287
372.685407
15.541579
-170.794331
77.653550
512.437340
667.717265
993.805107
1987.596628
2795.052238
2655.300306
2391.324433
2468.964395
2251.572500
1630.452800
1180.141017
621.133287
-760.858046
-2562.105177
-3711.176622
-3726.704614
-2499.993207
-947.193956
-201.850316
-326.074256
-931.665963
-1847.817521
-2919.249004
-3152.168892
-2499.993207
-2562.105177
-2981.360974
-2624.217147
-1568.313656
-450.298196
574.549310
1583.868823
2049.708598
1583.868823
636.661280
-124.210353
-295.018271
0.013587
186.349497
248.461467
683.245257
1180.141017
1366.476928
1645.980793
2142.876553
2158.404545
1413.060905
465.853362
-170.794331
-621.106113
-869.553993
-745.330053
-512.410166
-496.882173
-605.578121
-652.162098
-667.690091
-652.162098
-683.218083
-1024.833918
-1444.089716
-1692.537596
-1770.177559
-1739.121574
-1832.289529
-2003.097446
-1832.289529
-1149.057858
-155.266338
916.165145
2049.708598
2593.188336
1956.540643
760.885220
77.653550
-341.602248
-838.498008
-745.330053
108.709535
962.749122
1366.476928
1832.316703
2468.964395
2422.380418
1847.844695
916.165145
-139.738346
-916.137971
-1428.561724
-1661.481611
-1164.585851
-108.682361
590.077302
791.941205
1133.557040
1459.644883
1195.669010
605.605295
232.933475
-139.738346
-527.938158
-512.410166
-124.210353
263.989460
698.773250
1211.197002
1568.340830
1878.900680
2189.460530
2313.684470
2049.708598
1692.564770
1506.228860
1288.836965
1211.197002
1195.669010
605.605295
-496.882173
-1444.089716
-2282.601311
-2795.025064
-2298.129304
-1211.169828
-558.994143
-869.553993
-1506.201686
-2096.265401
-2841.609042
-2996.888967
-2748.441087
-2406.825251
-1816.761536
-1428.561724
-993.777933
-155.266338
683.245257
1040.389085
807.469197
295.045445
-155.266338
-574.522136
-807.442023
-232.906301
714.301242
1413.060905
1739.148748
1847.844695
1956.540643
1956.540643
1630.452800
1211.197002
838.525182
310.573437
-372.658233
-745.330053
-388.186226
93.181542
139.765520
77.653550
93.181542
-62.098383
-621.106113
-1226.697821
-1583.841649
-1832.289529
-1940.985476
-1878.873506
-1630.425626
-1444.089716
-1847.817521
-2080.737409
-1521.729679
-481.354181
465.853362
776.413212
916.165145
1024.861092
527.965332
124.237527
0.013587
-46.570391
-46.570391
-46.570391
621.133287
1568.340830
2003.124620
2204.988523
2111.820568
1692.564770
931.693137
62.125557
-543.466151
-993.777933
-1164.585851
-916.137971
-248.434293
574.549310
931.693137
1055.917077
1071.445070
822.997190
372.685407
-31.042398
-357.130241
-621.106113
-745.330053
-465.826188
31.069572
636.661280
1180.141017
1568.340830
1894.428673
1894.428673
1785.732725
1645.980793
1366.476928
1195.669010
1086.973062
1009.333100
1055.917077
1102.501055
1226.724995
1149.085032
279.517452
-1055.889903
-2236.017334
-2810.553057
-2655.273132
-1708.065589
-590.050128
-326.074256
-885.081986
-1832.289529
-2593.161162
-2608.689154
-2127.321386
-1583.841649
-1288.809791
-1180.113843
-1040.361911
-760.858046
-403.714218
124.237527
295.045445
-46.570391
-341.602248
-527.938158
-527.938158
-31.042398
776.413212
1475.172875
1677.036778
1490.700868
1366.476928
1086.973062
931.693137
993.805107
760.885220
310.573437
15.541579
-139.738346
-46.570391
295.045445
450.325370
295.045445
77.653550
-217.378308
-652.162098
-1086.945888
-1273.281799
-1319.865776
-1211.169828
-931.665963
-791.914031
-978.249941
-1133.529866
-1180.113843
-1211.169828
-947.193956
-201.850316
357.157415
388.213400
543.493325
916.165145
776.413212
155.293512
-77.626376
372.685407
791.941205
621.133287
465.853362
854.053175
1599.396815
1708.092763
1226.724995
978.277115
419.269385
-1164.585851
-2158.377371
-667.690091
1490.700868
1180.141017
-139.738346
372.685407
1413.060905
1118.029047
139.765520
-31.042398
263.989460
-403.714218
-1304.337784
-947.193956
77.653550
-419.242211
-1537.257671
-590.050128
1583.868823
2236.044508
1149.085032
279.517452
170.821505
-496.882173
-1552.785664
-1599.369641
-590.050128
248.461467
465.853362
621.133287
916.165145
947.221130
372.685407
-124.210353
-31.042398
108.709535
-217.378308
-434.770203
-93.154368
248.461467
279.517452
279.517452
263.989460
170.821505
77.653550
232.933475
403.741392
403.741392
372.685407
326.101430
326.101430
341.629422
93.181542
-357.130241
-636.634106
-683.218083
-574.522136
-357.130241
15.541579
310.573437
419.269385
326.101430
232.933475
31.069572
-419.242211
-854.026001
-1040.361911
-1009.305926
-854.026001
-698.746076
-481.354181
62.125557
621.133287
636.661280
217.405482
-155.266338
-465.826188
-962.721948
-1226.697821
-1040.361911
-652.162098
-419.242211
-232.906301
77.653550
326.101430
341.629422
93.181542
-108.682361
-201.850316
-341.602248
-450.298196
-357.130241
0.013587
155.293512
124.237527
201.877490
388.213400
341.629422
77.653550
0.013587
15.541579
-93.154368
-139.738346
-15.514406
124.237527
108.709535
62.125557
62.125557
124.237527
108.709535
0.013587
108.709535
357.157415
419.269385
295.045445
108.709535
93.181542
31.069572
-326.074256
-605.578121
-450.298196
-124.210353
124.237527
310.573437
496.909347
481.381355
170.821505
-139.738346
-155.266338
-77.626376
-248.434293
-496.882173
-512.410166
-139.738346
248.461467
326.101430
465.853362
652.189272
621.133287
403.741392
139.765520
124.237527
-46.570391
-403.714218
-434.770203
-62.098383
248.461467
217.405482
232.933475
590.077302
745.357227
481.381355
201.877490
77.653550
-93.154368
-419.242211
-434.770203
-93.154368
77.653550
-62.098383
-31.042398
388.213400
698.773250
667.717265
465.853362
295.045445
263.989460
201.877490
15.541579
-170.794331
-186.322323
-108.682361
-77.626376
62.125557
310.573437
403.741392
295.045445
155.293512
155.293512
263.989460
93.181542
-388.186226
-605.578121
-403.714218
-263.962286
-388.186226
-326.074256
-46.570391
-31.042398
-124.210353
-46.570391
93.181542
15.541579
-279.490278
-434.770203
-465.826188
-558.994143
-450.298196
-124.210353
62.125557
93.181542
93.181542
-46.570391
-232.906301
-279.490278
-248.434293
-310.546263
-419.242211
-357.130241
-155.266338
31.069572
93.181542
46.597565
-31.042398
0.013587
0.013587
-108.682361
-93.154368
-62.098383
-186.322323
-232.906301
-108.682361
31.069572
46.597565
170.821505
295.045445
170.821505
62.125557
93.181542
15.541579
31.069572
186.349497
217.405482
31.069572
-155.266338
-108.682361
77.653550
170.821505
248.461467
248.461467
232.933475
279.517452
248.461467
186.349497
186.349497
77.653550
-62.098383
-155.266338
93.181542
279.517452
170.821505
77.653550
46.597565
77.653550
232.933475
232.933475
-31.042398
-248.434293
-232.906301
-186.322323
-201.850316
-124.210353
93.181542
170.821505
155.293512
279.517452
326.101430
155.293512
0.013587
62.125557
31.069572
-155.266338
-186.322323
-46.570391
31.069572
31.069572
-15.514406
0.013587
186.349497
155.293512
46.597565
77.653550
-15.514406
-170.794331
-139.738346
-31.042398
-139.738346
-295.018271
-186.322323
46.597565
108.709535
62.125557
108.709535
31.069572
-186.322323
-263.962286
-155.266338
-46.570391
-62.098383
-62.098383
-15.514406
-15.514406
-124.210353
-186.322323
46.597565
201.877490
46.597565
-248.434293
-419.242211
-341.602248
-201.850316
-170.794331
-124.210353
-77.626376
-46.570391
0.013587
0.013587
31.069572
46.597565
-124.210353
-372.658233
-481.354181
-295.018271
-108.682361
-46.570391
62.125557
124.237527
15.541579
-108.682361
77.653550
248.461467
186.349497
0.013587
-155.266338
-93.154368
124.237527
170.821505
62.125557
31.069572
108.709535
-62.098383
-357.130241
-403.714218
-186.322323
465.853362
1102.501055
993.805107
310.573437
-357.130241
-512.410166
-170.794331
31.069572
-434.770203
-1257.753806
-1444.089716
-248.434293
1677.036778
2515.548373
1350.948935
-248.434293
-760.858046
-543.466151
-791.914031
-1754.649566
-2251.545326
-1133.529866
1195.669010
3183.252051
3291.947998
1739.148748
-217.378308
-1692.537596
-1940.985476
-1304.337784
-450.298196
543.493325
1754.676740
2608.716328
2422.380418
1304.364958
-124.210353
-1304.337784
-1583.841649
-1180.113843
-822.970016
-714.274068
-170.794331
1304.364958
2655.300306
2484.492388
652.189272
-1475.145701
-2298.129304
-1614.897634
-388.186226
295.045445
201.877490
93.181542
170.821505
559.021317
1397.532913
1335.420943
-186.322323
-1180.113843
-450.298196
-31.042398
-1102.473881
-1599.369641
-403.714218
885.109160
1180.141017
1226.724995
1024.861092
217.405482
-822.970016
-1614.897634
-1568.313656
-947.193956
-698.746076
-217.378308
1257.780980
1863.372688
559.021317
-993.777933
-1444.089716
-1444.089716
-1444.089716
-745.330053
279.517452
574.549310
124.237527
-186.322323
0.013587
93.181542
-170.794331
-310.546263
-248.434293
-434.770203
-388.186226
217.405482
232.933475
-652.162098
-1118.001873
-248.434293
1350.948935
2344.740455
1537.284845
-978.249941
-2795.025064
-1816.761536
559.021317
1242.252987
-46.570391
-745.330053
372.685407
1708.092763
1273.308973
-512.410166
-1350.921761
-838.498008
326.101430
1071.445070
186.349497
-1459.617709
-1568.313656
450.325370
2531.076366
2763.996253
822.997190
-1459.617709
-1863.345514
-760.858046
496.909347
869.581167
-326.074256
-1490.673694
217.405482
3711.203796
4254.683534
372.685407
-3462.728742
-2857.137034
1009.333100
3245.364021
1226.724995
-2313.657296
-2701.857109
512.437340
3928.595691
4192.571564
559.021317
-3493.784727
-3338.504802
636.661280
3291.947998
1288.836965
-2531.049192
-3136.640899
-15.514406
2965.860156
2577.660343
-93.154368
-1568.313656
-993.777933
-310.546263
-357.130241
-201.850316
201.877490
-201.850316
-729.802061
-263.962286
481.381355
310.573437
-263.962286
-372.658233
-279.490278
-341.602248
-667.690091
-1242.225814
-1459.617709
-745.330053
729.829235
1614.924808
1040.389085
-326.074256
-1257.753806
-1024.833918
-77.626376
372.685407
-77.626376
-527.938158
-155.266338
605.605295
574.549310
-279.490278
-838.498008
-434.770203
512.437340
869.581167
108.709535
-900.609978
-931.665963
15.541579
776.413212
605.605295
77.653550
-341.602248
-326.074256
124.237527
108.709535
-621.106113
-667.690091
838.525182
1863.372688
745.357227
-947.193956
-1413.033731
-652.162098
621.133287
1785.732725
1583.868823
-341.602248
-1878.873506
-1537.257671
201.877490
2142.876553
2282.628485
232.933475
-1770.177559
-1816.761536
-248.434293
1677.036778
2189.460530
419.269385
-1894.401499
-2267.073319
-527.938158
1506.228860
2142.876553
1133.557040
-450.298196
-1381.977746
-1273.281799
-62.098383
1413.060905
1568.340830
77.653550
-1630.425626
-1677.009604
93.181542
1739.148748
1677.036778
434.797377
-729.802061
-1102.473881
-590.050128
388.213400
1164.613025
916.165145
-263.962286
-822.970016
-434.770203
-263.962286
-729.802061
-558.994143
667.717265
1164.613025
263.989460
-590.050128
-729.802061
-512.410166
-279.490278
-217.378308
-201.850316
31.069572
62.125557
-434.770203
-869.553993
-683.218083
-295.018271
0.013587
341.629422
357.157415
-248.434293
-838.498008
-698.746076
-186.322323
-46.570391
-326.074256
-605.578121
-527.938158
0.013587
590.077302
807.469197
496.909347
-248.434293
-683.218083
-310.546263
403.741392
372.685407
-372.658233
-683.218083
-93.154368
760.885220
1195.669010
1024.861092
465.853362
0.013587
-279.490278
-403.714218
-388.186226
-388.186226
-357.130241
77.653550
838.525182
1180.141017
667.717265
-46.570391
15.541579
527.965332
621.133287
-46.570391
-822.970016
-885.081986
-295.018271
279.517452
512.437340
714.301242
1226.724995
1382.004920
512.437340
-745.330053
-1040.361911
-232.906301
434.797377
139.765520
-481.354181
-326.074256
496.909347
1382.004920
1708.092763
838.525182
-636.634106
-1304.337784
-527.938158
822.997190
1102.501055
-46.570391
-1071.417896
-434.770203
1428.588898
2298.156478
1040.389085
-931.665963
-1754.649566
-1273.281799
-217.378308
605.605295
916.165145
900.637152
527.965332
-93.154368
-527.938158
-263.962286
263.989460
15.541579
-621.106113
-916.137971
-760.858046
-279.490278
326.101430
512.437340
388.213400
341.629422
139.765520
-683.218083
-1552.785664
-1677.009604
-1195.641836
-450.298196
77.653550
15.541579
-465.826188
-543.466151
46.597565
326.101430
-108.682361
-714.274068
-993.777933
-916.137971
-931.665963
-962.721948
-512.410166
232.933475
621.133287
419.269385
77.653550
-124.210353
-279.490278
-155.266338
-77.626376
-388.186226
-776.386038
-605.578121
108.709535
667.717265
683.245257
357.157415
93.181542
263.989460
341.629422
31.069572
-201.850316
-62.098383
-186.322323
-465.826188
-139.738346
403.741392
621.133287
465.853362
326.101430
310.573437
326.101430
279.517452
-31.042398
-279.490278
-93.154368
155.293512
62.125557
15.541579
201.877490
326.101430
295.045445
357.157415
481.381355
574.549310
621.133287
450.325370
-31.042398
-496.882173
-543.466151
-295.018271
62.125557
450.325370
667.717265
636.661280
496.909347
559.021317
605.605295
326.101430
-186.322323
-403.714218
-46.570391
263.989460
326.101430
341.629422
403.741392
419.269385
372.685407
341.629422
170.821505
-15.514406
124.237527
434.797377
559.021317
372.685407
-62.098383
-512.410166
-605.578121
-372.658233
-62.098383
295.045445
854.053175
1180.141017
822.997190
-31.042398
-822.970016
-1164.585851
-1086.945888
-822.970016
-714.274068
-434.770203
124.237527
388.213400
232.933475
124.237527
-31.042398
-605.578121
-1133.529866
-1086.945888
-822.970016
-729.802061
-605.578121
-357.130241
31.069572
326.101430
155.293512
-248.434293
-434.770203
-388.186226
-263.962286
-341.602248
-527.938158
-574.522136
-341.602248
77.653550
170.821505
-31.042398
-155.266338
-108.682361
0.013587
139.765520
170.821505
77.653550
-93.154368
-217.378308
15.541579
310.573437
279.517452
93.181542
-124.210353
-170.794331
0.013587
62.125557
201.877490
527.965332
605.605295
403.741392
155.293512
-77.626376
-232.906301
-295.018271
-341.602248
-326.074256
-108.682361
341.629422
605.605295
652.189272
776.413212
636.661280
186.349497
-217.378308
-357.130241
-310.546263
-124.210353
-46.570391
31.069572
263.989460
481.381355
745.357227
931.693137
791.941205
326.101430
-139.738346
-263.962286
-155.266338
-77.626376
-77.626376
-155.266338
-77.626376
155.293512
559.021317
760.885220
605.605295
434.797377
450.325370
372.685407
-93.154368
-590.050128
-667.690091
-512.410166
-201.850316
248.461467
496.909347
636.661280
745.357227
714.301242
388.213400
-62.098383
-357.130241
-496.882173
-527.938158
-465.826188
-295.018271
-31.042398
31.069572
62.125557
201.877490
217.405482
15.541579
-201.850316
-217.378308
-279.490278
-527.938158
-760.858046
-885.081986
-838.498008
-652.162098
-248.434293
15.541579
-139.738346
-295.018271
-263.962286
-232.906301
-232.906301
-341.602248
-481.354181
-558.994143
-512.410166
-434.770203
-310.546263
-108.682361
108.709535
232.933475
201.877490
62.125557
62.125557
77.653550
-93.154368
-170.794331
-62.098383
-108.682361
-186.322323
-77.626376
93.181542
201.877490
310.573437
341.629422
326.101430
310.573437
310.573437
0.013587
-341.602248
-201.850316
15.541579
-15.514406
-31.042398
62.125557
186.349497
295.045445
481.381355
450.325370
217.405482
155.293512
93.181542
46.597565
46.597565
0.013587
-77.626376
-108.682361
31.069572
248.461467
496.909347
652.189272
636.661280
605.605295
543.493325
217.405482
-155.266338
-295.018271
-326.074256
-217.378308
-15.514406
279.517452
496.909347
605.605295
652.189272
496.909347
217.405482
-93.154368
-279.490278
-248.434293
-139.738346
-139.738346
-139.738346
46.597565
232.933475
295.045445
326.101430
310.573437
155.293512
-15.514406
-77.626376
0.013587
-31.042398
-46.570391
-46.570391
-31.042398
-155.266338
-279.490278
-124.210353
46.597565
155.293512
139.765520
0.013587
-31.042398
-124.210353
-232.906301
-357.130241
-512.410166
-605.578121
-543.466151
-434.770203
-310.546263
-124.210353
0.013587
31.069572
-93.154368
-357.130241
-605.578121
-698.746076
-729.802061
-652.162098
-434.770203
-263.962286
-93.154368
77.653550
124.237527
31.069572
-124.210353
-232.906301
-295.018271
-217.378308
-155.266338
-201.850316
-232.906301
-155.266338
31.069572
217.405482
232.933475
93.181542
93.181542
155.293512
15.541579
-217.378308
-186.322323
-15.514406
108.709535
170.821505
124.237527
62.125557
-77.626376
-108.682361
15.541579
155.293512
201.877490
201.877490
217.405482
295.045445
232.933475
139.765520
77.653550
124.237527
155.293512
15.541579
-15.514406
170.821505
419.269385
574.549310
559.021317
465.853362
232.933475
62.125557
77.653550
77.653550
186.349497
263.989460
232.933475
279.517452
341.629422
341.629422
403.741392
357.157415
93.181542
-46.570391
62.125557
108.709535
108.709535
62.125557
-93.154368
-31.042398
155.293512
295.045445
263.989460
139.765520
108.709535
77.653550
46.597565
124.237527
170.821505
15.541579
-108.682361
-15.514406
62.125557
62.125557
46.597565
31.069572
62.125557
77.653550
15.541579
-77.626376
-108.682361
-170.794331
-295.018271
-388.186226
-341.602248
-232.906301
-217.378308
-124.210353
62.125557
46.597565
-139.738346
-279.490278
-372.658233
-341.602248
-295.018271
-357.130241
-512.410166
-496.882173
-263.962286
-108.682361
15.541579
31.069572
-139.738346
-326.074256
-295.018271
-217.378308
-279.490278
-341.602248
-232.906301
-155.266338
-201.850316
-217.378308
-77.626376
-31.042398
-31.042398
-62.098383
-77.626376
-93.154368
-124.210353
-77.626376
-108.682361
-232.906301
-248.434293
-124.210353
-46.570391
-46.570391
31.069572
108.709535
93.181542
77.653550
108.709535
155.293512
62.125557
-31.042398
-62.098383
62.125557
248.461467
295.045445
248.461467
201.877490
155.293512
77.653550
31.069572
77.653550
139.765520
186.349497
263.989460
326.101430
326.101430
341.629422
326.101430
217.405482
31.069572
-31.042398
0.013587
93.181542
217.405482
279.517452
326.101430
279.517452
263.989460
341.629422
217.405482
0.013587
-124.210353
-77.626376
62.125557
124.237527
186.349497
170.821505
124.237527
155.293512
124.237527
31.069572
-15.514406
0.013587
46.597565
62.125557
77.653550
46.597565
62.125557
108.709535
62.125557
-31.042398
-108.682361
0.013587
139.765520
46.597565
-93.154368
-139.738346
-124.210353
-124.210353
-108.682361
-170.794331
-326.074256
-279.490278
-124.210353
-15.514406
-15.514406
-62.098383
-62.098383
-170.794331
-217.378308
-248.434293
-279.490278
-295.018271
-310.546263
-186.322323
-31.042398
62.125557
46.597565
-108.682361
-155.266338
-186.322323
-217.378308
-232.906301
-263.962286
-155.266338
0.013587
15.541579
-77.626376
-77.626376
0.013587
46.597565
-93.154368
-232.906301
-139.738346
62.125557
77.653550
77.653550
-15.514406
-93.154368
-93.154368
-46.570391
-15.514406
15.541579
-46.570391
-201.850316
-77.626376
155.293512
217.405482
170.821505
139.765520
108.709535
-31.042398
-108.682361
-62.098383
77.653550
139.765520
139.765520
93.181542
201.877490
310.573437
186.349497
62.125557
15.541579
77.653550
124.237527
124.237527
77.653550
46.597565
62.125557
108.709535
217.405482
279.517452
186.349497
139.765520
155.293512
155.293512
170.821505
108.709535
31.069572
31.069572
62.125557
77.653550
62.125557
108.709535
77.653550
108.709535
170.821505
62.125557
-31.042398
0.013587
77.653550
31.069572
-77.626376
-77.626376
-46.570391
-46.570391
-46.570391
15.541579
77.653550
62.125557
62.125557
77.653550
46.597565
-46.570391
-108.682361
-139.738346
-186.322323
-170.794331
-170.794331
-186.322323
-108.682361
15.541579
62.125557
-15.514406
-124.210353
-155.266338
-186.322323
-170.794331
-77.626376
-124.210353
-217.378308
-263.962286
-232.906301
-155.266338
-93.154368
-62.098383
-46.570391
-108.682361
-124.210353
-139.738346
-186.322323
-201.850316
-186.322323
-201.850316
-155.266338
-62.098383
-15.514406
77.653550
77.653550
62.125557
31.069572
-31.042398
15.541579
-31.042398
-139.738346
-155.266338
-62.098383
46.597565
124.237527
108.709535
46.597565
31.069572
31.069572
139.765520
170.821505
170.821505
93.181542
0.013587
0.013587
-93.154368
-124.210353
-62.098383
31.069572
155.293512
186.349497
217.405482
155.293512
139.765520
186.349497
124.237527
77.653550
0.013587
-15.514406
-15.514406
0.013587
15.541579
139.765520
201.877490
170.821505
263.989460
232.933475
93.181542
-15.514406
15.541579
62.125557
0.013587
-62.098383
0.013587
139.765520
232.933475
217.405482
170.821505
170.821505
62.125557
-62.098383
-93.154368
-93.154368
-77.626376
-108.682361
-77.626376
-31.042398
-31.042398
77.653550
108.709535
62.125557
46.597565
-62.098383
-139.738346
-217.378308
-139.738346
31.069572
-46.570391
-77.626376
-46.570391
15.541579
77.653550
-31.042398
-62.098383
-124.210353
-217.378308
-155.266338
-62.098383
0.013587
-15.514406
0.013587
