73.913496
-24.609096
-49.239744
49.282848
24.652200
-24.609096
-73.870392
-73.870392
49.282848
0.021552
24.652200
147.805440
49.282848
-73.870392
-49.239744
123.174792
123.174792
-98.501040
-73.870392
49.282848
49.282848
24.652200
0.021552
0.021552
49.282848
0.021552
0.021552
0.021552
-49.239744
0.021552
24.652200
123.174792
98.544144
-49.239744
-24.609096
0.021552
0.021552
0.021552
-49.239744
-123.131688
-73.870392
49.282848
73.913496
24.652200
-98.501040
-197.023632
24.652200
98.544144
-24.609096
-123.131688
-49.239744
-24.609096
-49.239744
-24.609096
0.021552
-73.870392
-49.239744
73.913496
98.544144
0.021552
-24.609096
-49.239744
-49.239744
24.652200
24.652200
-98.501040
-123.131688
0.021552
49.282848
-73.870392
0.021552
49.282848
24.652200
0.021552
-49.239744
49.282848
98.544144
0.021552
-49.239744
-73.870392
0.021552
-49.239744
-73.870392
172.436088
73.913496
-49.239744
24.652200
73.913496
73.913496
0.021552
73.913496
172.436088
73.913496
-123.131688
-172.392984
24.652200
73.913496
24.652200
24.652200
24.652200
73.913496
-24.609096
49.282848
147.805440
24.652200
-123.131688
-98.501040
73.913496
0.021552
-172.392984
-246.284929
-49.239744
98.544144
24.652200
123.174792
73.913496
-24.609096
-123.131688
-123.131688
98.544144
221.697384
-49.239744
-246.284929
24.652200
147.805440
0.021552
-24.609096
-73.870392
-24.609096
73.913496
-24.609096
-49.239744
98.544144
0.021552
-246.284929
-123.131688
172.436088
147.805440
73.913496
49.282848
-24.609096
-73.870392
0.021552
49.282848
24.652200
98.544144
49.282848
-98.501040
123.174792
197.066736
-49.239744
-73.870392
98.544144
0.021552
-73.870392
73.913496
73.913496
-123.131688
-123.131688
73.913496
98.544144
-123.131688
-24.609096
123.174792
98.544144
98.544144
-24.609096
-172.392984
-197.023632
0.021552
49.282848
-24.609096
73.913496
147.805440
73.913496
-49.239744
-123.131688
-172.392984
0.021552
123.174792
-24.609096
-49.239744
49.282848
123.174792
73.913496
-123.131688
-98.501040
123.174792
98.544144
-49.239744
-147.762336
-73.870392
49.282848
24.652200
49.282848
147.805440
-49.239744
-73.870392
24.652200
-98.501040
-73.870392
49.282848
147.805440
73.913496
-123.131688
-221.654281
-73.870392
24.652200
0.021552
24.652200
172.436088
246.328032
147.805440
-123.131688
-123.131688
73.913496
-123.131688
-172.392984
147.805440
147.805440
-98.501040
0.021552
98.544144
123.174792
123.174792
-123.131688
-197.023632
24.652200
123.174792
-24.609096
-24.609096
73.913496
-98.501040
-49.239744
147.805440
73.913496
-73.870392
-123.131688
-24.609096
98.544144
-24.609096
-221.654281
-172.392984
49.282848
172.436088
246.328032
123.174792
-123.131688
-147.762336
-147.762336
-123.131688
-24.609096
-73.870392
-123.131688
0.021552
98.544144
98.544144
197.066736
49.282848
-295.546225
-147.762336
172.436088
172.436088
197.066736
49.282848
-295.546225
-197.023632
98.544144
197.066736
98.544144
24.652200
-24.609096
-147.762336
-123.131688
73.913496
172.436088
0.021552
-98.501040
49.282848
197.066736
24.652200
-147.762336
-147.762336
24.652200
49.282848
49.282848
73.913496
0.021552
-123.131688
-73.870392
73.913496
98.544144
-49.239744
-123.131688
-73.870392
0.021552
0.021552
-24.609096
0.021552
123.174792
172.436088
0.021552
-73.870392
-98.501040
-197.023632
0.021552
270.958680
98.544144
-172.392984
-98.501040
-24.609096
-24.609096
73.913496
-49.239744
-197.023632
0.021552
49.282848
-147.762336
-73.870392
197.066736
147.805440
-73.870392
-73.870392
-24.609096
-49.239744
-73.870392
-24.609096
98.544144
172.436088
147.805440
-24.609096
-172.392984
-123.131688
-49.239744
49.282848
123.174792
73.913496
98.544144
172.436088
-73.870392
-320.176873
-73.870392
197.066736
172.436088
-49.239744
-98.501040
-24.609096
24.652200
147.805440
172.436088
24.652200
-221.654281
-270.915577
24.652200
295.589328
49.282848
-344.807521
-221.654281
197.066736
246.328032
147.805440
-123.131688
-197.023632
0.021552
73.913496
123.174792
123.174792
-147.762336
-369.438169
-123.131688
221.697384
221.697384
49.282848
-73.870392
0.021552
49.282848
0.021552
-49.239744
-123.131688
-24.609096
98.544144
320.219976
246.328032
-172.392984
-418.699465
-221.654281
98.544144
320.219976
221.697384
-123.131688
-98.501040
98.544144
49.282848
-24.609096
-172.392984
-270.915577
-123.131688
221.697384
369.481272
147.805440
-197.023632
-344.807521
-147.762336
147.805440
270.958680
24.652200
-246.284929
-197.023632
197.066736
320.219976
-73.870392
-246.284929
-73.870392
73.913496
73.913496
-73.870392
-147.762336
123.174792
246.328032
123.174792
-49.239744
-147.762336
-123.131688
24.652200
123.174792
0.021552
-147.762336
-221.654281
-24.609096
270.958680
147.805440
-98.501040
-197.023632
-24.609096
123.174792
24.652200
49.282848
24.652200
-49.239744
-123.131688
-172.392984
-73.870392
197.066736
24.652200
-221.654281
49.282848
197.066736
-73.870392
-320.176873
-73.870392
320.219976
344.850624
98.544144
-172.392984
-270.915577
-123.131688
49.282848
246.328032
49.282848
-443.330113
-394.068817
295.589328
615.787753
24.652200
-443.330113
-246.284929
49.282848
98.544144
197.066736
-24.609096
-320.176873
-98.501040
172.436088
197.066736
123.174792
-73.870392
-295.546225
-172.392984
418.742568
418.742568
-246.284929
-467.960761
-172.392984
-73.870392
197.066736
541.895809
147.805440
-418.699465
-197.023632
24.652200
98.544144
73.913496
-123.131688
-197.023632
73.913496
541.895809
320.219976
-221.654281
-443.330113
-344.807521
49.282848
369.481272
246.328032
-221.654281
-320.176873
49.282848
197.066736
123.174792
147.805440
-49.239744
-221.654281
-123.131688
98.544144
172.436088
98.544144
-147.762336
-197.023632
197.066736
197.066736
-270.915577
-418.699465
-197.023632
221.697384
443.373217
270.958680
-123.131688
-418.699465
-295.546225
123.174792
468.003865
270.958680
-246.284929
-394.068817
-49.239744
295.589328
123.174792
-246.284929
-147.762336
98.544144
246.328032
172.436088
-123.131688
-246.284929
-172.392984
-24.609096
320.219976
492.634513
123.174792
-369.438169
-517.222057
-49.239744
270.958680
73.913496
-24.609096
-73.870392
-24.609096
98.544144
98.544144
270.958680
24.652200
-320.176873
-98.501040
147.805440
-24.609096
-123.131688
-49.239744
-73.870392
73.913496
295.589328
221.697384
-147.762336
-344.807521
-98.501040
98.544144
73.913496
49.282848
49.282848
73.913496
73.913496
24.652200
0.021552
-98.501040
-270.915577
-270.915577
24.652200
295.589328
147.805440
-98.501040
-147.762336
49.282848
98.544144
-49.239744
-49.239744
24.652200
49.282848
-147.762336
-49.239744
221.697384
24.652200
-295.546225
-246.284929
49.282848
270.958680
270.958680
123.174792
-295.546225
-394.068817
-98.501040
147.805440
320.219976
246.328032
-270.915577
-344.807521
98.544144
394.111920
98.544144
-344.807521
-344.807521
73.913496
689.679697
443.373217
-517.222057
-911.312426
-270.915577
541.895809
344.850624
-73.870392
-172.392984
-172.392984
24.652200
295.589328
221.697384
-172.392984
-394.068817
-24.609096
468.003865
418.742568
-73.870392
-443.330113
-197.023632
221.697384
295.589328
98.544144
-172.392984
-369.438169
-221.654281
369.481272
418.742568
-270.915577
-394.068817
0.021552
221.697384
443.373217
394.111920
-172.392984
-517.222057
-270.915577
246.328032
270.958680
-73.870392
-246.284929
-98.501040
221.697384
443.373217
221.697384
-541.852705
-665.005945
-221.654281
443.373217
960.616825
197.066736
-1157.618906
-960.573722
492.634513
812.832937
270.958680
24.652200
-221.654281
-270.915577
0.021552
123.174792
-49.239744
-246.284929
-172.392984
443.373217
862.094233
295.589328
-714.267241
-911.312426
-147.762336
566.526457
492.634513
73.913496
-73.870392
123.174792
73.913496
-246.284929
-541.852705
-147.762336
394.111920
320.219976
123.174792
24.652200
-123.131688
-221.654281
-123.131688
172.436088
221.697384
-172.392984
-394.068817
147.805440
615.787753
-24.609096
-591.114001
-123.131688
197.066736
-24.609096
98.544144
221.697384
-49.239744
-295.546225
-246.284929
24.652200
147.805440
-147.762336
-147.762336
221.697384
246.328032
-49.239744
-197.023632
73.913496
147.805440
-467.960761
-418.699465
221.697384
468.003865
172.436088
-123.131688
-295.546225
-295.546225
221.697384
468.003865
98.544144
-197.023632
-320.176873
-197.023632
270.958680
468.003865
-172.392984
-665.005945
-98.501040
591.157105
468.003865
-270.915577
-591.114001
-197.023632
394.111920
295.589328
-246.284929
-147.762336
197.066736
-98.501040
-443.330113
24.652200
443.373217
147.805440
-147.762336
0.021552
197.066736
0.021552
-73.870392
-49.239744
-197.023632
24.652200
147.805440
49.282848
270.958680
98.544144
-221.654281
-98.501040
73.913496
-73.870392
-24.609096
295.589328
98.544144
-221.654281
147.805440
123.174792
-295.546225
-246.284929
49.282848
221.697384
270.958680
123.174792
-123.131688
-295.546225
-467.960761
24.652200
517.265161
49.282848
-295.546225
246.328032
418.742568
-98.501040
-418.699465
-147.762336
320.219976
320.219976
-221.654281
-320.176873
172.436088
295.589328
0.021552
-295.546225
-517.222057
-197.023632
640.418401
788.202289
221.697384
-418.699465
-640.375297
-123.131688
246.328032
-197.023632
-394.068817
73.913496
591.157105
394.111920
24.652200
-344.807521
-492.591409
49.282848
295.589328
-147.762336
-344.807521
221.697384
541.895809
-49.239744
-517.222057
-270.915577
172.436088
197.066736
-98.501040
24.652200
221.697384
-369.438169
-591.114001
246.328032
566.526457
-24.609096
-492.591409
49.282848
615.787753
-49.239744
-344.807521
98.544144
98.544144
-197.023632
49.282848
394.111920
24.652200
-418.699465
-197.023632
123.174792
221.697384
123.174792
-123.131688
-98.501040
-24.609096
-73.870392
73.913496
221.697384
-98.501040
-270.915577
24.652200
369.481272
246.328032
-197.023632
-197.023632
98.544144
0.021552
123.174792
270.958680
-394.068817
-591.114001
369.481272
615.787753
-246.284929
-369.438169
73.913496
-123.131688
49.282848
517.265161
-24.609096
-492.591409
-98.501040
320.219976
320.219976
-98.501040
-566.483353
-394.068817
443.373217
615.787753
-123.131688
-394.068817
-221.654281
-172.392984
147.805440
443.373217
246.328032
-246.284929
-147.762336
295.589328
24.652200
-369.438169
-320.176873
24.652200
344.850624
270.958680
-147.762336
-123.131688
295.589328
49.282848
-467.960761
-246.284929
221.697384
221.697384
24.652200
-24.609096
-246.284929
-49.239744
418.742568
270.958680
24.652200
-246.284929
-541.852705
-221.654281
541.895809
320.219976
-344.807521
-73.870392
246.328032
24.652200
-197.023632
-270.915577
-197.023632
221.697384
591.157105
418.742568
-418.699465
-985.204370
-418.699465
862.094233
1108.400714
-492.591409
-1502.447979
-394.068817
1083.770066
960.616825
-320.176873
-615.744649
-98.501040
73.913496
49.282848
172.436088
49.282848
-541.852705
-270.915577
886.724881
985.247473
-467.960761
-1256.141498
-418.699465
591.157105
418.742568
-295.546225
123.174792
738.940993
49.282848
-615.744649
-123.131688
172.436088
-73.870392
-221.654281
-49.239744
197.066736
295.589328
246.328032
-147.762336
-295.546225
98.544144
-246.284929
-467.960761
468.003865
886.724881
24.652200
-591.114001
-221.654281
295.589328
320.219976
-147.762336
-418.699465
-49.239744
492.634513
172.436088
-172.392984
320.219976
49.282848
-689.636593
-344.807521
615.787753
418.742568
-270.915577
-123.131688
123.174792
-221.654281
-246.284929
394.111920
615.787753
-344.807521
-886.681778
-24.609096
763.571641
172.436088
-1034.465666
-689.636593
714.310345
837.463585
49.282848
-295.546225
-394.068817
-270.915577
394.111920
591.157105
-418.699465
-862.051130
-24.609096
640.418401
517.265161
-123.131688
-295.546225
246.328032
418.742568
-640.375297
-788.159185
320.219976
246.328032
-98.501040
591.157105
812.832937
98.544144
-689.636593
-1354.664090
-665.005945
1083.770066
960.616825
-443.330113
-541.852705
541.895809
1059.139417
320.219976
-1083.726962
-1650.231867
-270.915577
1256.184602
862.094233
221.697384
394.111920
-344.807521
-1256.141498
-394.068817
665.049049
320.219976
-443.330113
-246.284929
812.832937
788.202289
-788.159185
-1182.249554
541.895809
1305.445898
-270.915577
-1403.925386
-172.392984
960.616825
443.373217
-49.239744
0.021552
-98.501040
-320.176873
73.913496
541.895809
-172.392984
-689.636593
49.282848
615.787753
-123.131688
-640.375297
98.544144
788.202289
147.805440
-665.005945
147.805440
985.247473
-394.068817
-1871.907699
-517.222057
1724.166915
1231.553954
-837.420481
-862.051130
935.986177
1133.031362
-911.312426
-1822.646403
221.697384
1527.121730
0.021552
-1330.033442
-492.591409
1108.400714
1527.121730
147.805440
-1182.249554
-763.528537
197.066736
-123.131688
-492.591409
344.850624
812.832937
369.481272
468.003865
344.850624
-1009.835018
-1674.862515
-394.068817
1280.815250
1009.878121
-492.591409
-443.330113
812.832937
492.634513
-837.420481
-837.420481
270.958680
443.373217
-147.762336
-344.807521
98.544144
689.679697
492.634513
246.328032
0.021552
-1083.726962
-1453.186682
98.544144
1428.599138
615.787753
-369.438169
172.436088
221.697384
-615.744649
-566.483353
197.066736
295.589328
-147.762336
-467.960761
-270.915577
911.355529
1157.662010
-443.330113
-1059.096314
172.436088
689.679697
-295.546225
-566.483353
-49.239744
73.913496
369.481272
492.634513
49.282848
-197.023632
-221.654281
-394.068817
-295.546225
172.436088
295.589328
98.544144
197.066736
197.066736
-344.807521
-344.807521
295.589328
49.282848
-147.762336
394.111920
73.913496
-738.897889
-295.546225
640.418401
147.805440
-197.023632
566.526457
369.481272
-443.330113
-517.222057
-295.546225
-49.239744
320.219976
320.219976
0.021552
147.805440
98.544144
-394.068817
-221.654281
172.436088
24.652200
24.652200
197.066736
-197.023632
-344.807521
344.850624
369.481272
-492.591409
-394.068817
492.634513
689.679697
-98.501040
-788.159185
-246.284929
541.895809
221.697384
-221.654281
-24.609096
-320.176873
-320.176873
960.616825
1034.508769
-394.068817
-837.420481
-467.960761
-369.438169
73.913496
738.940993
369.481272
-246.284929
-49.239744
-49.239744
221.697384
788.202289
-123.131688
-1477.817330
-566.483353
1133.031362
763.571641
-911.312426
-763.528537
886.724881
862.094233
-246.284929
-443.330113
-172.392984
-24.609096
-98.501040
-123.131688
172.436088
98.544144
-369.438169
-147.762336
862.094233
763.571641
-591.114001
-788.159185
270.958680
98.544144
-640.375297
73.913496
862.094233
0.021552
-862.051130
49.282848
1182.292658
591.157105
-788.159185
-1477.817330
-566.483353
862.094233
615.787753
-73.870392
615.787753
788.202289
-640.375297
-1453.186682
-221.654281
1108.400714
591.157105
-714.267241
-1009.835018
566.526457
1280.815250
-147.762336
-541.852705
517.265161
541.895809
-1009.835018
-1132.988258
394.111920
689.679697
-98.501040
-369.438169
394.111920
985.247473
221.697384
-344.807521
123.174792
-566.483353
-1650.231867
-270.915577
1206.923306
246.328032
-197.023632
1083.770066
1182.292658
-517.222057
-1453.186682
-665.005945
295.589328
49.282848
-862.051130
-24.609096
1428.599138
492.634513
-837.420481
24.652200
935.986177
197.066736
-837.420481
-738.897889
-172.392984
-270.915577
-24.609096
1108.400714
1256.184602
-98.501040
-738.897889
-98.501040
73.913496
-443.330113
-960.573722
-394.068817
1182.292658
1403.968490
-98.501040
-1009.835018
-862.051130
-467.960761
566.526457
1108.400714
0.021552
-886.681778
-221.654281
320.219976
-147.762336
-270.915577
24.652200
197.066736
394.111920
517.265161
566.526457
-517.222057
-2044.322235
-541.852705
2093.626635
862.094233
-1551.709275
-492.591409
1009.878121
123.174792
-246.284929
443.373217
394.111920
-344.807521
-1428.556034
-665.005945
1403.968490
812.832937
-1206.880202
-394.068817
1551.752378
665.049049
-1157.618906
-394.068817
615.787753
-517.222057
-1379.294738
-394.068817
886.724881
1354.707194
1206.923306
369.481272
-1206.880202
-1551.709275
-49.239744
812.832937
443.373217
-221.654281
-1034.465666
-320.176873
1403.968490
985.247473
-394.068817
-344.807521
-73.870392
-443.330113
-123.131688
221.697384
-98.501040
98.544144
24.652200
-369.438169
295.589328
812.832937
197.066736
-665.005945
-640.375297
98.544144
640.418401
98.544144
-541.852705
73.913496
418.742568
-295.546225
-246.284929
665.049049
443.373217
-394.068817
-320.176873
-24.609096
-172.392984
-443.330113
-344.807521
615.787753
1231.553954
344.850624
-837.420481
-467.960761
344.850624
-344.807521
-738.897889
468.003865
738.940993
-320.176873
-24.609096
763.571641
73.913496
-788.159185
-517.222057
172.436088
443.373217
172.436088
-517.222057
-615.744649
468.003865
492.634513
147.805440
763.571641
221.697384
-1206.880202
-1231.510850
49.282848
935.986177
418.742568
-517.222057
-394.068817
862.094233
1428.599138
-73.870392
-1748.754459
-935.943074
763.571641
344.850624
-566.483353
418.742568
1305.445898
-467.960761
-1699.493163
147.805440
1527.121730
566.526457
-985.204370
-1403.925386
98.544144
985.247473
-270.915577
-344.807521
1182.292658
738.940993
-1206.880202
-714.267241
1009.878121
221.697384
-1231.510850
-812.789833
615.787753
886.724881
24.652200
-246.284929
665.049049
615.787753
-911.312426
-911.312426
320.219976
24.652200
-615.744649
-49.239744
1133.031362
886.724881
-935.943074
-1280.772146
689.679697
1551.752378
0.021552
-1083.726962
-788.159185
-246.284929
-246.284929
0.021552
1157.662010
1428.599138
-295.546225
-1231.510850
-24.609096
591.157105
-418.699465
-1256.141498
-738.897889
935.986177
2068.995987
788.202289
-1305.402794
-1182.249554
197.066736
640.418401
246.328032
-517.222057
-911.312426
-172.392984
640.418401
98.544144
-418.699465
147.805440
911.355529
935.986177
295.589328
-911.312426
-1625.601219
-566.483353
492.634513
517.265161
468.003865
615.787753
566.526457
-98.501040
-615.744649
-591.114001
-665.005945
-246.284929
862.094233
1083.770066
-320.176873
-1379.294738
-665.005945
1379.337842
1945.842747
-591.114001
-2118.214179
-221.654281
1428.599138
418.742568
-1108.357610
-1280.772146
-98.501040
1576.383026
1477.860434
-147.762336
-123.131688
-197.023632
-1945.799643
-1453.186682
1330.076546
1502.491082
-24.609096
24.652200
98.544144
320.219976
1059.139417
-467.960761
-2339.890012
-763.528537
1157.662010
689.679697
394.111920
517.265161
-443.330113
-221.654281
1059.139417
320.219976
-738.897889
-1009.835018
-1354.664090
-467.960761
1256.184602
1625.644322
1108.400714
295.589328
-1280.772146
-1354.664090
98.544144
147.805440
-517.222057
-320.176873
862.094233
1601.013674
615.787753
-935.943074
-911.312426
-98.501040
-221.654281
-172.392984
123.174792
-467.960761
-443.330113
763.571641
1527.121730
862.094233
-640.375297
-1403.925386
-591.114001
172.436088
-566.483353
-344.807521
812.832937
541.895809
492.634513
1182.292658
221.697384
-1551.709275
-1527.078627
0.021552
788.202289
0.021552
-467.960761
566.526457
1231.553954
295.589328
-689.636593
-270.915577
49.282848
-566.483353
-566.483353
-197.023632
123.174792
738.940993
788.202289
172.436088
-369.438169
-738.897889
-197.023632
541.895809
98.544144
-640.375297
-369.438169
221.697384
73.913496
615.787753
1379.337842
-123.131688
-1871.907699
-985.204370
517.265161
468.003865
-73.870392
-147.762336
665.049049
1083.770066
-320.176873
-1600.970571
-714.267241
591.157105
443.373217
221.697384
295.589328
-73.870392
-418.699465
-492.591409
172.436088
1009.878121
246.328032
-714.267241
221.697384
566.526457
-985.204370
-1083.726962
517.265161
935.986177
-24.609096
197.066736
1231.553954
566.526457
-1453.186682
-1847.277051
98.544144
1403.968490
246.328032
-1280.772146
-443.330113
1724.166915
911.355529
-1305.402794
-344.807521
1379.337842
73.913496
-1453.186682
-738.897889
-73.870392
221.697384
615.787753
246.328032
517.265161
1108.400714
-492.591409
-1650.231867
73.913496
1231.553954
-197.023632
-1280.772146
-344.807521
320.219976
295.589328
443.373217
812.832937
788.202289
-394.068817
-1527.078627
-1034.465666
812.832937
320.219976
-1059.096314
862.094233
2192.149227
-24.609096
-2044.322235
-1034.465666
640.418401
812.832937
197.066736
-566.483353
-221.654281
468.003865
-492.591409
-443.330113
1601.013674
1034.508769
-1477.817330
-788.159185
911.355529
-197.023632
-1231.510850
-172.392984
812.832937
221.697384
-172.392984
862.094233
1354.707194
-98.501040
-1847.277051
-1724.123811
123.174792
1551.752378
418.742568
-1256.141498
98.544144
1576.383026
344.850624
-862.051130
-394.068817
0.021552
197.066736
541.895809
-221.654281
-1280.772146
-394.068817
640.418401
492.634513
1034.508769
1182.292658
-640.375297
-1748.754459
0.021552
1034.508769
-837.420481
-1280.772146
788.202289
1403.968490
443.373217
-98.501040
-935.943074
-1059.096314
418.742568
665.049049
-197.023632
-73.870392
-49.239744
-640.375297
394.111920
1527.121730
197.066736
-1280.772146
-1059.096314
-295.546225
886.724881
1280.815250
-147.762336
-1009.835018
-172.392984
468.003865
418.742568
468.003865
-197.023632
-1600.970571
-1157.618906
886.724881
1601.013674
640.418401
-270.915577
-665.005945
-566.483353
517.265161
960.616825
-591.114001
-2265.998068
-960.573722
2413.825060
2832.546076
-172.392984
-2389.151308
-1379.294738
1133.031362
1576.383026
-369.438169
-812.789833
123.174792
-689.636593
-812.789833
1330.076546
1896.581451
-344.807521
-1650.231867
-738.897889
320.219976
788.202289
541.895809
24.652200
-714.267241
-935.943074
468.003865
1403.968490
49.282848
-960.573722
-221.654281
-418.699465
-615.744649
1108.400714
1502.491082
24.652200
-591.114001
-541.852705
24.652200
591.157105
-665.005945
-1527.078627
197.066736
1403.968490
689.679697
270.958680
270.958680
-714.267241
-1256.141498
-295.546225
492.634513
468.003865
246.328032
147.805440
-320.176873
-665.005945
-73.870392
911.355529
615.787753
-221.654281
-344.807521
-541.852705
-517.222057
0.021552
714.310345
1059.139417
270.958680
-738.897889
-1009.835018
-763.528537
-147.762336
812.832937
1551.752378
1182.292658
-541.852705
-2093.583531
-1379.294738
911.355529
1724.166915
246.328032
-1059.096314
-246.284929
394.111920
-418.699465
-320.176873
862.094233
812.832937
-517.222057
-1083.726962
-73.870392
960.616825
344.850624
-812.789833
-763.528537
344.850624
1009.878121
0.021552
-1083.726962
24.652200
1034.508769
-221.654281
-591.114001
788.202289
197.066736
-1280.772146
-591.114001
837.463585
1083.770066
369.481272
-763.528537
-1206.880202
172.436088
911.355529
-197.023632
-24.609096
812.832937
-418.699465
-1108.357610
492.634513
689.679697
-689.636593
-541.852705
517.265161
911.355529
394.111920
-295.546225
-788.159185
-591.114001
98.544144
344.850624
344.850624
49.282848
-689.636593
-418.699465
1108.400714
1453.229786
-517.222057
-1724.123811
-369.438169
665.049049
-24.609096
-98.501040
468.003865
98.544144
-123.131688
49.282848
-246.284929
-147.762336
147.805440
-24.609096
98.544144
591.157105
-73.870392
-1059.096314
-221.654281
862.094233
418.742568
-221.654281
49.282848
320.219976
-172.392984
-689.636593
-246.284929
541.895809
418.742568
-73.870392
98.544144
0.021552
-344.807521
-418.699465
-541.852705
24.652200
812.832937
-197.023632
-960.573722
738.940993
1551.752378
24.652200
-714.267241
-714.267241
-1231.510850
-443.330113
1157.662010
1083.770066
-49.239744
-886.681778
-812.789833
837.463585
1995.104043
197.066736
-1822.646403
-1157.618906
221.697384
517.265161
591.157105
591.157105
24.652200
-985.204370
-689.636593
1133.031362
1330.076546
-665.005945
-1034.465666
172.436088
-123.131688
-492.591409
566.526457
812.832937
0.021552
-172.392984
-369.438169
-270.915577
566.526457
246.328032
-369.438169
123.174792
-197.023632
-615.744649
270.958680
935.986177
615.787753
-344.807521
-1182.249554
-492.591409
295.589328
147.805440
862.094233
1009.878121
-788.159185
-1256.141498
-24.609096
492.634513
689.679697
24.652200
-1773.385107
-763.528537
2192.149227
1477.860434
-1182.249554
-1034.465666
492.634513
591.157105
-344.807521
-1108.357610
-665.005945
935.986177
1601.013674
197.066736
-615.744649
-172.392984
-689.636593
-418.699465
1305.445898
738.940993
-1453.186682
-911.312426
935.986177
591.157105
-640.375297
-295.546225
689.679697
443.373217
-98.501040
-197.023632
172.436088
344.850624
-788.159185
-1379.294738
344.850624
1576.383026
295.589328
-566.483353
0.021552
-197.023632
-270.915577
270.958680
-147.762336
-270.915577
123.174792
-98.501040
172.436088
812.832937
-73.870392
-1206.880202
-369.438169
591.157105
443.373217
49.282848
-591.114001
-640.375297
320.219976
591.157105
-123.131688
-517.222057
98.544144
812.832937
98.544144
-541.852705
172.436088
-295.546225
-1083.726962
320.219976
1354.707194
394.111920
-147.762336
123.174792
-467.960761
-665.005945
-270.915577
-492.591409
369.481272
1502.491082
49.282848
-1132.988258
221.697384
812.832937
-295.546225
-738.897889
221.697384
615.787753
-172.392984
-689.636593
-98.501040
911.355529
566.526457
-862.051130
-1083.726962
862.094233
1699.536266
-492.591409
-1724.123811
-73.870392
1133.031362
49.282848
-1059.096314
-443.330113
689.679697
985.247473
615.787753
-49.239744
-665.005945
-615.744649
-197.023632
-98.501040
24.652200
73.913496
172.436088
615.787753
640.418401
98.544144
-541.852705
-911.312426
-689.636593
492.634513
1133.031362
24.652200
-935.943074
-320.176873
714.310345
935.986177
197.066736
-960.573722
-665.005945
640.418401
320.219976
-738.897889
-123.131688
1083.770066
320.219976
-1428.556034
-1034.465666
1206.923306
2093.626635
295.589328
-2192.106124
-1970.430291
985.247473
2364.563764
443.373217
-1132.988258
-862.051130
-541.852705
147.805440
1083.770066
443.373217
-295.546225
0.021552
-541.852705
-935.943074
123.174792
1182.292658
886.724881
-98.501040
-443.330113
-566.483353
-763.528537
-295.546225
566.526457
541.895809
-295.546225
-197.023632
788.202289
1034.508769
-172.392984
-1674.862515
-1009.835018
862.094233
1428.599138
418.742568
-886.681778
-1502.447979
-862.051130
812.832937
1674.905618
1108.400714
24.652200
-1034.465666
-714.267241
98.544144
-738.897889
-1477.817330
-147.762336
1601.013674
1403.968490
221.697384
-418.699465
-492.591409
-123.131688
-246.284929
-344.807521
172.436088
0.021552
-295.546225
615.787753
1009.878121
-123.131688
-714.267241
-98.501040
295.589328
-123.131688
-344.807521
443.373217
763.571641
-640.375297
-1034.465666
468.003865
394.111920
-689.636593
221.697384
837.463585
-172.392984
-270.915577
517.265161
0.021552
-763.528537
-467.960761
-147.762336
443.373217
689.679697
-517.222057
-566.483353
862.094233
591.157105
-394.068817
-123.131688
-98.501040
-147.762336
369.481272
-467.960761
-1330.033442
-147.762336
812.832937
640.418401
295.589328
73.913496
246.328032
123.174792
-443.330113
-49.239744
344.850624
-714.267241
-960.573722
492.634513
665.049049
-344.807521
-246.284929
394.111920
714.310345
911.355529
197.066736
-1034.465666
-665.005945
-197.023632
-714.267241
-270.915577
837.463585
1059.139417
566.526457
-492.591409
-886.681778
763.571641
1231.553954
-1182.249554
-2413.781956
-369.438169
1699.536266
1083.770066
-369.438169
-394.068817
418.742568
344.850624
-123.131688
172.436088
-344.807521
-1305.402794
-615.744649
911.355529
1305.445898
24.652200
-1280.772146
-172.392984
1403.968490
221.697384
-1379.294738
-418.699465
1108.400714
1280.815250
49.282848
-1699.493163
-1330.033442
221.697384
344.850624
443.373217
1133.031362
418.742568
-960.573722
-320.176873
812.832937
369.481272
-270.915577
-517.222057
-1034.465666
-960.573722
714.310345
2093.626635
886.724881
-665.005945
-763.528537
-714.267241
-517.222057
812.832937
1428.599138
49.282848
-1403.925386
-1083.726962
640.418401
1724.166915
246.328032
-1847.277051
-1354.664090
763.571641
1527.121730
591.157105
-197.023632
-197.023632
-615.744649
-640.375297
394.111920
221.697384
-1009.835018
-123.131688
1650.274970
1403.968490
-49.239744
-1354.664090
-1871.907699
-714.267241
960.616825
935.986177
-73.870392
-147.762336
418.742568
960.616825
1133.031362
-492.591409
-2536.935196
-1231.510850
1748.797563
1477.860434
-1034.465666
-1674.862515
-270.915577
1009.878121
1330.076546
1059.139417
566.526457
-320.176873
-1256.141498
-1428.556034
-1206.880202
-492.591409
763.571641
1034.508769
886.724881
985.247473
98.544144
-837.420481
-295.546225
123.174792
-541.852705
-443.330113
-147.762336
-418.699465
591.157105
1206.923306
-24.609096
-467.960761
591.157105
862.094233
-320.176873
-1231.510850
-1280.772146
-541.852705
615.787753
1182.292658
1108.400714
295.589328
-221.654281
221.697384
172.436088
-1108.357610
-1995.060939
-812.789833
714.310345
960.616825
418.742568
566.526457
1527.121730
763.571641
-1009.835018
-1182.249554
-960.573722
-1305.402794
-369.438169
1477.860434
1773.428211
295.589328
-295.546225
640.418401
147.805440
-1428.556034
-1600.970571
-714.267241
468.003865
1034.508769
837.463585
689.679697
788.202289
197.066736
-1182.249554
-1132.988258
-418.699465
-763.528537
-492.591409
591.157105
714.310345
714.310345
1059.139417
763.571641
-147.762336
-911.312426
-1502.447979
-886.681778
837.463585
394.111920
-1280.772146
-320.176873
1551.752378
1453.229786
418.742568
-467.960761
-788.159185
-492.591409
-172.392984
-246.284929
-221.654281
-295.546225
-197.023632
1083.770066
1748.797563
295.589328
-1280.772146
-1034.465666
443.373217
394.111920
-1280.772146
-1428.556034
320.219976
1551.752378
1403.968490
270.958680
-541.852705
246.328032
714.310345
-911.312426
-1576.339923
-147.762336
172.436088
-541.852705
49.282848
1009.878121
1157.662010
812.832937
-246.284929
-935.943074
-369.438169
-295.546225
-221.654281
541.895809
369.481272
-221.654281
-172.392984
-49.239744
-24.609096
24.652200
-566.483353
-763.528537
246.328032
1133.031362
1182.292658
246.328032
-714.267241
-541.852705
172.436088
49.282848
-763.528537
-886.681778
-172.392984
344.850624
541.895809
640.418401
714.310345
517.265161
-98.501040
-738.897889
-911.312426
-73.870392
837.463585
320.219976
-1083.726962
-837.420481
541.895809
369.481272
-418.699465
270.958680
1133.031362
443.373217
-615.744649
-221.654281
911.355529
246.328032
-1674.862515
-1674.862515
443.373217
1847.320155
911.355529
-344.807521
-443.330113
-541.852705
-418.699465
394.111920
443.373217
-394.068817
-394.068817
98.544144
591.157105
1009.878121
197.066736
-960.573722
-714.267241
-73.870392
295.589328
443.373217
-640.375297
-1330.033442
197.066736
1330.076546
1034.508769
738.940993
-73.870392
-985.204370
-443.330113
221.697384
-418.699465
-665.005945
147.805440
-147.762336
-566.483353
541.895809
714.310345
-615.744649
-147.762336
985.247473
369.481272
49.282848
369.481272
-270.915577
-295.546225
98.544144
-1206.880202
-1600.970571
295.589328
1059.139417
517.265161
640.418401
172.436088
-443.330113
418.742568
689.679697
-394.068817
-344.807521
369.481272
-295.546225
-960.573722
-270.915577
98.544144
-443.330113
-98.501040
763.571641
640.418401
443.373217
1059.139417
541.895809
-1182.249554
-1748.754459
-1132.988258
221.697384
1330.076546
763.571641
-517.222057
-665.005945
270.958680
763.571641
468.003865
-147.762336
-566.483353
-270.915577
172.436088
221.697384
246.328032
24.652200
-591.114001
-467.960761
591.157105
935.986177
320.219976
-418.699465
-935.943074
-394.068817
369.481272
-344.807521
-689.636593
812.832937
1379.337842
418.742568
98.544144
-24.609096
-714.267241
-1083.726962
-517.222057
468.003865
221.697384
-862.051130
-197.023632
1330.076546
812.832937
-418.699465
-73.870392
295.589328
-221.654281
-443.330113
172.436088
418.742568
-640.375297
-1305.402794
246.328032
1256.184602
49.282848
-615.744649
123.174792
541.895809
320.219976
-172.392984
-640.375297
-320.176873
221.697384
640.418401
837.463585
123.174792
-1009.835018
-1330.033442
-640.375297
172.436088
665.049049
714.310345
443.373217
714.310345
935.986177
246.328032
-812.789833
-1330.033442
-960.573722
-123.131688
-147.762336
-418.699465
738.940993
985.247473
-344.807521
-98.501040
1133.031362
320.219976
-935.943074
-24.609096
566.526457
-615.744649
-837.420481
197.066736
270.958680
-98.501040
147.805440
517.265161
541.895809
-98.501040
-738.897889
-73.870392
763.571641
-246.284929
-1157.618906
468.003865
1527.121730
49.282848
-665.005945
-197.023632
-665.005945
-837.420481
270.958680
812.832937
566.526457
394.111920
-270.915577
-665.005945
49.282848
812.832937
443.373217
-369.438169
-812.789833
-886.681778
-172.392984
812.832937
615.787753
0.021552
0.021552
-73.870392
-246.284929
24.652200
-320.176873
-541.852705
615.787753
1009.878121
-73.870392
-615.744649
24.652200
320.219976
-566.483353
-862.051130
541.895809
862.094233
-615.744649
-541.852705
812.832937
615.787753
-197.023632
-147.762336
98.544144
394.111920
541.895809
-566.483353
-1945.799643
-1009.835018
911.355529
960.616825
246.328032
344.850624
394.111920
-73.870392
-98.501040
147.805440
-270.915577
-689.636593
-566.483353
-123.131688
197.066736
517.265161
73.913496
-418.699465
517.265161
985.247473
-147.762336
-763.528537
-221.654281
-73.870392
-49.239744
492.634513
270.958680
-738.897889
-467.960761
369.481272
221.697384
-221.654281
-295.546225
-123.131688
443.373217
911.355529
492.634513
24.652200
-295.546225
-1083.726962
-788.159185
689.679697
615.787753
-689.636593
-812.789833
320.219976
985.247473
541.895809
-295.546225
-369.438169
443.373217
640.418401
-467.960761
-1502.447979
-591.114001
985.247473
640.418401
-640.375297
-517.222057
197.066736
418.742568
517.265161
123.174792
-492.591409
-394.068817
246.328032
591.157105
49.282848
-566.483353
-295.546225
172.436088
270.958680
123.174792
-344.807521
-467.960761
394.111920
862.094233
-172.392984
-763.528537
98.544144
738.940993
541.895809
197.066736
-517.222057
-911.312426
-615.744649
-73.870392
591.157105
714.310345
-221.654281
-640.375297
763.571641
1280.815250
-418.699465
-1280.772146
-49.239744
517.265161
-270.915577
-394.068817
320.219976
763.571641
221.697384
-714.267241
-591.114001
73.913496
295.589328
49.282848
-98.501040
-24.609096
197.066736
517.265161
517.265161
-24.609096
-763.528537
-1009.835018
-147.762336
738.940993
246.328032
-467.960761
-369.438169
147.805440
714.310345
689.679697
-147.762336
-714.267241
-147.762336
98.544144
-147.762336
0.021552
-49.239744
-591.114001
-197.023632
935.986177
591.157105
-369.438169
123.174792
468.003865
-615.744649
-640.375297
369.481272
197.066736
-98.501040
197.066736
49.282848
-197.023632
0.021552
147.805440
172.436088
147.805440
-443.330113
-862.051130
-98.501040
1009.878121
788.202289
-369.438169
-517.222057
73.913496
172.436088
-98.501040
-418.699465
-517.222057
24.652200
788.202289
517.265161
-320.176873
-246.284929
221.697384
49.282848
73.913496
123.174792
-369.438169
-320.176873
418.742568
418.742568
-418.699465
-763.528537
-98.501040
689.679697
640.418401
-73.870392
-492.591409
-221.654281
73.913496
221.697384
394.111920
197.066736
-246.284929
-492.591409
-123.131688
246.328032
-147.762336
-640.375297
-295.546225
320.219976
443.373217
147.805440
73.913496
369.481272
172.436088
-344.807521
-443.330113
-246.284929
-24.609096
221.697384
0.021552
-295.546225
123.174792
517.265161
24.652200
-295.546225
-295.546225
-197.023632
197.066736
394.111920
98.544144
-295.546225
-24.609096
172.436088
-49.239744
-197.023632
-344.807521
-197.023632
468.003865
566.526457
-320.176873
-665.005945
147.805440
714.310345
394.111920
-24.609096
-344.807521
-443.330113
-123.131688
270.958680
344.850624
-221.654281
-665.005945
24.652200
960.616825
665.049049
-418.699465
-615.744649
73.913496
418.742568
172.436088
-221.654281
-295.546225
98.544144
98.544144
-197.023632
-123.131688
-49.239744
-295.546225
-49.239744
615.787753
615.787753
0.021552
-246.284929
-98.501040
24.652200
-172.392984
-369.438169
0.021552
246.328032
-49.239744
-320.176873
-98.501040
221.697384
172.436088
-49.239744
24.652200
418.742568
541.895809
24.652200
-714.267241
-738.897889
-221.654281
98.544144
73.913496
24.652200
246.328032
221.697384
49.282848
147.805440
73.913496
-394.068817
-591.114001
-98.501040
369.481272
320.219976
-24.609096
-221.654281
-98.501040
-24.609096
-98.501040
49.282848
246.328032
295.589328
123.174792
-73.870392
0.021552
-172.392984
-467.960761
-320.176873
123.174792
270.958680
-221.654281
-270.915577
394.111920
640.418401
221.697384
-246.284929
-369.438169
-147.762336
172.436088
147.805440
24.652200
-24.609096
-123.131688
-49.239744
73.913496
172.436088
24.652200
-221.654281
-172.392984
197.066736
320.219976
123.174792
-73.870392
-49.239744
-221.654281
-517.222057
0.021552
640.418401
295.589328
-246.284929
-147.762336
197.066736
73.913496
-270.915577
-221.654281
73.913496
123.174792
-49.239744
-123.131688
24.652200
0.021552
-369.438169
-197.023632
418.742568
320.219976
-172.392984
-73.870392
172.436088
0.021552
-49.239744
147.805440
-49.239744
-246.284929
-172.392984
-49.239744
24.652200
0.021552
49.282848
172.436088
123.174792
49.282848
98.544144
73.913496
-73.870392
-172.392984
-98.501040
-24.609096
-147.762336
-123.131688
-24.609096
-73.870392
-49.239744
344.850624
369.481272
-49.239744
-221.654281
-24.609096
98.544144
-98.501040
-295.546225
-295.546225
-123.131688
123.174792
221.697384
172.436088
-73.870392
-270.915577
-73.870392
295.589328
344.850624
49.282848
-246.284929
-197.023632
0.021552
98.544144
0.021552
-98.501040
24.652200
24.652200
0.021552
147.805440
394.111920
369.481272
-24.609096
-24.609096
221.697384
24.652200
-147.762336
-123.131688
0.021552
49.282848
-98.501040
123.174792
295.589328
24.652200
-172.392984
-123.131688
49.282848
98.544144
49.282848
73.913496
123.174792
24.652200
-73.870392
-73.870392
49.282848
98.544144
0.021552
-98.501040
98.544144
246.328032
24.652200
-147.762336
-197.023632
-147.762336
-123.131688
-320.176873
-394.068817
-123.131688
147.805440
172.436088
-49.239744
-221.654281
-221.654281
-49.239744
0.021552
24.652200
0.021552
-147.762336
-221.654281
-197.023632
-221.654281
-270.915577
-147.762336
-98.501040
-49.239744
123.174792
-49.239744
-123.131688
-147.762336
-270.915577
-24.609096
73.913496
0.021552
0.021552
-73.870392
-98.501040
49.282848
172.436088
49.282848
24.652200
73.913496
24.652200
24.652200
123.174792
0.021552
-73.870392
73.913496
221.697384
246.328032
197.066736
320.219976
517.265161
492.634513
295.589328
197.066736
172.436088
221.697384
270.958680
270.958680
147.805440
123.174792
344.850624
344.850624
492.634513
344.850624
49.282848
295.589328
369.481272
197.066736
320.219976
344.850624
98.544144
0.021552
270.958680
221.697384
-98.501040
-197.023632
0.021552
-73.870392
-295.546225
-246.284929
-147.762336
-270.915577
-394.068817
-418.699465
-344.807521
-344.807521
-394.068817
-492.591409
-640.375297
-443.330113
-270.915577
-467.960761
-615.744649
-665.005945
-862.051130
-837.420481
-714.267241
-615.744649
-689.636593
-763.528537
-541.852705
-467.960761
-418.699465
-246.284929
-344.807521
-246.284929
-49.239744
-98.501040
-98.501040
98.544144
197.066736
147.805440
123.174792
270.958680
394.111920
147.805440
73.913496
270.958680
443.373217
418.742568
344.850624
320.219976
344.850624
344.850624
443.373217
566.526457
443.373217
270.958680
468.003865
591.157105
492.634513
492.634513
591.157105
369.481272
246.328032
394.111920
344.850624
369.481272
492.634513
615.787753
591.157105
640.418401
665.049049
689.679697
788.202289
862.094233
812.832937
837.463585
812.832937
763.571641
837.463585
665.049049
418.742568
344.850624
443.373217
468.003865
98.544144
-123.131688
-172.392984
-246.284929
-369.438169
-591.114001
-763.528537
-738.897889
-812.789833
-985.204370
-1403.925386
-1748.754459
-1773.385107
-1650.231867
-1748.754459
-1945.799643
-1773.385107
-1650.231867
-1428.556034
-1108.357610
-985.204370
-960.573722
-738.897889
-517.222057
-492.591409
-295.546225
49.282848
246.328032
197.066736
221.697384
344.850624
246.328032
246.328032
369.481272
295.589328
221.697384
197.066736
246.328032
443.373217
566.526457
541.895809
443.373217
591.157105
689.679697
591.157105
541.895809
492.634513
221.697384
-73.870392
24.652200
49.282848
-147.762336
-344.807521
-418.699465
-270.915577
24.652200
123.174792
123.174792
443.373217
788.202289
1059.139417
1133.031362
1083.770066
1182.292658
1206.923306
1157.662010
1354.707194
1527.121730
1305.445898
1108.400714
985.247473
935.986177
862.094233
689.679697
566.526457
714.310345
640.418401
517.265161
566.526457
517.265161
418.742568
468.003865
468.003865
443.373217
246.328032
-73.870392
-369.438169
-591.114001
-935.943074
-1551.709275
-2118.214179
-2265.998068
-2339.890012
-2536.935196
-2586.196492
-2684.719084
-2660.088436
-2339.890012
-1970.430291
-1527.078627
-960.573722
-541.852705
-615.744649
-221.654281
344.850624
443.373217
246.328032
147.805440
295.589328
98.544144
-172.392984
-98.501040
24.652200
49.282848
-49.239744
-73.870392
344.850624
788.202289
738.940993
788.202289
1133.031362
1280.815250
935.986177
714.310345
738.940993
517.265161
147.805440
-295.546225
-591.114001
-960.573722
-1403.925386
-1576.339923
-1477.817330
-1527.078627
-1650.231867
-1330.033442
-862.051130
-615.744649
-394.068817
49.282848
665.049049
935.986177
1108.400714
1379.337842
1576.383026
1724.166915
1748.797563
1625.644322
1428.599138
1330.076546
1231.553954
985.247473
985.247473
1034.508769
911.355529
911.355529
1034.508769
1034.508769
1059.139417
1182.292658
1133.031362
1059.139417
1059.139417
960.616825
985.247473
1059.139417
886.724881
640.418401
714.310345
886.724881
763.571641
541.895809
394.111920
320.219976
49.282848
-246.284929
-541.852705
-862.051130
-1428.556034
-2364.520660
-2660.088436
-2536.935196
-2733.980380
-3078.809453
-3103.440101
-2881.764269
-2635.457788
-2339.890012
-1650.231867
-985.204370
-738.897889
-418.699465
73.913496
492.634513
788.202289
812.832937
665.049049
640.418401
566.526457
98.544144
-246.284929
-295.546225
-394.068817
-394.068817
-172.392984
147.805440
443.373217
689.679697
1083.770066
1502.491082
1601.013674
1453.229786
1280.815250
1059.139417
812.832937
394.111920
-418.699465
-1132.988258
-1576.339923
-2068.952883
-2487.673900
-2586.196492
-2536.935196
-2364.520660
-2068.952883
-1576.339923
-1034.465666
-492.591409
0.021552
418.742568
812.832937
1133.031362
1330.076546
1403.968490
1527.121730
1354.707194
985.247473
886.724881
886.724881
615.787753
369.481272
369.481272
517.265161
714.310345
911.355529
1206.923306
1477.860434
1576.383026
1699.536266
1995.104043
2093.626635
1773.428211
1502.491082
1206.923306
812.832937
640.418401
418.742568
98.544144
24.652200
123.174792
147.805440
295.589328
665.049049
911.355529
1133.031362
1477.860434
1822.689507
1847.320155
1502.491082
985.247473
443.373217
-295.546225
-1403.925386
-2536.935196
-3004.917509
-3399.007877
-4261.080559
-4581.278983
-4285.711207
-4113.296671
-3793.098246
-3029.548157
-2019.691587
-1206.880202
-566.483353
147.805440
837.463585
1280.815250
1502.491082
1330.076546
1083.770066
837.463585
394.111920
-270.915577
-689.636593
-665.005945
-640.375297
-665.005945
-320.176873
270.958680
862.094233
1305.445898
1724.166915
2192.149227
2389.194412
2266.041171
1970.473395
1748.797563
1354.707194
517.265161
-369.438169
-1083.726962
-1773.385107
-2487.673900
-3177.332045
-3325.115933
-3152.701397
-3152.701397
-3004.917509
-2290.628716
-1551.709275
-1009.835018
-394.068817
320.219976
960.616825
1305.445898
1403.968490
1502.491082
1527.121730
1527.121730
1206.923306
689.679697
468.003865
369.481272
221.697384
24.652200
172.436088
492.634513
689.679697
935.986177
1305.445898
1601.013674
1773.428211
2118.257283
2389.194412
2266.041171
1945.842747
1576.383026
1280.815250
960.616825
468.003865
246.328032
24.652200
-295.546225
-320.176873
-98.501040
197.066736
468.003865
788.202289
1305.445898
1674.905618
1773.428211
2093.626635
2463.086356
2290.671819
1674.905618
935.986177
443.373217
-369.438169
-1576.339923
-2807.872325
-3522.161118
-3793.098246
-4236.449911
-4605.909631
-4458.125743
-4162.557967
-3768.467598
-3004.917509
-2019.691587
-1157.618906
-541.852705
-49.239744
517.265161
1034.508769
1231.553954
1034.508769
689.679697
492.634513
295.589328
-246.284929
-689.636593
-541.852705
-394.068817
-344.807521
0.021552
443.373217
1009.878121
1527.121730
1871.950803
2266.041171
2536.978300
2364.563764
1945.842747
1601.013674
1280.815250
517.265161
-591.114001
-1354.664090
-1945.799643
-2463.043252
-2906.394917
-3226.593341
-3226.593341
-3128.070749
-2807.872325
-2364.520660
-1699.493163
-985.204370
-418.699465
49.282848
492.634513
960.616825
1182.292658
1206.923306
1354.707194
1403.968490
1256.184602
1034.508769
862.094233
714.310345
591.157105
468.003865
418.742568
591.157105
591.157105
665.049049
985.247473
1206.923306
1330.076546
1403.968490
1625.644322
1699.536266
1601.013674
1428.599138
1182.292658
1009.878121
738.940993
517.265161
320.219976
98.544144
0.021552
73.913496
221.697384
320.219976
541.895809
935.986177
1502.491082
1822.689507
2044.365339
2413.825060
2512.347652
2290.671819
1699.536266
1034.508769
443.373217
-418.699465
-1625.601219
-2931.025565
-3571.422414
-3940.882134
-4778.324168
-5000.000000
-4630.540279
-4285.711207
-3817.728894
-3029.548157
-1970.430291
-960.573722
-98.501040
492.634513
1009.878121
1453.229786
1502.491082
1083.770066
738.940993
689.679697
221.697384
-467.960761
-615.744649
-443.330113
-320.176873
-295.546225
73.913496
738.940993
1305.445898
1625.644322
1995.104043
2389.194412
2487.717004
2216.779875
1724.166915
1379.337842
960.616825
98.544144
-862.051130
-1453.186682
-1970.430291
-2635.457788
-3201.962693
-3251.223989
-2955.656213
-2906.394917
-2881.764269
-2290.628716
-1527.078627
-960.573722
-467.960761
24.652200
640.418401
985.247473
1059.139417
1108.400714
1256.184602
1453.229786
1280.815250
935.986177
862.094233
763.571641
591.157105
418.742568
492.634513
615.787753
566.526457
689.679697
1034.508769
1280.815250
1453.229786
1403.968490
1428.599138
1625.644322
1601.013674
1477.860434
1280.815250
1206.923306
935.986177
615.787753
295.589328
172.436088
123.174792
24.652200
73.913496
320.219976
738.940993
1157.662010
1502.491082
1896.581451
2266.041171
2413.825060
2315.302467
2167.518579
1748.797563
985.247473
123.174792
-714.267241
-1847.277051
-3029.548157
-3669.945006
-4064.035375
-4630.540279
-4901.477408
-4655.170927
-4310.341855
-3793.098246
-2980.286861
-1921.168995
-862.051130
-295.546225
172.436088
911.355529
1305.445898
1133.031362
886.724881
689.679697
517.265161
98.544144
-443.330113
-541.852705
-394.068817
-320.176873
-172.392984
270.958680
714.310345
1108.400714
1601.013674
2068.995987
2315.302467
2413.825060
2167.518579
1699.536266
1330.076546
862.094233
-24.609096
-935.943074
-1527.078627
-1995.060939
-2561.565844
-2955.656213
-2857.133621
-2660.088436
-2635.457788
-2438.412604
-2044.322235
-1403.925386
-886.681778
-566.483353
49.282848
591.157105
812.832937
1034.508769
1083.770066
1182.292658
1133.031362
886.724881
763.571641
788.202289
714.310345
591.157105
517.265161
615.787753
812.832937
886.724881
788.202289
911.355529
1157.662010
1280.815250
1231.553954
1305.445898
1453.229786
1305.445898
1083.770066
960.616825
935.986177
763.571641
443.373217
197.066736
172.436088
246.328032
246.328032
369.481272
738.940993
1133.031362
1354.707194
1674.905618
2093.626635
2290.671819
2463.086356
2438.455708
2290.671819
1921.212099
1157.662010
492.634513
-295.546225
-1280.772146
-2438.412604
-3423.638526
-3817.728894
-4187.188615
-4630.540279
-4605.909631
-4334.972503
-3866.990190
-3128.070749
-2265.998068
-1354.664090
-566.483353
24.652200
468.003865
812.832937
1157.662010
1083.770066
812.832937
566.526457
344.850624
-24.609096
-566.483353
-566.483353
-295.546225
-246.284929
-24.609096
344.850624
886.724881
1354.707194
1699.536266
2167.518579
2290.671819
2118.257283
1847.320155
1354.707194
837.463585
270.958680
-443.330113
-1108.357610
-1699.493163
-2265.998068
-2807.872325
-3004.917509
-2906.394917
-2660.088436
-2463.043252
-2216.736772
-1674.862515
-1009.835018
-591.114001
-270.915577
147.805440
566.526457
788.202289
837.463585
837.463585
985.247473
935.986177
763.571641
689.679697
837.463585
714.310345
492.634513
566.526457
788.202289
812.832937
714.310345
738.940993
960.616825
1009.878121
911.355529
1034.508769
1157.662010
1034.508769
837.463585
788.202289
738.940993
689.679697
591.157105
295.589328
344.850624
468.003865
443.373217
492.634513
689.679697
935.986177
1083.770066
1280.815250
1674.905618
2068.995987
2192.149227
2216.779875
2290.671819
2142.887931
1650.274970
1083.770066
394.111920
-369.438169
-1453.186682
-2610.827140
-3177.332045
-3497.530470
-4113.296671
-4433.495095
-4334.972503
-4137.927319
-3645.314358
-3004.917509
-2118.214179
-1132.988258
-467.960761
98.544144
665.049049
1108.400714
1330.076546
1034.508769
738.940993
591.157105
172.436088
-246.284929
-369.438169
-270.915577
-172.392984
-73.870392
246.328032
689.679697
1133.031362
1502.491082
1871.950803
2216.779875
2216.779875
1896.581451
1576.383026
1305.445898
862.094233
221.697384
-517.222057
-1157.618906
-1650.231867
-2142.844828
-2561.565844
-2733.980380
-2635.457788
-2561.565844
-2438.412604
-1921.168995
-1354.664090
-1108.357610
-788.159185
-221.654281
344.850624
566.526457
640.418401
837.463585
1009.878121
1059.139417
862.094233
714.310345
812.832937
615.787753
418.742568
492.634513
640.418401
615.787753
394.111920
492.634513
837.463585
911.355529
812.832937
812.832937
960.616825
1009.878121
837.463585
665.049049
665.049049
714.310345
591.157105
320.219976
246.328032
394.111920
369.481272
320.219976
394.111920
714.310345
935.986177
985.247473
1379.337842
1921.212099
2118.257283
2167.518579
2339.933115
2512.347652
2315.302467
1724.166915
1108.400714
492.634513
-320.176873
-1330.033442
-2438.412604
-3177.332045
-3522.161118
-4064.035375
-4556.648335
-4261.080559
-3965.512782
-3743.836950
-3054.178805
-2019.691587
-1108.357610
-615.744649
-123.131688
541.895809
960.616825
1083.770066
911.355529
788.202289
763.571641
492.634513
-73.870392
-418.699465
-172.392984
24.652200
24.652200
270.958680
837.463585
1305.445898
1354.707194
1724.166915
2241.410523
2339.933115
1995.104043
1650.274970
1330.076546
812.832937
172.436088
-591.114001
-1132.988258
-1625.601219
-2142.844828
-2610.827140
-2733.980380
-2610.827140
-2561.565844
-2438.412604
-2167.475476
-1699.493163
-1231.510850
-837.420481
-492.591409
0.021552
320.219976
320.219976
394.111920
689.679697
788.202289
640.418401
468.003865
468.003865
541.895809
468.003865
394.111920
615.787753
763.571641
788.202289
812.832937
1059.139417
1182.292658
1083.770066
1034.508769
985.247473
1108.400714
1108.400714
763.571641
714.310345
738.940993
615.787753
517.265161
492.634513
517.265161
591.157105
689.679697
763.571641
886.724881
1009.878121
1330.076546
1551.752378
1625.644322
1871.950803
2044.365339
2093.626635
2142.887931
2118.257283
1773.428211
1280.815250
763.571641
246.328032
-566.483353
-1502.447979
-2536.935196
-3226.593341
-3399.007877
-3916.251486
-4384.233799
-4211.819263
-3916.251486
-3546.791766
-2955.656213
-2216.736772
-1477.817330
-788.159185
-197.023632
295.589328
640.418401
911.355529
911.355529
738.940993
615.787753
517.265161
221.697384
-49.239744
0.021552
98.544144
369.481272
566.526457
812.832937
1280.815250
1527.121730
1773.428211
1945.842747
1847.320155
1625.644322
1330.076546
886.724881
443.373217
-49.239744
-640.375297
-1354.664090
-1748.754459
-2019.691587
-2413.781956
-2586.196492
-2463.043252
-2265.998068
-2241.367420
-1995.060939
-1502.447979
-1108.357610
-837.420481
-517.222057
-98.501040
270.958680
418.742568
443.373217
591.157105
640.418401
640.418401
566.526457
566.526457
714.310345
591.157105
517.265161
640.418401
837.463585
935.986177
960.616825
960.616825
1059.139417
1108.400714
1083.770066
935.986177
960.616825
935.986177
714.310345
591.157105
689.679697
714.310345
566.526457
517.265161
665.049049
714.310345
615.787753
689.679697
985.247473
1206.923306
1330.076546
1453.229786
1748.797563
2019.734691
2142.887931
2167.518579
2216.779875
2142.887931
1798.058859
1256.184602
788.202289
172.436088
-738.897889
-1773.385107
-2807.872325
-3325.115933
-3645.314358
-4285.711207
-4507.387039
-4211.819263
-3916.251486
-3571.422414
-2857.133621
-1773.385107
-1009.835018
-541.852705
24.652200
492.634513
886.724881
812.832937
640.418401
640.418401
468.003865
147.805440
-270.915577
-295.546225
-49.239744
24.652200
246.328032
566.526457
1034.508769
1354.707194
1453.229786
1798.058859
2044.365339
1921.212099
1477.860434
1034.508769
788.202289
468.003865
-295.546225
-1034.465666
-1354.664090
-1773.385107
-2315.259364
-2610.827140
-2487.673900
-2339.890012
-2413.781956
-2216.736772
-1822.646403
-1305.402794
-1009.835018
-689.636593
24.652200
443.373217
468.003865
541.895809
714.310345
911.355529
911.355529
788.202289
812.832937
837.463585
714.310345
615.787753
689.679697
837.463585
886.724881
763.571641
738.940993
1009.878121
1009.878121
862.094233
960.616825
1034.508769
935.986177
788.202289
566.526457
541.895809
615.787753
492.634513
418.742568
418.742568
492.634513
492.634513
468.003865
714.310345
1083.770066
1108.400714
1182.292658
1527.121730
1970.473395
2118.257283
2068.995987
2142.887931
2192.149227
1995.104043
1428.599138
812.832937
369.481272
-369.438169
-1330.033442
-2339.890012
-3103.440101
-3448.269174
-3866.990190
-4359.603151
-4113.296671
-3768.467598
-3645.314358
-3177.332045
-2241.367420
-1182.249554
-665.005945
-369.438169
221.697384
738.940993
812.832937
665.049049
591.157105
566.526457
320.219976
-147.762336
-394.068817
-73.870392
73.913496
123.174792
443.373217
886.724881
1379.337842
1453.229786
1650.274970
2068.995987
2019.734691
1699.536266
1280.815250
886.724881
566.526457
-123.131688
-788.159185
-1206.880202
-1600.970571
-1970.430291
-2487.673900
-2660.088436
-2389.151308
-2364.520660
-2290.628716
-1995.060939
-1551.709275
-1157.618906
-935.943074
-517.222057
73.913496
369.481272
344.850624
517.265161
738.940993
812.832937
788.202289
665.049049
837.463585
911.355529
788.202289
689.679697
862.094233
1034.508769
1108.400714
1059.139417
1059.139417
1231.553954
1231.553954
1108.400714
1157.662010
1182.292658
1108.400714
886.724881
763.571641
788.202289
763.571641
615.787753
517.265161
541.895809
566.526457
541.895809
566.526457
763.571641
960.616825
1059.139417
1133.031362
1453.229786
1847.320155
1945.842747
1896.581451
1970.473395
1921.212099
1625.644322
960.616825
541.895809
147.805440
-738.897889
-1822.646403
-2832.502973
-3275.854637
-3546.791766
-4088.666023
-4236.449911
-3940.882134
-3817.728894
-3546.791766
-2807.872325
-1945.799643
-1132.988258
-714.267241
-394.068817
221.697384
689.679697
714.310345
517.265161
492.634513
591.157105
320.219976
-221.654281
-246.284929
73.913496
123.174792
172.436088
615.787753
1059.139417
1305.445898
1428.599138
1748.797563
2142.887931
2142.887931
1798.058859
1330.076546
1009.878121
738.940993
147.805440
-467.960761
-960.573722
-1477.817330
-2044.322235
-2438.412604
-2463.043252
-2339.890012
-2290.628716
-2192.106124
-1921.168995
-1527.078627
-1280.772146
-960.573722
-443.330113
0.021552
221.697384
270.958680
320.219976
566.526457
714.310345
640.418401
591.157105
665.049049
738.940993
665.049049
615.787753
985.247473
1182.292658
1083.770066
1059.139417
1231.553954
1280.815250
1108.400714
1083.770066
1182.292658
1182.292658
935.986177
714.310345
738.940993
788.202289
714.310345
541.895809
468.003865
344.850624
369.481272
369.481272
443.373217
665.049049
837.463585
935.986177
1133.031362
1453.229786
1748.797563
1871.950803
1871.950803
1970.473395
1921.212099
1625.644322
1009.878121
492.634513
197.066736
-615.744649
-1625.601219
-2487.673900
-3054.178805
-3300.485285
-3891.620838
-4187.188615
-3891.620838
-3694.575654
-3448.269174
-2906.394917
-1995.060939
-1182.249554
-689.636593
-320.176873
147.805440
541.895809
738.940993
615.787753
492.634513
443.373217
172.436088
-295.546225
-443.330113
-123.131688
98.544144
147.805440
418.742568
788.202289
1182.292658
1477.860434
1847.320155
2167.518579
2118.257283
1921.212099
1527.121730
1157.662010
862.094233
320.219976
-394.068817
-935.943074
-1354.664090
-1798.015755
-2339.890012
-2512.304548
-2290.628716
-2142.844828
-2192.106124
-2044.322235
-1551.709275
-1009.835018
-788.159185
-467.960761
0.021552
295.589328
320.219976
320.219976
541.895809
788.202289
763.571641
665.049049
738.940993
788.202289
689.679697
689.679697
788.202289
1009.878121
985.247473
812.832937
862.094233
1009.878121
1157.662010
1059.139417
1034.508769
1108.400714
1108.400714
837.463585
665.049049
837.463585
886.724881
665.049049
344.850624
344.850624
468.003865
394.111920
369.481272
640.418401
911.355529
960.616825
985.247473
1305.445898
1798.058859
1921.212099
1822.689507
1847.320155
1945.842747
1748.797563
1133.031362
591.157105
270.958680
-394.068817
-1403.925386
-2438.412604
-3103.440101
-3226.593341
-3596.053062
-4039.404726
-3866.990190
-3669.945006
-3497.530470
-3029.548157
-2241.367420
-1206.880202
-714.267241
-443.330113
73.913496
591.157105
738.940993
517.265161
369.481272
517.265161
270.958680
-197.023632
-369.438169
-172.392984
49.282848
123.174792
394.111920
837.463585
1256.184602
1453.229786
1576.383026
1970.473395
2142.887931
1798.058859
1379.337842
1034.508769
763.571641
221.697384
-517.222057
-1083.726962
-1428.556034
-1896.538347
-2438.412604
-2635.457788
-2339.890012
-2241.367420
-2315.259364
-2044.322235
-1551.709275
-1157.618906
-935.943074
-615.744649
-147.762336
98.544144
98.544144
221.697384
517.265161
689.679697
763.571641
615.787753
566.526457
812.832937
738.940993
615.787753
812.832937
1059.139417
1009.878121
837.463585
1009.878121
1231.553954
1305.445898
1231.553954
1206.923306
1280.815250
1280.815250
1009.878121
886.724881
1034.508769
1034.508769
738.940993
443.373217
468.003865
615.787753
468.003865
394.111920
665.049049
960.616825
960.616825
985.247473
1354.707194
1699.536266
1871.950803
1871.950803
1921.212099
1921.212099
1798.058859
1305.445898
665.049049
443.373217
-172.392984
-1206.880202
-2093.583531
-2783.241677
-3078.809453
-3497.530470
-3940.882134
-3817.728894
-3596.053062
-3448.269174
-3103.440101
-2315.259364
-1354.664090
-837.420481
-591.114001
-197.023632
270.958680
418.742568
295.589328
221.697384
295.589328
147.805440
-270.915577
-541.852705
-320.176873
-49.239744
98.544144
344.850624
763.571641
1182.292658
1330.076546
1601.013674
2068.995987
2216.779875
1871.950803
1403.968490
1083.770066
763.571641
197.066736
-394.068817
-812.789833
-1231.510850
-1773.385107
-2315.259364
-2438.412604
-2241.367420
-2192.106124
-2192.106124
-1970.430291
-1576.339923
-1256.141498
-1083.726962
-615.744649
-147.762336
73.913496
49.282848
73.913496
344.850624
492.634513
443.373217
443.373217
517.265161
665.049049
665.049049
640.418401
862.094233
1108.400714
1280.815250
1182.292658
1256.184602
1477.860434
1428.599138
1330.076546
1305.445898
1330.076546
1206.923306
960.616825
788.202289
763.571641
788.202289
689.679697
394.111920
418.742568
541.895809
394.111920
320.219976
541.895809
689.679697
788.202289
911.355529
1083.770066
1330.076546
1601.013674
1650.274970
1650.274970
1773.428211
1699.536266
1403.968490
935.986177
468.003865
49.282848
-689.636593
-1600.970571
-2389.151308
-2906.394917
-3152.701397
-3620.683710
-3694.575654
-3472.899822
-3399.007877
-3177.332045
-2610.827140
-1748.754459
-1108.357610
-689.636593
-295.546225
49.282848
320.219976
320.219976
197.066736
221.697384
172.436088
-98.501040
-369.438169
-443.330113
-197.023632
123.174792
295.589328
591.157105
1083.770066
1403.968490
1601.013674
1945.842747
2339.933115
2290.671819
1847.320155
1428.599138
1059.139417
517.265161
-123.131688
-689.636593
-1157.618906
-1674.862515
-2142.844828
-2487.673900
-2512.304548
-2389.151308
-2265.998068
-2044.322235
-1773.385107
-1379.294738
-1108.357610
-812.789833
-394.068817
-98.501040
0.021552
-123.131688
49.282848
270.958680
344.850624
394.111920
418.742568
541.895809
665.049049
665.049049
812.832937
1059.139417
1206.923306
1305.445898
1280.815250
1379.337842
1428.599138
1305.445898
1453.229786
1453.229786
1305.445898
1083.770066
862.094233
911.355529
886.724881
763.571641
714.310345
665.049049
591.157105
468.003865
541.895809
665.049049
689.679697
788.202289
862.094233
960.616825
1206.923306
1403.968490
1551.752378
1724.166915
1871.950803
1724.166915
1576.383026
1379.337842
985.247473
443.373217
-49.239744
-689.636593
-1527.078627
-2487.673900
-3054.178805
-3201.962693
-3497.530470
-3793.098246
-3743.836950
-3497.530470
-3177.332045
-2610.827140
-1871.907699
-1256.141498
-812.789833
-541.852705
-246.284929
98.544144
295.589328
197.066736
98.544144
172.436088
-24.609096
-320.176873
-320.176873
-24.609096
344.850624
492.634513
714.310345
1231.553954
1502.491082
1650.274970
1970.473395
2241.410523
2118.257283
1699.536266
1280.815250
960.616825
394.111920
-246.284929
-714.267241
-1182.249554
-1724.123811
-2142.844828
-2438.412604
-2364.520660
-2216.736772
-2068.952883
-1921.168995
-1773.385107
-1477.817330
-1083.726962
-837.420481
-615.744649
-320.176873
-221.654281
-172.392984
-98.501040
147.805440
320.219976
344.850624
468.003865
591.157105
640.418401
738.940993
862.094233
1133.031362
1206.923306
1108.400714
1133.031362
1182.292658
1206.923306
1133.031362
1133.031362
1182.292658
985.247473
812.832937
911.355529
911.355529
812.832937
837.463585
837.463585
763.571641
689.679697
615.787753
665.049049
763.571641
788.202289
763.571641
886.724881
1009.878121
1108.400714
1256.184602
1403.968490
1601.013674
1773.428211
1601.013674
1551.752378
1748.797563
1502.491082
837.463585
270.958680
-172.392984
-935.943074
-1798.015755
-2512.304548
-2832.502973
-3103.440101
-3645.314358
-3743.836950
-3399.007877
-3103.440101
-2881.764269
-2339.890012
-1527.078627
-935.943074
-665.005945
-394.068817
-73.870392
246.328032
320.219976
98.544144
-49.239744
-24.609096
-197.023632
-443.330113
-369.438169
98.544144
369.481272
418.742568
837.463585
1477.860434
1896.581451
1896.581451
1995.104043
2142.887931
1896.581451
1305.445898
837.463585
492.634513
-24.609096
-763.528537
-1305.402794
-1600.970571
-1847.277051
-2118.214179
-2241.367420
-2019.691587
-1847.277051
-1699.493163
-1600.970571
-1305.402794
-837.420481
-763.528537
-738.897889
-517.222057
-344.807521
-320.176873
-320.176873
-98.501040
270.958680
468.003865
468.003865
640.418401
935.986177
1083.770066
1108.400714
1157.662010
1403.968490
1379.337842
1108.400714
1059.139417
1157.662010
1083.770066
862.094233
788.202289
812.832937
837.463585
788.202289
738.940993
911.355529
935.986177
788.202289
763.571641
886.724881
837.463585
517.265161
418.742568
591.157105
689.679697
492.634513
394.111920
714.310345
1034.508769
1108.400714
1256.184602
1601.013674
1995.104043
1970.473395
1896.581451
1970.473395
1798.058859
1083.770066
270.958680
-246.284929
-837.420481
-1945.799643
-3152.701397
-3497.530470
-3596.053062
-4113.296671
-4236.449911
-3768.467598
-3300.485285
-2955.656213
-2487.673900
-1625.601219
-788.159185
-467.960761
-344.807521
-98.501040
246.328032
221.697384
-221.654281
-443.330113
-197.023632
-221.654281
-665.005945
-591.114001
147.805440
763.571641
911.355529
1280.815250
2192.149227
2536.978300
2290.671819
2241.410523
2389.194412
2167.518579
1305.445898
517.265161
221.697384
-344.807521
-1182.249554
-1699.493163
-1822.646403
-1798.015755
-2068.952883
-2216.736772
-1871.907699
-1551.709275
-1477.817330
-1502.447979
-1206.880202
-837.420481
-911.312426
-1157.618906
-1059.096314
-763.528537
-689.636593
-738.897889
-443.330113
147.805440
443.373217
541.895809
935.986177
1428.599138
1576.383026
1477.860434
1576.383026
1724.166915
1576.383026
1133.031362
862.094233
1034.508769
886.724881
517.265161
492.634513
738.940993
862.094233
812.832937
911.355529
1182.292658
1354.707194
1157.662010
886.724881
985.247473
985.247473
492.634513
172.436088
394.111920
517.265161
270.958680
246.328032
665.049049
1034.508769
1256.184602
1428.599138
1896.581451
2364.563764
2315.302467
2192.149227
2192.149227
2167.518579
1502.491082
517.265161
-73.870392
-714.267241
-1921.168995
-3103.440101
-3522.161118
-3448.269174
-3768.467598
-4014.774078
-3645.314358
-3029.548157
-2660.088436
-2438.412604
-1699.493163
-886.681778
-640.375297
-714.267241
-615.744649
-270.915577
-295.546225
-763.528537
-911.312426
-640.375297
-467.960761
-763.528537
-738.897889
123.174792
812.832937
1059.139417
1453.229786
2118.257283
2536.978300
2241.410523
2044.365339
2167.518579
1847.320155
1083.770066
344.850624
-123.131688
-394.068817
-911.312426
-1403.925386
-1477.817330
-1206.880202
-1182.249554
-1502.447979
-1354.664090
-935.943074
-935.943074
-1379.294738
-1453.186682
-1132.988258
-1330.033442
-1871.907699
-1871.907699
-1477.817330
-1083.726962
-1083.726962
-788.159185
123.174792
862.094233
1182.292658
1379.337842
1921.212099
2315.302467
2019.734691
1527.121730
1379.337842
1330.076546
862.094233
147.805440
73.913496
344.850624
246.328032
0.021552
221.697384
788.202289
1083.770066
886.724881
812.832937
1206.923306
1280.815250
738.940993
468.003865
566.526457
492.634513
49.282848
-197.023632
123.174792
394.111920
344.850624
418.742568
960.616825
1551.752378
1576.383026
1699.536266
2241.410523
2684.762188
2536.978300
2167.518579
2192.149227
2118.257283
1601.013674
640.418401
-49.239744
-467.960761
-1330.033442
-2586.196492
-3349.746581
-3300.485285
-3300.485285
-3793.098246
-3768.467598
-3078.809453
-2684.719084
-2783.241677
-2265.998068
-1206.880202
-689.636593
-1009.835018
-960.573722
-492.591409
-344.807521
-665.005945
-911.312426
-541.852705
-123.131688
-270.915577
-443.330113
197.066736
1133.031362
1453.229786
1453.229786
1970.473395
2512.347652
2241.410523
1674.905618
1674.905618
1601.013674
935.986177
147.805440
-344.807521
-320.176873
-492.591409
-960.573722
-1034.465666
-640.375297
-492.591409
-911.312426
-1108.357610
-837.420481
-788.159185
-1403.925386
-1970.430291
-1871.907699
-1921.168995
-2438.412604
-2413.781956
-1871.907699
-1403.925386
-985.204370
-467.960761
369.481272
1231.553954
1748.797563
1847.320155
1871.950803
2192.149227
1896.581451
1157.662010
788.202289
689.679697
369.481272
-24.609096
147.805440
566.526457
714.310345
788.202289
1083.770066
1453.229786
1576.383026
1403.968490
1133.031362
960.616825
689.679697
172.436088
-295.546225
-418.699465
-394.068817
-467.960761
-492.591409
-98.501040
418.742568
738.940993
1059.139417
1330.076546
1650.274970
1822.689507
1748.797563
1748.797563
1847.320155
1896.581451
1798.058859
1724.166915
1798.058859
1798.058859
1576.383026
1280.815250
812.832937
418.742568
-221.654281
-1157.618906
-2118.214179
-2832.502973
-3201.962693
-3743.836950
-4162.557967
-3990.143430
-3669.945006
-3472.899822
-3103.440101
-2241.367420
-1330.033442
-985.204370
-738.897889
-369.438169
-98.501040
-147.762336
-443.330113
-640.375297
-418.699465
-270.915577
-541.852705
-467.960761
369.481272
985.247473
1157.662010
1576.383026
2241.410523
2463.086356
2167.518579
1945.842747
1970.473395
1576.383026
862.094233
270.958680
-73.870392
-270.915577
-665.005945
-1059.096314
-985.204370
-763.528537
-862.051130
-1231.510850
-1305.402794
-1108.357610
-1502.447979
-2142.844828
-2216.736772
-2019.691587
-2290.628716
-2635.457788
-2192.106124
-1403.925386
-862.051130
-418.699465
270.958680
1108.400714
1650.274970
1674.905618
1576.383026
1674.905618
1625.644322
1009.878121
517.265161
468.003865
541.895809
369.481272
344.850624
812.832937
1256.184602
1305.445898
1354.707194
1576.383026
1650.274970
1379.337842
837.463585
418.742568
172.436088
-221.654281
-640.375297
-763.528537
-591.114001
-344.807521
-123.131688
246.328032
837.463585
1182.292658
1305.445898
1527.121730
1601.013674
1527.121730
1330.076546
1231.553954
1330.076546
1354.707194
1354.707194
1724.166915
2068.995987
2192.149227
2241.410523
2216.779875
1871.950803
1083.770066
320.219976
-320.176873
-1551.709275
-3004.917509
-3694.575654
-3965.512782
-4458.125743
-4507.387039
-3990.143430
-3423.638526
-3004.917509
-2265.998068
-1280.772146
-591.114001
-197.023632
-197.023632
-369.438169
-344.807521
-492.591409
-935.943074
-1256.141498
-985.204370
-591.114001
-640.375297
-344.807521
788.202289
1724.166915
2019.734691
2413.825060
3078.852557
3029.591261
2463.086356
1970.473395
1527.121730
1059.139417
221.697384
-591.114001
-812.789833
-738.897889
-837.420481
-1009.835018
-812.789833
-246.284929
-270.915577
-738.897889
-1009.835018
-911.312426
-1502.447979
-2512.304548
-2758.611028
-2586.196492
-2684.719084
-2955.656213
-2364.520660
-1256.141498
-492.591409
123.174792
837.463585
1724.166915
2290.671819
2142.887931
1724.166915
1576.383026
1354.707194
640.418401
-49.239744
24.652200
295.589328
221.697384
394.111920
1133.031362
1748.797563
1822.689507
1871.950803
1921.212099
1699.536266
1133.031362
492.634513
-24.609096
-517.222057
-763.528537
-1083.726962
-1059.096314
-591.114001
-147.762336
147.805440
714.310345
1379.337842
1527.121730
1477.860434
1453.229786
1280.815250
935.986177
665.049049
689.679697
566.526457
738.940993
1231.553954
1748.797563
2290.671819
2734.023484
2980.329964
2758.654132
2339.933115
1625.644322
369.481272
-788.159185
-1896.538347
-3497.530470
-4581.278983
-4458.125743
-4334.972503
-4482.756391
-3793.098246
-2709.349732
-2093.583531
-1748.754459
-960.573722
-344.807521
-467.960761
-763.528537
-1132.988258
-1527.078627
-1674.862515
-1871.907699
-2093.583531
-1576.339923
-517.222057
-98.501040
344.850624
1601.013674
2758.654132
2906.438020
2734.023484
3103.483205
2906.438020
1773.428211
1108.400714
886.724881
320.219976
-246.284929
-467.960761
-467.960761
-320.176873
0.021552
98.544144
0.021552
270.958680
147.805440
-837.420481
-1600.970571
-1674.862515
-2389.151308
-3522.161118
-3546.791766
-3029.548157
-3029.548157
-2857.133621
-1798.015755
-615.744649
147.805440
911.355529
1576.383026
1921.212099
2044.365339
1773.428211
1280.815250
1133.031362
911.355529
221.697384
-172.392984
295.589328
763.571641
862.094233
1330.076546
2118.257283
2364.563764
2192.149227
2118.257283
1871.950803
1231.553954
615.787753
-24.609096
-517.222057
-837.420481
-1009.835018
-886.681778
-467.960761
172.436088
566.526457
788.202289
1354.707194
1527.121730
1133.031362
985.247473
1009.878121
615.787753
-24.609096
98.544144
517.265161
615.787753
1034.508769
1896.581451
2684.762188
3128.113853
3251.267093
3004.960613
2586.239596
1970.473395
615.787753
-960.573722
-1674.862515
-2463.043252
-4088.666023
-5000.000000
-4113.296671
-3349.746581
-3522.161118
-2857.133621
-1576.339923
-1403.925386
-1724.123811
-1354.664090
-1009.835018
-1280.772146
-1871.907699
-2364.520660
-2413.781956
-1896.538347
-1527.078627
-1403.925386
-467.960761
1157.662010
1453.229786
1157.662010
2216.779875
3177.375149
2635.500892
1970.473395
2093.626635
1945.842747
788.202289
172.436088
443.373217
468.003865
295.589328
147.805440
147.805440
517.265161
788.202289
221.697384
-246.284929
-123.131688
-566.483353
-1945.799643
-2561.565844
-2265.998068
-2832.502973
-3793.098246
-3399.007877
-2216.736772
-1945.799643
-1945.799643
-1009.835018
-98.501040
394.111920
714.310345
1157.662010
1502.491082
1502.491082
1108.400714
615.787753
837.463585
1280.815250
812.832937
344.850624
1034.508769
1601.013674
1182.292658
1256.184602
2068.995987
2192.149227
1477.860434
1059.139417
1083.770066
763.571641
73.913496
-394.068817
-566.483353
-467.960761
-615.744649
-837.420481
-221.654281
615.787753
566.526457
369.481272
935.986177
1354.707194
763.571641
344.850624
788.202289
886.724881
295.589328
197.066736
862.094233
1280.815250
1527.121730
2068.995987
2660.131540
3226.636445
3251.267093
2660.131540
2142.887931
1945.842747
886.724881
-960.573722
-1748.754459
-1798.015755
-3004.917509
-4556.648335
-4261.080559
-3004.917509
-2857.133621
-2931.025565
-2118.214179
-1674.862515
-2167.475476
-2586.196492
-2438.412604
-2044.322235
-1921.168995
-2364.520660
-2635.457788
-1724.123811
-665.005945
-591.114001
-221.654281
1231.553954
2044.365339
1379.337842
1108.400714
1970.473395
2216.779875
1379.337842
1059.139417
1551.752378
1551.752378
985.247473
763.571641
1133.031362
1428.599138
1231.553954
615.787753
418.742568
689.679697
197.066736
-886.681778
-1059.096314
-689.636593
-1403.925386
-2536.935196
-2438.412604
-1945.799643
-2438.412604
-3004.917509
-2192.106124
-1379.294738
-1625.601219
-1625.601219
-1034.465666
-467.960761
-98.501040
320.219976
788.202289
1305.445898
1551.752378
1157.662010
960.616825
1601.013674
1724.166915
911.355529
615.787753
1280.815250
1403.968490
862.094233
1206.923306
1995.104043
1847.320155
1206.923306
1059.139417
935.986177
492.634513
24.652200
-541.852705
-640.375297
-344.807521
-418.699465
-517.222057
98.544144
911.355529
911.355529
492.634513
886.724881
1108.400714
443.373217
246.328032
738.940993
689.679697
369.481272
615.787753
1108.400714
1428.599138
1896.581451
2487.717004
2734.023484
2955.699316
3054.221909
2389.194412
1674.905618
1330.076546
394.111920
-1034.465666
-1699.493163
-1896.538347
-2783.241677
-3866.990190
-3694.575654
-2709.349732
-2610.827140
-2635.457788
-2044.322235
-1945.799643
-2512.304548
-2881.764269
-2684.719084
-2290.628716
-2093.583531
-2167.475476
-2093.583531
-1157.618906
-197.023632
-49.239744
320.219976
1403.968490
1773.428211
886.724881
591.157105
1256.184602
1379.337842
985.247473
1182.292658
1674.905618
1724.166915
1477.860434
1330.076546
1428.599138
1428.599138
1034.508769
246.328032
-197.023632
-49.239744
-467.960761
-1231.510850
-1132.988258
-738.897889
-1256.141498
-2044.322235
-2044.322235
-1970.430291
-2487.673900
-2906.394917
-2586.196492
-1945.799643
-1822.646403
-1871.907699
-1305.402794
-394.068817
468.003865
862.094233
1206.923306
1798.058859
1847.320155
1206.923306
886.724881
1059.139417
1083.770066
541.895809
270.958680
886.724881
1379.337842
1379.337842
1601.013674
2216.779875
2389.194412
1699.536266
837.463585
566.526457
221.697384
-566.483353
-1059.096314
-862.051130
-517.222057
-369.438169
-147.762336
468.003865
985.247473
1059.139417
788.202289
517.265161
468.003865
172.436088
-147.762336
-24.609096
443.373217
788.202289
985.247473
1453.229786
2118.257283
2463.086356
2438.455708
2561.608948
2807.915428
2561.608948
2019.734691
1601.013674
1133.031362
492.634513
-394.068817
-1182.249554
-1551.709275
-1871.907699
-2610.827140
-3325.115933
-3152.701397
-2660.088436
-2733.980380
-2758.611028
-2339.890012
-2364.520660
-2857.133621
-2906.394917
-2339.890012
-1798.015755
-1674.862515
-1600.970571
-1059.096314
-467.960761
-147.762336
24.652200
344.850624
738.940993
911.355529
665.049049
763.571641
1379.337842
1674.905618
1674.905618
1945.842747
2389.194412
2142.887931
1453.229786
1157.662010
1083.770066
689.679697
172.436088
-98.501040
-295.546225
-566.483353
-714.267241
-714.267241
-665.005945
-862.051130
-1330.033442
-1871.907699
-2216.736772
-2512.304548
-2857.133621
-2684.719084
-2093.583531
-1822.646403
-1674.862515
-1157.618906
-221.654281
492.634513
985.247473
1527.121730
1724.166915
1379.337842
911.355529
738.940993
812.832937
812.832937
591.157105
418.742568
714.310345
1403.968490
1650.274970
1674.905618
1995.104043
1921.212099
1280.815250
418.742568
0.021552
-147.762336
-566.483353
-788.159185
-467.960761
-197.023632
0.021552
369.481272
689.679697
837.463585
665.049049
246.328032
-246.284929
-467.960761
-320.176873
-123.131688
197.066736
689.679697
1231.553954
1699.536266
1945.842747
2290.671819
2536.978300
2438.455708
2192.149227
2019.734691
1822.689507
1773.428211
1650.274970
1379.337842
1182.292658
763.571641
-98.501040
-911.312426
-1453.186682
-1921.168995
-2610.827140
-3300.485285
-3448.269174
-3226.593341
-3054.178805
-2783.241677
-2536.935196
-2413.781956
-2413.781956
-2586.196492
-2413.781956
-2093.583531
-1724.123811
-1453.186682
-1231.510850
-689.636593
-172.392984
-24.609096
172.436088
591.157105
985.247473
1034.508769
911.355529
1083.770066
1379.337842
1625.644322
1724.166915
1748.797563
1748.797563
1477.860434
1108.400714
738.940993
541.895809
394.111920
-24.609096
-320.176873
-418.699465
-467.960761
-591.114001
-886.681778
-985.204370
-1256.141498
-1773.385107
-2216.736772
-2586.196492
-2463.043252
-2216.736772
-2068.952883
-1674.862515
-1256.141498
-640.375297
-73.870392
443.373217
1108.400714
1403.968490
1231.553954
911.355529
738.940993
886.724881
911.355529
886.724881
1009.878121
1206.923306
1379.337842
1625.644322
1896.581451
1896.581451
1724.166915
1354.707194
714.310345
246.328032
-24.609096
-172.392984
-221.654281
-123.131688
197.066736
344.850624
295.589328
344.850624
468.003865
369.481272
49.282848
-221.654281
-394.068817
-467.960761
-320.176873
0.021552
566.526457
1034.508769
1477.860434
1699.536266
1650.274970
1674.905618
1650.274970
1502.491082
1477.860434
1674.905618
1674.905618
1527.121730
1601.013674
1674.905618
1502.491082
911.355529
172.436088
-640.375297
-1453.186682
-2044.322235
-2339.890012
-2733.980380
-3177.332045
-3128.070749
-2807.872325
-2216.736772
-1748.754459
-1798.015755
-2044.322235
-2290.628716
-2389.151308
-2315.259364
-2093.583531
-1773.385107
-1403.925386
-1108.357610
-615.744649
0.021552
295.589328
492.634513
714.310345
689.679697
640.418401
689.679697
788.202289
1108.400714
1403.968490
1601.013674
1576.383026
1453.229786
1305.445898
1108.400714
812.832937
541.895809
394.111920
73.913496
-123.131688
-73.870392
-123.131688
-295.546225
-467.960761
-640.375297
-1009.835018
-1527.078627
-1847.277051
-2068.952883
-2192.106124
-2068.952883
-1625.601219
-1083.726962
-689.636593
-394.068817
-73.870392
394.111920
714.310345
763.571641
541.895809
394.111920
295.589328
246.328032
492.634513
689.679697
886.724881
1108.400714
1280.815250
1428.599138
1625.644322
1576.383026
1256.184602
985.247473
615.787753
246.328032
-24.609096
-49.239744
172.436088
320.219976
344.850624
443.373217
369.481272
295.589328
320.219976
197.066736
-73.870392
-320.176873
-320.176873
-221.654281
-197.023632
123.174792
492.634513
640.418401
911.355529
1083.770066
1059.139417
985.247473
911.355529
862.094233
1083.770066
1231.553954
1330.076546
1551.752378
1625.644322
1453.229786
1182.292658
935.986177
418.742568
-443.330113
-1157.618906
-1576.339923
-1699.493163
-1625.601219
-1576.339923
-1576.339923
-1699.493163
-1674.862515
-1403.925386
-1083.726962
-1059.096314
-1453.186682
-1921.168995
-2265.998068
-2093.583531
-1576.339923
-1083.726962
-763.528537
-517.222057
-320.176873
-147.762336
24.652200
147.805440
98.544144
98.544144
123.174792
197.066736
369.481272
591.157105
862.094233
1059.139417
1034.508769
935.986177
812.832937
541.895809
443.373217
394.111920
221.697384
172.436088
98.544144
-49.239744
-123.131688
-172.392984
-221.654281
-492.591409
-763.528537
-985.204370
-1231.510850
-1305.402794
-1157.618906
-960.573722
-738.897889
-541.852705
-369.438169
-147.762336
0.021552
24.652200
-123.131688
-49.239744
246.328032
344.850624
172.436088
73.913496
344.850624
541.895809
492.634513
591.157105
812.832937
788.202289
689.679697
763.571641
738.940993
517.265161
197.066736
246.328032
541.895809
665.049049
517.265161
197.066736
320.219976
862.094233
640.418401
-197.023632
-221.654281
369.481272
369.481272
123.174792
-49.239744
-344.807521
-541.852705
-197.023632
468.003865
862.094233
492.634513
-197.023632
-172.392984
517.265161
1083.770066
1009.878121
369.481272
123.174792
295.589328
98.544144
221.697384
714.310345
541.895809
-73.870392
-197.023632
123.174792
147.805440
147.805440
270.958680
147.805440
-123.131688
-295.546225
-270.915577
-98.501040
0.021552
24.652200
0.021552
73.913496
123.174792
-172.392984
-394.068817
-295.546225
-197.023632
-369.438169
-665.005945
-615.744649
-467.960761
-418.699465
-566.483353
-591.114001
-418.699465
-541.852705
-714.267241
-640.375297
-591.114001
-492.591409
-467.960761
-418.699465
-270.915577
-172.392984
-394.068817
-418.699465
-172.392984
-197.023632
-320.176873
-517.222057
-541.852705
-270.915577
-123.131688
-221.654281
-197.023632
-49.239744
-24.609096
-98.501040
-49.239744
172.436088
295.589328
246.328032
49.282848
73.913496
49.282848
-246.284929
-320.176873
-98.501040
-49.239744
-123.131688
-73.870392
98.544144
270.958680
172.436088
49.282848
-24.609096
-98.501040
-123.131688
-147.762336
-147.762336
-123.131688
-197.023632
-24.609096
344.850624
566.526457
517.265161
320.219976
197.066736
147.805440
24.652200
-73.870392
-98.501040
-24.609096
221.697384
443.373217
418.742568
295.589328
123.174792
-98.501040
73.913496
394.111920
492.634513
418.742568
443.373217
369.481272
123.174792
172.436088
344.850624
468.003865
443.373217
221.697384
0.021552
-73.870392
147.805440
517.265161
566.526457
320.219976
0.021552
0.021552
147.805440
295.589328
369.481272
197.066736
24.652200
221.697384
566.526457
615.787753
443.373217
73.913496
-172.392984
-221.654281
-172.392984
0.021552
147.805440
197.066736
73.913496
49.282848
172.436088
98.544144
-344.807521
-566.483353
-541.852705
-467.960761
-443.330113
-492.591409
-467.960761
-344.807521
-197.023632
-24.609096
-246.284929
-591.114001
-665.005945
-591.114001
-467.960761
-369.438169
-369.438169
-615.744649
-541.852705
-172.392984
24.652200
-24.609096
-221.654281
-320.176873
-295.546225
-98.501040
98.544144
98.544144
-24.609096
-49.239744
123.174792
98.544144
73.913496
98.544144
24.652200
-98.501040
-172.392984
49.282848
295.589328
369.481272
344.850624
172.436088
-49.239744
-295.546225
-320.176873
-98.501040
0.021552
73.913496
-24.609096
-73.870392
221.697384
492.634513
394.111920
221.697384
-98.501040
-344.807521
-98.501040
344.850624
320.219976
-246.284929
-443.330113
-49.239744
443.373217
640.418401
541.895809
49.282848
-320.176873
-98.501040
172.436088
221.697384
0.021552
-295.546225
-197.023632
418.742568
812.832937
320.219976
-517.222057
-541.852705
246.328032
714.310345
492.634513
123.174792
-221.654281
-418.699465
-123.131688
270.958680
344.850624
123.174792
49.282848
394.111920
788.202289
591.157105
49.282848
-147.762336
73.913496
221.697384
73.913496
-123.131688
-98.501040
24.652200
-98.501040
-246.284929
221.697384
738.940993
492.634513
-172.392984
-763.528537
-615.744649
-24.609096
24.652200
-270.915577
-418.699465
-369.438169
-172.392984
0.021552
98.544144
24.652200
-123.131688
-344.807521
-566.483353
-640.375297
-591.114001
-320.176873
-221.654281
-418.699465
-492.591409
-320.176873
98.544144
270.958680
49.282848
-418.699465
-689.636593
-517.222057
-221.654281
-98.501040
-197.023632
-295.546225
-123.131688
197.066736
295.589328
98.544144
-172.392984
-295.546225
-123.131688
123.174792
0.021552
-221.654281
-123.131688
73.913496
295.589328
344.850624
246.328032
197.066736
147.805440
147.805440
123.174792
123.174792
246.328032
246.328032
197.066736
24.652200
49.282848
369.481272
566.526457
369.481272
123.174792
123.174792
98.544144
24.652200
123.174792
320.219976
295.589328
197.066736
344.850624
443.373217
369.481272
221.697384
-98.501040
-344.807521
-270.915577
-24.609096
197.066736
246.328032
344.850624
468.003865
344.850624
172.436088
24.652200
-147.762336
-369.438169
-394.068817
-123.131688
172.436088
270.958680
270.958680
492.634513
665.049049
320.219976
-123.131688
-467.960761
-517.222057
-344.807521
-98.501040
197.066736
468.003865
566.526457
517.265161
320.219976
73.913496
-221.654281
-467.960761
-517.222057
-369.438169
-147.762336
-123.131688
-123.131688
73.913496
147.805440
49.282848
-172.392984
-591.114001
-1034.465666
-985.204370
-640.375297
-369.438169
-221.654281
-147.762336
-246.284929
-270.915577
-369.438169
-443.330113
-566.483353
-763.528537
-862.051130
-689.636593
-246.284929
147.805440
320.219976
295.589328
197.066736
-73.870392
-246.284929
-320.176873
-369.438169
-344.807521
-246.284929
24.652200
172.436088
295.589328
418.742568
394.111920
394.111920
197.066736
-123.131688
-197.023632
-147.762336
-172.392984
-172.392984
24.652200
270.958680
468.003865
468.003865
344.850624
295.589328
197.066736
172.436088
147.805440
123.174792
147.805440
147.805440
123.174792
320.219976
591.157105
566.526457
468.003865
541.895809
714.310345
714.310345
566.526457
394.111920
73.913496
-147.762336
-73.870392
221.697384
295.589328
270.958680
369.481272
541.895809
788.202289
837.463585
468.003865
-24.609096
-394.068817
-467.960761
-320.176873
-172.392984
24.652200
172.436088
197.066736
320.219976
492.634513
369.481272
123.174792
-270.915577
-492.591409
-467.960761
-394.068817
-270.915577
-147.762336
73.913496
197.066736
221.697384
270.958680
147.805440
-98.501040
-369.438169
-492.591409
-394.068817
-295.546225
-246.284929
-467.960761
-640.375297
-467.960761
-270.915577
-221.654281
-320.176873
-344.807521
-320.176873
-591.114001
-615.744649
-418.699465
-492.591409
-689.636593
-788.159185
-738.897889
-615.744649
-492.591409
-295.546225
-147.762336
-98.501040
-270.915577
-418.699465
-394.068817
-369.438169
-418.699465
-467.960761
-443.330113
-147.762336
98.544144
24.652200
24.652200
221.697384
246.328032
98.544144
49.282848
-49.239744
-197.023632
-147.762336
-24.609096
24.652200
73.913496
221.697384
270.958680
443.373217
492.634513
369.481272
221.697384
123.174792
221.697384
270.958680
246.328032
320.219976
320.219976
320.219976
394.111920
492.634513
443.373217
344.850624
369.481272
468.003865
492.634513
566.526457
492.634513
344.850624
270.958680
295.589328
344.850624
369.481272
320.219976
369.481272
541.895809
541.895809
615.787753
665.049049
566.526457
468.003865
344.850624
123.174792
-172.392984
-270.915577
-246.284929
-147.762336
172.436088
418.742568
394.111920
270.958680
270.958680
197.066736
-24.609096
-270.915577
-443.330113
-467.960761
-270.915577
-73.870392
-49.239744
-123.131688
24.652200
123.174792
98.544144
-24.609096
-197.023632
-344.807521
-517.222057
-566.483353
-418.699465
-320.176873
-270.915577
-172.392984
-147.762336
-172.392984
-295.546225
-492.591409
-369.438169
-197.023632
-197.023632
-246.284929
-369.438169
-689.636593
-862.051130
-615.744649
-344.807521
-320.176873
-369.438169
-369.438169
-394.068817
-246.284929
-147.762336
-197.023632
-295.546225
-443.330113
-541.852705
-517.222057
-295.546225
-147.762336
-197.023632
-147.762336
24.652200
344.850624
468.003865
197.066736
-98.501040
-123.131688
-98.501040
-98.501040
-123.131688
-123.131688
24.652200
172.436088
246.328032
344.850624
418.742568
443.373217
394.111920
295.589328
295.589328
197.066736
24.652200
-73.870392
-49.239744
221.697384
320.219976
172.436088
246.328032
468.003865
541.895809
468.003865
369.481272
344.850624
270.958680
98.544144
-49.239744
-98.501040
98.544144
320.219976
344.850624
418.742568
640.418401
689.679697
517.265161
344.850624
147.805440
24.652200
0.021552
49.282848
0.021552
-123.131688
0.021552
246.328032
443.373217
591.157105
443.373217
147.805440
24.652200
-49.239744
-73.870392
-172.392984
-221.654281
-197.023632
-172.392984
-24.609096
73.913496
147.805440
49.282848
-49.239744
-123.131688
-197.023632
-197.023632
-246.284929
-320.176873
-344.807521
-320.176873
-369.438169
-344.807521
-221.654281
-98.501040
-98.501040
-49.239744
-24.609096
-172.392984
-344.807521
-369.438169
-369.438169
-418.699465
-394.068817
-320.176873
-320.176873
-270.915577
-221.654281
-123.131688
-172.392984
-147.762336
-123.131688
-295.546225
