9.337309
9.337309
-18.700027
-32.718695
-4.681359
14.010198
14.010198
-0.008470
-9.354248
23.355977
14.010198
-9.354248
-18.700027
-0.008470
23.355977
9.337309
-18.700027
-14.027137
14.010198
9.337309
-4.681359
-0.008470
-0.008470
-14.027137
18.683088
9.337309
-18.700027
-0.008470
-0.008470
-14.027137
-0.008470
4.664420
-9.354248
-4.681359
-0.008470
-0.008470
-0.008470
4.664420
-9.354248
-14.027137
-18.700027
-0.008470
4.664420
-9.354248
-4.681359
-4.681359
4.664420
18.683088
4.664420
-0.008470
-4.681359
-18.700027
-23.372916
-4.681359
14.010198
-4.681359
-0.008470
9.337309
-28.045805
-18.700027
23.355977
28.028866
-9.354248
-18.700027
-0.008470
-4.681359
-0.008470
-4.681359
-23.372916
-4.681359
-0.008470
-4.681359
9.337309
4.664420
14.010198
-0.008470
-23.372916
-0.008470
23.355977
14.010198
-4.681359
-0.008470
9.337309
4.664420
-9.354248
9.337309
14.010198
4.664420
-4.681359
23.355977
32.701755
-18.700027
-14.027137
23.355977
9.337309
-0.008470
-0.008470
-0.008470
-0.008470
-18.700027
-0.008470
23.355977
9.337309
-14.027137
-28.045805
9.337309
37.374645
-4.681359
-23.372916
4.664420
-0.008470
-9.354248
-14.027137
18.683088
32.701755
-0.008470
-23.372916
4.664420
37.374645
14.010198
-23.372916
-4.681359
9.337309
-0.008470
9.337309
23.355977
32.701755
-4.681359
-46.737362
-14.027137
28.028866
-4.681359
-28.045805
14.010198
56.066202
4.664420
-65.428920
-37.391584
32.701755
23.355977
-28.045805
-46.737362
-4.681359
32.701755
18.683088
-0.008470
-4.681359
-4.681359
14.010198
-0.008470
-28.045805
-4.681359
14.010198
4.664420
4.664420
14.010198
-0.008470
-23.372916
18.683088
37.374645
-4.681359
-42.064473
-51.410252
18.683088
51.393312
-9.354248
-28.045805
18.683088
28.028866
-9.354248
-0.008470
18.683088
-23.372916
-28.045805
9.337309
14.010198
-9.354248
-14.027137
9.337309
9.337309
-9.354248
-9.354248
-4.681359
-4.681359
-14.027137
-14.027137
9.337309
9.337309
-18.700027
4.664420
42.047534
42.047534
-4.681359
-28.045805
14.010198
28.028866
-18.700027
-32.718695
-4.681359
37.374645
9.337309
-28.045805
18.683088
70.084870
18.683088
-46.737362
-23.372916
18.683088
14.010198
-9.354248
-14.027137
14.010198
28.028866
-4.681359
-4.681359
9.337309
42.047534
-0.008470
-18.700027
18.683088
4.664420
-18.700027
-23.372916
9.337309
23.355977
-0.008470
-4.681359
-0.008470
14.010198
-4.681359
-23.372916
-9.354248
32.701755
9.337309
-46.737362
-14.027137
32.701755
9.337309
-18.700027
-14.027137
-18.700027
-14.027137
4.664420
37.374645
28.028866
-14.027137
-42.064473
-23.372916
32.701755
18.683088
-42.064473
-32.718695
-0.008470
14.010198
23.355977
14.010198
14.010198
14.010198
-18.700027
-28.045805
-4.681359
18.683088
32.701755
14.010198
-18.700027
-18.700027
4.664420
18.683088
28.028866
23.355977
-32.718695
-42.064473
-14.027137
18.683088
23.355977
-18.700027
-23.372916
4.664420
4.664420
-14.027137
-23.372916
14.010198
28.028866
-0.008470
-18.700027
-14.027137
-23.372916
18.683088
51.393312
-9.354248
-37.391584
-0.008470
9.337309
23.355977
18.683088
-37.391584
-51.410252
-18.700027
37.374645
28.028866
-46.737362
-23.372916
28.028866
28.028866
-18.700027
-51.410252
4.664420
37.374645
-9.354248
-18.700027
14.010198
-0.008470
-0.008470
-0.008470
-0.008470
4.664420
-9.354248
-14.027137
-4.681359
-0.008470
4.664420
18.683088
4.664420
-23.372916
9.337309
18.683088
-14.027137
9.337309
14.010198
-9.354248
-9.354248
4.664420
9.337309
18.683088
32.701755
-4.681359
-23.372916
-0.008470
32.701755
18.683088
-18.700027
-9.354248
9.337309
-0.008470
-23.372916
-4.681359
32.701755
4.664420
-46.737362
-23.372916
60.739091
56.066202
-37.391584
-46.737362
37.374645
46.720423
-28.045805
-42.064473
14.010198
28.028866
9.337309
-0.008470
14.010198
28.028866
-4.681359
-14.027137
14.010198
4.664420
-9.354248
-4.681359
-0.008470
-0.008470
4.664420
-0.008470
4.664420
4.664420
4.664420
-0.008470
-18.700027
-0.008470
23.355977
-0.008470
-9.354248
-4.681359
4.664420
14.010198
14.010198
-9.354248
-51.410252
-9.354248
37.374645
-14.027137
-56.083141
-28.045805
18.683088
37.374645
14.010198
-23.372916
-18.700027
4.664420
14.010198
-4.681359
-18.700027
-32.718695
-23.372916
-9.354248
23.355977
37.374645
-18.700027
-23.372916
14.010198
-14.027137
-14.027137
4.664420
-0.008470
14.010198
-14.027137
-9.354248
28.028866
-14.027137
-18.700027
14.010198
18.683088
-14.027137
-23.372916
18.683088
14.010198
-4.681359
-4.681359
-28.045805
-18.700027
23.355977
51.393312
-0.008470
-51.410252
-23.372916
32.701755
56.066202
9.337309
-51.410252
-9.354248
28.028866
-4.681359
-23.372916
-4.681359
42.047534
9.337309
-46.737362
-0.008470
60.739091
23.355977
-84.120477
-70.101809
70.084870
74.757759
-37.391584
-46.737362
46.720423
56.066202
-23.372916
-37.391584
14.010198
46.720423
-32.718695
-65.428920
14.010198
56.066202
9.337309
-42.064473
-23.372916
37.374645
51.393312
-23.372916
-60.756030
9.337309
42.047534
-18.700027
-28.045805
4.664420
46.720423
56.066202
-9.354248
-46.737362
18.683088
32.701755
-4.681359
-51.410252
-32.718695
37.374645
14.010198
-23.372916
-9.354248
18.683088
23.355977
-32.718695
-28.045805
14.010198
18.683088
4.664420
-14.027137
-18.700027
-0.008470
18.683088
-9.354248
-9.354248
9.337309
-23.372916
-37.391584
-4.681359
51.393312
14.010198
-42.064473
-14.027137
14.010198
14.010198
-0.008470
-9.354248
-4.681359
-4.681359
-14.027137
-4.681359
14.010198
14.010198
-18.700027
-51.410252
-28.045805
46.720423
32.701755
-32.718695
-46.737362
9.337309
37.374645
-9.354248
-14.027137
42.047534
28.028866
-42.064473
-46.737362
37.374645
46.720423
-42.064473
-51.410252
-4.681359
28.028866
28.028866
9.337309
9.337309
-0.008470
-9.354248
-32.718695
-32.718695
32.701755
37.374645
-28.045805
-32.718695
14.010198
60.739091
42.047534
-42.064473
-51.410252
18.683088
32.701755
-9.354248
-18.700027
-4.681359
4.664420
9.337309
-9.354248
4.664420
18.683088
-14.027137
-18.700027
18.683088
9.337309
-23.372916
-18.700027
37.374645
56.066202
9.337309
-23.372916
-4.681359
4.664420
4.664420
-0.008470
-4.681359
-0.008470
-4.681359
-0.008470
23.355977
18.683088
-23.372916
-18.700027
28.028866
23.355977
-46.737362
-37.391584
32.701755
42.047534
-18.700027
-51.410252
23.355977
42.047534
-42.064473
-51.410252
37.374645
60.739091
-32.718695
-65.428920
14.010198
56.066202
4.664420
-14.027137
18.683088
14.010198
-42.064473
-37.391584
14.010198
18.683088
-4.681359
-9.354248
-4.681359
-9.354248
-0.008470
18.683088
14.010198
-18.700027
-42.064473
-0.008470
56.066202
28.028866
-37.391584
-18.700027
46.720423
9.337309
-28.045805
-0.008470
-0.008470
-23.372916
-28.045805
37.374645
70.084870
-23.372916
-65.428920
-0.008470
60.739091
51.393312
-18.700027
-51.410252
-14.027137
37.374645
32.701755
-4.681359
14.010198
4.664420
-60.756030
-23.372916
65.411980
42.047534
-18.700027
-32.718695
-23.372916
28.028866
51.393312
-0.008470
-37.391584
-18.700027
9.337309
-14.027137
-28.045805
4.664420
32.701755
-9.354248
-37.391584
4.664420
28.028866
-23.372916
-70.101809
-14.027137
37.374645
9.337309
-46.737362
-42.064473
23.355977
70.084870
-0.008470
-51.410252
-32.718695
-4.681359
51.393312
18.683088
-56.083141
-14.027137
14.010198
-14.027137
9.337309
51.393312
-0.008470
-79.447587
-28.045805
79.430648
65.411980
-51.410252
-74.774698
-4.681359
74.757759
74.757759
-4.681359
-70.101809
-56.083141
23.355977
70.084870
28.028866
-0.008470
-14.027137
-9.354248
32.701755
46.720423
46.720423
-23.372916
-93.466255
-51.410252
56.066202
98.122205
-0.008470
-88.793366
-28.045805
56.066202
70.084870
-9.354248
-65.428920
-14.027137
32.701755
14.010198
-9.354248
-14.027137
9.337309
28.028866
14.010198
9.337309
4.664420
-4.681359
-14.027137
-0.008470
14.010198
9.337309
-18.700027
-23.372916
28.028866
14.010198
-32.718695
-14.027137
18.683088
-4.681359
-46.737362
-4.681359
65.411980
23.355977
-70.101809
-65.428920
23.355977
84.103537
18.683088
-70.101809
-60.756030
-4.681359
42.047534
37.374645
-9.354248
-32.718695
-23.372916
9.337309
23.355977
9.337309
-0.008470
-4.681359
-23.372916
14.010198
23.355977
-37.391584
-32.718695
28.028866
23.355977
-9.354248
-23.372916
4.664420
32.701755
-0.008470
-28.045805
-14.027137
-4.681359
23.355977
37.374645
-9.354248
-37.391584
-28.045805
-4.681359
23.355977
37.374645
-9.354248
-65.428920
-14.027137
18.683088
28.028866
23.355977
-23.372916
-28.045805
-4.681359
32.701755
14.010198
-14.027137
14.010198
-4.681359
-28.045805
4.664420
28.028866
32.701755
-4.681359
-28.045805
-28.045805
-23.372916
32.701755
51.393312
4.664420
-37.391584
-23.372916
18.683088
28.028866
4.664420
-28.045805
-32.718695
9.337309
32.701755
-9.354248
-9.354248
9.337309
-23.372916
-18.700027
18.683088
9.337309
14.010198
4.664420
-28.045805
-18.700027
46.720423
28.028866
-46.737362
-42.064473
-0.008470
46.720423
46.720423
-18.700027
-37.391584
-23.372916
14.010198
42.047534
-4.681359
-42.064473
-9.354248
9.337309
-4.681359
-4.681359
28.028866
28.028866
-23.372916
-28.045805
28.028866
37.374645
-23.372916
-28.045805
-9.354248
-9.354248
14.010198
46.720423
28.028866
-56.083141
-65.428920
32.701755
74.757759
28.028866
-60.756030
-79.447587
-18.700027
74.757759
98.122205
-14.027137
-116.830702
-46.737362
70.084870
84.103537
18.683088
-60.756030
-42.064473
-0.008470
-18.700027
14.010198
79.430648
14.010198
-88.793366
-37.391584
79.430648
98.122205
-14.027137
-116.830702
-65.428920
42.047534
70.084870
65.411980
-18.700027
-116.830702
-79.447587
70.084870
154.196877
28.028866
-98.139145
-65.428920
4.664420
32.701755
37.374645
-4.681359
-42.064473
-9.354248
18.683088
4.664420
14.010198
14.010198
-23.372916
-60.756030
-9.354248
51.393312
28.028866
-18.700027
-37.391584
-32.718695
9.337309
65.411980
37.374645
-37.391584
-74.774698
-14.027137
56.066202
23.355977
-51.410252
-79.447587
-0.008470
102.795095
60.739091
-74.774698
-88.793366
28.028866
74.757759
-0.008470
-51.410252
-23.372916
14.010198
37.374645
65.411980
32.701755
-51.410252
-98.139145
-18.700027
102.795095
93.449316
-23.372916
-112.157812
-79.447587
14.010198
88.776427
84.103537
-9.354248
-56.083141
-23.372916
18.683088
-14.027137
-51.410252
4.664420
42.047534
-0.008470
-32.718695
-4.681359
42.047534
60.739091
23.355977
-9.354248
-28.045805
-79.447587
-116.830702
-18.700027
121.486652
93.449316
4.664420
-28.045805
-65.428920
-56.083141
32.701755
84.103537
-4.681359
-60.756030
-0.008470
18.683088
14.010198
-0.008470
4.664420
18.683088
-0.008470
4.664420
18.683088
-37.391584
-51.410252
4.664420
23.355977
-9.354248
28.028866
74.757759
-0.008470
-88.793366
-28.045805
74.757759
65.411980
-32.718695
-51.410252
-28.045805
-0.008470
14.010198
-9.354248
4.664420
23.355977
4.664420
9.337309
23.355977
-18.700027
-102.812034
-65.428920
56.066202
56.066202
18.683088
70.084870
-9.354248
-149.540927
-37.391584
112.140873
121.486652
247.654662
135.505320
-710.287640
-1200.941015
102.795095
1700.923229
1196.251186
-616.829855
-1327.109025
-677.577415
214.944437
845.784490
813.074265
-102.812034
-953.277883
-663.558747
322.420891
728.962258
420.551566
4.664420
-406.549837
-616.829855
-182.251152
457.934680
453.261791
9.337309
-228.980044
-182.251152
-88.793366
70.084870
233.635994
182.234212
-79.447587
-275.708937
-214.961377
32.701755
228.963105
191.579991
-28.045805
-186.924041
-140.195148
51.393312
182.234212
130.832430
-107.484923
-224.307155
-32.718695
14.010198
-46.737362
261.673330
294.383555
-509.353401
-864.492987
149.523987
1023.354283
528.028019
-392.531169
-630.848523
-364.493834
126.159541
686.906255
401.860009
-584.119630
-658.885858
271.019109
696.252033
228.963105
-238.325823
-570.100962
-724.306308
51.393312
1163.540961
822.420044
-663.558747
-1144.866343
-233.652934
649.523140
785.036930
341.112448
-457.951619
-887.857433
-336.456498
602.794248
738.308037
112.140873
-294.400494
-383.185391
-285.054716
163.542655
537.373798
261.673330
-322.437830
-429.914283
-84.120477
228.963105
317.748001
116.813762
-182.251152
-224.307155
-70.101809
65.411980
144.851098
177.561323
32.701755
-233.652934
-224.307155
42.047534
135.505320
23.355977
46.720423
135.505320
-0.008470
-182.251152
-107.484923
9.337309
28.028866
60.739091
60.739091
-28.045805
-102.812034
-28.045805
135.505320
210.271548
70.084870
-242.998712
-369.166723
-60.756030
327.093780
299.056444
14.010198
-200.942709
-275.708937
-102.812034
200.925769
233.635994
18.683088
-158.886705
-168.232484
-32.718695
130.832430
163.542655
18.683088
-135.522259
-163.559594
-14.027137
140.178209
107.467984
-32.718695
-154.213816
-140.195148
-4.681359
144.851098
116.813762
-46.737362
-102.812034
-56.083141
-60.756030
-42.064473
46.720423
84.103537
42.047534
-37.391584
-56.083141
-4.681359
-4.681359
-28.045805
9.337309
9.337309
4.664420
70.084870
84.103537
-46.737362
-172.905373
-70.101809
116.813762
182.234212
65.411980
-70.101809
-84.120477
-32.718695
56.066202
121.486652
4.664420
-140.195148
-56.083141
126.159541
140.178209
37.374645
-32.718695
-74.774698
-65.428920
56.066202
158.869766
116.813762
-88.793366
-200.942709
4.664420
214.944437
116.813762
-28.045805
-32.718695
-23.372916
-28.045805
51.393312
112.140873
23.355977
-28.045805
-32.718695
-79.447587
-93.466255
23.355977
182.234212
126.159541
-74.774698
-144.868037
-93.466255
-32.718695
14.010198
23.355977
-28.045805
-79.447587
-98.139145
-74.774698
18.683088
130.832430
56.066202
-205.615598
-228.980044
51.393312
242.981773
74.757759
-200.942709
-224.307155
-28.045805
144.851098
182.234212
84.103537
-130.849369
-228.980044
-37.391584
158.869766
191.579991
32.701755
-144.868037
-149.540927
18.683088
149.523987
79.430648
-4.681359
-28.045805
-88.793366
-84.120477
74.757759
126.159541
-51.410252
-126.176480
4.664420
56.066202
32.701755
23.355977
14.010198
14.010198
-14.027137
-65.428920
-14.027137
121.486652
144.851098
28.028866
-107.484923
-98.139145
79.430648
163.542655
107.467984
4.664420
-93.466255
-102.812034
9.337309
112.140873
102.795095
28.028866
-60.756030
-121.503591
-4.681359
140.178209
56.066202
-70.101809
-60.756030
46.720423
56.066202
-28.045805
-14.027137
46.720423
37.374645
-0.008470
-14.027137
-28.045805
-0.008470
88.776427
102.795095
-60.756030
-182.251152
-28.045805
149.523987
84.103537
-37.391584
-42.064473
-70.101809
-98.139145
9.337309
126.159541
56.066202
-121.503591
-191.596930
-130.849369
-28.045805
32.701755
23.355977
-116.830702
-242.998712
-158.886705
-14.027137
9.337309
-9.354248
-74.774698
-210.288487
-233.652934
18.683088
289.710666
172.888434
-177.578262
-280.381826
-51.410252
172.888434
177.561323
70.084870
-37.391584
-98.139145
-70.101809
70.084870
130.832430
42.047534
-70.101809
-51.410252
65.411980
112.140873
28.028866
-32.718695
14.010198
102.795095
121.486652
112.140873
98.122205
84.103537
70.084870
70.084870
116.813762
126.159541
116.813762
135.505320
163.542655
135.505320
107.467984
144.851098
158.869766
112.140873
70.084870
130.832430
219.617327
163.542655
32.701755
70.084870
93.449316
-42.064473
-126.176480
-9.354248
70.084870
-102.812034
-228.980044
-116.830702
-93.466255
-303.746273
-429.914283
-317.764941
-196.269819
-224.307155
-313.092051
-299.073384
-266.363159
-317.764941
-359.820944
-242.998712
-88.793366
-74.774698
-126.176480
-121.503591
-65.428920
-51.410252
-56.083141
-4.681359
98.122205
112.140873
32.701755
32.701755
84.103537
70.084870
98.122205
126.159541
98.122205
84.103537
107.467984
98.122205
32.701755
23.355977
93.449316
121.486652
98.122205
42.047534
28.028866
56.066202
46.720423
14.010198
32.701755
144.851098
242.981773
182.234212
28.028866
18.683088
210.271548
331.766669
285.037777
280.364887
406.532898
406.532898
191.579991
135.505320
350.458226
523.355130
415.878676
238.308884
228.963105
247.654662
140.178209
18.683088
-32.718695
-70.101809
-149.540927
-242.998712
-364.493834
-453.278730
-434.587173
-523.372069
-612.156965
-500.007623
-322.437830
-313.092051
-457.951619
-584.119630
-551.409405
-406.549837
-214.961377
-46.737362
18.683088
-65.428920
-172.905373
-116.830702
9.337309
46.720423
88.776427
121.486652
158.869766
238.308884
238.308884
144.851098
130.832430
177.561323
144.851098
65.411980
79.430648
98.122205
14.010198
-107.484923
-154.213816
-79.447587
-51.410252
-130.849369
-168.232484
-140.195148
-182.251152
-280.381826
-341.129387
-327.110719
-238.325823
-70.101809
70.084870
79.430648
-4.681359
-60.756030
9.337309
112.140873
200.925769
359.804005
481.299126
415.878676
285.037777
275.691998
373.822673
411.205787
383.168451
355.131116
392.514230
429.897344
331.766669
247.654662
308.402223
355.131116
294.383555
247.654662
327.093780
313.075112
88.776427
-28.045805
98.122205
144.851098
-116.830702
-364.493834
-308.419162
-383.185391
-724.306308
-813.091204
-518.699180
-271.036048
-261.690269
-359.820944
-476.643176
-635.521412
-780.380979
-649.540080
-163.559594
228.963105
261.673330
102.795095
14.010198
28.028866
65.411980
172.888434
308.402223
327.093780
299.056444
345.785337
471.953348
406.532898
98.122205
-107.484923
-9.354248
158.869766
186.907102
102.795095
4.664420
-140.195148
-355.148055
-434.587173
-247.671601
-37.391584
-14.027137
-205.615598
-420.568505
-509.353401
-467.297398
-285.054716
-177.578262
-411.222726
-672.904526
-574.773851
-228.980044
126.159541
308.402223
308.402223
168.215544
-112.157812
-228.980044
84.103537
518.682241
635.504473
373.822673
177.561323
336.439559
556.065355
443.916012
74.757759
-79.447587
88.776427
154.196877
130.832430
242.981773
233.635994
-0.008470
-121.503591
79.430648
341.112448
275.691998
37.374645
-4.681359
84.103537
219.617327
411.205787
532.700908
504.663573
364.476894
336.439559
495.317794
668.214698
682.233365
425.224455
-14.027137
-378.512501
-747.670755
-1032.717001
-523.372069
462.607569
415.878676
-546.736515
-1074.773004
-1060.754336
-1056.081447
-1037.389890
-710.287640
-70.101809
257.000441
-70.101809
-336.456498
-154.213816
-98.139145
-397.204058
-485.988955
28.028866
612.140026
710.270701
509.336462
294.383555
84.103537
37.374645
238.308884
504.663573
602.794248
401.860009
102.795095
-46.737362
-60.756030
-42.064473
-84.120477
-130.849369
-112.157812
-51.410252
-18.700027
-163.559594
-490.661844
-672.904526
-644.867190
-528.044958
-252.344491
18.683088
-149.540927
-813.091204
-1046.735668
-257.017380
471.953348
177.561323
-668.231637
-892.530322
56.066202
855.130269
542.046687
457.934680
845.784490
415.878676
-537.390737
-415.895616
948.588054
1392.512536
107.467984
-785.053869
-37.391584
976.625390
663.541808
-261.690269
-322.437830
65.411980
-93.466255
-242.998712
336.439559
794.382708
186.907102
-598.138298
-308.419162
560.738244
822.420044
415.878676
88.776427
135.505320
224.290216
355.131116
752.326705
976.625390
602.794248
228.963105
373.822673
598.121358
495.317794
364.476894
149.523987
-995.333886
-2135.518871
-1154.212122
789.709819
1065.410286
-191.596930
-1327.109025
-1485.987261
-1224.305461
-1224.305461
-901.876101
-56.083141
257.000441
-205.615598
-439.260062
-46.737362
317.748001
-56.083141
-733.652087
-621.502744
308.402223
1088.774733
1116.812068
616.812915
23.355977
-252.344491
60.739091
714.943590
976.625390
514.009351
-60.756030
-205.615598
-200.942709
-191.596930
-51.410252
-74.774698
-373.839612
-476.643176
-154.213816
70.084870
-214.961377
-691.596083
-957.950772
-915.894769
-742.997865
-546.736515
-88.793366
266.346219
-74.774698
-551.409405
-266.363159
257.000441
-177.578262
-892.530322
-228.980044
1116.812068
1350.456533
612.140026
289.710666
453.261791
70.084870
-523.372069
-60.756030
967.279612
981.298279
42.047534
-299.073384
271.019109
481.299126
-9.354248
-214.961377
144.851098
205.598659
-233.652934
-299.073384
172.888434
313.075112
-84.120477
-46.737362
616.812915
785.036930
285.037777
158.869766
574.756912
621.485805
233.635994
490.644905
1271.017415
1233.634301
523.355130
369.149784
897.186272
789.709819
-1140.193454
-3070.096727
-1873.837071
957.933833
1401.858315
-116.830702
-985.988108
-1289.725911
-1892.528628
-2196.266432
-1186.922347
415.878676
630.831583
-467.297398
-771.035201
-0.008470
415.878676
70.084870
-518.699180
-602.811187
140.178209
1116.812068
1584.100997
1102.793401
-51.410252
-733.652087
-233.652934
901.859162
1453.260097
887.840494
-51.410252
-523.372069
-514.026290
-322.437830
-37.391584
37.374645
-364.493834
-696.268972
-420.568505
18.683088
-98.139145
-630.848523
-1000.006776
-1046.735668
-640.194301
-84.120477
-107.484923
-369.166723
-485.988955
-878.511654
-752.343644
359.804005
1004.662726
602.794248
-0.008470
-186.924041
126.159541
532.700908
728.962258
836.438712
841.111601
574.756912
228.963105
112.140873
46.720423
-168.232484
-261.690269
9.337309
476.626237
677.560476
378.495562
-191.596930
-658.885858
-682.250305
-289.727605
285.037777
677.560476
579.429801
140.178209
-116.830702
-18.700027
261.673330
551.392466
766.345372
850.457379
789.709819
728.962258
822.420044
752.326705
420.551566
490.644905
1004.662726
1121.484958
-4.681359
-2443.929563
-3336.451416
-757.016533
1546.717882
845.784490
-635.521412
-1322.436136
-1612.155271
-1878.509960
-1901.874407
-850.474319
457.934680
214.944437
-640.194301
-98.139145
925.223608
644.850251
-640.194301
-1429.912590
-626.175633
1130.830736
2056.062814
1719.614786
621.485805
-565.428073
-649.540080
397.187119
1373.820979
1378.493868
341.112448
-588.792519
-495.334733
-154.213816
-102.812034
-214.961377
-616.829855
-934.586326
-570.100962
158.869766
397.187119
-285.054716
-1289.725911
-1598.136604
-981.315219
-23.372916
537.373798
453.261791
-112.157812
-1345.800582
-2112.154425
-331.783609
2238.305496
1939.240582
-490.661844
-1546.734822
-144.868037
1107.466290
523.355130
462.607569
1714.941896
1271.017415
-990.660997
-1345.800582
897.186272
1799.053903
-322.437830
-1836.453957
-219.634266
1808.399682
1266.344525
-439.260062
-929.913436
-696.268972
-752.343644
-341.129387
1018.681394
1696.250339
411.205787
-1004.679665
-584.119630
710.270701
1275.690304
1070.083176
873.821826
836.438712
546.719576
635.504473
1364.475200
1285.036083
331.766669
70.084870
523.355130
-32.718695
-2093.462867
-2719.630031
-542.063626
878.494715
-196.269819
-1172.903679
-1000.006776
-1065.427226
-1967.294857
-2378.509114
-1018.698333
528.028019
228.963105
-462.624508
322.420891
999.989836
112.140873
-906.548990
-728.979197
280.364887
1285.036083
1663.540114
1322.419197
602.794248
-130.849369
-172.905373
565.411133
1056.064508
789.709819
116.813762
-425.241394
-406.549837
-228.980044
-275.708937
-373.839612
-658.885858
-803.745426
-350.475166
65.411980
-116.830702
-724.306308
-1336.454804
-1341.127693
-686.923194
98.122205
570.084023
331.766669
-747.670755
-1616.828161
-855.147208
457.934680
733.635147
822.420044
1009.335615
429.897344
-289.727605
-32.718695
775.691151
887.840494
397.187119
336.439559
752.326705
850.457379
154.196877
-588.792519
-696.268972
-556.082294
-79.447587
766.345372
985.971169
135.505320
-901.876101
-1116.829008
-439.260062
294.383555
593.448469
686.906255
574.756912
224.290216
126.159541
401.860009
817.747155
1079.428954
883.167604
911.204940
1481.297432
1387.839647
728.962258
528.028019
546.719576
51.393312
-1481.314372
-2883.181156
-1710.285946
855.130269
1130.830736
-551.409405
-1649.538386
-1878.509960
-1925.238853
-1864.491293
-1158.885011
56.066202
359.804005
-364.493834
-462.624508
355.131116
887.840494
364.476894
-700.941862
-794.399647
415.878676
1691.577450
2056.062814
1051.391619
-331.783609
-481.316066
392.514230
1200.924076
1345.783643
682.233365
-355.148055
-911.221879
-714.960530
-205.615598
18.683088
-261.690269
-710.287640
-925.240547
-626.175633
-140.195148
-252.344491
-911.221879
-1350.473472
-1130.847676
-369.166723
429.897344
602.794248
182.234212
-322.437830
-733.652087
-747.670755
-322.437830
46.720423
560.738244
981.298279
658.868919
397.187119
635.504473
602.794248
42.047534
-228.980044
457.934680
1028.027172
528.028019
-135.522259
-247.671601
-116.830702
-214.961377
-322.437830
140.178209
644.850251
289.710666
-528.044958
-831.782762
-397.204058
140.178209
406.532898
630.831583
771.018262
616.812915
345.785337
280.364887
313.075112
607.467137
1210.269854
1383.166757
1317.746308
1387.839647
971.952501
476.626237
593.448469
560.738244
-757.016533
-2883.181156
-2915.891381
-144.868037
1584.100997
392.514230
-1453.277036
-2121.500203
-2098.135757
-2098.135757
-1565.426379
-271.036048
439.243123
-191.596930
-761.689422
93.449316
1168.213851
859.803158
-271.036048
-864.492987
-294.400494
1182.232518
2280.361499
1714.941896
135.505320
-677.577415
-210.288487
1051.391619
1841.109907
1042.045840
-331.783609
-1065.427226
-1051.408558
-429.914283
56.066202
-18.700027
-532.717848
-1149.539233
-1000.006776
-214.961377
79.430648
-528.044958
-1303.744579
-1378.510807
-668.231637
261.673330
700.924922
532.700908
-247.671601
-1523.370375
-1546.734822
196.252880
1392.512536
1285.036083
752.326705
200.925769
-84.120477
-60.756030
387.841341
887.840494
887.840494
588.775580
252.327552
210.271548
172.888434
-350.475166
-719.633419
-556.082294
-42.064473
537.373798
756.999594
434.570233
-439.260062
-1172.903679
-859.820097
93.449316
845.784490
1088.774733
742.980926
252.327552
112.140873
130.832430
434.570233
1252.325858
1598.119664
1256.998747
1261.671636
1261.671636
841.111601
654.196030
593.448469
200.925769
-1275.707243
-3163.554513
-2359.817556
537.373798
1252.325858
-331.783609
-1686.921500
-2299.069996
-2261.686881
-1817.762400
-1023.371222
112.140873
308.402223
-574.773851
-626.175633
383.168451
1135.503626
878.494715
-331.783609
-1000.006776
-84.120477
1537.372104
2499.987296
1705.596118
-135.522259
-794.399647
135.505320
1294.381861
1499.988990
602.794248
-420.568505
-1000.006776
-1018.698333
-467.297398
168.215544
93.449316
-827.109872
-1500.005929
-967.296551
14.010198
144.851098
-635.521412
-1378.510807
-1289.725911
-528.044958
341.112448
780.364040
434.570233
-238.325823
-1070.100115
-1556.080600
-275.708937
1383.166757
1266.344525
476.626237
238.308884
355.131116
378.495562
336.439559
462.607569
443.916012
378.495562
257.000441
42.047534
219.617327
102.795095
-514.026290
-677.577415
-327.110719
373.822673
771.018262
275.691998
-514.026290
-911.221879
-485.988955
327.093780
785.036930
901.859162
775.691151
471.953348
130.832430
168.215544
808.401376
1238.307190
1154.195183
1214.942743
1439.241429
1537.372104
1355.129422
738.308037
247.654662
-584.119630
-2845.798042
-3584.114548
-705.614751
1532.699214
747.653815
-911.221879
-2065.425532
-2303.742885
-2140.191760
-1785.052175
-616.829855
299.056444
93.449316
-247.671601
23.355977
761.672483
943.915165
14.010198
-836.455651
-378.512501
995.316947
2135.501932
2177.557935
682.233365
-906.548990
-630.848523
794.382708
1574.755218
1177.559629
46.720423
-719.633419
-859.820097
-836.455651
-429.914283
-102.812034
-518.699180
-1065.427226
-1004.679665
-289.727605
210.271548
-350.475166
-1257.015686
-1565.426379
-934.586326
261.673330
845.784490
593.448469
32.701755
-537.390737
-1014.025444
-808.418315
724.289369
1485.970322
257.000441
-224.307155
560.738244
799.055597
471.953348
359.804005
462.607569
177.561323
-28.045805
242.981773
317.748001
112.140873
-429.914283
-841.128540
-378.512501
443.916012
658.868919
182.234212
-289.727605
-635.521412
-724.306308
56.066202
873.821826
799.055597
350.458226
266.346219
663.541808
948.588054
850.457379
803.728487
981.298279
1046.718729
1163.540961
1668.213004
1831.764128
1051.391619
126.159541
-607.484076
-1990.659303
-3317.759859
-2228.976657
392.514230
985.971169
-350.475166
-1415.893922
-1953.276189
-2163.556207
-2051.406864
-1429.912590
-233.652934
471.953348
285.037777
280.364887
705.597812
822.420044
341.112448
-378.512501
-514.026290
261.673330
1579.428107
2336.436171
1443.914318
-74.774698
-621.502744
-70.101809
883.167604
1014.008504
224.290216
-420.568505
-724.306308
-752.343644
-532.717848
-397.204058
-593.465408
-995.333886
-1032.717001
-504.680512
93.449316
88.776427
-686.923194
-1322.436136
-1004.679665
-116.830702
626.158694
813.074265
504.663573
-579.446740
-1481.314372
-163.559594
1719.614786
1542.044993
-0.008470
-1130.847676
-570.100962
574.756912
630.831583
630.831583
1242.980079
897.186272
-841.128540
-1219.632572
560.738244
999.989836
-658.885858
-1434.585479
-275.708937
1168.213851
1121.484958
224.290216
-257.017380
-654.212969
-967.296551
-345.802276
1028.027172
1518.680547
574.756912
-186.924041
289.710666
1074.756065
1247.652968
1112.139179
883.167604
686.906255
995.316947
1602.792554
1771.016568
1191.578297
84.103537
-1289.725911
-2672.901138
-3158.881623
-1705.613057
383.168451
644.850251
-570.100962
-1429.912590
-1686.921500
-1794.397953
-1859.818403
-1588.790825
-719.633419
322.420891
943.915165
1219.615633
1252.325858
742.980926
-112.157812
-677.577415
-556.082294
514.009351
1906.530357
2242.978385
1238.307190
-158.886705
-532.717848
79.430648
355.131116
112.140873
-336.456498
-565.428073
-341.129387
-289.727605
-518.699180
-757.016533
-948.604994
-1042.062779
-878.511654
-130.849369
457.934680
65.411980
-626.175633
-901.876101
-495.334733
322.420891
710.270701
495.317794
158.869766
37.374645
-425.241394
-859.820097
247.654662
1462.605875
976.625390
-4.681359
-906.548990
-901.876101
313.075112
485.972016
9.337309
742.980926
1392.512536
74.757759
-1523.370375
-859.820097
186.907102
-355.148055
-719.633419
271.019109
1528.026325
1359.802311
-56.083141
-794.399647
-588.792519
-261.690269
112.140873
911.204940
1616.811222
1271.017415
485.972016
383.168451
822.420044
906.532051
831.765822
1046.718729
1102.793401
1172.886740
1514.007657
1331.764975
163.542655
-1556.080600
-3289.722523
-3906.543908
-2144.864649
271.019109
747.653815
214.944437
-514.026290
-1948.603300
-2789.723370
-2191.593542
-1051.408558
74.757759
887.840494
1411.204093
1766.343679
1453.260097
528.028019
-261.690269
-635.521412
-350.475166
644.850251
1817.745461
2200.922382
1252.325858
-102.812034
-738.324976
-644.867190
-523.372069
-686.923194
-677.577415
-462.624508
-233.652934
-51.410252
-495.334733
-1252.342797
-1443.931257
-1200.941015
-719.633419
-102.812034
485.972016
775.691151
378.495562
-200.942709
-299.073384
56.066202
341.112448
-116.830702
-313.092051
495.317794
355.131116
-289.727605
560.738244
1140.176515
168.215544
-607.484076
-247.671601
168.215544
-116.830702
51.393312
850.457379
887.840494
140.178209
-453.278730
-467.297398
-556.082294
-808.418315
-322.437830
341.112448
518.682241
598.121358
514.009351
266.346219
-32.718695
-130.849369
242.981773
560.738244
752.326705
1149.522293
1056.064508
616.812915
761.672483
939.242276
733.635147
724.289369
1093.447622
1443.914318
1219.615633
752.326705
495.317794
-789.726758
-3584.114548
-5000.000000
-2953.274495
-79.447587
728.962258
476.626237
32.701755
-1210.286793
-2364.490446
-2644.863803
-2014.023750
-140.195148
1785.035236
2345.781949
2144.847710
1691.577450
598.121358
-635.521412
-915.894769
-336.456498
719.616480
2116.810375
2308.398835
887.840494
-177.578262
-588.792519
-1014.025444
-1032.717001
-733.652087
-630.848523
-710.287640
-612.156965
-401.876948
-565.428073
-845.801429
-934.586326
-1042.062779
-948.604994
-443.932951
462.607569
1294.381861
1172.886740
289.710666
-285.054716
-280.381826
-14.027137
420.551566
742.980926
280.364887
-369.166723
271.019109
616.812915
-971.969440
-1032.717001
663.541808
149.523987
-939.259215
186.907102
1453.260097
359.804005
-1186.922347
-434.587173
518.682241
23.355977
-387.858280
-163.559594
514.009351
560.738244
-135.522259
70.084870
570.084023
177.561323
-70.101809
509.336462
1060.737397
1037.372951
1023.354283
1051.391619
560.738244
42.047534
271.019109
897.186272
1214.942743
1406.531204
1476.624543
1331.764975
1149.522293
387.841341
-785.053869
-2135.518871
-3920.562576
-4191.590154
-1943.930410
327.093780
873.821826
350.458226
-644.867190
-2448.602453
-3565.422991
-2275.705549
-102.812034
1499.988990
2443.912624
2336.436171
1612.138332
971.952501
514.009351
-46.737362
-602.811187
-341.129387
803.728487
1869.147243
1957.932139
1130.830736
-0.008470
-1168.230790
-1915.893075
-1775.706396
-1205.613904
-649.540080
-116.830702
163.542655
-172.905373
-873.838765
-1266.361465
-1378.510807
-1327.109025
-682.250305
453.261791
1261.671636
1322.419197
771.018262
168.215544
-42.064473
93.449316
387.841341
387.841341
-238.325823
-635.521412
-88.793366
570.084023
649.523140
336.439559
-168.232484
-771.035201
-1135.520565
-696.268972
275.691998
892.513383
864.476047
355.131116
-158.886705
-308.419162
-392.531169
-626.175633
-663.558747
-191.596930
369.149784
742.980926
1135.503626
1135.503626
439.243123
-186.924041
-149.540927
271.019109
714.943590
1046.718729
1364.475200
1392.512536
794.382708
275.691998
327.093780
551.392466
630.831583
855.130269
1621.484111
1728.960564
644.850251
-299.073384
-2060.752642
-4626.168858
-4537.383961
-1845.799736
84.103537
518.682241
565.411133
28.028866
-1710.285946
-3014.022056
-2219.630878
-467.297398
897.186272
1686.904561
2042.044146
2373.819285
2126.156153
1004.662726
-28.045805
-925.240547
-1177.576568
98.122205
1485.970322
1747.652121
1341.110754
649.523140
-299.073384
-1308.417468
-1752.341950
-1672.902832
-1495.333039
-943.932104
-196.269819
163.542655
79.430648
-383.185391
-1014.025444
-1313.090357
-1028.044111
-331.783609
598.121358
1121.484958
934.569387
710.270701
672.887587
537.373798
126.159541
-303.746273
-724.306308
-728.979197
415.878676
756.999594
23.355977
383.168451
322.420891
-1051.408558
-1518.697486
-228.980044
934.569387
214.944437
-172.905373
556.065355
630.831583
144.851098
-705.614751
-873.838765
-369.166723
-401.876948
168.215544
1163.540961
1392.512536
897.186272
60.739091
-177.578262
9.337309
303.729334
864.476047
1172.886740
1392.512536
1144.849404
481.299126
658.868919
878.494715
303.729334
285.037777
1144.849404
1574.755218
1084.101844
514.009351
-565.428073
-3205.610516
-4752.336868
-3051.405170
-1004.679665
-163.559594
495.317794
434.570233
-742.997865
-2056.079753
-2285.051328
-1429.912590
-341.129387
873.821826
1616.811222
1897.184578
2359.800617
2074.754371
925.223608
-285.054716
-1121.501897
-654.212969
551.392466
1112.139179
1294.381861
1228.961411
490.644905
-462.624508
-1000.006776
-1280.380133
-1696.267279
-1705.613057
-911.221879
-200.942709
28.028866
70.084870
-228.980044
-831.782762
-1196.268125
-990.660997
-317.764941
373.822673
649.523140
803.728487
925.223608
887.840494
467.280458
-696.268972
-1196.268125
-219.634266
565.411133
855.130269
1383.166757
1481.297432
-313.092051
-2528.041570
-1705.613057
60.739091
196.252880
574.756912
1271.017415
1037.372951
-154.213816
-841.128540
-607.484076
-1070.100115
-1308.417468
-467.297398
612.140026
1677.558782
1897.184578
1247.652968
261.673330
-794.399647
-1004.679665
-355.148055
528.028019
1289.708972
1794.381014
1822.418350
1271.017415
780.364040
462.607569
-102.812034
-102.812034
892.513383
1411.204093
1149.522293
1196.251186
794.382708
-1149.539233
-3500.002541
-3915.889687
-2537.387349
-1528.043264
-584.119630
504.663573
570.084023
-359.820944
-1551.407711
-1799.070843
-1355.146361
-971.969440
-51.410252
1121.484958
2065.408592
2359.800617
1957.932139
1313.073418
102.795095
-920.567658
-742.997865
37.374645
630.831583
1046.718729
1364.475200
1060.737397
369.149784
-420.568505
-1387.856586
-1971.967746
-1915.893075
-1177.576568
-327.110719
32.701755
205.598659
93.449316
-252.344491
-700.941862
-1028.044111
-817.764094
-551.409405
-172.905373
476.626237
1028.027172
1079.428954
350.458226
-327.110719
-686.923194
-677.577415
-70.101809
532.700908
990.644058
985.971169
560.738244
88.776427
-378.512501
-154.213816
51.393312
-242.998712
-154.213816
327.093780
602.794248
74.757759
-383.185391
-434.587173
-855.147208
-883.184544
-280.381826
434.570233
859.803158
873.821826
976.625390
696.252033
98.122205
-238.325823
-135.522259
560.738244
887.840494
915.877829
1415.876982
1523.353436
1028.027172
663.541808
771.018262
943.915165
649.523140
378.495562
266.346219
-551.409405
-2070.098421
-2439.256674
-1593.463714
-1397.202365
-1196.268125
-415.895616
-308.419162
-901.876101
-1341.127693
-1257.015686
-1186.922347
-813.091204
163.542655
616.812915
869.148937
1327.092086
1275.690304
836.438712
182.234212
-154.213816
37.374645
266.346219
509.336462
813.074265
1112.139179
1023.354283
579.429801
331.766669
-322.437830
-1056.081447
-906.548990
-799.072537
-1004.679665
-775.708090
-257.017380
14.010198
-154.213816
-411.222726
-542.063626
-710.287640
-864.492987
-724.306308
-392.531169
-84.120477
37.374645
-214.961377
-191.596930
214.944437
140.178209
-79.447587
336.439559
794.382708
551.392466
172.888434
313.075112
453.261791
373.822673
509.336462
579.429801
443.916012
322.420891
-51.410252
-336.456498
-341.129387
-448.605841
-443.932951
-252.344491
-42.064473
308.402223
612.140026
485.972016
210.271548
93.449316
-65.428920
-135.522259
392.514230
864.476047
616.812915
630.831583
1126.157847
1084.101844
696.252033
887.840494
1196.251186
864.476047
546.719576
570.084023
149.523987
-920.567658
-1785.052175
-1630.846829
-1126.174786
-1023.371222
-728.979197
-303.746273
-462.624508
-1009.352554
-1350.473472
-1401.875254
-1242.997018
-780.380979
-200.942709
247.654662
696.252033
1088.774733
897.186272
214.944437
-135.522259
-74.774698
-135.522259
-84.120477
415.878676
1051.391619
1266.344525
1051.391619
813.074265
448.588901
-144.868037
-556.082294
-640.194301
-668.231637
-686.923194
-280.381826
200.925769
196.252880
4.664420
-271.036048
-644.867190
-976.642329
-1112.156118
-803.745426
-443.932951
-336.456498
-317.764941
-448.605841
-303.746273
-18.700027
-214.961377
-196.269819
285.037777
481.299126
271.019109
247.654662
551.392466
565.411133
509.336462
738.308037
789.709819
649.523140
364.476894
14.010198
-140.195148
-182.251152
-210.288487
-196.269819
-4.681359
172.888434
271.019109
499.990683
411.205787
70.084870
-60.756030
-247.671601
-238.325823
177.561323
429.897344
560.738244
771.018262
869.148937
766.345372
747.653815
897.186272
710.270701
528.028019
710.270701
481.299126
-177.578262
-742.997865
-1046.735668
-985.988108
-841.128540
-766.362312
-523.372069
-303.746273
-500.007623
-897.203212
-1051.408558
-1070.100115
-1009.352554
-686.923194
-359.820944
-93.466255
280.364887
495.317794
322.420891
107.467984
107.467984
42.047534
-144.868037
-93.466255
196.252880
551.392466
873.821826
1009.335615
845.784490
523.355130
219.617327
-60.756030
-242.998712
-355.148055
-364.493834
-168.232484
112.140873
252.327552
172.888434
-32.718695
-387.858280
-719.633419
-841.128540
-859.820097
-785.053869
-733.652087
-663.558747
-397.204058
-88.793366
51.393312
-182.251152
-196.269819
65.411980
-392.531169
-649.540080
23.355977
261.673330
303.729334
967.279612
1341.110754
822.420044
392.514230
397.187119
-46.737362
-378.512501
-98.139145
32.701755
126.159541
443.916012
738.308037
766.345372
514.009351
210.271548
-154.213816
-420.568505
-364.493834
-51.410252
303.729334
345.785337
476.626237
822.420044
626.158694
345.785337
579.429801
602.794248
271.019109
378.495562
864.476047
635.504473
-0.008470
-271.036048
-757.016533
-1163.557901
-920.567658
-644.867190
-607.484076
-476.643176
-238.325823
-378.512501
-752.343644
-822.436983
-803.745426
-738.324976
-532.717848
-359.820944
-79.447587
182.234212
172.888434
205.598659
313.075112
149.523987
-116.830702
-182.251152
-93.466255
191.579991
593.448469
752.326705
686.906255
630.831583
453.261791
168.215544
32.701755
-79.447587
-266.363159
-275.708937
-84.120477
116.813762
257.000441
196.252880
-32.718695
-214.961377
-448.605841
-752.343644
-794.399647
-785.053869
-995.333886
-831.782762
-345.802276
-266.363159
-257.017380
56.066202
228.963105
-121.503591
-392.531169
-196.269819
-126.176480
37.374645
509.336462
836.438712
934.569387
789.709819
584.102690
476.626237
299.056444
-18.700027
-261.690269
-158.886705
98.122205
378.495562
691.579144
761.672483
714.943590
476.626237
51.393312
-144.868037
-149.540927
-144.868037
-196.269819
74.757759
612.140026
640.177362
593.448469
859.803158
789.709819
481.299126
425.224455
490.644905
186.907102
-228.980044
-378.512501
-710.287640
-887.857433
-570.100962
-448.605841
-532.717848
-341.129387
-238.325823
-612.156965
-934.586326
-929.913436
-864.492987
-696.268972
-345.802276
-37.391584
28.028866
9.337309
-18.700027
-32.718695
28.028866
-56.083141
-186.924041
-107.484923
-0.008470
210.271548
514.009351
649.523140
607.467137
542.046687
415.878676
168.215544
46.720423
-70.101809
-238.325823
-158.886705
98.122205
242.981773
266.346219
261.673330
107.467984
-205.615598
-387.858280
-542.063626
-728.979197
-911.221879
-995.333886
-728.979197
-453.278730
-443.932951
-233.652934
23.355977
-32.718695
-149.540927
-130.849369
-214.961377
-411.222726
-74.774698
518.682241
640.177362
761.672483
855.130269
626.158694
443.916012
331.766669
191.579991
-32.718695
-130.849369
88.776427
383.168451
686.906255
859.803158
761.672483
518.682241
135.505320
-88.793366
-60.756030
-102.812034
-102.812034
79.430648
303.729334
518.682241
663.541808
682.233365
574.756912
415.878676
387.841341
481.299126
485.972016
186.907102
-247.671601
-598.138298
-911.221879
-878.511654
-490.661844
-341.129387
-383.185391
-261.690269
-341.129387
-654.212969
-789.726758
-803.745426
-794.399647
-621.502744
-364.493834
-172.905373
-9.354248
98.122205
-4.681359
-107.484923
-93.466255
-205.615598
-242.998712
-74.774698
74.757759
196.252880
350.458226
574.756912
672.887587
551.392466
387.841341
196.252880
32.701755
-126.176480
-200.942709
-37.391584
116.813762
210.271548
252.327552
261.673330
210.271548
-14.027137
-261.690269
-467.297398
-742.997865
-1000.006776
-981.315219
-640.194301
-514.026290
-504.680512
-93.466255
102.795095
-186.924041
-228.980044
-28.045805
-163.559594
-439.260062
-107.484923
411.205787
471.953348
663.541808
892.513383
686.906255
397.187119
280.364887
158.869766
-37.391584
-23.372916
228.963105
495.317794
705.597812
817.747155
794.382708
537.373798
93.449316
-88.793366
-70.101809
-154.213816
-102.812034
163.542655
364.476894
383.168451
514.009351
696.252033
556.065355
420.551566
467.280458
439.243123
247.654662
-18.700027
-257.017380
-630.848523
-934.586326
-775.708090
-467.297398
-341.129387
-210.288487
-121.503591
-313.092051
-644.867190
-799.072537
-785.053869
-766.362312
-598.138298
-317.764941
-182.251152
4.664420
168.215544
130.832430
107.467984
-98.139145
-359.820944
-327.110719
-182.251152
-14.027137
210.271548
457.934680
579.429801
546.719576
542.046687
439.243123
191.579991
-0.008470
-182.251152
-219.634266
-23.372916
191.579991
289.710666
285.037777
285.037777
224.290216
-18.700027
-219.634266
-434.587173
-841.128540
-1009.352554
-780.380979
-691.596083
-686.923194
-275.708937
60.739091
-186.924041
-257.017380
23.355977
-182.251152
-476.643176
-228.980044
79.430648
196.252880
453.261791
724.289369
700.924922
588.775580
499.990683
271.019109
74.757759
-0.008470
28.028866
275.691998
542.046687
649.523140
785.036930
799.055597
476.626237
126.159541
46.720423
-51.410252
-242.998712
-98.139145
228.963105
369.149784
462.607569
593.448469
607.467137
462.607569
392.514230
387.841341
350.458226
238.308884
28.028866
-102.812034
-369.166723
-855.147208
-775.708090
-383.185391
-476.643176
-485.988955
-130.849369
-210.288487
-691.596083
-705.614751
-532.717848
-747.670755
-705.614751
-336.456498
-275.708937
-247.671601
42.047534
140.178209
-0.008470
-116.830702
-219.634266
-247.671601
-177.578262
-74.774698
135.505320
406.532898
457.934680
373.822673
471.953348
481.299126
238.308884
116.813762
70.084870
-70.101809
-46.737362
158.869766
280.364887
247.654662
242.981773
205.598659
56.066202
-70.101809
-205.615598
-471.970287
-808.418315
-962.623661
-831.782762
-635.521412
-378.512501
-149.540927
-88.793366
-79.447587
-88.793366
-163.559594
-266.363159
-308.419162
-252.344491
-74.774698
168.215544
439.243123
691.579144
738.308037
570.084023
383.168451
252.327552
32.701755
-60.756030
70.084870
205.598659
411.205787
663.541808
780.364040
696.252033
411.205787
144.851098
-28.045805
-172.905373
-149.540927
4.664420
200.925769
359.804005
476.626237
602.794248
565.411133
443.916012
401.860009
355.131116
294.383555
224.290216
37.374645
-228.980044
-411.222726
-504.680512
-518.699180
-313.092051
-294.400494
-434.587173
-252.344491
-242.998712
-518.699180
-551.409405
-443.932951
-621.502744
-775.708090
-406.549837
-200.942709
-331.783609
-98.139145
107.467984
-60.756030
-158.886705
-130.849369
-196.269819
-247.671601
-51.410252
93.449316
88.776427
242.981773
383.168451
359.804005
387.841341
369.149784
224.290216
79.430648
-18.700027
-9.354248
144.851098
214.944437
186.907102
257.000441
308.402223
130.832430
-46.737362
-186.924041
-542.063626
-845.801429
-794.399647
-644.867190
-514.026290
-280.381826
-56.083141
-32.718695
-74.774698
-112.157812
-261.690269
-345.802276
-350.475166
-331.783609
-107.484923
224.290216
476.626237
621.485805
663.541808
593.448469
308.402223
37.374645
-65.428920
-93.466255
-9.354248
172.888434
453.261791
663.541808
626.158694
546.719576
448.588901
186.907102
-28.045805
-112.157812
-102.812034
-37.391584
177.561323
425.224455
429.897344
439.243123
481.299126
369.149784
303.729334
350.458226
331.766669
182.234212
51.393312
-18.700027
-130.849369
-177.578262
-257.017380
-378.512501
-303.746273
-327.110719
-411.222726
-224.307155
-144.868037
-378.512501
-518.699180
-425.241394
-509.353401
-672.904526
-411.222726
-289.727605
-481.316066
-294.400494
4.664420
-56.083141
-88.793366
-23.372916
-93.466255
-228.980044
-191.596930
-74.774698
-9.354248
140.178209
336.439559
425.224455
476.626237
453.261791
355.131116
252.327552
46.720423
-56.083141
32.701755
112.140873
186.907102
224.290216
224.290216
163.542655
4.664420
-247.671601
-500.007623
-532.717848
-644.867190
-738.324976
-415.895616
-93.466255
-126.176480
-163.559594
46.720423
-28.045805
-387.858280
-266.363159
-102.812034
-299.073384
-191.596930
257.000441
448.588901
373.822673
462.607569
490.644905
177.561323
-18.700027
37.374645
32.701755
51.393312
163.542655
294.383555
467.280458
542.046687
514.009351
425.224455
224.290216
4.664420
-56.083141
-9.354248
32.701755
163.542655
364.476894
401.860009
359.804005
411.205787
401.860009
350.458226
271.019109
140.178209
126.159541
140.178209
121.486652
98.122205
42.047534
-112.157812
-397.204058
-411.222726
-144.868037
-228.980044
-383.185391
-224.307155
-163.559594
-364.493834
-462.624508
-294.400494
-481.316066
-813.091204
-640.194301
-448.605841
-411.222726
-200.942709
-4.681359
-42.064473
-140.195148
-130.849369
-158.886705
-252.344491
-238.325823
-154.213816
-32.718695
144.851098
313.075112
462.607569
504.663573
359.804005
247.654662
196.252880
70.084870
46.720423
79.430648
46.720423
102.795095
196.252880
196.252880
126.159541
42.047534
-149.540927
-364.493834
-350.475166
-387.858280
-467.297398
-289.727605
-140.195148
-177.578262
-144.868037
37.374645
-51.410252
-280.381826
-149.540927
-70.101809
-177.578262
-46.737362
242.981773
308.402223
168.215544
196.252880
242.981773
70.084870
-9.354248
28.028866
70.084870
135.505320
247.654662
425.224455
443.916012
364.476894
355.131116
252.327552
154.196877
107.467984
14.010198
60.739091
149.523987
196.252880
327.093780
406.532898
350.458226
247.654662
238.308884
219.617327
130.832430
205.598659
242.981773
116.813762
121.486652
158.869766
51.393312
-37.391584
-18.700027
-172.905373
-373.839612
-182.251152
-84.120477
-303.746273
-275.708937
-140.195148
-336.456498
-542.063626
-425.241394
-420.568505
-626.175633
-453.278730
-233.652934
-364.493834
-327.110719
-93.466255
-102.812034
-224.307155
-177.578262
-154.213816
-242.998712
-182.251152
-4.681359
42.047534
135.505320
303.729334
308.402223
266.346219
289.710666
247.654662
98.122205
-37.391584
-18.700027
32.701755
60.739091
172.888434
242.981773
182.234212
84.103537
56.066202
-0.008470
-210.288487
-313.092051
-322.437830
-397.204058
-303.746273
-102.812034
-32.718695
-32.718695
28.028866
28.028866
-93.466255
-79.447587
-70.101809
-252.344491
-186.924041
32.701755
51.393312
65.411980
224.290216
242.981773
84.103537
112.140873
144.851098
28.028866
84.103537
154.196877
168.215544
299.056444
373.822673
191.579991
51.393312
93.449316
-4.681359
-46.737362
107.467984
112.140873
51.393312
177.561323
317.748001
359.804005
369.149784
275.691998
126.159541
121.486652
163.542655
140.178209
238.308884
294.383555
163.542655
191.579991
336.439559
257.000441
112.140873
28.028866
-210.288487
-373.839612
-271.036048
-196.269819
-214.961377
-200.942709
-182.251152
-257.017380
-336.456498
-294.400494
-383.185391
-509.353401
-471.970287
-392.531169
-327.110719
-219.634266
-88.793366
-51.410252
-130.849369
-130.849369
-79.447587
-112.157812
-126.176480
-70.101809
-42.064473
-9.354248
112.140873
186.907102
163.542655
158.869766
182.234212
112.140873
-14.027137
9.337309
65.411980
23.355977
46.720423
116.813762
130.832430
79.430648
56.066202
46.720423
-65.428920
-200.942709
-191.596930
-144.868037
-140.195148
-56.083141
4.664420
-65.428920
-130.849369
-116.830702
-88.793366
-126.176480
-135.522259
-79.447587
-74.774698
-70.101809
23.355977
126.159541
144.851098
84.103537
46.720423
79.430648
102.795095
102.795095
107.467984
42.047534
-32.718695
37.374645
210.271548
196.252880
65.411980
56.066202
14.010198
-23.372916
158.869766
275.691998
130.832430
65.411980
163.542655
191.579991
238.308884
373.822673
266.346219
18.683088
126.159541
285.037777
280.364887
373.822673
383.168451
107.467984
14.010198
191.579991
158.869766
14.010198
-0.008470
-130.849369
-294.400494
-172.905373
-9.354248
-112.157812
-219.634266
-196.269819
-233.652934
-285.054716
-214.961377
-168.232484
-271.036048
-345.802276
-303.746273
-257.017380
-210.288487
-135.522259
-121.503591
-172.905373
-200.942709
-168.232484
-121.503591
-88.793366
-74.774698
-65.428920
-56.083141
-18.700027
70.084870
60.739091
23.355977
102.795095
65.411980
-56.083141
42.047534
224.290216
149.523987
56.066202
154.196877
130.832430
9.337309
32.701755
74.757759
-28.045805
-135.522259
-126.176480
-149.540927
-158.886705
-51.410252
9.337309
-88.793366
-149.540927
-98.139145
-60.756030
-79.447587
-121.503591
-107.484923
-79.447587
-84.120477
-18.700027
28.028866
56.066202
65.411980
28.028866
32.701755
56.066202
56.066202
23.355977
-14.027137
46.720423
88.776427
102.795095
172.888434
168.215544
107.467984
98.122205
116.813762
144.851098
107.467984
65.411980
98.122205
140.178209
224.290216
383.168451
359.804005
102.795095
-9.354248
140.178209
233.635994
107.467984
107.467984
182.234212
102.795095
74.757759
219.617327
247.654662
107.467984
42.047534
-23.372916
-107.484923
-37.391584
18.683088
-70.101809
-107.484923
-102.812034
-163.559594
-172.905373
-84.120477
-116.830702
-228.980044
-224.307155
-228.980044
-289.727605
-233.652934
-149.540927
-219.634266
-275.708937
-182.251152
-144.868037
-172.905373
-163.559594
-121.503591
-135.522259
-126.176480
-28.045805
32.701755
18.683088
60.739091
102.795095
60.739091
4.664420
51.393312
84.103537
4.664420
-9.354248
79.430648
46.720423
32.701755
140.178209
140.178209
18.683088
-14.027137
-4.681359
-93.466255
-126.176480
-51.410252
-126.176480
-205.615598
-88.793366
-37.391584
-74.774698
-42.064473
-32.718695
-144.868037
-186.924041
-51.410252
-42.064473
-130.849369
-32.718695
65.411980
-4.681359
70.084870
228.963105
112.140873
-51.410252
46.720423
135.505320
65.411980
93.449316
126.159541
-23.372916
-28.045805
242.981773
308.402223
116.813762
60.739091
88.776427
-56.083141
-56.083141
149.523987
205.598659
56.066202
-65.428920
-0.008470
135.505320
261.673330
271.019109
158.869766
107.467984
18.683088
4.664420
219.617327
359.804005
214.944437
28.028866
37.374645
65.411980
84.103537
200.925769
177.561323
32.701755
-32.718695
-74.774698
-46.737362
46.720423
23.355977
-102.812034
-149.540927
-163.559594
-219.634266
-149.540927
-56.083141
-158.886705
-252.344491
-205.615598
-140.195148
-140.195148
-121.503591
-116.830702
-163.559594
-186.924041
-186.924041
-163.559594
-112.157812
-88.793366
-84.120477
-51.410252
14.010198
60.739091
88.776427
60.739091
4.664420
-0.008470
-0.008470
-28.045805
-37.391584
-0.008470
-37.391584
-126.176480
-70.101809
65.411980
65.411980
-9.354248
-79.447587
-130.849369
-158.886705
-121.503591
-79.447587
-130.849369
-144.868037
-112.157812
-84.120477
28.028866
130.832430
65.411980
-0.008470
23.355977
18.683088
4.664420
51.393312
60.739091
9.337309
-18.700027
46.720423
88.776427
84.103537
102.795095
56.066202
28.028866
98.122205
32.701755
-56.083141
23.355977
-9.354248
-116.830702
28.028866
196.252880
140.178209
88.776427
74.757759
14.010198
42.047534
93.449316
88.776427
126.159541
177.561323
88.776427
51.393312
224.290216
289.710666
182.234212
149.523987
154.196877
56.066202
42.047534
182.234212
257.000441
149.523987
32.701755
51.393312
56.066202
46.720423
130.832430
144.851098
-42.064473
-182.251152
-130.849369
-84.120477
-70.101809
-42.064473
-56.083141
-130.849369
-238.325823
-238.325823
-130.849369
-65.428920
-70.101809
-149.540927
-172.905373
-88.793366
-37.391584
-56.083141
-88.793366
-116.830702
-126.176480
-112.157812
-32.718695
-23.372916
-98.139145
-98.139145
-107.484923
-93.466255
-18.700027
18.683088
-51.410252
-112.157812
-65.428920
-28.045805
-56.083141
-60.756030
-60.756030
-93.466255
-60.756030
46.720423
74.757759
46.720423
46.720423
9.337309
-46.737362
-18.700027
23.355977
9.337309
-37.391584
-74.774698
-4.681359
51.393312
28.028866
4.664420
37.374645
42.047534
-28.045805
-65.428920
-23.372916
-14.027137
-37.391584
-46.737362
-18.700027
32.701755
23.355977
65.411980
112.140873
37.374645
-23.372916
9.337309
46.720423
74.757759
130.832430
98.122205
51.393312
88.776427
102.795095
121.486652
172.888434
93.449316
-9.354248
42.047534
98.122205
74.757759
168.215544
182.234212
18.683088
23.355977
140.178209
140.178209
84.103537
84.103537
65.411980
-51.410252
-23.372916
98.122205
98.122205
70.084870
18.683088
-14.027137
-9.354248
4.664420
18.683088
-23.372916
-23.372916
-9.354248
-28.045805
42.047534
37.374645
-74.774698
-84.120477
-37.391584
-37.391584
-126.176480
-149.540927
-116.830702
-135.522259
-135.522259
-98.139145
-88.793366
-130.849369
-172.905373
-116.830702
-121.503591
-177.578262
-130.849369
-60.756030
-84.120477
-102.812034
-56.083141
4.664420
-0.008470
-4.681359
-4.681359
-9.354248
37.374645
46.720423
32.701755
4.664420
-4.681359
-14.027137
-56.083141
23.355977
60.739091
-56.083141
-23.372916
42.047534
-23.372916
-46.737362
-37.391584
-28.045805
-79.447587
-79.447587
56.066202
4.664420
-42.064473
93.449316
32.701755
-116.830702
-9.354248
158.869766
42.047534
-98.139145
60.739091
84.103537
-28.045805
98.122205
168.215544
60.739091
23.355977
51.393312
60.739091
56.066202
98.122205
28.028866
-9.354248
93.449316
28.028866
-9.354248
126.159541
102.795095
37.374645
28.028866
9.337309
-14.027137
42.047534
60.739091
-60.756030
-23.372916
56.066202
56.066202
158.869766
149.523987
51.393312
46.720423
88.776427
51.393312
-0.008470
93.449316
74.757759
-18.700027
56.066202
144.851098
74.757759
32.701755
42.047534
-51.410252
-84.120477
4.664420
-37.391584
-158.886705
-126.176480
-84.120477
-177.578262
-112.157812
-9.354248
-60.756030
-74.774698
-93.466255
-126.176480
-93.466255
-102.812034
-135.522259
-93.466255
-14.027137
-0.008470
-18.700027
14.010198
37.374645
-56.083141
-112.157812
-46.737362
-51.410252
-93.466255
-4.681359
9.337309
-23.372916
-4.681359
-32.718695
-28.045805
18.683088
-9.354248
-84.120477
-51.410252
-23.372916
-46.737362
-37.391584
-9.354248
46.720423
-28.045805
14.010198
93.449316
-79.447587
4.664420
32.701755
-126.176480
-4.681359
60.739091
32.701755
74.757759
116.813762
116.813762
-23.372916
-14.027137
112.140873
14.010198
-23.372916
74.757759
56.066202
18.683088
56.066202
56.066202
-28.045805
60.739091
18.683088
-107.484923
107.467984
102.795095
-126.176480
14.010198
154.196877
-84.120477
-107.484923
266.346219
56.066202
-98.139145
247.654662
4.664420
-32.718695
228.963105
18.683088
-9.354248
79.430648
46.720423
28.028866
79.430648
93.449316
-149.540927
-32.718695
144.851098
-116.830702
-93.466255
65.411980
4.664420
-154.213816
-46.737362
88.776427
-98.139145
-4.681359
42.047534
-140.195148
-37.391584
37.374645
-28.045805
-32.718695
9.337309
-32.718695
-84.120477
37.374645
23.355977
-56.083141
-37.391584
-42.064473
-42.064473
-102.812034
-4.681359
51.393312
-107.484923
-18.700027
37.374645
-98.139145
9.337309
23.355977
-88.793366
-14.027137
-112.157812
-46.737362
-0.008470
-93.466255
154.196877
-74.774698
-107.484923
172.888434
-112.157812
-18.700027
32.701755
-140.195148
4.664420
32.701755
-70.101809
65.411980
205.598659
-46.737362
-42.064473
107.467984
-46.737362
14.010198
93.449316
18.683088
-28.045805
-4.681359
28.028866
23.355977
9.337309
74.757759
4.664420
-130.849369
28.028866
42.047534
-74.774698
23.355977
9.337309
-65.428920
37.374645
144.851098
37.374645
-0.008470
126.159541
-23.372916
-93.466255
42.047534
93.449316
74.757759
-28.045805
65.411980
-23.372916
-14.027137
233.635994
-116.830702
-88.793366
79.430648
-79.447587
9.337309
-46.737362
42.047534
-140.195148
-51.410252
191.579991
-140.195148
46.720423
70.084870
-18.700027
-42.064473
-60.756030
252.327552
-163.559594
-9.354248
219.617327
-261.690269
182.234212
116.813762
-224.307155
149.523987
-9.354248
-149.540927
60.739091
65.411980
-42.064473
-9.354248
14.010198
-37.391584
-79.447587
-65.428920
56.066202
-88.793366
-98.139145
18.683088
-65.428920
-9.354248
18.683088
23.355977
-42.064473
4.664420
-84.120477
-93.466255
172.888434
-102.812034
14.010198
93.449316
-224.307155
130.832430
107.467984
-42.064473
60.739091
-18.700027
28.028866
-4.681359
-14.027137
-4.681359
28.028866
-14.027137
-182.251152
135.505320
60.739091
-116.830702
88.776427
-154.213816
37.374645
28.028866
-252.344491
126.159541
46.720423
-32.718695
32.701755
46.720423
88.776427
-37.391584
42.047534
23.355977
42.047534
-60.756030
18.683088
172.888434
-168.232484
70.084870
210.271548
-182.251152
70.084870
93.449316
-210.288487
130.832430
70.084870
-140.195148
23.355977
-56.083141
51.393312
-84.120477
28.028866
135.505320
-172.905373
98.122205
-42.064473
-112.157812
163.542655
-74.774698
-32.718695
93.449316
18.683088
-32.718695
42.047534
102.795095
-74.774698
28.028866
-18.700027
-107.484923
191.579991
-93.466255
-70.101809
233.635994
-74.774698
-23.372916
4.664420
-0.008470
-60.756030
-158.886705
88.776427
-79.447587
-60.756030
93.449316
56.066202
-79.447587
-102.812034
191.579991
-154.213816
-28.045805
182.234212
-257.017380
28.028866
60.739091
-70.101809
37.374645
4.664420
74.757759
-42.064473
74.757759
-18.700027
14.010198
126.159541
-214.961377
168.215544
-9.354248
-130.849369
224.290216
-214.961377
93.449316
112.140873
-219.634266
88.776427
23.355977
-70.101809
-74.774698
14.010198
51.393312
-42.064473
-158.886705
144.851098
149.523987
-313.092051
266.346219
65.411980
-271.036048
275.691998
-228.980044
-65.428920
280.364887
-163.559594
65.411980
116.813762
-46.737362
-56.083141
14.010198
-46.737362
-28.045805
219.617327
-387.858280
144.851098
266.346219
-429.914283
565.411133
-233.652934
-294.400494
546.719576
-415.895616
46.720423
200.925769
-107.484923
4.664420
37.374645
107.467984
-84.120477
140.178209
-46.737362
79.430648
-32.718695
-238.325823
266.346219
-60.756030
-51.410252
126.159541
-130.849369
42.047534
182.234212
-168.232484
-70.101809
177.561323
-308.419162
135.505320
191.579991
-378.512501
257.000441
37.374645
-228.980044
271.019109
-191.596930
-140.195148
280.364887
-186.924041
-60.756030
60.739091
-205.615598
135.505320
74.757759
-205.615598
154.196877
4.664420
-205.615598
313.075112
-224.307155
-74.774698
336.439559
-476.643176
233.635994
112.140873
-317.764941
285.037777
-149.540927
-0.008470
-23.372916
-28.045805
219.617327
-219.634266
79.430648
51.393312
-275.708937
200.925769
126.159541
-252.344491
140.178209
116.813762
-261.690269
168.215544
130.832430
-252.344491
-0.008470
98.122205
-32.718695
74.757759
60.739091
-186.924041
130.832430
154.196877
-345.802276
88.776427
102.795095
-238.325823
140.178209
88.776427
-98.139145
23.355977
112.140873
-74.774698
-18.700027
98.122205
-140.195148
107.467984
18.683088
-98.139145
210.271548
-121.503591
140.178209
224.290216
-308.419162
116.813762
-37.391584
-126.176480
144.851098
-294.400494
200.925769
102.795095
-219.634266
294.383555
-88.793366
-93.466255
102.795095
-28.045805
-74.774698
51.393312
-37.391584
-93.466255
345.785337
-79.447587
14.010198
60.739091
-200.942709
247.654662
-46.737362
-116.830702
-65.428920
140.178209
-32.718695
-228.980044
331.766669
-163.559594
-140.195148
275.691998
-200.942709
-74.774698
336.439559
-210.288487
-196.269819
364.476894
-257.017380
9.337309
233.635994
-280.381826
163.542655
18.683088
-214.961377
135.505320
65.411980
-144.868037
-32.718695
107.467984
-37.391584
-107.484923
163.542655
23.355977
-116.830702
130.832430
-56.083141
-56.083141
-23.372916
70.084870
-88.793366
-107.484923
280.364887
-336.456498
84.103537
275.691998
-336.456498
135.505320
-32.718695
-65.428920
98.122205
-93.466255
-37.391584
135.505320
-107.484923
9.337309
359.804005
-392.531169
228.963105
233.635994
-523.372069
457.934680
-121.503591
-163.559594
308.402223
-154.213816
261.673330
-168.232484
65.411980
299.056444
-528.044958
107.467984
140.178209
-317.764941
196.252880
-70.101809
-158.886705
345.785337
-116.830702
-168.232484
186.907102
-228.980044
-18.700027
149.523987
-196.269819
23.355977
-14.027137
88.776427
-9.354248
-121.503591
308.402223
-345.802276
-28.045805
322.420891
-383.185391
238.308884
-116.830702
-93.466255
387.841341
-453.278730
275.691998
154.196877
-542.063626
383.168451
37.374645
-322.437830
154.196877
51.393312
-23.372916
-42.064473
14.010198
140.178209
-112.157812
-4.681359
266.346219
-429.914283
-70.101809
672.887587
-471.970287
-200.942709
509.336462
-261.690269
32.701755
210.271548
-168.232484
42.047534
-18.700027
-60.756030
135.505320
-70.101809
-107.484923
70.084870
4.664420
116.813762
23.355977
-261.690269
219.617327
186.907102
-411.222726
233.635994
-14.027137
-275.708937
499.990683
-387.858280
-93.466255
481.299126
-345.802276
70.084870
98.122205
-88.793366
-0.008470
-4.681359
107.467984
-126.176480
65.411980
18.683088
-46.737362
130.832430
18.683088
-60.756030
-98.139145
98.122205
14.010198
-102.812034
60.739091
60.739091
-135.522259
46.720423
196.252880
-331.783609
210.271548
224.290216
-579.446740
336.439559
130.832430
-313.092051
289.710666
-233.652934
98.122205
130.832430
-387.858280
439.243123
-219.634266
-355.148055
630.831583
-341.129387
-154.213816
373.822673
-266.363159
107.467984
-60.756030
-116.830702
355.131116
-317.764941
23.355977
233.635994
-345.802276
322.420891
-98.139145
-98.139145
355.131116
-560.755183
345.785337
135.505320
-551.409405
565.411133
-327.110719
-149.540927
471.953348
-448.605841
280.364887
-32.718695
-387.858280
630.831583
-397.204058
-168.232484
602.794248
-556.082294
266.346219
116.813762
-453.278730
514.009351
-369.166723
126.159541
224.290216
-434.587173
514.009351
-373.839612
42.047534
369.149784
-724.306308
485.972016
112.140873
-495.334733
481.299126
-252.344491
-32.718695
397.187119
-570.100962
271.019109
224.290216
-630.848523
518.682241
4.664420
-420.568505
509.336462
-327.110719
-116.830702
481.299126
-266.363159
-121.503591
18.683088
177.561323
4.664420
-271.036048
322.420891
-247.671601
70.084870
266.346219
-612.156965
462.607569
23.355977
-425.241394
369.149784
-191.596930
116.813762
-14.027137
-149.540927
177.561323
-280.381826
378.495562
-149.540927
-551.409405
845.784490
-252.344491
-448.605841
785.036930
-387.858280
-144.868037
364.476894
-331.783609
308.402223
-56.083141
-247.671601
532.700908
-373.839612
-112.157812
556.065355
-546.736515
140.178209
373.822673
-635.521412
275.691998
252.327552
-280.381826
-4.681359
79.430648
84.103537
-345.802276
369.149784
135.505320
-850.474319
747.653815
177.561323
-869.165876
728.962258
14.010198
-490.661844
359.804005
-126.176480
-42.064473
144.851098
-84.120477
-121.503591
74.757759
242.981773
-205.615598
-74.774698
275.691998
-205.615598
-200.942709
471.953348
-191.596930
-355.148055
584.102690
-331.783609
-224.307155
471.953348
-378.512501
163.542655
56.066202
-247.671601
387.841341
-401.876948
285.037777
271.019109
-859.820097
593.448469
130.832430
-532.717848
499.990683
-186.924041
-182.251152
275.691998
-140.195148
-37.391584
210.271548
-116.830702
-116.830702
149.523987
-74.774698
93.449316
-200.942709
65.411980
280.364887
-649.540080
453.261791
191.579991
-771.035201
649.523140
-186.924041
-383.185391
542.046687
-336.456498
149.523987
-18.700027
-116.830702
401.860009
-560.755183
238.308884
285.037777
-453.278730
406.532898
-88.793366
-172.905373
336.439559
-98.139145
-37.391584
-98.139145
-18.700027
158.869766
-172.905373
102.795095
-46.737362
-247.671601
485.972016
-163.559594
-429.914283
411.205787
-74.774698
-112.157812
102.795095
-102.812034
219.617327
-126.176480
-28.045805
313.075112
-359.820944
112.140873
257.000441
-490.661844
285.037777
140.178209
-415.895616
373.822673
-0.008470
-149.540927
79.430648
-224.307155
514.009351
-224.307155
-448.605841
602.794248
-359.820944
121.486652
149.523987
-528.044958
677.560476
-266.363159
-392.531169
593.448469
-364.493834
46.720423
186.907102
-247.671601
149.523987
-280.381826
177.561323
210.271548
-355.148055
238.308884
-130.849369
46.720423
186.907102
-317.764941
266.346219
-70.101809
-149.540927
210.271548
-65.428920
112.140873
-51.410252
-98.139145
56.066202
-4.681359
84.103537
-182.251152
-9.354248
247.654662
-154.213816
14.010198
84.103537
-247.671601
140.178209
130.832430
-261.690269
177.561323
23.355977
-345.802276
401.860009
-60.756030
-397.204058
542.046687
-214.961377
-93.466255
317.748001
-518.699180
294.383555
177.561323
-411.222726
205.598659
18.683088
-32.718695
-4.681359
42.047534
51.393312
-280.381826
322.420891
37.374645
-532.717848
551.392466
60.739091
-415.895616
378.495562
-214.961377
-14.027137
172.888434
-28.045805
32.701755
-308.419162
336.439559
-70.101809
-102.812034
252.327552
-481.316066
434.570233
-42.064473
-425.241394
682.233365
-453.278730
-191.596930
584.102690
-532.717848
210.271548
359.804005
-621.502744
308.402223
84.103537
-443.932951
514.009351
-51.410252
-532.717848
383.168451
14.010198
-154.213816
303.729334
-415.895616
37.374645
294.383555
-317.764941
191.579991
-93.466255
-79.447587
154.196877
-107.484923
56.066202
-112.157812
233.635994
-37.391584
-233.652934
327.093780
-331.783609
149.523987
308.402223
-607.484076
434.570233
-14.027137
-350.475166
598.121358
-504.680512
121.486652
261.673330
-602.811187
579.429801
-88.793366
-359.820944
387.841341
-102.812034
-172.905373
102.795095
191.579991
-210.288487
112.140873
9.337309
-214.961377
406.532898
-271.036048
-74.774698
345.785337
-406.549837
60.739091
271.019109
-172.905373
51.393312
-42.064473
-0.008470
130.832430
-214.961377
247.654662
18.683088
-359.820944
485.972016
-242.998712
-168.232484
509.336462
-556.082294
163.542655
341.112448
-443.932951
327.093780
-60.756030
-219.634266
387.841341
-182.251152
-303.746273
266.346219
23.355977
-130.849369
261.673330
-163.559594
-65.428920
112.140873
-144.868037
266.346219
-252.344491
-84.120477
252.327552
-107.484923
210.271548
-308.419162
135.505320
70.084870
-355.148055
654.196030
-481.316066
-261.690269
570.084023
-434.587173
238.308884
-4.681359
-247.671601
401.860009
-299.073384
-74.774698
285.037777
-247.671601
-0.008470
313.075112
-158.886705
-102.812034
70.084870
32.701755
205.598659
-369.166723
-18.700027
392.514230
-415.895616
144.851098
233.635994
-327.110719
191.579991
-42.064473
-224.307155
271.019109
74.757759
-289.727605
-28.045805
219.617327
-107.484923
-116.830702
116.813762
112.140873
-70.101809
-154.213816
107.467984
46.720423
51.393312
-65.428920
-84.120477
135.505320
-112.157812
140.178209
135.505320
-322.437830
-32.718695
285.037777
-65.428920
-32.718695
196.252880
-443.932951
140.178209
387.841341
-500.007623
345.785337
-154.213816
-411.222726
831.765822
-434.587173
-219.634266
724.289369
-700.941862
14.010198
658.868919
-626.175633
74.757759
406.532898
-500.007623
112.140873
299.056444
-299.073384
18.683088
233.635994
-126.176480
-191.596930
65.411980
-0.008470
74.757759
219.617327
-369.166723
-79.447587
528.028019
-289.727605
-214.961377
275.691998
-219.634266
107.467984
70.084870
-257.017380
224.290216
-37.391584
-135.522259
214.944437
-102.812034
-84.120477
163.542655
-65.428920
-84.120477
130.832430
163.542655
-299.073384
-28.045805
514.009351
-457.951619
42.047534
434.570233
-593.465408
317.748001
-23.372916
-341.129387
588.775580
-317.764941
-158.886705
345.785337
-261.690269
-102.812034
242.981773
-4.681359
-303.746273
158.869766
205.598659
-163.559594
84.103537
-51.410252
-191.596930
228.963105
46.720423
-168.232484
23.355977
56.066202
84.103537
-98.139145
-0.008470
42.047534
-102.812034
144.851098
-93.466255
32.701755
121.486652
-271.036048
242.981773
130.832430
-500.007623
327.093780
476.626237
-855.147208
70.084870
771.018262
-686.923194
23.355977
420.551566
-317.764941
280.364887
-149.540927
-364.493834
443.916012
98.122205
-317.764941
14.010198
126.159541
23.355977
107.467984
-112.157812
-149.540927
257.000441
-121.503591
9.337309
233.635994
-500.007623
359.804005
303.729334
-658.885858
285.037777
186.907102
-275.708937
88.776427
32.701755
-163.559594
32.701755
135.505320
-257.017380
177.561323
-4.681359
-140.195148
341.112448
-303.746273
23.355977
74.757759
-317.764941
397.187119
70.084870
-392.531169
158.869766
88.776427
-219.634266
359.804005
-74.774698
-457.951619
476.626237
9.337309
-425.241394
210.271548
116.813762
-144.868037
-56.083141
116.813762
28.028866
-102.812034
126.159541
9.337309
-224.307155
121.486652
-14.027137
-51.410252
401.860009
-257.017380
-336.456498
471.953348
98.122205
-252.344491
65.411980
-112.157812
65.411980
378.495562
-462.624508
-51.410252
434.570233
-434.587173
205.598659
158.869766
-397.204058
467.280458
-84.120477
-607.484076
649.523140
116.813762
-761.689422
602.794248
186.907102
-635.521412
369.149784
60.739091
-425.241394
392.514230
135.505320
-644.867190
364.476894
350.458226
-420.568505
79.430648
-14.027137
-88.793366
186.907102
144.851098
-331.783609
-102.812034
401.860009
-172.905373
-93.466255
154.196877
-65.428920
37.374645
149.523987
-88.793366
-65.428920
-18.700027
-51.410252
242.981773
-252.344491
-23.372916
299.056444
-214.961377
-4.681359
-42.064473
116.813762
9.337309
-196.269819
121.486652
51.393312
93.449316
-210.288487
-84.120477
322.420891
-144.868037
-126.176480
219.617327
-107.484923
-158.886705
219.617327
51.393312
-261.690269
46.720423
383.168451
-285.054716
-98.139145
490.644905
-439.260062
-32.718695
303.729334
-420.568505
266.346219
257.000441
-401.876948
93.449316
144.851098
-275.708937
163.542655
79.430648
-261.690269
177.561323
51.393312
-144.868037
56.066202
-51.410252
18.683088
-9.354248
-84.120477
257.000441
-135.522259
-219.634266
336.439559
-121.503591
-112.157812
79.430648
-0.008470
-4.681359
-4.681359
327.093780
-411.222726
-219.634266
565.411133
-252.344491
-60.756030
107.467984
-168.232484
210.271548
-116.830702
-121.503591
191.579991
23.355977
-60.756030
23.355977
32.701755
-168.232484
51.393312
14.010198
-32.718695
177.561323
-247.671601
116.813762
135.505320
-275.708937
341.112448
-158.886705
-322.437830
406.532898
-28.045805
-224.307155
135.505320
-37.391584
-242.998712
289.710666
238.308884
-476.643176
23.355977
317.748001
-149.540927
-37.391584
-18.700027
-74.774698
-23.372916
271.019109
37.374645
-504.680512
411.205787
130.832430
-598.138298
504.663573
-79.447587
-336.456498
607.467137
-341.129387
-182.251152
476.626237
-303.746273
9.337309
177.561323
-191.596930
196.252880
-88.793366
-84.120477
252.327552
-130.849369
46.720423
4.664420
-126.176480
191.579991
-51.410252
-65.428920
28.028866
-14.027137
70.084870
-144.868037
112.140873
163.542655
-336.456498
135.505320
126.159541
-364.493834
275.691998
140.178209
-364.493834
182.234212
144.851098
-210.288487
14.010198
79.430648
-65.428920
-144.868037
210.271548
158.869766
-387.858280
186.907102
65.411980
-350.475166
462.607569
-289.727605
-233.652934
542.046687
-345.802276
130.832430
74.757759
-261.690269
387.841341
-317.764941
23.355977
238.308884
-359.820944
341.112448
-46.737362
-294.400494
308.402223
-126.176480
-0.008470
242.981773
-224.307155
-177.578262
158.869766
168.215544
-168.232484
-93.466255
266.346219
-93.466255
-177.578262
242.981773
-28.045805
-252.344491
28.028866
163.542655
51.393312
-102.812034
-65.428920
98.122205
-14.027137
-65.428920
56.066202
-74.774698
56.066202
-4.681359
-172.905373
214.944437
-46.737362
-149.540927
205.598659
-144.868037
23.355977
247.654662
-200.942709
-79.447587
182.234212
-93.466255
-116.830702
107.467984
-56.083141
4.664420
149.523987
-140.195148
37.374645
79.430648
-214.961377
233.635994
32.701755
-247.671601
149.523987
4.664420
14.010198
-51.410252
-70.101809
140.178209
-46.737362
-37.391584
70.084870
-70.101809
-140.195148
200.925769
-60.756030
-140.195148
336.439559
-242.998712
-4.681359
228.963105
-285.054716
88.776427
-60.756030
-65.428920
266.346219
-126.176480
-88.793366
121.486652
-60.756030
51.393312
65.411980
-126.176480
32.701755
186.907102
-102.812034
-112.157812
163.542655
-214.961377
130.832430
214.944437
-406.549837
289.710666
9.337309
-257.017380
308.402223
-214.961377
-23.372916
182.234212
-102.812034
93.449316
-32.718695
-177.578262
116.813762
84.103537
-107.484923
-4.681359
-93.466255
140.178209
107.467984
-369.166723
144.851098
299.056444
-322.437830
-126.176480
299.056444
-74.774698
-210.288487
121.486652
28.028866
-56.083141
4.664420
23.355977
-9.354248
-84.120477
121.486652
4.664420
-242.998712
266.346219
98.122205
-303.746273
196.252880
18.683088
-84.120477
84.103537
-116.830702
112.140873
46.720423
-23.372916
56.066202
-18.700027
-65.428920
-70.101809
233.635994
-46.737362
-154.213816
102.795095
-102.812034
158.869766
51.393312
-247.671601
149.523987
37.374645
-205.615598
98.122205
84.103537
-149.540927
102.795095
112.140873
-266.363159
37.374645
238.308884
-196.269819
-70.101809
172.888434
-60.756030
-121.503591
98.122205
56.066202
-186.924041
149.523987
4.664420
-294.400494
336.439559
-56.083141
-252.344491
369.149784
-233.652934
-140.195148
411.205787
-242.998712
-79.447587
275.691998
-200.942709
-88.793366
191.579991
28.028866
-144.868037
4.664420
228.963105
-168.232484
-238.325823
359.804005
-84.120477
-345.802276
434.570233
-37.391584
-355.148055
425.224455
-51.410252
-425.241394
285.037777
200.925769
-359.820944
-4.681359
425.224455
-271.036048
-210.288487
542.046687
-275.708937
-299.073384
471.953348
-228.980044
-154.213816
397.187119
-140.195148
-158.886705
177.561323
56.066202
-74.774698
-74.774698
149.523987
-46.737362
-219.634266
289.710666
-9.354248
-205.615598
331.766669
-149.540927
-219.634266
313.075112
-140.195148
-140.195148
257.000441
-84.120477
-84.120477
84.103537
-60.756030
-14.027137
70.084870
-32.718695
-168.232484
121.486652
172.888434
-285.054716
18.683088
172.888434
-252.344491
107.467984
116.813762
-280.381826
191.579991
79.430648
-214.961377
154.196877
-102.812034
-70.101809
191.579991
-140.195148
51.393312
126.159541
-214.961377
-18.700027
182.234212
-4.681359
-98.139145
46.720423
51.393312
-88.793366
112.140873
14.010198
-242.998712
191.579991
102.795095
-186.924041
200.925769
79.430648
-219.634266
42.047534
140.178209
-121.503591
4.664420
126.159541
-126.176480
-37.391584
140.178209
-28.045805
-228.980044
37.374645
200.925769
-107.484923
-28.045805
37.374645
-98.139145
9.337309
-18.700027
-70.101809
65.411980
28.028866
-14.027137
-42.064473
-28.045805
79.430648
-107.484923
4.664420
116.813762
-144.868037
56.066202
140.178209
-154.213816
-79.447587
144.851098
-74.774698
-135.522259
228.963105
-60.756030
-200.942709
196.252880
-9.354248
-98.139145
135.505320
-37.391584
-135.522259
107.467984
74.757759
-84.120477
42.047534
-0.008470
-51.410252
177.561323
-4.681359
-84.120477
112.140873
-130.849369
60.739091
228.963105
-163.559594
84.103537
154.196877
-98.139145
107.467984
-14.027137
-65.428920
191.579991
28.028866
-14.027137
121.486652
-9.354248
-9.354248
-18.700027
-51.410252
9.337309
88.776427
88.776427
-144.868037
-32.718695
112.140873
-200.942709
-79.447587
154.196877
-107.484923
-121.503591
84.103537
-88.793366
-79.447587
-18.700027
-196.269819
-32.718695
28.028866
-126.176480
-46.737362
-70.101809
-149.540927
-70.101809
-107.484923
-93.466255
14.010198
-102.812034
-79.447587
9.337309
-112.157812
-84.120477
-14.027137
-0.008470
23.355977
74.757759
-18.700027
-14.027137
107.467984
-4.681359
93.449316
149.523987
60.739091
130.832430
130.832430
242.981773
182.234212
-42.064473
168.215544
303.729334
112.140873
196.252880
313.075112
112.140873
46.720423
182.234212
191.579991
37.374645
74.757759
219.617327
-4.681359
-32.718695
186.907102
-51.410252
-186.924041
42.047534
-65.428920
-191.596930
-65.428920
-149.540927
-168.232484
-149.540927
-228.980044
-158.886705
-191.596930
-308.419162
-233.652934
-177.578262
-200.942709
-233.652934
-196.269819
-98.139145
-214.961377
-242.998712
-93.466255
-200.942709
-172.905373
-79.447587
-135.522259
-46.737362
-28.045805
-37.391584
-56.083141
-93.466255
-18.700027
51.393312
60.739091
79.430648
144.851098
149.523987
56.066202
70.084870
182.234212
205.598659
182.234212
233.635994
219.617327
191.579991
242.981773
303.729334
242.981773
154.196877
317.748001
355.131116
130.832430
257.000441
331.766669
79.430648
168.215544
308.402223
126.159541
102.795095
186.907102
107.467984
-23.372916
-126.176480
-46.737362
4.664420
-144.868037
-74.774698
-60.756030
-252.344491
-266.363159
-261.690269
-289.727605
-210.288487
-219.634266
-247.671601
-224.307155
-275.708937
-317.764941
-275.708937
-224.307155
-182.251152
-130.849369
-140.195148
-205.615598
-84.120477
-60.756030
-177.578262
-37.391584
-60.756030
-177.578262
56.066202
182.234212
-0.008470
-65.428920
32.701755
23.355977
-88.793366
-28.045805
214.944437
168.215544
-116.830702
-46.737362
177.561323
42.047534
-28.045805
214.944437
140.178209
-28.045805
93.449316
121.486652
130.832430
177.561323
200.925769
154.196877
140.178209
280.364887
219.617327
210.271548
266.346219
154.196877
233.635994
271.019109
172.888434
359.804005
359.804005
-18.700027
-37.391584
261.673330
182.234212
-107.484923
70.084870
252.327552
-149.540927
-299.073384
-42.064473
-126.176480
-285.054716
-186.924041
-154.213816
-271.036048
-345.802276
-280.381826
-224.307155
-345.802276
-364.493834
-210.288487
-247.671601
-327.110719
-182.251152
-88.793366
-261.690269
-280.381826
-135.522259
-126.176480
-140.195148
14.010198
70.084870
-130.849369
-70.101809
-60.756030
-135.522259
191.579991
168.215544
-74.774698
84.103537
93.449316
-56.083141
-88.793366
107.467984
219.617327
-4.681359
18.683088
149.523987
107.467984
88.776427
74.757759
135.505320
168.215544
140.178209
140.178209
182.234212
271.019109
308.402223
214.944437
168.215544
299.056444
322.420891
252.327552
289.710666
331.766669
252.327552
275.691998
378.495562
84.103537
-9.354248
336.439559
60.739091
-257.017380
186.907102
228.963105
-247.671601
-308.419162
-107.484923
-200.942709
-448.605841
-242.998712
-51.410252
-401.876948
-481.316066
-200.942709
-355.148055
-574.773851
-252.344491
-88.793366
-378.512501
-397.204058
-107.484923
-107.484923
-350.475166
-233.652934
42.047534
-112.157812
-182.251152
98.122205
70.084870
-140.195148
-9.354248
154.196877
-4.681359
-172.905373
144.851098
364.476894
-42.064473
-112.157812
271.019109
74.757759
-242.998712
65.411980
313.075112
51.393312
-51.410252
172.888434
116.813762
-102.812034
46.720423
271.019109
135.505320
102.795095
271.019109
163.542655
88.776427
303.729334
443.916012
233.635994
121.486652
341.112448
369.149784
163.542655
294.383555
588.775580
299.056444
-224.307155
84.103537
523.355130
-42.064473
-210.288487
462.607569
200.925769
-542.063626
-303.746273
130.832430
-252.344491
-514.026290
-42.064473
-65.428920
-528.044958
-397.204058
-163.559594
-420.568505
-551.409405
-186.924041
-135.522259
-443.932951
-341.129387
-42.064473
-186.924041
-434.587173
-200.942709
84.103537
-135.522259
-205.615598
135.505320
18.683088
-271.036048
-23.372916
210.271548
107.467984
-116.830702
-42.064473
219.617327
-4.681359
-163.559594
219.617327
191.579991
-205.615598
-60.756030
177.561323
93.449316
-42.064473
-0.008470
135.505320
4.664420
-28.045805
224.290216
182.234212
51.393312
200.925769
261.673330
121.486652
154.196877
406.532898
397.187119
168.215544
252.327552
439.243123
233.635994
158.869766
607.467137
546.719576
-149.540927
-37.391584
415.878676
4.664420
-46.737362
546.719576
303.729334
-514.026290
-495.334733
-0.008470
-130.849369
-275.708937
79.430648
-42.064473
-626.175633
-556.082294
-233.652934
-345.802276
-317.764941
-121.503591
-191.596930
-509.353401
-495.334733
-56.083141
-126.176480
-387.858280
-98.139145
98.122205
-266.363159
-303.746273
98.122205
32.701755
-196.269819
-9.354248
140.178209
-28.045805
-107.484923
37.374645
121.486652
28.028866
-140.195148
-4.681359
196.252880
42.047534
-98.139145
-51.410252
79.430648
60.739091
-46.737362
98.122205
135.505320
42.047534
130.832430
98.122205
135.505320
294.383555
200.925769
107.467984
191.579991
406.532898
434.570233
214.944437
303.729334
420.551566
242.981773
266.346219
327.093780
177.561323
233.635994
411.205787
126.159541
-177.578262
172.888434
313.075112
-140.195148
-186.924041
46.720423
-154.213816
-448.605841
-219.634266
32.701755
-261.690269
-406.549837
-275.708937
-420.568505
-467.297398
-158.886705
-98.139145
-420.568505
-471.970287
-149.540927
-154.213816
-401.876948
-247.671601
65.411980
-32.718695
-238.325823
-126.176480
-46.737362
-140.195148
-23.372916
196.252880
88.776427
-88.793366
60.739091
28.028866
-252.344491
74.757759
481.299126
9.337309
-350.475166
102.795095
238.308884
-233.652934
-102.812034
392.514230
112.140873
-247.671601
32.701755
252.327552
93.449316
-4.681359
191.579991
303.729334
130.832430
158.869766
280.364887
182.234212
242.981773
420.551566
322.420891
130.832430
219.617327
415.878676
383.168451
331.766669
224.290216
-56.083141
-168.232484
182.234212
602.794248
331.766669
-214.961377
-322.437830
-364.493834
-317.764941
84.103537
359.804005
-37.391584
-635.521412
-640.194301
-373.839612
-200.942709
-18.700027
-93.466255
-317.764941
-457.951619
-481.316066
-266.363159
-116.830702
-149.540927
-88.793366
-56.083141
-228.980044
-322.437830
-107.484923
46.720423
-14.027137
32.701755
28.028866
-177.578262
-154.213816
135.505320
144.851098
-112.157812
32.701755
154.196877
-345.802276
-182.251152
654.196030
214.944437
-700.941862
-60.756030
668.214698
-74.774698
-350.475166
429.897344
289.710666
-369.166723
9.337309
565.411133
299.056444
-37.391584
154.196877
317.748001
210.271548
317.748001
467.280458
214.944437
42.047534
411.205787
654.196030
186.907102
-186.924041
257.000441
495.317794
-88.793366
-93.466255
560.738244
177.561323
-602.811187
-242.998712
308.402223
-65.428920
-401.876948
-88.793366
-88.793366
-528.044958
-397.204058
-28.045805
-271.036048
-471.970287
-140.195148
-65.428920
-528.044958
-607.484076
-4.681359
135.505320
-369.166723
-313.092051
79.430648
-191.596930
-443.932951
23.355977
289.710666
-112.157812
-205.615598
74.757759
-46.737362
-182.251152
214.944437
280.364887
-364.493834
-266.363159
504.663573
289.710666
-415.895616
-177.578262
359.804005
32.701755
-257.017380
210.271548
317.748001
-168.232484
-228.980044
252.327552
359.804005
70.084870
126.159541
200.925769
42.047534
116.813762
425.224455
420.551566
121.486652
158.869766
313.075112
182.234212
233.635994
485.972016
453.261791
238.308884
70.084870
-168.232484
-182.251152
387.841341
761.672483
121.486652
-462.624508
-313.092051
-242.998712
-191.596930
149.523987
345.785337
-158.886705
-850.474319
-649.540080
-102.812034
23.355977
14.010198
-163.559594
-537.390737
-565.428073
-219.634266
-42.064473
-144.868037
-200.942709
-51.410252
-112.157812
-369.166723
-271.036048
-4.681359
23.355977
14.010198
23.355977
-93.466255
-228.980044
-126.176480
135.505320
-9.354248
-172.905373
299.056444
238.308884
-481.316066
-289.727605
462.607569
210.271548
-429.914283
88.776427
635.504473
-130.849369
-560.755183
149.523987
471.953348
168.215544
163.542655
271.019109
14.010198
-46.737362
341.112448
514.009351
397.187119
327.093780
135.505320
-28.045805
252.327552
626.158694
528.028019
224.290216
93.449316
-112.157812
-163.559594
303.729334
686.906255
299.056444
-341.129387
-397.204058
-182.251152
-149.540927
60.739091
252.327552
-126.176480
-593.465408
-560.755183
-257.017380
-65.428920
-46.737362
-182.251152
-397.204058
-434.587173
-303.746273
-238.325823
-224.307155
-74.774698
23.355977
-219.634266
-341.129387
-247.671601
-186.924041
-4.681359
107.467984
9.337309
-130.849369
-257.017380
-116.830702
144.851098
154.196877
-79.447587
-233.652934
84.103537
275.691998
-149.540927
-196.269819
191.579991
51.393312
-242.998712
158.869766
485.972016
-88.793366
-457.951619
107.467984
560.738244
345.785337
65.411980
18.683088
14.010198
205.598659
471.953348
457.934680
228.963105
116.813762
191.579991
289.710666
364.476894
457.934680
401.860009
18.683088
-182.251152
158.869766
397.187119
191.579991
93.449316
116.813762
-205.615598
-406.549837
-84.120477
168.215544
-14.027137
-200.942709
-280.381826
-467.297398
-439.260062
-70.101809
56.066202
-233.652934
-490.661844
-439.260062
-280.381826
-186.924041
-102.812034
-70.101809
-168.232484
-313.092051
-289.727605
-79.447587
-18.700027
-56.083141
-4.681359
-79.447587
-154.213816
-65.428920
-14.027137
42.047534
32.701755
-140.195148
-126.176480
172.888434
214.944437
-200.942709
-252.344491
191.579991
154.196877
-158.886705
144.851098
308.402223
-186.924041
-242.998712
294.383555
411.205787
121.486652
46.720423
116.813762
74.757759
214.944437
514.009351
369.149784
56.066202
196.252880
364.476894
238.308884
242.981773
406.532898
378.495562
116.813762
74.757759
102.795095
-98.139145
158.869766
556.065355
191.579991
-355.148055
-331.783609
-154.213816
-154.213816
56.066202
238.308884
-210.288487
-733.652087
-560.755183
-107.484923
28.028866
-42.064473
-233.652934
-565.428073
-500.007623
-60.756030
-37.391584
-271.036048
-200.942709
-9.354248
-112.157812
-327.110719
-158.886705
-18.700027
-107.484923
-0.008470
107.467984
-51.410252
-224.307155
-116.830702
28.028866
-140.195148
60.739091
425.224455
-102.812034
-556.082294
51.393312
401.860009
-154.213816
-149.540927
462.607569
168.215544
-429.914283
-112.157812
369.149784
285.037777
168.215544
261.673330
65.411980
-168.232484
219.617327
640.177362
439.243123
177.561323
154.196877
65.411980
93.449316
467.280458
640.177362
350.458226
42.047534
-121.503591
-84.120477
261.673330
551.392466
373.822673
-168.232484
-429.914283
-182.251152
14.010198
46.720423
93.449316
-37.391584
-415.895616
-584.119630
-257.017380
4.664420
-28.045805
-196.269819
-420.568505
-387.858280
-224.307155
-205.615598
-210.288487
-149.540927
-93.466255
-196.269819
-247.671601
-182.251152
-172.905373
-46.737362
51.393312
-74.774698
-186.924041
-196.269819
-93.466255
56.066202
14.010198
-70.101809
23.355977
-51.410252
-219.634266
9.337309
294.383555
32.701755
-261.690269
46.720423
247.654662
-74.774698
-121.503591
242.981773
238.308884
-14.027137
135.505320
247.654662
32.701755
79.430648
378.495562
378.495562
210.271548
191.579991
182.234212
168.215544
350.458226
490.644905
303.729334
149.523987
214.944437
60.739091
-37.391584
294.383555
457.934680
140.178209
-154.213816
-154.213816
-135.522259
-154.213816
60.739091
228.963105
-112.157812
-500.007623
-457.951619
-238.325823
-102.812034
-28.045805
-84.120477
-373.839612
-537.390737
-327.110719
-130.849369
-74.774698
-60.756030
-168.232484
-303.746273
-275.708937
-126.176480
-65.428920
-74.774698
-0.008470
-56.083141
-219.634266
-121.503591
60.739091
-9.354248
-121.503591
4.664420
158.869766
-32.718695
-214.961377
-9.354248
163.542655
-23.372916
-9.354248
285.037777
107.467984
-266.363159
-79.447587
289.710666
280.364887
140.178209
168.215544
74.757759
-70.101809
177.561323
485.972016
397.187119
247.654662
168.215544
84.103537
107.467984
350.458226
551.392466
373.822673
60.739091
14.010198
112.140873
28.028866
60.739091
425.224455
350.458226
-252.344491
-439.260062
-74.774698
28.028866
-79.447587
37.374645
-88.793366
-518.699180
-523.372069
-177.578262
-14.027137
-88.793366
-252.344491
-369.166723
-401.876948
-322.437830
-116.830702
-14.027137
-112.157812
-224.307155
-200.942709
-177.578262
-242.998712
-74.774698
149.523987
56.066202
-135.522259
-182.251152
-233.652934
-140.195148
233.635994
285.037777
-102.812034
-261.690269
-252.344491
-56.083141
415.878676
383.168451
-233.652934
-327.110719
116.813762
56.066202
-9.354248
546.719576
355.131116
-476.643176
-186.924041
588.775580
434.570233
46.720423
238.308884
336.439559
93.449316
191.579991
411.205787
341.112448
275.691998
331.766669
322.420891
144.851098
-4.681359
154.196877
355.131116
196.252880
28.028866
51.393312
-121.503591
-285.054716
4.664420
233.635994
-98.139145
-350.475166
-210.288487
-238.325823
-350.475166
-154.213816
-70.101809
-289.727605
-336.456498
-257.017380
-336.456498
-341.129387
-172.905373
-37.391584
-46.737362
-280.381826
-439.260062
-200.942709
32.701755
14.010198
9.337309
-32.718695
-257.017380
-271.036048
32.701755
135.505320
56.066202
-18.700027
-126.176480
-158.886705
-65.428920
130.832430
102.795095
-28.045805
14.010198
18.683088
37.374645
-51.410252
-23.372916
289.710666
261.673330
4.664420
-0.008470
158.869766
242.981773
186.907102
285.037777
387.841341
177.561323
88.776427
294.383555
406.532898
303.729334
299.056444
313.075112
116.813762
121.486652
317.748001
149.523987
-42.064473
205.598659
313.075112
-144.868037
-387.858280
14.010198
98.122205
-182.251152
-74.774698
14.010198
-364.493834
-570.100962
-163.559594
70.084870
-182.251152
-257.017380
-294.400494
-523.372069
-364.493834
65.411980
18.683088
-294.400494
-238.325823
-126.176480
-280.381826
-177.578262
135.505320
65.411980
-219.634266
-228.980044
-4.681359
-42.064473
-46.737362
140.178209
-116.830702
-257.017380
186.907102
200.925769
-252.344491
-126.176480
266.346219
-37.391584
-233.652934
327.093780
331.766669
-331.783609
-191.596930
415.878676
336.439559
18.683088
191.579991
200.925769
-79.447587
172.888434
584.102690
420.551566
116.813762
112.140873
191.579991
242.981773
415.878676
457.934680
219.617327
-9.354248
-88.793366
93.449316
373.822673
322.420891
-37.391584
-252.344491
-163.559594
-84.120477
-18.700027
88.776427
-60.756030
-373.839612
-448.605841
-233.652934
-32.718695
-116.830702
-261.690269
-289.727605
-387.858280
-345.802276
-84.120477
-46.737362
-247.671601
-238.325823
-112.157812
-233.652934
-271.036048
4.664420
51.393312
-172.905373
-191.596930
-18.700027
-51.410252
-144.868037
37.374645
168.215544
-65.428920
-317.764941
-93.466255
289.710666
112.140873
-168.232484
-9.354248
107.467984
-70.101809
-32.718695
331.766669
285.037777
-126.176480
-42.064473
294.383555
299.056444
154.196877
177.561323
252.327552
182.234212
210.271548
331.766669
313.075112
257.000441
275.691998
303.729334
242.981773
158.869766
247.654662
257.000441
65.411980
14.010198
172.888434
163.542655
-126.176480
-149.540927
37.374645
-135.522259
-233.652934
-32.718695
-37.391584
-336.456498
-443.932951
-191.596930
-93.466255
-247.671601
-261.690269
-289.727605
-420.568505
-350.475166
-46.737362
28.028866
-313.092051
-397.204058
-149.540927
-149.540927
-154.213816
4.664420
-9.354248
-233.652934
-280.381826
-14.027137
65.411980
-9.354248
18.683088
-37.391584
-154.213816
-51.410252
158.869766
14.010198
-93.466255
149.523987
135.505320
-65.428920
28.028866
196.252880
149.523987
51.393312
177.561323
275.691998
144.851098
140.178209
214.944437
257.000441
341.112448
313.075112
238.308884
252.327552
275.691998
289.710666
341.112448
364.476894
177.561323
37.374645
210.271548
271.019109
60.739091
51.393312
163.542655
-51.410252
-271.036048
-37.391584
116.813762
-135.522259
-289.727605
-205.615598
-238.325823
-327.110719
-205.615598
-98.139145
-247.671601
-355.148055
-285.054716
-303.746273
-289.727605
-102.812034
-56.083141
-313.092051
-378.512501
-158.886705
-98.139145
-144.868037
-74.774698
-51.410252
-191.596930
-168.232484
-9.354248
-84.120477
-107.484923
140.178209
93.449316
-158.886705
-70.101809
112.140873
-32.718695
-84.120477
280.364887
266.346219
-177.578262
-140.195148
210.271548
266.346219
177.561323
191.579991
126.159541
9.337309
154.196877
331.766669
294.383555
261.673330
238.308884
163.542655
158.869766
308.402223
397.187119
275.691998
191.579991
200.925769
149.523987
112.140873
102.795095
135.505320
191.579991
112.140873
-84.120477
-219.634266
-93.466255
9.337309
-102.812034
-98.139145
-140.195148
-336.456498
-406.549837
-242.998712
-65.428920
-116.830702
-271.036048
-331.783609
-336.456498
-271.036048
-126.176480
-46.737362
-140.195148
-242.998712
-238.325823
-214.961377
-121.503591
-23.372916
-42.064473
-74.774698
-112.157812
-172.905373
-93.466255
93.449316
93.449316
-102.812034
-56.083141
98.122205
-74.774698
-84.120477
168.215544
186.907102
4.664420
-14.027137
116.813762
60.739091
42.047534
242.981773
275.691998
121.486652
42.047534
121.486652
219.617327
266.346219
355.131116
308.402223
140.178209
121.486652
214.944437
289.710666
341.112448
299.056444
177.561323
42.047534
46.720423
116.813762
130.832430
140.178209
93.449316
-79.447587
-210.288487
-191.596930
-93.466255
-14.027137
-37.391584
-219.634266
-411.222726
-355.148055
-214.961377
-144.868037
-60.756030
-149.540927
-397.204058
-429.914283
-219.634266
-56.083141
-28.045805
-60.756030
-228.980044
-355.148055
-196.269819
-4.681359
51.393312
37.374645
-88.793366
-228.980044
-158.886705
60.739091
79.430648
70.084870
116.813762
-79.447587
-205.615598
23.355977
205.598659
88.776427
-4.681359
107.467984
74.757759
-60.756030
79.430648
214.944437
163.542655
135.505320
140.178209
126.159541
98.122205
158.869766
266.346219
289.710666
233.635994
168.215544
158.869766
168.215544
233.635994
331.766669
280.364887
121.486652
32.701755
84.103537
158.869766
126.159541
60.739091
42.047534
-4.681359
-116.830702
-191.596930
-98.139145
4.664420
-116.830702
-238.325823
-219.634266
-219.634266
-289.727605
-233.652934
-93.466255
-135.522259
-303.746273
-364.493834
-285.054716
-163.559594
-98.139145
-144.868037
-233.652934
-210.288487
-191.596930
-205.615598
-98.139145
14.010198
-37.391584
-158.886705
-130.849369
-88.793366
-70.101809
65.411980
126.159541
14.010198
-84.120477
-18.700027
98.122205
135.505320
149.523987
154.196877
135.505320
70.084870
60.739091
205.598659
327.093780
271.019109
144.851098
168.215544
238.308884
228.963105
280.364887
373.822673
303.729334
177.561323
154.196877
163.542655
242.981773
369.149784
294.383555
18.683088
-65.428920
51.393312
60.739091
56.066202
126.159541
-9.354248
-313.092051
-322.437830
-79.447587
-28.045805
-102.812034
-163.559594
-303.746273
-448.605841
-336.456498
-107.484923
-65.428920
-177.578262
-317.764941
-401.876948
-331.783609
-144.868037
-18.700027
-65.428920
-233.652934
-322.437830
-228.980044
-51.410252
88.776427
51.393312
-98.139145
-252.344491
-200.942709
121.486652
247.654662
-4.681359
-98.139145
23.355977
-65.428920
-74.774698
289.710666
355.131116
-88.793366
-196.269819
126.159541
224.290216
116.813762
200.925769
233.635994
23.355977
-0.008470
224.290216
322.420891
275.691998
205.598659
144.851098
112.140873
214.944437
359.804005
271.019109
154.196877
172.888434
121.486652
98.122205
200.925769
238.308884
56.066202
-28.045805
107.467984
32.701755
-121.503591
-28.045805
-0.008470
-126.176480
-168.232484
-116.830702
-182.251152
-308.419162
-186.924041
-98.139145
-252.344491
-257.017380
-238.325823
-355.148055
-285.054716
-116.830702
-163.559594
-303.746273
-275.708937
-196.269819
-224.307155
-149.540927
-51.410252
-126.176480
-210.288487
-168.232484
-74.774698
-14.027137
-0.008470
9.337309
-23.372916
-56.083141
32.701755
121.486652
116.813762
88.776427
70.084870
112.140873
196.252880
233.635994
163.542655
172.888434
247.654662
210.271548
177.561323
261.673330
299.056444
182.234212
144.851098
317.748001
331.766669
158.869766
158.869766
242.981773
200.925769
149.523987
210.271548
140.178209
4.664420
70.084870
93.449316
-56.083141
-56.083141
56.066202
-74.774698
-252.344491
-172.905373
-65.428920
-172.905373
-238.325823
-140.195148
-177.578262
-341.129387
-299.073384
-116.830702
-102.812034
-224.307155
-238.325823
-210.288487
-266.363159
-191.596930
-42.064473
-102.812034
-224.307155
-191.596930
-121.503591
-126.176480
-42.064473
32.701755
-79.447587
-196.269819
-79.447587
51.393312
18.683088
18.683088
42.047534
-88.793366
-102.812034
116.813762
196.252880
37.374645
-32.718695
42.047534
56.066202
84.103537
224.290216
205.598659
14.010198
18.683088
186.907102
252.327552
238.308884
214.944437
149.523987
116.813762
214.944437
317.748001
266.346219
182.234212
158.869766
140.178209
214.944437
308.402223
224.290216
60.739091
42.047534
121.486652
135.505320
102.795095
60.739091
-60.756030
-163.559594
-88.793366
51.393312
-4.681359
-186.924041
-261.690269
-238.325823
-205.615598
-149.540927
-112.157812
-228.980044
-392.531169
-359.820944
-186.924041
-121.503591
-158.886705
-257.017380
-350.475166
-336.456498
-205.615598
-51.410252
-93.466255
-238.325823
-257.017380
-191.596930
-107.484923
-18.700027
18.683088
-65.428920
-130.849369
-51.410252
79.430648
121.486652
79.430648
56.066202
46.720423
79.430648
186.907102
219.617327
144.851098
126.159541
200.925769
238.308884
238.308884
224.290216
219.617327
205.598659
210.271548
285.037777
280.364887
214.944437
186.907102
177.561323
196.252880
233.635994
172.888434
116.813762
130.832430
98.122205
70.084870
98.122205
65.411980
-51.410252
