6.113568
-6.126318
-24.486148
-24.486148
-18.366205
-0.006375
12.233512
-6.126318
6.113568
12.233512
-0.006375
-6.126318
12.233512
6.113568
-0.006375
6.113568
-6.126318
-12.246261
-12.246261
-6.126318
12.233512
6.113568
6.113568
6.113568
-6.126318
-18.366205
-18.366205
6.113568
6.113568
6.113568
18.353455
-6.126318
-24.486148
-12.246261
-12.246261
-24.486148
-18.366205
-12.246261
6.113568
6.113568
-0.006375
-0.006375
-0.006375
6.113568
-6.126318
-6.126318
-12.246261
-24.486148
-0.006375
12.233512
12.233512
12.233512
-0.006375
-6.126318
-6.126318
-6.126318
-6.126318
6.113568
-12.246261
-12.246261
18.353455
12.233512
-0.006375
12.233512
6.113568
-6.126318
-6.126318
-18.366205
6.113568
6.113568
-12.246261
12.233512
24.473398
12.233512
-0.006375
6.113568
6.113568
6.113568
6.113568
-12.246261
-12.246261
-6.126318
12.233512
30.593341
12.233512
6.113568
6.113568
-6.126318
-6.126318
6.113568
-6.126318
6.113568
-0.006375
-0.006375
-0.006375
6.113568
12.233512
-0.006375
-0.006375
-0.006375
-0.006375
-6.126318
-12.246261
18.353455
18.353455
-0.006375
6.113568
-0.006375
12.233512
-6.126318
-6.126318
12.233512
12.233512
18.353455
6.113568
-0.006375
-0.006375
6.113568
-0.006375
6.113568
6.113568
-0.006375
-18.366205
-18.366205
-6.126318
-18.366205
-18.366205
-12.246261
6.113568
12.233512
-12.246261
-6.126318
6.113568
-6.126318
-6.126318
12.233512
6.113568
-0.006375
-0.006375
-0.006375
-6.126318
-0.006375
-0.006375
6.113568
-6.126318
6.113568
-6.126318
-0.006375
30.593341
6.113568
-0.006375
-6.126318
-12.246261
6.113568
-12.246261
-12.246261
6.113568
-0.006375
6.113568
12.233512
-0.006375
-12.246261
-6.126318
-18.366205
-12.246261
-6.126318
-0.006375
12.233512
6.113568
-12.246261
-6.126318
-0.006375
-0.006375
6.113568
12.233512
12.233512
-0.006375
-6.126318
6.113568
6.113568
-0.006375
-6.126318
-12.246261
-0.006375
-0.006375
-6.126318
18.353455
18.353455
-6.126318
-18.366205
6.113568
6.113568
-6.126318
-6.126318
-0.006375
18.353455
18.353455
-0.006375
-6.126318
-6.126318
18.353455
12.233512
-18.366205
-18.366205
-0.006375
-6.126318
-6.126318
-6.126318
-6.126318
-0.006375
-6.126318
-12.246261
-0.006375
-0.006375
6.113568
12.233512
-0.006375
-6.126318
-6.126318
-0.006375
-0.006375
-18.366205
-0.006375
-0.006375
6.113568
-0.006375
-18.366205
-18.366205
6.113568
6.113568
12.233512
24.473398
-0.006375
-0.006375
-6.126318
-12.246261
6.113568
-0.006375
-0.006375
-12.246261
-6.126318
12.233512
-0.006375
-30.606091
-18.366205
12.233512
6.113568
12.233512
6.113568
-12.246261
-0.006375
-0.006375
6.113568
6.113568
-18.366205
-24.486148
-0.006375
-0.006375
-6.126318
18.353455
30.593341
12.233512
18.353455
6.113568
6.113568
6.113568
-0.006375
-24.486148
-18.366205
-0.006375
-0.006375
18.353455
6.113568
-6.126318
6.113568
-0.006375
-0.006375
6.113568
-6.126318
6.113568
6.113568
-0.006375
6.113568
-0.006375
-6.126318
-0.006375
12.233512
24.473398
12.233512
-0.006375
-12.246261
-12.246261
6.113568
6.113568
-6.126318
-24.486148
-18.366205
-0.006375
-0.006375
12.233512
-6.126318
-24.486148
-0.006375
24.473398
6.113568
-6.126318
-6.126318
-0.006375
18.353455
12.233512
-0.006375
-6.126318
-12.246261
6.113568
-0.006375
-0.006375
6.113568
-0.006375
12.233512
18.353455
-0.006375
-12.246261
-6.126318
-6.126318
6.113568
12.233512
-6.126318
-18.366205
-6.126318
12.233512
30.593341
12.233512
-24.486148
-18.366205
30.593341
30.593341
-12.246261
-30.606091
-24.486148
6.113568
18.353455
6.113568
-24.486148
-18.366205
30.593341
48.953171
6.113568
-24.486148
-6.126318
18.353455
42.833228
24.473398
-12.246261
-24.486148
-18.366205
24.473398
30.593341
-30.606091
-18.366205
24.473398
36.713284
30.593341
-18.366205
-24.486148
18.353455
30.593341
12.233512
-12.246261
6.113568
36.713284
24.473398
-6.126318
18.353455
30.593341
12.233512
12.233512
18.353455
6.113568
-24.486148
-30.606091
-24.486148
18.353455
42.833228
24.473398
-6.126318
-18.366205
-18.366205
-18.366205
-18.366205
-18.366205
-0.006375
18.353455
18.353455
-6.126318
-30.606091
-42.845978
-30.606091
-36.726034
-18.366205
24.473398
30.593341
12.233512
-30.606091
-61.205807
-42.845978
-0.006375
30.593341
-30.606091
-61.205807
12.233512
36.713284
-30.606091
-91.805524
-55.085864
73.432944
91.792774
-79.565637
-104.045410
85.672830
152.992206
-12.246261
-465.122061
-318.243423
599.748062
563.028403
-287.643707
-489.601834
-55.085864
305.990787
208.071695
-189.724615
-312.123480
146.872263
428.389652
67.313001
-238.684161
-91.805524
73.432944
18.353455
-18.366205
97.912717
171.352036
61.193057
-171.364786
-208.084445
73.432944
257.031241
134.632376
-61.205807
-97.925467
6.113568
42.833228
-36.726034
-73.445694
36.713284
171.352036
91.792774
-48.965921
-55.085864
18.353455
36.713284
-61.205807
-116.285296
12.233512
165.232092
104.032660
-97.925467
-110.165353
-6.126318
36.713284
24.473398
-18.366205
-18.366205
36.713284
24.473398
-79.565637
-110.165353
6.113568
128.512433
61.193057
-55.085864
-48.965921
36.713284
42.833228
-73.445694
-171.364786
-73.445694
189.711865
201.951752
-67.325751
-201.964502
-48.965921
104.032660
67.313001
-85.685580
-128.525183
122.392490
275.391071
-36.726034
-342.723196
-183.604672
165.232092
220.311582
24.473398
-97.925467
-48.965921
30.593341
-0.006375
-91.805524
-73.445694
55.073114
134.632376
110.152603
18.353455
-61.205807
-85.685580
-79.565637
-0.006375
85.672830
91.792774
30.593341
-36.726034
-48.965921
-12.246261
-24.486148
-36.726034
-12.246261
48.953171
61.193057
18.353455
-42.845978
-85.685580
-55.085864
-6.126318
24.473398
48.953171
-6.126318
-42.845978
-6.126318
-24.486148
-97.925467
-97.925467
24.473398
104.032660
48.953171
-42.845978
-48.965921
-12.246261
-42.845978
-79.565637
-24.486148
85.672830
110.152603
18.353455
-73.445694
-67.325751
-12.246261
-12.246261
-42.845978
30.593341
97.912717
67.313001
-6.126318
-85.685580
-73.445694
24.473398
97.912717
48.953171
-48.965921
-6.126318
67.313001
42.833228
-24.486148
-36.726034
30.593341
104.032660
79.552887
-18.366205
-55.085864
-6.126318
36.713284
48.953171
12.233512
12.233512
67.313001
30.593341
-18.366205
12.233512
36.713284
36.713284
30.593341
12.233512
-12.246261
12.233512
55.073114
73.432944
67.313001
-0.006375
-61.205807
-36.726034
67.313001
116.272547
36.713284
-42.845978
-24.486148
30.593341
42.833228
-24.486148
-55.085864
55.073114
122.392490
-0.006375
-122.405240
-85.685580
-6.126318
-12.246261
-36.726034
6.113568
55.073114
-18.366205
-146.885013
-165.244842
-24.486148
110.152603
30.593341
-122.405240
-140.765069
-24.486148
6.113568
-85.685580
-128.525183
-42.845978
18.353455
-48.965921
-79.565637
-55.085864
-55.085864
-85.685580
-55.085864
-6.126318
-12.246261
-61.205807
-79.565637
-55.085864
-42.845978
-30.606091
12.233512
30.593341
-73.445694
-116.285296
30.593341
159.112149
55.073114
-110.165353
-85.685580
73.432944
159.112149
36.713284
-36.726034
61.193057
159.112149
85.672830
-61.205807
-18.366205
159.112149
232.551468
73.432944
-18.366205
110.152603
201.951752
140.752320
-12.246261
36.713284
208.071695
195.831809
110.152603
48.953171
110.152603
195.831809
128.512433
6.113568
48.953171
220.311582
257.031241
91.792774
-91.805524
-36.726034
152.992206
177.471979
48.953171
-85.685580
-73.445694
-36.726034
-61.205807
-42.845978
-6.126318
-48.965921
-177.484729
-220.324331
-122.405240
-79.565637
-153.004956
-281.523764
-367.202969
-299.883594
-189.724615
-165.244842
-226.444275
-299.883594
-342.723196
-318.243423
-238.684161
-220.324331
-263.163934
-293.763650
-275.403821
-226.444275
-146.885013
-73.445694
-110.165353
-183.604672
-183.604672
-146.885013
-55.085864
36.713284
-6.126318
-85.685580
-36.726034
116.272547
195.831809
134.632376
85.672830
79.552887
91.792774
91.792774
171.352036
257.031241
257.031241
220.311582
146.872263
177.471979
281.511014
348.830390
281.511014
140.752320
122.392490
238.671411
373.310163
354.950333
244.791355
238.671411
299.870844
361.070276
318.230673
257.031241
226.431525
244.791355
293.750900
299.870844
318.230673
367.190219
293.750900
159.112149
116.272547
146.872263
189.711865
171.352036
79.552887
30.593341
104.032660
110.152603
-36.726034
-140.765069
-146.885013
-208.084445
-269.283877
-287.643707
-385.562799
-422.282458
-299.883594
-238.684161
-373.322912
-507.961664
-507.961664
-465.122061
-459.002118
-526.321493
-593.640869
-514.081607
-422.282458
-373.322912
-324.363367
-287.643707
-318.243423
-379.442856
-361.083026
-275.403821
-183.604672
-189.724615
-232.564218
-159.124899
36.713284
183.591922
128.512433
-36.726034
-48.965921
61.193057
91.792774
91.792774
152.992206
208.071695
195.831809
128.512433
183.591922
281.511014
232.551468
73.432944
-6.126318
42.833228
159.112149
226.431525
201.951752
128.512433
146.872263
226.431525
195.831809
116.272547
85.672830
104.032660
110.152603
152.992206
244.791355
324.350617
336.590503
263.151184
159.112149
171.352036
269.271128
354.950333
293.750900
226.431525
354.950333
434.509595
391.669992
318.230673
305.990787
367.190219
281.511014
140.752320
189.711865
281.511014
281.511014
208.071695
91.792774
-0.006375
6.113568
67.313001
-48.965921
-293.763650
-410.042572
-385.562799
-214.204388
-73.445694
-263.163934
-477.361947
-507.961664
-501.841720
-471.242004
-507.961664
-618.120642
-630.360528
-532.441437
-434.522345
-299.883594
-201.964502
-318.243423
-544.681323
-550.801266
-306.003537
-140.765069
-214.204388
-324.363367
-232.564218
12.233512
214.191638
159.112149
-36.726034
-67.325751
30.593341
61.193057
67.313001
146.872263
104.032660
18.353455
226.431525
440.629538
361.070276
104.032660
-55.085864
-67.325751
-0.006375
6.113568
-36.726034
-24.486148
97.912717
201.951752
152.992206
55.073114
-24.486148
-159.124899
-269.283877
-195.844559
30.593341
122.392490
67.313001
110.152603
293.750900
379.430106
238.671411
42.833228
-6.126318
152.992206
318.230673
287.630957
293.750900
501.828971
734.386814
667.067438
397.789935
354.950333
477.349198
446.749481
220.311582
159.112149
471.229254
654.827551
428.389652
330.470560
550.788516
526.308743
67.313001
-348.843139
-293.763650
-0.006375
-79.565637
-465.122061
-471.242004
6.113568
214.191638
-269.283877
-820.078769
-795.598996
-556.921210
-654.840301
-942.477634
-911.877917
-520.201550
-299.883594
-428.402402
-501.841720
-336.603253
-312.123480
-612.000699
-820.078769
-605.880755
-226.444275
-110.165353
-208.084445
-146.885013
195.831809
428.389652
293.750900
-12.246261
-104.045410
30.593341
165.232092
208.071695
214.191638
293.750900
440.629538
477.349198
428.389652
305.990787
116.272547
-67.325751
-97.925467
-24.486148
110.152603
189.711865
42.833228
-116.285296
-91.805524
79.552887
55.073114
-324.363367
-520.201550
-263.163934
6.113568
-61.205807
-287.643707
-263.163934
-0.006375
165.232092
55.073114
-42.845978
-12.246261
110.152603
177.471979
85.672830
165.232092
465.109311
556.908460
367.190219
305.990787
581.388233
795.586246
648.707608
397.789935
397.789935
618.107892
740.506757
581.388233
403.909879
458.989368
624.227835
605.868006
416.149765
336.590503
391.669992
263.151184
-67.325751
-238.684161
-153.004956
-159.124899
-330.483310
-379.442856
-165.244842
-116.285296
-410.042572
-667.080188
-716.039734
-734.399563
-862.918371
-1003.677066
-905.757974
-630.360528
-440.642288
-465.122061
-532.441437
-526.321493
-477.361947
-520.201550
-648.720358
-618.120642
-440.642288
-299.883594
-183.604672
24.473398
281.511014
330.470560
189.711865
97.912717
104.032660
122.392490
110.152603
110.152603
177.471979
361.070276
569.148346
618.107892
520.188800
324.350617
152.992206
91.792774
48.953171
-55.085864
-110.165353
-12.246261
67.313001
-67.325751
-61.205807
134.632376
6.113568
-379.442856
-489.601834
-281.523764
-183.604672
-336.603253
-459.002118
-312.123480
-48.965921
67.313001
-30.606091
-116.285296
24.473398
152.992206
67.313001
-67.325751
24.473398
275.391071
373.310163
330.470560
458.989368
734.386814
771.106473
587.508176
544.668573
648.707608
654.827551
526.308743
397.789935
458.989368
660.947495
777.226416
716.026984
624.227835
618.107892
618.107892
471.229254
214.191638
-128.525183
-354.963083
-324.363367
-293.763650
-208.084445
30.593341
-79.565637
-397.802685
-434.522345
-434.522345
-648.720358
-1003.677066
-1303.554285
-1187.275363
-764.999280
-520.201550
-477.361947
-483.481891
-495.721777
-465.122061
-483.481891
-624.240585
-722.159677
-734.399563
-679.320074
-403.922629
18.353455
324.350617
348.830390
128.512433
128.512433
330.470560
275.391071
-0.006375
-97.925467
55.073114
397.789935
648.707608
648.707608
642.587665
636.467722
477.349198
263.151184
67.313001
-42.845978
-12.246261
-18.366205
-110.165353
30.593341
342.710446
226.431525
-342.723196
-483.481891
-208.084445
-208.084445
-520.201550
-673.200131
-428.402402
-116.285296
-104.045410
-238.684161
-263.163934
-128.525183
-42.845978
-165.244842
-226.444275
-61.205807
189.711865
152.992206
-12.246261
214.191638
575.268289
556.908460
385.550049
416.149765
599.748062
740.506757
697.667154
550.788516
483.469141
587.508176
697.667154
630.347779
483.469141
593.628119
862.905622
813.946076
624.227835
587.508176
538.548630
257.031241
-140.765069
-281.523764
-299.883594
-428.402402
-146.885013
122.392490
-250.924048
-465.122061
-269.283877
-336.603253
-752.759393
-1223.995022
-1279.074512
-942.477634
-850.678485
-807.838882
-544.681323
-428.402402
-410.042572
-391.682742
-550.801266
-648.720358
-679.320074
-771.119223
-764.999280
-459.002118
85.672830
397.789935
177.471979
110.152603
434.509595
422.269708
85.672830
-67.325751
-67.325751
97.912717
342.710446
520.188800
728.266870
838.425849
728.266870
532.428687
330.470560
226.431525
116.272547
-128.525183
-244.804104
-42.845978
275.391071
397.789935
110.152603
-281.523764
-220.324331
-140.765069
-465.122061
-709.919790
-679.320074
-483.481891
-299.883594
-287.643707
-110.165353
24.473398
-220.324331
-336.603253
-189.724615
-146.885013
-250.924048
-312.123480
-116.285296
244.791355
434.509595
361.070276
324.350617
434.509595
611.987949
636.467722
410.029822
361.070276
697.667154
826.185962
605.868006
587.508176
862.905622
942.464884
581.388233
403.909879
826.185962
1028.144089
673.187381
452.869425
532.428687
471.229254
128.512433
-122.405240
-146.885013
-434.522345
-563.041153
55.073114
165.232092
-532.441437
-636.480472
-330.483310
-422.282458
-826.198712
-1236.234909
-1266.834625
-1058.756555
-924.117804
-673.200131
-507.961664
-587.520926
-373.322912
-269.283877
-636.480472
-752.759393
-648.720358
-783.359109
-813.958826
-489.601834
73.432944
434.509595
263.151184
299.870844
544.668573
305.990787
24.473398
-6.126318
-110.165353
6.113568
354.950333
587.508176
789.466303
887.385395
820.066019
709.907041
361.070276
42.833228
-18.366205
-97.925467
-226.444275
-244.804104
-30.606091
422.269708
495.709027
30.593341
-281.523764
-354.963083
-397.802685
-599.760812
-1089.356271
-1089.356271
-293.763650
146.872263
-91.805524
-250.924048
-55.085864
165.232092
-183.604672
-783.359109
-703.799847
-214.204388
97.912717
208.071695
220.311582
501.828971
875.145508
728.266870
391.669992
348.830390
446.749481
501.828971
428.389652
520.188800
905.745224
1101.583408
1003.664316
991.424430
966.944657
820.066019
728.266870
556.908460
416.149765
507.948914
471.229254
232.551468
140.752320
257.031241
-6.126318
-685.440018
-452.882175
250.911298
-257.043991
-966.957406
-722.159677
-330.483310
-483.481891
-1101.596158
-1346.393887
-911.877917
-801.718939
-973.077350
-746.639450
-544.681323
-446.762231
-336.603253
-612.000699
-758.879336
-477.361947
-477.361947
-716.039734
-593.640869
-73.445694
391.669992
232.551468
-12.246261
373.310163
526.308743
189.711865
67.313001
73.432944
146.872263
410.029822
477.349198
538.548630
795.586246
856.785678
679.307324
367.190219
79.552887
214.191638
287.630957
-165.244842
-544.681323
-342.723196
330.470560
593.628119
-165.244842
-807.838882
-416.162515
152.992206
-61.205807
-1052.636612
-1407.593320
-361.083026
293.750900
-244.804104
-575.281039
-128.525183
379.430106
67.313001
-740.519507
-654.840301
134.632376
244.791355
-128.525183
-48.965921
428.389652
875.145508
887.385395
495.709027
410.029822
673.187381
826.185962
599.748062
116.272547
324.350617
1223.982273
1383.100797
1083.223578
1181.142670
979.184543
581.388233
489.589084
336.590503
-6.126318
-397.802685
-354.963083
-324.363367
-795.598996
-128.525183
942.464884
-146.885013
-1505.512411
-954.717520
-183.604672
-477.361947
-1401.473376
-1799.269687
-1028.156839
-575.281039
-973.077350
-991.437179
-740.519507
-330.483310
263.151184
30.593341
-459.002118
-299.883594
-342.723196
-501.841720
-30.606091
777.226416
1119.943238
636.467722
287.630957
850.665735
1034.264032
416.149765
208.071695
263.151184
128.512433
159.112149
324.350617
734.386814
1119.943238
679.307324
-55.085864
-459.002118
-716.039734
-758.879336
-930.237747
-1193.395306
-1052.636612
-1107.716101
-1199.515249
-428.402402
146.872263
-299.883594
-703.799847
-862.918371
-1162.795590
-1272.954568
-697.679904
434.509595
1077.103635
1107.703351
1181.142670
924.105054
495.709027
611.987949
740.506757
397.789935
171.352036
495.709027
1052.623862
1438.180286
1481.019889
1156.662897
556.908460
159.112149
220.311582
85.672830
-195.844559
195.831809
728.266870
630.347779
305.990787
250.911298
593.628119
789.466303
538.548630
299.870844
-195.844559
-1254.594739
-2031.827530
-2558.142648
-2870.259753
-1395.353433
979.184543
1205.622443
-165.244842
-734.399563
-783.359109
-1236.234909
-1499.392468
-985.317236
-232.564218
18.353455
397.789935
1419.820456
2141.973758
2031.814780
1328.021308
73.432944
-954.717520
-936.357690
-354.963083
79.552887
697.667154
1603.418753
1676.858072
703.787097
12.233512
-232.564218
-985.317236
-1891.068835
-2093.026962
-1682.990765
-936.357690
61.193057
850.665735
997.544373
673.187381
6.113568
-1083.236328
-1970.628097
-1866.589062
-1089.356271
-244.804104
697.667154
1407.580570
1315.781421
911.865167
844.545792
379.430106
-1107.716101
-2135.866565
-1009.797009
740.506757
832.305905
685.427268
1768.657221
1970.615348
232.551468
-1481.032638
-1670.750879
-771.119223
-104.045410
-171.364786
-177.484729
495.709027
1254.581989
844.545792
-459.002118
-789.479053
-91.805524
-153.004956
-563.041153
-12.246261
930.224997
1450.420172
1517.739548
1095.463465
428.389652
348.830390
875.145508
844.545792
458.989368
1028.144089
1695.217902
1303.541535
1052.623862
1236.222159
385.550049
-1395.353433
-2735.621002
-3696.452090
-3855.570615
-1591.191617
1132.183124
1009.784259
-232.564218
-581.400983
-1401.473376
-2472.463443
-2325.584805
-1389.233490
-373.322912
514.068857
1028.144089
1517.739548
2258.252680
2533.650125
1554.459207
6.113568
-667.080188
-446.762231
-122.405240
593.628119
1774.777164
2282.732453
1560.579151
458.989368
-244.804104
-862.918371
-1597.311560
-1958.388211
-1829.869403
-1419.833206
-899.638031
-257.043991
483.469141
691.547211
146.872263
-752.759393
-1493.272525
-1707.470538
-1536.112128
-1132.195874
-171.364786
1309.661478
1811.496823
948.584827
214.191638
30.593341
-12.246261
-201.964502
-465.122061
12.233512
1040.383975
1254.581989
832.305905
691.547211
795.586246
667.067438
-208.084445
-1132.195874
-905.757974
-104.045410
293.750900
269.271128
97.912717
104.032660
67.313001
-208.084445
-165.244842
116.272547
324.350617
495.709027
569.148346
758.866587
1095.463465
1242.342102
1077.103635
887.385395
948.584827
1119.943238
1260.701932
1199.502500
128.512433
-1615.671390
-2711.141229
-3237.456348
-2564.262591
-171.364786
1168.902783
189.711865
-789.479053
-1432.073093
-2325.584805
-2282.745203
-1425.953149
-746.639450
122.392490
1003.664316
1444.300229
1921.655802
2301.092282
1829.856653
532.428687
-563.041153
-997.557123
-844.558542
36.713284
1413.700513
2350.051828
2062.414496
1028.144089
24.473398
-948.597577
-1750.310141
-2282.745203
-2533.662875
-1933.908438
-850.678485
-146.885013
587.508176
1193.382556
856.785678
-55.085864
-1077.116385
-1921.668552
-1805.389630
-1003.677066
-153.004956
973.064600
1903.295972
1872.696256
1168.902783
238.671411
-544.681323
-703.799847
-660.960245
-709.919790
-79.565637
973.064600
1217.862329
979.184543
936.344940
642.587665
-61.205807
-771.119223
-1230.114966
-1040.396725
-306.003537
305.990787
599.748062
862.905622
820.066019
287.630957
-104.045410
-36.726034
-18.366205
-110.165353
232.551468
795.586246
1107.703351
1609.538697
1946.135575
1505.499661
1211.742386
1070.983692
434.509595
526.308743
1107.703351
91.792774
-1738.070254
-2723.381116
-3500.613907
-3457.774304
-1126.075931
1028.144089
667.067438
-324.363367
-1126.075931
-2429.623840
-2717.261172
-1652.391049
-905.757974
36.713284
1334.141251
1793.136994
2252.132736
2998.765811
2625.449274
1223.982273
-140.765069
-917.997861
-1095.476214
-691.559961
544.668573
1823.736710
2025.694837
1432.060343
263.151184
-1162.795590
-2019.587643
-2692.781399
-3188.496802
-2539.782819
-1413.713263
-520.201550
477.349198
1248.462046
1401.460626
1034.264032
-91.805524
-1334.154001
-1597.311560
-1315.794171
-856.798428
538.548630
2050.174610
2233.772907
1872.696256
1548.339264
471.229254
-820.078769
-1358.633774
-1548.352014
-1279.074512
-201.964502
801.706189
1266.821875
1554.459207
1328.021308
201.951752
-869.038315
-1401.473376
-1774.789914
-1358.633774
-48.965921
936.344940
1297.421591
1205.622443
764.986530
465.109311
330.470560
-0.006375
-195.844559
12.233512
373.310163
1107.703351
2074.654383
2405.131317
1891.056085
1297.421591
1015.904202
495.709027
183.591922
477.349198
-397.802685
-2441.863727
-3763.771466
-4259.486868
-3035.498221
250.911298
1689.097959
342.710446
-532.441437
-1456.552865
-3096.697653
-2931.459186
-1419.833206
-238.684161
1003.664316
1848.216483
2154.213645
2784.567798
3372.082349
2790.687741
1119.943238
-428.402402
-1285.194455
-1676.870822
-1009.797009
771.106473
2001.215064
2013.454950
1230.102216
-159.124899
-1438.193036
-2386.784238
-3298.655780
-3470.014191
-2680.541513
-1634.031219
-507.961664
783.346359
1787.017050
1927.775745
1205.622443
36.713284
-1015.916952
-1419.833206
-1205.635193
-771.119223
354.950333
2227.652964
3053.845301
2013.454950
483.469141
-348.843139
-599.760812
-1138.315817
-1731.950311
-1052.636612
214.191638
489.589084
373.310163
826.185962
1138.303067
660.947495
-336.603253
-1340.273944
-1627.911276
-1077.116385
-250.924048
764.986530
1560.579151
1321.901364
685.427268
734.386814
862.905622
422.269708
-30.606091
-55.085864
520.188800
1334.141251
1487.139832
1554.459207
2252.132736
2215.413077
1064.863748
361.070276
685.427268
299.870844
-2013.467700
-3929.009933
-4088.128458
-3953.489706
-2386.784238
660.947495
1505.499661
605.868006
-146.885013
-1982.867984
-3219.096518
-2178.706168
-1254.594739
-495.721777
1248.462046
2478.570636
2815.167514
3164.004279
3237.443598
2576.489728
1034.264032
-709.919790
-1750.310141
-1823.749460
-801.718939
734.386814
1591.178867
1664.618186
1015.904202
-459.002118
-1756.430084
-2576.502478
-3433.294531
-3604.652942
-2680.541513
-1432.073093
-134.645126
1107.703351
1823.736710
1952.255518
1450.420172
195.831809
-1022.036896
-1462.672809
-1168.915533
-250.924048
881.265451
1805.376880
2466.330750
2239.892850
875.145508
-465.122061
-1150.555704
-1652.391049
-1676.870822
-991.437179
-214.204388
526.308743
1297.421591
1383.100797
716.026984
165.232092
-520.201550
-1591.191617
-1805.389630
-979.197293
6.113568
1070.983692
1756.417334
1425.940399
1034.264032
948.584827
471.229254
91.792774
122.392490
30.593341
250.911298
1248.462046
2129.733872
2154.213645
1988.975177
1946.135575
1321.901364
618.107892
354.950333
-1126.075931
-3353.735269
-4088.128458
-4436.965222
-3977.969479
-697.679904
1731.937561
1058.743805
330.470560
-636.480472
-2533.662875
-2919.219299
-1940.028381
-1028.156839
385.550049
1842.096540
2509.170352
3200.723938
3892.277524
3378.202292
1725.817618
110.152603
-1003.677066
-1866.589062
-1823.749460
-520.201550
856.785678
1511.619605
1517.739548
611.987949
-917.997861
-2141.986508
-2992.658618
-3604.652942
-3310.895666
-2172.586224
-917.997861
489.589084
1774.777164
2154.213645
1921.655802
1291.301648
79.552887
-1187.275363
-1842.109289
-1413.713263
275.391071
1860.456369
2135.853815
2031.814780
1842.096540
611.987949
-1058.756555
-1909.428665
-1842.109289
-1205.635193
-581.400983
-195.844559
563.028403
1462.660059
1321.901364
471.229254
-67.325751
-618.120642
-1364.753717
-1572.831787
-881.278201
336.590503
1187.262613
1211.742386
1217.862329
1511.619605
1254.581989
471.229254
-36.726034
48.953171
458.989368
875.145508
1364.740967
1976.735291
2258.252680
2013.454950
1566.699094
1407.580570
850.665735
-1413.713263
-3714.811920
-4143.207947
-4443.085165
-4143.207947
-1187.275363
1395.340683
1230.102216
318.230673
-526.321493
-1787.029800
-2392.904181
-2031.827530
-1487.152582
-208.084445
1609.538697
2490.810523
2974.286038
3916.757297
3714.799170
1946.135575
403.909879
-856.798428
-1976.748041
-1774.789914
-801.718939
214.191638
1358.621024
1499.379718
495.709027
-556.921210
-1695.230652
-2906.979413
-3580.173169
-3439.414474
-2423.503897
-1003.677066
336.590503
1591.178867
2350.051828
2270.492566
1468.780002
189.711865
-869.038315
-1634.031219
-2105.266849
-722.159677
1970.615348
2723.368366
1725.817618
1511.619605
1291.301648
-330.483310
-1940.028381
-2123.626678
-1223.995022
-348.843139
-281.523764
-189.724615
869.025565
1707.457788
1217.862329
55.073114
-826.198712
-1168.915533
-1260.714682
-948.597577
79.552887
905.745224
997.544373
1101.583408
1352.501081
1358.621024
1003.664316
465.109311
348.830390
550.788516
514.068857
820.066019
1664.618186
2123.613928
2160.333588
1897.176029
1407.580570
312.110730
-1958.388211
-3727.051807
-4308.446414
-4877.601135
-3580.173169
-306.003537
1156.662897
869.025565
452.869425
-722.159677
-1603.431503
-1578.951730
-1713.590481
-1260.714682
97.912717
1279.061762
2270.492566
3298.643030
3910.637354
3341.482633
1597.298810
140.752320
-734.399563
-1652.391049
-1585.071673
-556.921210
342.710446
1064.863748
973.064600
152.992206
-397.802685
-1468.792752
-3017.138391
-3457.774304
-3133.417313
-2441.863727
-942.477634
599.748062
1652.378299
2203.173191
1884.936142
1107.703351
104.032660
-1615.671390
-2509.183102
-893.518088
1217.862329
1811.496823
2007.335007
2160.333588
1168.902783
-238.684161
-936.357690
-1364.753717
-1370.873660
-538.561380
-61.205807
-354.963083
42.833228
973.064600
1040.383975
709.907041
318.230673
-660.960245
-1101.596158
-446.762231
-183.604672
-330.483310
110.152603
636.467722
1003.664316
1462.660059
1640.138413
1383.100797
954.704770
556.908460
422.269708
593.628119
1205.622443
1750.297391
1670.738129
1970.615348
1927.775745
-299.883594
-2392.904181
-2735.621002
-3965.729593
-5000.000000
-2766.220718
-85.685580
385.550049
367.190219
238.671411
-630.360528
-1242.354852
-1462.672809
-1603.431503
-826.198712
452.869425
917.985111
1462.660059
2955.926209
3610.760135
2558.129898
1389.220740
789.466303
-275.403821
-1383.113547
-1132.195874
-153.004956
379.430106
697.667154
599.748062
-48.965921
-391.682742
-1175.035477
-2717.261172
-3084.457767
-2472.463443
-2178.706168
-1199.515249
532.428687
1352.501081
1432.060343
1438.180286
605.868006
-997.557123
-1738.070254
-997.557123
30.593341
709.907041
1517.739548
2117.493985
1884.936142
1046.503919
-244.804104
-1481.032638
-1419.833206
-403.922629
-183.604672
-452.882175
257.031241
1150.542954
911.865167
171.352036
-116.285296
-110.165353
-183.604672
-287.643707
-459.002118
-410.042572
48.953171
391.669992
569.148346
997.544373
1328.021308
1119.943238
942.464884
1101.583408
930.224997
673.187381
1052.623862
1487.139832
1554.459207
1878.816199
1462.660059
-501.841720
-1646.271106
-1909.428665
-3555.693396
-4283.966641
-2111.386792
-250.924048
-122.405240
-122.405240
-361.083026
-887.398144
-1089.356271
-1370.873660
-1272.954568
-373.322912
263.151184
636.467722
1523.859491
2454.090863
2539.770069
1676.858072
997.544373
942.464884
257.031241
-777.239166
-514.081607
324.350617
520.188800
556.908460
556.908460
116.272547
-550.801266
-1487.152582
-2515.303046
-2686.661456
-2117.506735
-1780.909857
-1113.836044
385.550049
1321.901364
1138.303067
538.548630
-489.601834
-1113.836044
-605.880755
-330.483310
-336.603253
495.709027
1297.421591
1340.261194
1095.463465
801.706189
593.628119
312.110730
-146.885013
-471.242004
-593.640869
-330.483310
208.071695
367.190219
232.551468
330.470560
483.469141
520.188800
391.669992
-91.805524
-709.919790
-942.477634
-593.640869
-165.244842
305.990787
1126.063181
1548.339264
1376.980854
1395.340683
1193.382556
581.388233
563.028403
924.105054
985.304486
1321.901364
1248.462046
-140.765069
-771.119223
-636.480472
-2386.784238
-3886.170331
-2233.785657
-477.361947
-716.039734
-764.999280
-257.043991
-440.642288
-960.837463
-1254.594739
-1034.276782
-238.684161
336.590503
434.509595
930.224997
1780.897107
1866.576313
1162.782840
856.785678
966.944657
440.629538
-489.601834
-403.922629
642.587665
875.145508
183.591922
122.392490
495.709027
-0.006375
-1113.836044
-2007.347757
-2282.745203
-1964.508154
-1572.831787
-1083.236328
-36.726034
856.785678
556.908460
-489.601834
-783.359109
-48.965921
24.473398
-813.958826
-452.882175
758.866587
966.944657
709.907041
826.185962
813.946076
501.828971
220.311582
73.432944
165.232092
269.271128
275.391071
410.029822
232.551468
-410.042572
-452.882175
373.310163
1003.664316
679.307324
-30.606091
-226.444275
-159.124899
-422.282458
-495.721777
24.473398
642.587665
942.464884
1034.264032
1211.742386
1383.100797
1138.303067
783.346359
875.145508
1077.103635
1028.144089
299.870844
-685.440018
-581.400983
-820.078769
-2802.940378
-3151.777142
-844.558542
238.671411
-440.642288
-728.279620
-636.480472
-752.759393
-1193.395306
-1389.233490
-630.360528
152.992206
220.311582
538.548630
1334.141251
1713.577732
1175.022727
458.989368
471.229254
379.430106
-397.802685
-507.961664
293.750900
924.105054
820.066019
238.671411
263.151184
550.788516
-238.684161
-1352.513830
-1652.391049
-1725.830368
-1787.029800
-1419.833206
-795.598996
183.591922
728.266870
-336.603253
-1358.633774
-495.721777
397.789935
-336.603253
-807.838882
208.071695
1009.784259
593.628119
152.992206
330.470560
654.827551
899.625281
758.866587
214.191638
232.551468
764.986530
654.827551
-18.366205
-428.402402
-250.924048
336.590503
807.826132
575.268289
24.473398
6.113568
189.711865
-177.484729
-544.681323
-306.003537
232.551468
746.626700
1119.943238
1285.181705
1260.701932
1077.103635
758.866587
514.068857
660.947495
875.145508
275.391071
-618.120642
-342.723196
-177.484729
-1738.070254
-2735.621002
-1425.953149
-134.645126
-422.282458
-844.558542
-618.120642
-507.961664
-771.119223
-1107.716101
-844.558542
-122.405240
305.990787
538.548630
881.265451
1083.223578
966.944657
587.508176
416.149765
471.229254
-0.006375
-391.682742
177.471979
734.386814
587.508176
336.590503
299.870844
410.029822
195.831809
-636.480472
-1279.074512
-1481.032638
-1493.272525
-1156.675647
-697.679904
-281.523764
-354.963083
-1187.275363
-973.077350
563.028403
618.107892
-673.200131
-685.440018
146.872263
152.992206
-269.283877
48.953171
716.026984
948.584827
991.424430
838.425849
520.188800
642.587665
703.787097
-0.006375
-605.880755
-612.000699
-342.723196
452.869425
1370.860910
1303.541535
703.787097
575.268289
336.590503
-563.041153
-1101.596158
-654.840301
-24.486148
507.948914
1083.223578
1279.061762
1395.340683
1542.219321
1046.503919
373.310163
544.668573
440.629538
-1003.677066
-1487.152582
-195.844559
-397.802685
-2172.586224
-1988.987927
-85.685580
287.630957
-728.279620
-911.877917
-514.081607
-777.239166
-1272.954568
-1064.876498
-244.804104
416.149765
636.467722
832.305905
1230.102216
1211.742386
465.109311
67.313001
189.711865
-250.924048
-844.558542
-201.964502
966.944657
1156.662897
697.667154
556.908460
611.987949
97.912717
-697.679904
-1083.236328
-1211.755136
-1395.353433
-1413.713263
-899.638031
-36.726034
-214.204388
-1236.234909
-752.759393
575.268289
152.992206
-905.757974
-593.640869
152.992206
-85.685580
-648.720358
-146.885013
801.706189
979.184543
826.185962
703.787097
618.107892
740.506757
654.827551
110.152603
-385.562799
-434.522345
-12.246261
722.146927
1181.142670
905.745224
507.948914
544.668573
318.230673
-459.002118
-752.759393
-195.844559
165.232092
140.752320
532.428687
1144.423010
1334.141251
1279.061762
1113.823294
685.427268
477.349198
410.029822
-544.681323
-1156.675647
-312.123480
-195.844559
-1407.593320
-1982.867984
-1119.955987
-153.004956
-428.402402
-685.440018
-153.004956
-354.963083
-1205.635193
-1254.594739
-581.400983
-6.126318
257.031241
434.509595
838.425849
1046.503919
703.787097
611.987949
758.866587
140.752320
-758.879336
-728.279620
275.391071
924.105054
679.307324
495.709027
538.548630
324.350617
-104.045410
-446.762231
-673.200131
-1119.955987
-1370.873660
-905.757974
-630.360528
-1046.516669
-1156.675647
-391.682742
361.070276
91.792774
-587.520926
-318.243423
318.230673
-30.606091
-648.720358
-452.882175
134.632376
354.950333
336.590503
734.386814
1162.782840
887.385395
575.268289
422.269708
-36.726034
-440.642288
-189.724615
777.226416
1389.220740
771.106473
318.230673
795.586246
685.427268
-220.324331
-569.161096
-342.723196
-153.004956
6.113568
422.269708
1138.303067
1376.980854
930.224997
746.626700
764.986530
550.788516
238.671411
-452.882175
-758.879336
-293.763650
-483.481891
-997.557123
-1028.156839
-1162.795590
-893.518088
-459.002118
-605.880755
-587.520926
-318.243423
-520.201550
-869.038315
-850.678485
-385.562799
195.831809
416.149765
440.629538
452.869425
428.389652
709.907041
838.425849
177.471979
-428.402402
-287.643707
171.352036
471.229254
569.148346
575.268289
434.509595
183.591922
-61.205807
-195.844559
-232.564218
-587.520926
-942.477634
-795.598996
-1003.677066
-1438.193036
-856.798428
-79.565637
6.113568
-6.126318
-73.445694
-171.364786
-226.444275
-287.643707
-403.922629
-771.119223
-575.281039
397.789935
856.785678
917.985111
1272.941818
1211.742386
354.950333
-459.002118
-514.081607
61.193057
385.550049
379.430106
630.347779
862.905622
838.425849
795.586246
532.428687
201.951752
18.353455
-257.043991
-397.802685
-18.366205
722.146927
948.584827
569.148346
581.388233
807.826132
538.548630
379.430106
648.707608
238.671411
-630.360528
-526.321493
-177.484729
-599.760812
-911.877917
-893.518088
-813.958826
-679.320074
-685.440018
-459.002118
-238.684161
-501.841720
-869.038315
-991.437179
-685.440018
-134.645126
67.313001
128.512433
373.310163
361.070276
342.710446
654.827551
489.589084
-159.124899
-440.642288
-293.763650
110.152603
507.948914
722.146927
838.425849
679.307324
250.911298
-48.965921
-61.205807
-189.724615
-630.360528
-1101.596158
-1493.272525
-1444.312979
-507.961664
373.310163
208.071695
-73.445694
177.471979
61.193057
-605.880755
-875.158258
-734.399563
-789.479053
-734.399563
-42.845978
813.946076
1230.102216
1297.421591
991.424430
195.831809
-410.042572
-232.564218
263.151184
361.070276
244.791355
507.948914
813.946076
856.785678
783.346359
544.668573
397.789935
244.791355
-208.084445
-354.963083
354.950333
1119.943238
764.986530
110.152603
373.310163
624.227835
189.711865
116.272547
465.109311
61.193057
-654.840301
-348.843139
171.352036
-208.084445
-563.041153
-471.242004
-746.639450
-1162.795590
-881.278201
-208.084445
-67.325751
-477.361947
-685.440018
-532.441437
-385.562799
-244.804104
-85.685580
-55.085864
-73.445694
-79.565637
110.152603
587.508176
636.467722
159.112149
-116.285296
-195.844559
-73.445694
201.951752
257.031241
195.831809
220.311582
263.151184
232.551468
226.431525
281.511014
-73.445694
-1034.276782
-1560.591901
-924.117804
-183.604672
-134.645126
61.193057
532.428687
348.830390
-410.042572
-563.041153
-140.765069
-391.682742
-924.117804
-679.320074
-110.165353
361.070276
783.346359
936.344940
593.628119
30.593341
-97.925467
238.671411
342.710446
177.471979
250.911298
501.828971
611.987949
556.908460
611.987949
716.026984
507.948914
24.473398
-250.924048
-79.565637
354.950333
630.347779
465.109311
269.271128
281.511014
293.750900
214.191638
293.750900
379.430106
-61.205807
-575.281039
-299.883594
146.872263
-67.325751
-367.202969
-220.324331
-214.204388
-746.639450
-783.359109
-30.606091
122.392490
-532.441437
-850.678485
-520.201550
-318.243423
-422.282458
-208.084445
79.552887
-97.925467
-434.522345
-336.603253
134.632376
287.630957
6.113568
-171.364786
-159.124899
-55.085864
220.311582
501.828971
434.509595
61.193057
-165.244842
-122.405240
-30.606091
-140.765069
-97.925467
195.831809
-67.325751
-373.322912
116.272547
477.349198
97.912717
-422.282458
-410.042572
-165.244842
-299.883594
-348.843139
-122.405240
6.113568
110.152603
-0.006375
-104.045410
42.833228
67.313001
18.353455
-122.405240
-275.403821
91.792774
593.628119
636.467722
544.668573
410.029822
342.710446
281.511014
-67.325751
-171.364786
152.992206
342.710446
446.749481
550.788516
550.788516
599.748062
550.788516
24.473398
-312.123480
48.953171
146.872263
-97.925467
165.232092
532.428687
177.471979
-477.361947
-201.964502
501.828971
232.551468
-263.163934
-220.324331
-159.124899
-312.123480
-636.480472
-648.720358
-263.163934
-214.204388
-257.043991
-67.325751
146.872263
116.272547
-318.243423
-593.640869
-489.601834
-471.242004
-434.522345
-79.565637
159.112149
-6.126318
48.953171
263.151184
104.032660
-79.565637
-110.165353
-91.805524
-140.765069
-238.684161
-171.364786
-134.645126
6.113568
330.470560
275.391071
-24.486148
-122.405240
42.833228
-6.126318
-434.522345
-330.483310
79.552887
61.193057
48.953171
312.110730
361.070276
-195.844559
-354.963083
85.672830
-153.004956
-428.402402
-85.685580
189.711865
305.990787
12.233512
-134.645126
367.190219
434.509595
-73.445694
-97.925467
501.828971
324.350617
-403.922629
104.032660
660.947495
177.471979
-306.003537
-79.565637
813.946076
581.388233
-385.562799
55.073114
379.430106
195.831809
440.629538
-146.885013
-312.123480
361.070276
-140.765069
-232.564218
507.948914
244.791355
-110.165353
42.833228
403.909879
575.268289
-153.004956
-618.120642
-116.285296
-30.606091
-281.523764
-177.484729
-85.685580
-116.285296
-48.965921
214.191638
275.391071
-159.124899
-342.723196
-336.603253
-373.322912
-146.885013
-238.684161
-452.882175
-61.205807
299.870844
104.032660
-165.244842
85.672830
214.191638
-391.682742
-507.961664
67.313001
36.713284
-183.604672
-42.845978
-18.366205
-0.006375
208.071695
48.953171
-275.403821
6.113568
-18.366205
-471.242004
-12.246261
287.630957
-153.004956
85.672830
281.511014
-79.565637
-183.604672
-55.085864
146.872263
-67.325751
-275.403821
-110.165353
-140.765069
354.950333
379.430106
-293.763650
171.352036
195.831809
-12.246261
275.391071
-287.643707
12.233512
550.788516
-67.325751
-177.484729
134.632376
520.188800
30.593341
-452.882175
563.028403
410.029822
-367.202969
-146.885013
208.071695
489.589084
-195.844559
-250.924048
532.428687
-12.246261
-238.684161
208.071695
-79.565637
-318.243423
73.432944
342.710446
189.711865
159.112149
-146.885013
122.392490
618.107892
-642.600415
-581.400983
709.907041
-483.481891
-813.958826
575.268289
507.948914
-116.285296
-495.721777
-30.606091
679.307324
-140.765069
-807.838882
-134.645126
550.788516
24.473398
-728.279620
232.551468
862.905622
-495.721777
-777.239166
477.349198
250.911298
-630.360528
67.313001
336.590503
-636.480472
-134.645126
507.948914
-618.120642
-257.043991
532.428687
-605.880755
-6.126318
930.224997
-550.801266
-361.083026
911.865167
-55.085864
-293.763650
263.151184
-459.002118
-122.405240
330.470560
-342.723196
-48.965921
79.552887
55.073114
428.389652
-422.282458
-116.285296
979.184543
-159.124899
-587.520926
-91.805524
97.912717
361.070276
-391.682742
140.752320
703.787097
-361.083026
195.831809
440.629538
-226.444275
-318.243423
-226.444275
226.431525
-244.804104
465.109311
740.506757
-1064.876498
465.109311
673.187381
-1352.513830
422.269708
507.948914
-881.278201
-250.924048
61.193057
740.506757
208.071695
-446.762231
532.428687
-140.765069
-446.762231
642.587665
-171.364786
-905.757974
348.830390
373.310163
-905.757974
134.632376
1181.142670
-281.523764
-354.963083
611.987949
-12.246261
-226.444275
110.152603
-134.645126
-575.281039
-238.684161
783.346359
122.392490
-550.801266
685.427268
305.990787
-685.440018
208.071695
152.992206
-440.642288
159.112149
-73.445694
-397.802685
342.710446
171.352036
-342.723196
97.912717
140.752320
-220.324331
12.233512
195.831809
-42.845978
12.233512
-116.285296
-165.244842
465.109311
-110.165353
-728.279620
624.227835
165.232092
-844.558542
642.587665
61.193057
-422.282458
850.665735
-697.679904
-318.243423
1517.739548
-807.838882
-1070.996442
1034.264032
-97.925467
-612.000699
489.589084
97.912717
-85.685580
-24.486148
-428.402402
367.190219
532.428687
-636.480472
-42.845978
605.868006
-452.882175
140.752320
618.107892
-1034.276782
-287.643707
985.304486
-434.522345
-477.361947
605.868006
116.272547
-220.324331
226.431525
-73.445694
-97.925467
520.188800
-446.762231
-293.763650
667.067438
-709.919790
-0.006375
740.506757
-813.958826
416.149765
416.149765
-801.718939
801.706189
201.951752
-801.718939
336.590503
-0.006375
-569.161096
318.230673
489.589084
-875.158258
91.792774
1040.383975
-1046.516669
152.992206
1150.542954
-905.757974
97.912717
446.749481
-697.679904
171.352036
263.151184
-330.483310
-12.246261
305.990787
-73.445694
97.912717
220.311582
-734.399563
495.709027
434.509595
-1444.312979
673.187381
501.828971
-1040.396725
832.305905
-0.006375
-520.201550
330.470560
-24.486148
-55.085864
-709.919790
948.584827
458.989368
-1523.872241
1126.063181
171.352036
-826.198712
556.908460
-673.200131
520.188800
30.593341
-728.279620
924.105054
-459.002118
140.752320
232.551468
-642.600415
593.628119
-403.922629
97.912717
122.392490
-348.843139
703.787097
-740.519507
-18.366205
587.508176
-306.003537
269.271128
-630.360528
79.552887
599.748062
-771.119223
238.671411
465.109311
-605.880755
379.430106
746.626700
-795.598996
-244.804104
1138.303067
-660.960245
-997.557123
1022.024146
-171.364786
-605.880755
1156.662897
-201.964502
-556.921210
1052.623862
-330.483310
-691.559961
575.268289
-312.123480
-281.523764
220.311582
-336.603253
336.590503
177.471979
12.233512
501.828971
-489.601834
-6.126318
281.511014
-526.321493
91.792774
-208.084445
-159.124899
324.350617
61.193057
318.230673
-342.723196
-36.726034
556.908460
-336.603253
-208.084445
-250.924048
220.311582
410.029822
-550.801266
440.629538
379.430106
-208.084445
97.912717
-403.922629
-48.965921
42.833228
281.511014
-55.085864
-501.841720
905.745224
-104.045410
-636.480472
611.987949
-312.123480
-85.685580
244.791355
-312.123480
226.431525
-324.363367
-85.685580
660.947495
-734.399563
-214.204388
875.145508
-685.440018
-238.684161
734.386814
-654.840301
-146.885013
728.266870
-575.281039
-269.283877
777.226416
-244.804104
-605.880755
342.710446
226.431525
-416.162515
257.031241
550.788516
-526.321493
312.110730
526.308743
-783.359109
220.311582
-6.126318
-483.481891
416.149765
-159.124899
220.311582
48.953171
-428.402402
777.226416
85.672830
-556.921210
275.391071
-140.765069
-336.603253
391.669992
-238.684161
-293.763650
501.828971
-201.964502
-281.523764
446.749481
305.990787
-501.841720
-85.685580
434.509595
-691.559961
391.669992
336.590503
-1168.915533
801.706189
269.271128
-685.440018
495.709027
-495.721777
257.031241
428.389652
-679.320074
538.548630
189.711865
-232.564218
79.552887
-128.525183
140.752320
-336.603253
238.671411
110.152603
-783.359109
697.667154
342.710446
-520.201550
342.710446
-128.525183
-0.006375
146.872263
-324.363367
30.593341
-361.083026
189.711865
434.509595
-563.041153
122.392490
263.151184
189.711865
-257.043991
-526.321493
917.985111
-538.561380
-740.519507
1034.264032
-269.283877
-452.882175
403.909879
361.070276
-324.363367
-226.444275
685.427268
-226.444275
-452.882175
403.909879
128.512433
-281.523764
299.870844
159.112149
-593.640869
569.148346
171.352036
-826.198712
538.548630
122.392490
-507.961664
177.471979
195.831809
97.912717
-367.202969
73.432944
440.629538
-275.403821
-140.765069
159.112149
73.432944
-159.124899
-48.965921
-61.205807
-0.006375
220.311582
-501.841720
354.950333
550.788516
-960.837463
379.430106
532.428687
-887.398144
348.830390
367.190219
-575.281039
208.071695
257.031241
-220.324331
-6.126318
85.672830
-250.924048
-30.606091
312.110730
-97.925467
-165.244842
79.552887
373.310163
-287.643707
-495.721777
642.587665
-140.765069
-587.520926
287.630957
85.672830
12.233512
-18.366205
-55.085864
140.752320
24.473398
-36.726034
110.152603
152.992206
-342.723196
-263.163934
563.028403
-183.604672
-397.802685
722.146927
-410.042572
-214.204388
1095.463465
-477.361947
-648.720358
134.632376
214.191638
-91.805524
-459.002118
526.308743
-61.205807
-18.366205
489.589084
-434.522345
489.589084
61.193057
-771.119223
238.671411
36.713284
-30.606091
30.593341
-153.004956
483.469141
-6.126318
-391.682742
354.950333
-201.964502
-153.004956
336.590503
-379.442856
116.272547
348.830390
-336.603253
140.752320
165.232092
-293.763650
134.632376
67.313001
-312.123480
104.032660
-18.366205
-336.603253
361.070276
104.032660
-110.165353
361.070276
-752.759393
-48.965921
801.706189
-838.438598
79.552887
544.668573
-299.883594
275.391071
-324.363367
104.032660
471.229254
-813.958826
-97.925467
569.148346
-410.042572
-97.925467
691.547211
-410.042572
-373.322912
826.185962
-177.484729
-220.324331
195.831809
-624.240585
563.028403
6.113568
-1083.236328
1383.100797
42.833228
-1254.594739
1150.542954
-67.325751
-238.684161
238.671411
-330.483310
336.590503
-697.679904
434.509595
452.869425
-1040.396725
764.986530
134.632376
-422.282458
348.830390
-128.525183
159.112149
-379.442856
91.792774
795.586246
-771.119223
-410.042572
893.505338
-403.922629
-563.041153
826.185962
-440.642288
-428.402402
966.944657
-440.642288
-165.244842
593.628119
-361.083026
-36.726034
-232.564218
134.632376
605.868006
-1046.516669
146.872263
954.704770
-1187.275363
569.148346
630.347779
-1107.716101
960.824713
-416.162515
-587.520926
1346.381137
-1083.236328
-330.483310
826.185962
-630.360528
165.232092
177.471979
12.233512
-6.126318
-232.564218
305.990787
-269.283877
226.431525
257.031241
-636.480472
293.750900
226.431525
-244.804104
36.713284
-281.523764
73.432944
348.830390
-330.483310
177.471979
391.669992
-526.321493
159.112149
354.950333
-410.042572
-48.965921
97.912717
-6.126318
-24.486148
104.032660
12.233512
-12.246261
354.950333
-361.083026
67.313001
208.071695
-489.601834
605.868006
-440.642288
-361.083026
1107.703351
-795.598996
-440.642288
1101.583408
-605.880755
-783.359109
1646.258356
-306.003537
-1493.272525
1823.736710
-556.921210
-1107.716101
1468.780002
-716.039734
-312.123480
520.188800
-318.243423
-134.645126
122.392490
514.068857
-795.598996
-42.845978
1150.542954
-838.438598
-293.763650
985.304486
-483.481891
-361.083026
685.427268
-257.043991
-177.484729
342.710446
-238.684161
-97.925467
220.311582
220.311582
-416.162515
-232.564218
789.466303
-165.244842
-605.880755
452.869425
18.353455
-501.841720
189.711865
269.271128
-232.564218
-538.561380
532.428687
605.868006
-997.557123
403.909879
391.669992
-997.557123
869.025565
-67.325751
-881.278201
997.544373
-146.885013
-446.762231
410.029822
12.233512
152.992206
-306.003537
55.073114
269.271128
-324.363367
-0.006375
134.632376
-55.085864
-446.762231
777.226416
116.272547
-1248.474795
1193.382556
55.073114
-1034.276782
758.866587
-140.765069
-226.444275
42.833228
220.311582
208.071695
-667.080188
410.029822
324.350617
-587.520926
79.552887
122.392490
67.313001
-0.006375
-128.525183
55.073114
36.713284
183.591922
-110.165353
-232.564218
152.992206
-140.765069
165.232092
110.152603
-673.200131
410.029822
342.710446
-397.802685
397.789935
-379.442856
-67.325751
697.667154
-575.281039
-85.685580
416.149765
-342.723196
-134.645126
373.310163
-0.006375
-379.442856
330.470560
226.431525
-189.724615
-477.361947
330.470560
856.785678
-1499.392468
336.590503
1279.061762
-1762.550027
563.028403
728.266870
-917.997861
79.552887
208.071695
477.349198
-1046.516669
575.268289
838.425849
-1805.389630
1285.181705
-24.486148
-1132.195874
1591.178867
-905.757974
-195.844559
764.986530
-569.161096
893.505338
-722.159677
-630.360528
1560.579151
-911.877917
-238.684161
1107.703351
-1450.432922
458.989368
777.226416
-1070.996442
703.787097
-336.603253
79.552887
416.149765
-905.757974
1230.102216
-740.519507
-746.639450
1854.336426
-1566.711844
-361.083026
2050.174610
-1162.795590
-679.320074
1046.503919
165.232092
-563.041153
-24.486148
881.265451
-1070.996442
-471.242004
1591.178867
-746.639450
-881.278201
771.106473
403.909879
-844.558542
-110.165353
1462.660059
-1040.396725
-801.718939
1456.540116
-342.723196
-679.320074
165.232092
740.506757
-330.483310
-1144.435760
1793.136994
-287.643707
-1542.232071
1719.697675
-575.281039
-459.002118
624.227835
-281.523764
636.467722
-1046.516669
587.508176
507.948914
-1352.513830
1162.782840
-403.922629
-299.883594
495.709027
-544.681323
807.826132
-612.000699
-159.124899
716.026984
-850.678485
226.431525
312.110730
-171.364786
-208.084445
-30.606091
893.505338
-887.398144
-189.724615
1413.700513
-1162.795590
-110.165353
563.028403
-544.681323
789.466303
-501.841720
-318.243423
630.347779
-287.643707
165.232092
91.792774
-232.564218
-342.723196
134.632376
183.591922
-189.724615
-36.726034
73.432944
79.552887
-403.922629
869.025565
-183.604672
-1340.273944
1578.938980
-153.004956
-1334.154001
1242.342102
73.432944
-459.002118
18.353455
6.113568
813.946076
-1083.236328
-140.765069
1493.259775
-1756.430084
410.029822
1487.139832
-1707.470538
618.107892
446.749481
-618.120642
563.028403
-936.357690
599.748062
446.749481
-1603.431503
1413.700513
244.791355
-1272.954568
1272.941818
-452.882175
-238.684161
520.188800
-875.158258
862.905622
-563.041153
-563.041153
1462.660059
-991.437179
159.112149
801.706189
-758.879336
281.511014
-73.445694
85.672830
-416.162515
-214.204388
869.025565
-709.919790
208.071695
324.350617
-556.921210
312.110730
18.353455
220.311582
-612.000699
-110.165353
911.865167
-550.801266
-134.645126
73.432944
336.590503
299.870844
-1107.716101
648.707608
685.427268
-1297.434341
385.550049
758.866587
-722.159677
55.073114
422.269708
-67.325751
-183.604672
-465.122061
397.789935
465.109311
-1009.797009
-85.685580
979.184543
-208.084445
-556.921210
104.032660
636.467722
-232.564218
-630.360528
563.028403
-526.321493
6.113568
954.704770
-911.877917
73.432944
416.149765
18.353455
281.511014
-930.237747
556.908460
416.149765
-783.359109
318.230673
-373.322912
771.106473
12.233512
-1468.792752
1670.738129
-336.603253
-930.237747
1548.339264
-1285.194455
67.313001
1046.503919
-1009.797009
630.347779
-55.085864
-789.479053
966.944657
18.353455
-979.197293
605.868006
507.948914
-648.720358
-146.885013
440.629538
544.668573
-911.877917
-208.084445
1352.501081
-1089.356271
-189.724615
1211.742386
-948.597577
-312.123480
593.628119
-6.126318
-318.243423
-6.126318
305.990787
-422.282458
-85.685580
569.148346
-183.604672
-581.400983
410.029822
593.628119
-758.879336
-379.442856
973.064600
-79.565637
-1156.675647
917.985111
642.587665
-1462.672809
838.425849
403.909879
-966.957406
1064.863748
-599.760812
-263.163934
795.586246
-1138.315817
697.667154
507.948914
-1334.154001
575.268289
862.905622
-844.558542
-293.763650
917.985111
-208.084445
-618.120642
293.750900
244.791355
-263.163934
-116.285296
244.791355
-275.403821
214.191638
385.550049
-532.441437
-159.124899
673.187381
269.271128
-789.479053
-128.525183
746.626700
-91.805524
-728.279620
599.748062
134.632376
-917.997861
1193.382556
-507.961664
-630.360528
1542.219321
-1181.155420
-73.445694
722.146927
-416.162515
318.230673
-826.198712
544.668573
507.948914
-997.557123
495.709027
257.031241
-232.564218
-189.724615
-91.805524
520.188800
-287.643707
-501.841720
489.589084
312.110730
-446.762231
-367.202969
679.307324
165.232092
-1064.876498
660.947495
563.028403
-1309.674228
483.469141
936.344940
-1089.356271
48.953171
973.064600
-899.638031
-195.844559
722.146927
-446.762231
36.713284
177.471979
-324.363367
238.671411
269.271128
-232.564218
-12.246261
-97.925467
159.112149
318.230673
-985.317236
838.425849
544.668573
-1976.748041
1407.580570
563.028403
-1634.031219
1083.223578
30.593341
-538.561380
189.711865
-30.606091
550.788516
-691.559961
85.672830
538.548630
-813.958826
942.464884
-281.523764
-764.999280
1199.502500
-899.638031
220.311582
716.026984
-1015.916952
911.865167
-422.282458
-495.721777
936.344940
-673.200131
257.031241
-250.924048
-159.124899
924.105054
-1101.596158
391.669992
654.827551
-1340.273944
973.064600
318.230673
-1536.112128
1334.141251
281.511014
-1866.589062
1432.060343
771.106473
-1835.989346
618.107892
1009.784259
-875.158258
-220.324331
428.389652
146.872263
24.473398
-318.243423
48.953171
232.551468
-122.405240
134.632376
-244.804104
30.593341
269.271128
-379.442856
48.953171
342.710446
122.392490
-544.681323
-36.726034
624.227835
-397.802685
-6.126318
-55.085864
-153.004956
232.551468
-220.324331
373.310163
-195.844559
-171.364786
342.710446
-379.442856
379.430106
-244.804104
-318.243423
850.665735
-832.318655
-226.444275
1254.581989
-783.359109
-440.642288
813.946076
-324.363367
-257.043991
293.750900
177.471979
-269.283877
-250.924048
465.109311
-91.805524
-214.204388
361.070276
-183.604672
-153.004956
250.911298
-104.045410
30.593341
128.512433
-257.043991
-36.726034
116.272547
73.432944
-67.325751
61.193057
146.872263
-593.640869
367.190219
777.226416
-1095.476214
-122.405240
1034.264032
-642.600415
-293.763650
685.427268
-397.802685
-263.163934
526.308743
-263.163934
-24.486148
379.430106
-691.559961
422.269708
507.948914
-1144.435760
452.869425
654.827551
-459.002118
67.313001
-214.204388
122.392490
220.311582
-153.004956
-195.844559
-263.163934
685.427268
-263.163934
-569.161096
1156.662897
-630.360528
-734.399563
1419.820456
-703.799847
-728.279620
1223.982273
-483.481891
-428.402402
520.188800
-336.603253
348.830390
232.551468
-850.678485
391.669992
556.908460
-728.279620
257.031241
110.152603
-587.520926
703.787097
-12.246261
-507.961664
275.391071
-30.606091
330.470560
-287.643707
-544.681323
887.385395
-177.484729
-642.600415
752.746643
-281.523764
-244.804104
746.626700
-636.480472
-153.004956
648.707608
-569.161096
-0.006375
501.828971
-79.565637
-312.123480
-24.486148
716.026984
-605.880755
-275.403821
813.946076
-985.317236
373.310163
575.268289
-997.557123
734.386814
48.953171
-556.921210
428.389652
244.791355
-477.361947
-446.762231
960.824713
-648.720358
-208.084445
1070.983692
-1254.594739
501.828971
556.908460
-979.197293
783.346359
-171.364786
-716.039734
550.788516
581.388233
-660.960245
-220.324331
758.866587
-667.080188
636.467722
-36.726034
-1187.275363
1450.420172
-801.718939
-171.364786
1272.941818
-1701.350595
966.944657
630.347779
-1291.314398
697.667154
-318.243423
152.992206
-42.845978
-495.721777
771.106473
-483.481891
116.272547
391.669992
-299.883594
250.911298
-293.763650
152.992206
55.073114
-306.003537
159.112149
-97.925467
-0.006375
-0.006375
293.750900
-36.726034
-410.042572
361.070276
18.353455
-183.604672
-122.405240
134.632376
208.071695
-771.119223
691.547211
618.107892
-1536.112128
991.424430
624.227835
-1878.828949
1438.180286
250.911298
-1640.151163
1707.457788
-691.559961
-789.479053
2086.894269
-1560.591901
-593.640869
2093.014212
-1370.873660
-581.400983
1603.418753
-1095.476214
-244.804104
1413.700513
-1187.275363
-220.324331
1285.181705
-881.278201
-244.804104
642.587665
-716.039734
379.430106
189.711865
-887.398144
1254.581989
-612.000699
-856.798428
2160.333588
-1523.872241
-299.883594
1823.736710
-2294.985089
917.985111
1077.103635
-1982.867984
1523.859491
-220.324331
-997.557123
1744.177448
-1046.516669
-526.321493
1346.381137
-936.357690
-293.763650
985.304486
-636.480472
-171.364786
893.505338
-893.518088
183.591922
783.346359
-1370.873660
1138.303067
165.232092
-1982.867984
1835.976596
250.911298
-1493.272525
985.304486
-67.325751
-471.242004
630.347779
-183.604672
-716.039734
783.346359
244.791355
-1346.393887
1034.264032
367.190219
-1077.116385
1009.784259
-581.400983
-55.085864
905.745224
-1389.233490
709.907041
507.948914
-1395.353433
1083.223578
367.190219
-1223.995022
1015.904202
79.552887
-1138.315817
1266.821875
-244.804104
-936.357690
1052.623862
-293.763650
-299.883594
226.431525
104.032660
146.872263
-354.963083
318.230673
-189.724615
-214.204388
593.628119
-410.042572
-263.163934
434.509595
-238.684161
177.471979
122.392490
-850.678485
850.665735
299.870844
-1444.312979
924.105054
648.707608
-905.757974
134.632376
275.391071
-55.085864
-208.084445
18.353455
238.671411
-385.562799
-287.643707
667.067438
122.392490
-257.043991
-24.486148
-177.484729
605.868006
-587.520926
-85.685580
973.064600
-1817.629516
581.388233
1676.858072
-2117.506735
281.511014
1566.699094
-1223.995022
-385.562799
1126.063181
-563.041153
-501.841720
1126.063181
-1156.675647
-85.685580
1915.535858
-1787.029800
-189.724615
1738.057505
-1266.834625
67.313001
587.508176
-826.198712
403.909879
336.590503
-795.598996
434.509595
930.224997
-1517.752298
471.229254
1499.379718
-2337.824692
777.226416
1272.941818
-2252.145486
1438.180286
569.148346
-2037.947473
1634.018469
587.508176
-1988.987927
1315.781421
507.948914
-2178.706168
1762.537277
416.149765
-2129.746622
1958.375461
-208.084445
-1358.633774
1964.495404
-924.117804
-728.279620
1487.139832
-1260.714682
177.471979
942.464884
-1511.632355
795.586246
764.986530
-1395.353433
538.548630
783.346359
-1058.756555
67.313001
1077.103635
-936.357690
-605.880755
1217.862329
-214.204388
-826.198712
703.787097
18.353455
-428.402402
624.227835
-416.162515
-67.325751
697.667154
-789.479053
165.232092
740.506757
-979.197293
183.591922
716.026984
-1028.156839
373.310163
495.709027
-783.359109
550.788516
-85.685580
-269.283877
520.188800
-195.844559
-483.481891
97.912717
966.944657
-905.757974
-618.120642
1713.577732
-758.879336
-783.359109
1456.540116
-722.159677
-538.561380
1187.262613
-1058.756555
-275.403821
1376.980854
-905.757974
-612.000699
1223.982273
12.233512
-887.398144
367.190219
122.392490
-55.085864
12.233512
-556.921210
538.548630
195.831809
-128.525183
-403.922629
85.672830
1015.904202
-1493.272525
269.271128
1230.102216
-1738.070254
911.865167
538.548630
-1609.551446
1689.097959
-134.645126
-1523.872241
1933.895688
-813.958826
-1064.876498
1829.856653
-1046.516669
-581.400983
1499.379718
-973.077350
-526.321493
1897.176029
-1138.315817
-1168.915533
2105.254099
-1095.476214
-850.678485
1572.819037
-1223.995022
-24.486148
1315.781421
-1101.596158
61.193057
1126.063181
-1132.195874
-0.006375
1107.703351
-1309.674228
391.669992
1034.264032
-1903.308722
997.544373
1346.381137
-2429.623840
991.424430
1340.261194
-2154.226395
1028.144089
985.304486
-2056.307303
960.824713
1395.340683
-1933.908438
318.230673
1181.142670
-1175.035477
532.428687
-153.004956
-550.801266
1193.382556
-905.757974
-324.363367
1083.223578
-422.282458
-226.444275
361.070276
-306.003537
140.752320
330.470560
-893.518088
495.709027
458.989368
-1003.677066
936.344940
-232.564218
-801.718939
1376.980854
-728.279620
-605.880755
1101.583408
-777.239166
24.473398
844.545792
-1211.755136
140.752320
1358.621024
-936.357690
-563.041153
1119.943238
-293.763650
-605.880755
740.506757
-318.243423
-159.124899
397.789935
-575.281039
667.067438
-189.724615
-618.120642
746.626700
-501.841720
342.710446
-6.126318
-385.562799
703.787097
-563.041153
373.310163
-85.685580
-722.159677
973.064600
-306.003537
-813.958826
556.908460
563.028403
-563.041153
-122.405240
587.508176
-397.802685
361.070276
-391.682742
-538.561380
1517.739548
-1334.154001
-244.804104
1829.856653
-1915.548608
624.227835
1260.701932
-1756.430084
716.026984
226.431525
-575.281039
550.788516
-373.322912
-354.963083
305.990787
422.269708
-232.564218
-269.283877
55.073114
122.392490
354.950333
-501.841720
-226.444275
813.946076
-471.242004
-330.483310
973.064600
-550.801266
-459.002118
777.226416
-73.445694
-514.081607
-134.645126
758.866587
-281.523764
-667.080188
1138.303067
-403.922629
-599.760812
1254.581989
-771.119223
-612.000699
1266.821875
-960.837463
-146.885013
991.424430
-1083.236328
599.748062
422.269708
-899.638031
691.547211
-110.165353
-489.601834
691.547211
-532.441437
-673.200131
1425.940399
-556.921210
-795.598996
1481.019889
-850.678485
-36.726034
1064.863748
-1175.035477
177.471979
673.187381
-691.559961
-36.726034
458.989368
-263.163934
-208.084445
532.428687
-293.763650
-434.522345
813.946076
-250.924048
-507.961664
477.349198
-128.525183
330.470560
-238.684161
-385.562799
642.587665
-691.559961
391.669992
428.389652
-1474.912695
1181.142670
526.308743
-1627.911276
1199.502500
189.711865
-1034.276782
1181.142670
-654.840301
-618.120642
1395.340683
-911.877917
-403.922629
1266.821875
-1095.476214
-42.845978
1291.301648
-1321.914114
293.750900
820.066019
-1481.032638
1058.743805
367.190219
-1438.193036
1046.503919
-165.244842
-593.640869
1052.623862
-624.240585
-354.963083
1003.664316
-612.000699
-312.123480
1003.664316
-771.119223
-159.124899
703.787097
-954.717520
526.308743
354.950333
-1040.396725
716.026984
416.149765
-893.518088
250.911298
820.066019
-1034.276782
24.473398
948.584827
-1126.075931
477.349198
299.870844
-758.879336
697.667154
-177.484729
-275.403821
465.109311
104.032660
-746.639450
367.190219
722.146927
-1022.036896
483.469141
73.432944
-636.480472
960.824713
-373.322912
-489.601834
593.628119
-153.004956
-42.845978
134.632376
-214.204388
152.992206
36.713284
-208.084445
-0.006375
465.109311
-306.003537
-587.520926
1083.223578
-569.161096
-483.481891
1230.102216
-936.357690
-61.205807
887.385395
-501.841720
-238.684161
214.191638
171.352036
-287.643707
61.193057
30.593341
-110.165353
526.308743
-624.240585
-140.765069
1266.821875
-1291.314398
-189.724615
1548.339264
-1719.710425
501.828971
1052.623862
-1713.590481
960.824713
324.350617
-813.958826
477.349198
-165.244842
281.511014
-201.964502
-422.282458
899.625281
-354.963083
-630.360528
954.704770
-465.122061
-342.723196
917.985111
-905.757974
146.872263
820.066019
-1070.996442
305.990787
593.628119
-667.080188
214.191638
152.992206
-342.723196
189.711865
-73.445694
91.792774
30.593341
-373.322912
538.548630
30.593341
-709.919790
575.268289
305.990787
-979.197293
391.669992
660.947495
-973.077350
183.591922
807.826132
-728.279620
-214.204388
746.626700
-489.601834
-208.084445
667.067438
-563.041153
220.311582
324.350617
-758.879336
654.827551
61.193057
-697.679904
422.269708
152.992206
-299.883594
-97.925467
385.550049
-244.804104
-134.645126
703.787097
-550.801266
-36.726034
391.669992
-385.562799
152.992206
-214.204388
348.830390
-79.565637
-660.960245
1046.503919
-275.403821
-581.400983
771.106473
-410.042572
-91.805524
183.591922
-281.523764
416.149765
-318.243423
-226.444275
924.105054
-544.681323
-593.640869
1236.222159
-306.003537
-1003.677066
924.105054
-79.565637
-495.721777
679.307324
-569.161096
85.672830
722.146927
-1022.036896
575.268289
605.868006
-1419.833206
740.506757
679.307324
-1113.836044
354.950333
403.909879
-385.562799
128.512433
-12.246261
6.113568
42.833228
-250.924048
257.031241
-48.965921
-520.201550
709.907041
91.792774
-979.197293
856.785678
208.071695
-1052.636612
795.586246
122.392490
-636.480472
287.630957
-30.606091
312.110730
-153.004956
-514.081607
660.947495
18.353455
-752.759393
605.868006
269.271128
-1101.596158
654.827551
556.908460
-1022.036896
354.950333
354.950333
-263.163934
-208.084445
-6.126318
611.987949
-581.400983
-263.163934
820.066019
-446.762231
-299.883594
532.428687
-79.565637
-354.963083
281.511014
-48.965921
-140.765069
477.349198
-716.039734
232.551468
813.946076
-1383.113547
679.307324
844.545792
-1578.951730
660.947495
556.908460
-844.558542
312.110730
18.353455
134.632376
48.953171
-593.640869
740.506757
189.711865
-1272.954568
740.506757
807.826132
-1407.593320
471.229254
1022.024146
-1285.194455
373.310163
838.425849
-1003.677066
263.151184
146.872263
-391.682742
569.148346
-581.400983
97.912717
685.427268
-844.558542
403.909879
226.431525
-410.042572
587.508176
-636.480472
55.073114
581.388233
-813.958826
630.347779
171.352036
-1126.075931
826.185962
569.148346
-862.918371
-12.246261
452.869425
-250.924048
-220.324331
281.511014
-24.486148
-61.205807
-24.486148
110.152603
214.191638
-452.882175
73.432944
342.710446
-324.363367
-97.925467
171.352036
189.711865
-122.405240
-171.364786
79.552887
159.112149
-48.965921
-336.603253
391.669992
-104.045410
-428.402402
813.946076
-244.804104
-575.281039
648.707608
-24.486148
-354.963083
-36.726034
85.672830
373.310163
-391.682742
-520.201550
979.184543
-24.486148
-1089.356271
1113.823294
140.752320
-1499.392468
1119.943238
483.469141
-1285.194455
703.787097
146.872263
-514.081607
440.629538
-226.444275
214.191638
-220.324331
-324.363367
826.185962
-440.642288
-263.163934
624.227835
-440.642288
-6.126318
458.989368
-477.361947
146.872263
226.431525
-624.240585
526.308743
177.471979
-624.240585
434.509595
-0.006375
-250.924048
373.310163
-122.405240
-342.723196
195.831809
214.191638
-361.083026
-12.246261
379.430106
-287.643707
73.432944
177.471979
-324.363367
336.590503
-91.805524
-324.363367
385.550049
-244.804104
36.713284
287.630957
-330.483310
232.551468
24.473398
-128.525183
214.191638
-428.402402
208.071695
275.391071
-618.120642
367.190219
146.872263
-489.601834
526.308743
-42.845978
-422.282458
391.669992
-91.805524
-299.883594
514.068857
-110.165353
-648.720358
734.386814
-18.366205
-556.921210
648.707608
-507.961664
-201.964502
734.386814
-507.961664
-24.486148
305.990787
-293.763650
391.669992
-195.844559
-134.645126
410.029822
-716.039734
495.709027
281.511014
-960.837463
654.827551
42.833228
-306.003537
361.070276
-330.483310
324.350617
-18.366205
-495.721777
673.187381
-208.084445
-495.721777
862.905622
-275.403821
-734.399563
911.865167
177.471979
-973.077350
385.550049
495.709027
-520.201550
104.032660
73.432944
-85.685580
152.992206
-299.883594
305.990787
36.713284
-673.200131
489.589084
324.350617
-575.281039
257.031241
140.752320
-477.361947
605.868006
-12.246261
-599.760812
367.190219
-73.445694
73.432944
-48.965921
-116.285296
201.951752
-244.804104
232.551468
-30.606091
36.713284
104.032660
-514.081607
416.149765
159.112149
-520.201550
354.950333
-104.045410
-434.522345
734.386814
-85.685580
-630.360528
391.669992
104.032660
-153.004956
-85.685580
220.311582
30.593341
-507.961664
495.709027
269.271128
-869.038315
611.987949
391.669992
-1260.714682
838.425849
642.587665
-1064.876498
269.271128
305.990787
-6.126318
-312.123480
152.992206
373.310163
-1046.516669
795.586246
446.749481
-1346.393887
948.584827
275.391071
-979.197293
618.107892
293.750900
-544.681323
73.432944
299.870844
-471.242004
-12.246261
838.425849
-911.877917
-116.285296
1352.501081
-1315.794171
116.272547
1095.463465
-1205.635193
269.271128
471.229254
-538.561380
18.353455
483.469141
-434.522345
-238.684161
1070.983692
-930.237747
-159.124899
917.985111
-942.477634
367.190219
269.271128
-722.159677
556.908460
226.431525
-703.799847
299.870844
428.389652
-679.320074
257.031241
238.671411
-434.522345
422.269708
-146.885013
-275.403821
575.268289
-238.684161
-330.483310
544.668573
-434.522345
-97.925467
709.907041
-820.078769
226.431525
599.748062
-917.997861
636.467722
244.791355
-936.357690
673.187381
91.792774
-612.000699
538.548630
-24.486148
-465.122061
348.830390
305.990787
-483.481891
36.713284
563.028403
-581.400983
-79.565637
550.788516
-422.282458
116.272547
85.672830
-318.243423
495.709027
-244.804104
-153.004956
514.068857
-587.520926
36.713284
428.389652
-287.643707
-159.124899
122.392490
312.110730
-446.762231
348.830390
122.392490
-771.119223
942.464884
-391.682742
-550.801266
887.385395
-477.361947
-42.845978
269.271128
-232.564218
208.071695
55.073114
-232.564218
36.713284
116.272547
-97.925467
140.752320
-257.043991
67.313001
532.428687
-642.600415
-42.845978
709.907041
-459.002118
-299.883594
299.870844
-91.805524
226.431525
-220.324331
-373.322912
679.307324
-171.364786
-397.802685
397.789935
-177.484729
-116.285296
312.110730
-293.763650
-48.965921
538.548630
-538.561380
-6.126318
618.107892
-764.999280
367.190219
373.310163
-1150.555704
813.946076
465.109311
-1248.474795
850.665735
140.752320
-783.359109
979.184543
-636.480472
-269.283877
985.304486
-924.117804
73.432944
691.547211
-691.559961
201.951752
599.748062
-758.879336
-18.366205
924.105054
-936.357690
-146.885013
1107.703351
-881.278201
-110.165353
764.986530
-605.880755
318.230673
232.551468
-771.119223
648.707608
73.432944
-538.561380
452.869425
-403.922629
226.431525
373.310163
-697.679904
410.029822
214.191638
-410.042572
134.632376
48.953171
-153.004956
67.313001
226.431525
-367.202969
18.353455
654.827551
-636.480472
-134.645126
777.226416
-532.441437
-67.325751
263.151184
-373.322912
452.869425
-165.244842
-342.723196
416.149765
-330.483310
281.511014
-55.085864
-550.801266
856.785678
-318.243423
-416.162515
887.385395
-697.679904
-214.204388
1034.264032
-807.838882
-312.123480
948.584827
-618.120642
-257.043991
734.386814
-489.601834
-61.205807
667.067438
-697.679904
-79.565637
789.466303
-575.281039
-312.123480
544.668573
6.113568
-330.483310
195.831809
165.232092
-306.003537
379.430106
-128.525183
-459.002118
667.067438
-226.444275
-293.763650
422.269708
-361.083026
342.710446
24.473398
-501.841720
679.307324
-232.564218
-318.243423
348.830390
-159.124899
110.152603
-97.925467
55.073114
-18.366205
-116.285296
465.109311
-575.281039
61.193057
556.908460
-648.720358
195.831809
18.353455
-6.126318
318.230673
-667.080188
367.190219
410.029822
-612.000699
61.193057
318.230673
-257.043991
-238.684161
556.908460
-257.043991
-538.561380
997.544373
-391.682742
-624.240585
1040.383975
-538.561380
-299.883594
667.067438
-648.720358
140.752320
458.989368
-556.921210
-6.126318
452.869425
-140.765069
-361.083026
312.110730
110.152603
-275.403821
79.552887
-0.006375
116.272547
-91.805524
-110.165353
269.271128
-201.964502
12.233512
97.912717
-140.765069
42.833228
42.833228
140.752320
-195.844559
91.792774
293.750900
-538.561380
97.912717
489.589084
-630.360528
220.311582
336.590503
-716.039734
728.266870
24.473398
-899.638031
862.905622
189.711865
-636.480472
152.992206
373.310163
-275.403821
-257.043991
403.909879
-281.523764
116.272547
348.830390
-520.201550
250.911298
189.711865
-159.124899
-48.965921
-134.645126
373.310163
-177.484729
-299.883594
422.269708
-85.685580
-183.604672
238.671411
-244.804104
171.352036
189.711865
-679.320074
514.068857
36.713284
-605.880755
905.745224
-501.841720
-422.282458
1113.823294
-648.720358
-477.361947
960.824713
-373.322912
-697.679904
869.025565
48.953171
-887.398144
660.947495
208.071695
-789.479053
569.148346
183.591922
-893.518088
471.229254
495.709027
-795.598996
299.870844
354.950333
-722.159677
501.828971
220.311582
-679.320074
416.149765
48.953171
-312.123480
299.870844
-220.324331
-24.486148
373.310163
-330.483310
30.593341
379.430106
-367.202969
-48.965921
293.750900
-354.963083
104.032660
367.190219
-489.601834
-0.006375
507.948914
-422.282458
-146.885013
550.788516
-459.002118
-48.965921
489.589084
-575.281039
159.112149
263.151184
-281.523764
177.471979
-0.006375
73.432944
-226.444275
152.992206
250.911298
-703.799847
428.389652
336.590503
-654.840301
257.031241
385.550049
-373.322912
-220.324331
593.628119
-195.844559
-410.042572
514.068857
-281.523764
-12.246261
348.830390
-483.481891
208.071695
287.630957
-544.681323
354.950333
293.750900
-734.399563
477.349198
269.271128
-911.877917
758.866587
312.110730
-1015.916952
703.787097
110.152603
-679.320074
728.266870
-391.682742
-232.564218
758.866587
-507.961664
-30.606091
299.870844
-140.765069
-97.925467
42.833228
201.951752
-446.762231
348.830390
152.992206
-685.440018
618.107892
-110.165353
-306.003537
544.668573
-416.162515
24.473398
238.671411
-232.564218
134.632376
-91.805524
85.672830
-6.126318
-104.045410
195.831809
-275.403821
110.152603
-55.085864
-153.004956
458.989368
-495.721777
55.073114
477.349198
-587.520926
269.271128
293.750900
-593.640869
244.791355
269.271128
-367.202969
146.872263
-0.006375
73.432944
189.711865
-648.720358
361.070276
483.469141
-862.918371
312.110730
544.668573
-844.558542
183.591922
771.106473
-844.558542
-30.606091
1009.784259
-930.237747
-232.564218
1040.383975
-801.718939
-153.004956
820.066019
-667.080188
-18.366205
642.587665
-422.282458
-306.003537
318.230673
91.792774
-177.484729
134.632376
-257.043991
36.713284
477.349198
-489.601834
-55.085864
263.151184
36.713284
-159.124899
-330.483310
581.388233
-293.763650
-85.685580
507.948914
-844.558542
654.827551
428.389652
-1168.915533
514.068857
367.190219
-422.282458
73.432944
-104.045410
318.230673
42.833228
-489.601834
348.830390
214.191638
-471.242004
104.032660
305.990787
-385.562799
165.232092
250.911298
-538.561380
538.548630
146.872263
-813.958826
599.748062
30.593341
-330.483310
336.590503
-575.281039
373.310163
544.668573
-801.718939
275.391071
220.311582
-244.804104
287.630957
-544.681323
171.352036
520.188800
-697.679904
220.311582
367.190219
-379.442856
201.951752
48.953171
-293.763650
220.311582
18.353455
-293.763650
244.791355
-55.085864
-42.845978
348.830390
-459.002118
85.672830
618.107892
-599.760812
-128.525183
532.428687
-465.122061
-6.126318
440.629538
-361.083026
-55.085864
299.870844
-55.085864
-220.324331
183.591922
-24.486148
-385.562799
458.989368
-146.885013
-318.243423
605.868006
-397.802685
-73.445694
526.308743
-422.282458
-110.165353
269.271128
-61.205807
-214.204388
220.311582
152.992206
-489.601834
434.509595
318.230673
-960.837463
556.908460
587.508176
-1266.834625
483.469141
795.586246
-1138.315817
287.630957
789.466303
-917.997861
134.632376
777.226416
-856.798428
-24.486148
636.467722
-434.522345
-30.606091
12.233512
208.071695
97.912717
-673.200131
599.748062
128.512433
-764.999280
660.947495
-79.565637
-550.801266
654.827551
-91.805524
-520.201550
520.188800
152.992206
-489.601834
238.671411
79.552887
-312.123480
208.071695
42.833228
-244.804104
159.112149
208.071695
-293.763650
67.313001
177.471979
-348.843139
257.031241
48.953171
-318.243423
324.350617
-134.645126
-91.805524
324.350617
-238.684161
-140.765069
281.511014
-116.285296
-238.684161
281.511014
12.233512
-208.084445
275.391071
-6.126318
-232.564218
146.872263
-6.126318
-42.845978
6.113568
-244.804104
330.470560
183.591922
-544.681323
305.990787
379.430106
-569.161096
91.792774
538.548630
-593.640869
-116.285296
716.026984
-667.080188
-18.366205
795.586246
-764.999280
134.632376
465.109311
-532.441437
354.950333
-36.726034
-416.162515
489.589084
55.073114
-532.441437
379.430106
189.711865
-581.400983
618.107892
-104.045410
-752.759393
985.304486
-220.324331
-777.239166
942.464884
-171.364786
-636.480472
697.667154
-91.805524
-514.081607
446.749481
18.353455
-403.922629
275.391071
122.392490
-379.442856
195.831809
226.431525
-416.162515
257.031241
171.352036
-654.840301
526.308743
299.870844
-917.997861
434.509595
532.428687
-771.119223
226.431525
550.788516
-764.999280
140.752320
660.947495
-813.958826
67.313001
709.907041
-581.400983
-85.685580
348.830390
-36.726034
-42.845978
-232.564218
189.711865
177.471979
-269.283877
91.792774
91.792774
-134.645126
140.752320
97.912717
-299.883594
85.672830
305.990787
-348.843139
-116.285296
403.909879
-220.324331
-159.124899
446.749481
-281.523764
-189.724615
520.188800
-342.723196
-195.844559
477.349198
-367.202969
-42.845978
422.269708
-434.522345
6.113568
452.869425
-495.721777
-85.685580
611.987949
-538.561380
-116.285296
575.268289
-514.081607
208.071695
257.031241
-642.600415
434.509595
250.911298
-624.240585
140.752320
416.149765
-379.442856
-97.925467
446.749481
-348.843139
30.593341
397.789935
-648.720358
250.911298
648.707608
-838.438598
12.233512
691.547211
-575.281039
128.512433
403.909879
-728.279620
244.791355
642.587665
-636.480472
-281.523764
667.067438
-189.724615
-293.763650
520.188800
-397.802685
-110.165353
599.748062
-318.243423
-342.723196
367.190219
165.232092
-550.801266
330.470560
330.470560
-789.479053
532.428687
305.990787
-850.678485
538.548630
238.671411
-777.239166
379.430106
367.190219
-532.441437
85.672830
281.511014
-214.204388
67.313001
91.792774
-312.123480
244.791355
232.551468
-630.360528
299.870844
403.909879
-648.720358
336.590503
159.112149
-452.882175
428.389652
-97.925467
-446.762231
397.789935
177.471979
-471.242004
140.752320
324.350617
-330.483310
134.632376
85.672830
-299.883594
275.391071
61.193057
-336.603253
146.872263
201.951752
-201.964502
91.792774
110.152603
-201.964502
159.112149
-42.845978
-153.004956
287.630957
-177.484729
-171.364786
361.070276
-146.885013
-134.645126
373.310163
-287.643707
-153.004956
532.428687
-379.442856
-293.763650
526.308743
-122.405240
-275.403821
238.671411
24.473398
-140.765069
201.951752
-104.045410
-330.483310
458.989368
79.552887
-679.320074
416.149765
452.869425
-709.919790
134.632376
501.828971
-459.002118
-36.726034
410.029822
-397.802685
-177.484729
752.746643
-403.922629
-538.561380
991.424430
-306.003537
-703.799847
856.785678
42.833228
-679.320074
257.031241
318.230673
-410.042572
244.791355
208.071695
-673.200131
618.107892
287.630957
-948.597577
477.349198
544.668573
-789.479053
-30.606091
893.505338
-630.360528
-459.002118
1107.703351
-685.440018
-471.242004
1175.022727
-789.479053
-318.243423
1199.502500
-887.398144
-526.321493
1370.860910
-520.201550
-942.477634
1095.463465
36.713284
-948.597577
642.587665
232.551468
-813.958826
593.628119
257.031241
-966.957406
532.428687
605.868006
-1077.116385
12.233512
1138.303067
-917.997861
-422.282458
1340.261194
-881.278201
-446.762231
1254.581989
-752.759393
-330.483310
948.584827
-728.279620
-306.003537
1181.142670
-587.520926
-789.479053
1205.622443
-153.004956
-917.997861
777.226416
73.432944
-844.558542
673.187381
373.310163
-1230.114966
605.868006
1058.743805
-1548.352014
189.711865
1432.060343
-1438.193036
-79.565637
1425.940399
-1285.194455
-306.003537
1511.619605
-930.237747
-697.679904
1511.619605
-526.321493
-1101.596158
1481.019889
-159.124899
-1389.233490
1493.259775
189.711865
-1768.669971
1242.342102
807.826132
-1860.469119
691.547211
1236.222159
-1664.630936
238.671411
1352.501081
-1401.473376
-153.004956
1419.820456
-813.958826
-709.919790
1199.502500
-67.325751
-1168.915533
954.704770
385.550049
-1432.073093
991.424430
685.427268
-1578.951730
679.307324
917.985111
-1248.474795
152.992206
911.865167
-875.158258
-122.405240
899.625281
-746.639450
-165.244842
917.985111
-734.399563
-238.684161
838.425849
-440.642288
-312.123480
526.308743
-165.244842
-306.003537
471.229254
-110.165353
-434.522345
581.388233
-226.444275
-428.402402
771.106473
-342.723196
-532.441437
740.506757
24.473398
-654.840301
226.431525
520.188800
-526.321493
-140.765069
679.307324
-520.201550
-275.403821
875.145508
-348.843139
-709.919790
813.946076
171.352036
-826.198712
483.469141
452.869425
-771.119223
97.912717
716.026984
-697.679904
-354.963083
1095.463465
-428.402402
-844.558542
1095.463465
-18.366205
-887.398144
771.106473
30.593341
-771.119223
691.547211
189.711865
-973.077350
489.589084
716.026984
-1095.476214
116.272547
966.944657
-875.158258
-30.606091
654.827551
-569.161096
30.593341
330.470560
-281.523764
-122.405240
287.630957
73.432944
-373.322912
201.951752
250.911298
-385.562799
-30.606091
293.750900
-91.805524
-299.883594
269.271128
177.471979
-495.721777
269.271128
263.151184
-501.841720
293.750900
140.752320
-403.922629
214.191638
48.953171
-122.405240
104.032660
55.073114
-159.124899
-79.565637
403.909879
-153.004956
-391.682742
428.389652
91.792774
-385.562799
214.191638
128.512433
-324.363367
226.431525
214.191638
-471.242004
24.473398
520.188800
-306.003537
-434.522345
550.788516
238.671411
-703.799847
189.711865
630.347779
-685.440018
-42.845978
667.067438
-532.441437
-189.724615
471.229254
-85.685580
-342.723196
226.431525
312.110730
-520.201550
42.833228
440.629538
-385.562799
-128.525183
281.511014
42.833228
-183.604672
-12.246261
220.311582
-110.165353
-208.084445
244.791355
122.392490
-379.442856
67.313001
373.310163
-250.924048
-238.684161
330.470560
97.912717
-299.883594
42.833228
220.311582
-201.964502
-79.565637
330.470560
-232.564218
-153.004956
471.229254
-275.403821
-134.645126
367.190219
-208.084445
-30.606091
97.912717
-73.445694
48.953171
-48.965921
12.233512
159.112149
-55.085864
-214.204388
232.551468
73.432944
-312.123480
263.151184
-18.366205
-220.324331
257.031241
-110.165353
-61.205807
12.233512
-42.845978
171.352036
-214.204388
-0.006375
165.232092
-85.685580
18.353455
-85.685580
128.512433
91.792774
-159.124899
24.473398
-55.085864
67.313001
146.872263
-232.564218
-122.405240
281.511014
-0.006375
-159.124899
6.113568
-61.205807
257.031241
-48.965921
-361.083026
263.151184
110.152603
-195.844559
36.713284
55.073114
-134.645126
97.912717
104.032660
-293.763650
171.352036
91.792774
-201.964502
97.912717
-128.525183
201.951752
73.432944
-514.081607
269.271128
403.909879
-495.721777
-79.565637
446.749481
-336.603253
-110.165353
514.068857
-361.083026
-299.883594
489.589084
-48.965921
-195.844559
55.073114
-6.126318
293.750900
-373.322912
-183.604672
801.706189
-563.041153
-397.802685
966.944657
-385.562799
-459.002118
642.587665
-244.804104
-214.204388
403.909879
-263.163934
-18.366205
232.551468
-244.804104
189.711865
79.552887
-422.282458
354.950333
226.431525
-709.919790
324.350617
501.828971
-807.838882
152.992206
593.628119
-507.961664
-48.965921
312.110730
-55.085864
-128.525183
-0.006375
305.990787
-238.684161
-361.083026
587.508176
6.113568
-740.519507
446.749481
489.589084
-685.440018
24.473398
611.987949
-385.562799
-306.003537
471.229254
-91.805524
-403.922629
440.629538
67.313001
-526.321493
367.190219
201.951752
-330.483310
140.752320
-55.085864
-12.246261
152.992206
-232.564218
61.193057
171.352036
-257.043991
36.713284
275.391071
-232.564218
12.233512
165.232092
-232.564218
220.311582
-73.445694
-287.643707
397.789935
-18.366205
-275.403821
250.911298
-6.126318
-299.883594
373.310163
55.073114
-550.801266
367.190219
171.352036
-330.483310
275.391071
-146.885013
-146.885013
483.469141
-226.444275
-428.402402
544.668573
171.352036
-691.559961
305.990787
440.629538
-703.799847
189.711865
550.788516
-599.760812
18.353455
483.469141
-354.963083
-110.165353
220.311582
-134.645126
134.632376
18.353455
-293.763650
342.710446
36.713284
-532.441437
446.749481
214.191638
-771.119223
397.789935
556.908460
-869.038315
140.752320
660.947495
-612.000699
79.552887
293.750900
-422.282458
293.750900
42.833228
-379.442856
373.310163
12.233512
-403.922629
312.110730
146.872263
-397.802685
116.272547
232.551468
-318.243423
85.672830
281.511014
-459.002118
97.912717
477.349198
-538.561380
-36.726034
581.388233
-422.282458
-189.724615
514.068857
-244.804104
-201.964502
379.430106
-183.604672
-238.684161
385.550049
12.233512
-361.083026
238.671411
122.392490
-226.444275
201.951752
-189.724615
-134.645126
636.467722
-367.202969
-526.321493
783.346359
-79.565637
-648.720358
599.748062
-0.006375
-605.880755
544.668573
85.672830
-550.801266
385.550049
48.953171
-397.802685
410.029822
30.593341
-483.481891
501.828971
73.432944
-703.799847
740.506757
85.672830
-1040.396725
893.505338
159.112149
-1119.955987
862.905622
244.791355
-1009.797009
716.026984
312.110730
-936.357690
563.028403
342.710446
-930.237747
544.668573
373.310163
-985.317236
636.467722
397.789935
-1101.596158
832.305905
440.629538
-1481.032638
930.224997
783.346359
-1676.870822
660.947495
985.304486
-1560.591901
477.349198
1211.742386
-1591.191617
67.313001
1689.097959
-1481.032638
-660.960245
2074.654383
-991.437179
-1340.273944
2007.335007
-263.163934
-1634.031219
1536.099378
342.710446
-1701.350595
942.464884
991.424430
-1652.391049
140.752320
1493.259775
-1223.995022
-544.681323
1634.018469
-660.960245
-1132.195874
1517.739548
6.113568
-1560.591901
1150.542954
716.026984
-1725.830368
611.987949
1328.021308
-1682.990765
-30.606091
1774.777164
-1383.113547
-691.559961
1964.495404
-813.958826
-1303.554285
1768.657221
-73.445694
-1670.750879
1321.901364
685.427268
-1860.469119
728.266870
1444.300229
-1866.589062
-24.486148
1946.135575
-1542.232071
-599.760812
2037.934723
-1150.555704
-1052.636612
1946.135575
-446.762231
-1474.912695
1468.780002
305.990787
-1627.911276
936.344940
966.944657
-1682.990765
330.470560
1487.139832
-1536.112128
-238.684161
1744.177448
-1187.275363
-789.479053
1744.177448
-501.841720
-1321.914114
1321.901364
391.669992
-1517.752298
611.987949
1040.383975
-1254.594739
-24.486148
1205.622443
-893.518088
-477.361947
1236.222159
-446.762231
-930.237747
1003.664316
269.271128
-1132.195874
379.430106
801.706189
-942.477634
-30.606091
966.944657
-746.639450
-244.804104
917.985111
-471.242004
-599.760812
660.947495
318.230673
-673.200131
-128.525183
795.586246
-287.643707
-703.799847
881.265451
24.473398
-1058.756555
771.106473
483.469141
-1083.236328
250.911298
844.545792
-764.999280
-330.483310
893.505338
-238.684161
-660.960245
538.548630
361.070276
-624.240585
-195.844559
734.386814
-110.165353
-783.359109
624.227835
440.629538
-973.077350
257.031241
807.826132
-807.838882
-318.243423
930.224997
-214.204388
-691.559961
556.908460
287.630957
-526.321493
-6.126318
379.430106
-24.486148
-287.643707
189.711865
159.112149
-330.483310
110.152603
287.630957
-244.804104
-257.043991
299.870844
281.511014
-489.601834
-153.004956
642.587665
-165.244842
-618.120642
507.948914
410.029822
-777.239166
24.473398
813.946076
-556.921210
-446.762231
875.145508
-153.004956
-716.039734
575.268289
275.391071
-679.320074
116.272547
605.868006
-483.481891
-379.442856
813.946076
-195.844559
-734.399563
783.346359
36.713284
-783.359109
667.067438
116.272547
-673.200131
532.428687
55.073114
-599.760812
501.828971
42.833228
-642.600415
703.787097
116.272547
-1046.516669
801.706189
575.268289
-1260.714682
397.789935
789.466303
-960.837463
214.191638
691.547211
-758.879336
18.353455
593.628119
-330.483310
-287.643707
226.431525
275.391071
-171.364786
-397.802685
318.230673
361.070276
-581.400983
6.113568
728.266870
-636.480472
-269.283877
1052.623862
-642.600415
-764.999280
1254.581989
-97.925467
-1217.875079
875.145508
630.347779
-1015.916952
128.512433
624.227835
-361.083026
-146.885013
177.471979
36.713284
-116.285296
-67.325751
287.630957
-208.084445
-361.083026
679.307324
116.272547
-887.398144
440.629538
783.346359
-838.438598
-428.402402
862.905622
-24.486148
-660.960245
336.590503
385.550049
-446.762231
-122.405240
428.389652
-159.124899
-391.682742
422.269708
275.391071
-581.400983
-0.006375
556.908460
-287.643707
-367.202969
471.229254
201.951752
-538.561380
-0.006375
581.388233
-269.283877
-532.441437
507.948914
263.151184
-618.120642
171.352036
563.028403
-556.921210
-299.883594
789.466303
-110.165353
-777.239166
569.148346
581.388233
-832.318655
-214.204388
813.946076
-177.484729
-624.240585
471.229254
385.550049
-526.321493
-18.366205
361.070276
-287.643707
-122.405240
312.110730
12.233512
-201.964502
55.073114
238.671411
-201.964502
-220.324331
367.190219
-6.126318
-410.042572
263.151184
330.470560
-342.723196
-195.844559
183.591922
91.792774
-73.445694
-97.925467
140.752320
189.711865
-220.324331
-110.165353
263.151184
-189.724615
-146.885013
428.389652
-146.885013
-318.243423
330.470560
55.073114
-293.763650
128.512433
116.272547
-134.645126
97.912717
18.353455
-183.604672
61.193057
79.552887
18.353455
-67.325751
-79.565637
293.750900
30.593341
-416.162515
116.272547
263.151184
-208.084445
-36.726034
201.951752
-73.445694
-146.885013
73.432944
104.032660
-48.965921
-97.925467
79.552887
177.471979
-177.484729
-177.484729
318.230673
-122.405240
-391.682742
483.469141
152.992206
-538.561380
312.110730
263.151184
-581.400983
24.473398
428.389652
-183.604672
-140.765069
250.911298
-6.126318
-165.244842
42.833228
36.713284
-24.486148
-36.726034
18.353455
134.632376
-85.685580
-214.204388
165.232092
97.912717
-269.283877
85.672830
250.911298
-97.925467
-24.486148
-18.366205
-104.045410
85.672830
-6.126318
-55.085864
91.792774
-67.325751
-67.325751
122.392490
-24.486148
-110.165353
122.392490
-6.126318
-128.525183
195.831809
-30.606091
-318.243423
146.872263
201.951752
-110.165353
-30.606091
55.073114
67.313001
12.233512
-116.285296
-116.285296
30.593341
208.071695
24.473398
-312.123480
73.432944
342.710446
-287.643707
-159.124899
465.109311
-146.885013
-379.442856
471.229254
42.833228
-605.880755
281.511014
324.350617
-428.402402
110.152603
330.470560
-318.243423
55.073114
281.511014
-422.282458
-6.126318
452.869425
-342.723196
-189.724615
446.749481
-153.004956
-250.924048
354.950333
-42.845978
-214.204388
287.630957
-110.165353
-208.084445
361.070276
-165.244842
-403.922629
514.068857
171.352036
-544.681323
183.591922
293.750900
-299.883594
73.432944
85.672830
-330.483310
275.391071
305.990787
-538.561380
-12.246261
532.428687
-177.484729
-263.163934
177.471979
85.672830
-91.805524
-61.205807
18.353455
-18.366205
-6.126318
110.152603
-61.205807
-91.805524
171.352036
18.353455
-177.484729
42.833228
67.313001
12.233512
36.713284
-165.244842
-30.606091
275.391071
-122.405240
-257.043991
269.271128
79.552887
-244.804104
201.951752
79.552887
-269.283877
159.112149
24.473398
-312.123480
263.151184
275.391071
-428.402402
-79.565637
514.068857
-73.445694
-336.603253
110.152603
61.193057
-12.246261
30.593341
-146.885013
6.113568
159.112149
-104.045410
-36.726034
110.152603
-97.925467
110.152603
91.792774
-244.804104
73.432944
110.152603
-220.324331
42.833228
177.471979
-122.405240
-104.045410
134.632376
-0.006375
-128.525183
85.672830
42.833228
-165.244842
30.593341
134.632376
-110.165353
-24.486148
79.552887
-79.565637
55.073114
104.032660
-79.565637
-55.085864
30.593341
42.833228
30.593341
6.113568
-61.205807
-18.366205
177.471979
42.833228
-208.084445
24.473398
146.872263
-24.486148
-30.606091
12.233512
-30.606091
-24.486148
79.552887
18.353455
-85.685580
-12.246261
97.912717
42.833228
-110.165353
-0.006375
6.113568
-79.565637
104.032660
12.233512
-134.645126
146.872263
55.073114
-195.844559
42.833228
73.432944
-104.045410
30.593341
36.713284
-67.325751
-0.006375
79.552887
-42.845978
-165.244842
128.512433
195.831809
-232.564218
-146.885013
250.911298
-24.486148
-195.844559
146.872263
-0.006375
-146.885013
128.512433
-0.006375
-79.565637
140.752320
-159.124899
-110.165353
324.350617
-85.685580
-238.684161
183.591922
-0.006375
-146.885013
128.512433
30.593341
-171.364786
97.912717
177.471979
-153.004956
-91.805524
152.992206
-55.085864
-91.805524
152.992206
-36.726034
-110.165353
140.752320
-36.726034
-110.165353
171.352036
12.233512
-134.645126
159.112149
12.233512
-140.765069
183.591922
-91.805524
-201.964502
293.750900
18.353455
-281.523764
159.112149
128.512433
-177.484729
61.193057
42.833228
-134.645126
97.912717
55.073114
-140.765069
55.073114
85.672830
-153.004956
-55.085864
208.071695
30.593341
-183.604672
6.113568
128.512433
-73.445694
-67.325751
67.313001
12.233512
-12.246261
36.713284
-6.126318
-55.085864
18.353455
-55.085864
-36.726034
140.752320
-6.126318
-104.045410
55.073114
24.473398
-55.085864
18.353455
-30.606091
-73.445694
110.152603
30.593341
-165.244842
42.833228
128.512433
-110.165353
-24.486148
116.272547
-36.726034
-42.845978
67.313001
-42.845978
-55.085864
79.552887
-24.486148
30.593341
140.752320
-159.124899
-128.525183
183.591922
-30.606091
-97.925467
152.992206
6.113568
-116.285296
79.552887
48.953171
-73.445694
-18.366205
42.833228
-6.126318
-36.726034
24.473398
24.473398
-48.965921
-18.366205
55.073114
18.353455
-12.246261
6.113568
-30.606091
-30.606091
67.313001
24.473398
-122.405240
-6.126318
134.632376
-12.246261
-73.445694
30.593341
-18.366205
36.713284
61.193057
-140.765069
18.353455
146.872263
-140.765069
-97.925467
152.992206
18.353455
-153.004956
18.353455
110.152603
-6.126318
-55.085864
-73.445694
42.833228
134.632376
-48.965921
-104.045410
55.073114
91.792774
-55.085864
-73.445694
61.193057
-0.006375
-79.565637
36.713284
61.193057
-42.845978
-30.606091
18.353455
-30.606091
24.473398
24.473398
-48.965921
-30.606091
18.353455
30.593341
-18.366205
-6.126318
36.713284
36.713284
30.593341
-36.726034
-110.165353
-18.366205
97.912717
30.593341
-48.965921
-24.486148
30.593341
61.193057
-42.845978
-73.445694
30.593341
61.193057
-12.246261
-67.325751
18.353455
61.193057
-6.126318
-55.085864
-24.486148
79.552887
73.432944
-55.085864
-55.085864
30.593341
6.113568
-24.486148
55.073114
24.473398
-42.845978
36.713284
55.073114
-91.805524
-91.805524
67.313001
73.432944
-30.606091
-67.325751
-6.126318
85.672830
12.233512
-110.165353
-0.006375
97.912717
-30.606091
-85.685580
30.593341
55.073114
-12.246261
-61.205807
-30.606091
104.032660
91.792774
-122.405240
-79.565637
97.912717
24.473398
-91.805524
-6.126318
67.313001
-12.246261
-36.726034
18.353455
-30.606091
-18.366205
61.193057
-36.726034
-42.845978
73.432944
-30.606091
-97.925467
55.073114
48.953171
-79.565637
18.353455
91.792774
-79.565637
-48.965921
79.552887
-12.246261
-61.205807
67.313001
18.353455
-67.325751
73.432944
36.713284
-61.205807
36.713284
42.833228
-55.085864
-12.246261
67.313001
-42.845978
-48.965921
104.032660
-36.726034
-91.805524
67.313001
18.353455
-42.845978
24.473398
-0.006375
-67.325751
61.193057
42.833228
-116.285296
-0.006375
73.432944
-42.845978
6.113568
24.473398
-110.165353
18.353455
159.112149
-48.965921
-91.805524
91.792774
-0.006375
-55.085864
18.353455
-61.205807
-30.606091
134.632376
6.113568
-128.525183
30.593341
67.313001
-6.126318
-6.126318
-85.685580
18.353455
128.512433
-48.965921
-67.325751
30.593341
24.473398
30.593341
12.233512
-30.606091
30.593341
6.113568
-73.445694
12.233512
79.552887
-12.246261
-42.845978
-12.246261
30.593341
55.073114
-30.606091
-79.565637
42.833228
55.073114
-55.085864
-36.726034
24.473398
36.713284
6.113568
-18.366205
-6.126318
-24.486148
55.073114
85.672830
-30.606091
-73.445694
-30.606091
42.833228
48.953171
-30.606091
-42.845978
12.233512
55.073114
30.593341
-36.726034
-24.486148
6.113568
-24.486148
-0.006375
30.593341
-0.006375
-61.205807
-12.246261
55.073114
-18.366205
-42.845978
36.713284
-0.006375
-18.366205
