24.293186
-48.522658
0.021238
48.565133
0.021238
97.109029
72.837081
0.021238
24.293186
-24.250710
24.293186
72.837081
0.021238
-48.522658
0.021238
0.021238
0.021238
24.293186
48.565133
48.565133
-24.250710
-48.522658
48.565133
72.837081
0.021238
-24.250710
24.293186
-48.522658
-72.794605
24.293186
24.293186
-24.250710
0.021238
24.293186
97.109029
0.021238
-48.522658
0.021238
-24.250710
0.021238
48.565133
-48.522658
-24.250710
97.109029
24.293186
-72.794605
-24.250710
0.021238
-48.522658
-24.250710
0.021238
-48.522658
-24.250710
48.565133
48.565133
48.565133
24.293186
0.021238
24.293186
-48.522658
-72.794605
-48.522658
-48.522658
72.837081
48.565133
0.021238
24.293186
0.021238
0.021238
0.021238
0.021238
0.021238
-24.250710
-48.522658
0.021238
24.293186
0.021238
24.293186
24.293186
-24.250710
-97.066553
0.021238
0.021238
-24.250710
0.021238
24.293186
97.109029
-24.250710
0.021238
0.021238
0.021238
-48.522658
-48.522658
-24.250710
24.293186
24.293186
0.021238
24.293186
0.021238
0.021238
-24.250710
-72.794605
-24.250710
0.021238
-24.250710
0.021238
0.021238
-24.250710
-72.794605
-72.794605
-72.794605
-48.522658
-72.794605
-24.250710
24.293186
0.021238
48.565133
48.565133
72.837081
48.565133
-24.250710
-72.794605
0.021238
-24.250710
0.021238
0.021238
-24.250710
24.293186
0.021238
24.293186
24.293186
0.021238
0.021238
-24.250710
72.837081
24.293186
0.021238
24.293186
-24.250710
-24.250710
-24.250710
48.565133
97.109029
72.837081
0.021238
-72.794605
-48.522658
97.109029
72.837081
48.565133
0.021238
-72.794605
48.565133
97.109029
0.021238
0.021238
48.565133
72.837081
48.565133
97.109029
0.021238
-24.250710
-24.250710
-24.250710
48.565133
72.837081
-24.250710
-72.794605
-24.250710
0.021238
24.293186
24.293186
-24.250710
-48.522658
-48.522658
-48.522658
-24.250710
-48.522658
-24.250710
-48.522658
24.293186
-24.250710
0.021238
48.565133
-48.522658
-72.794605
-24.250710
24.293186
-24.250710
48.565133
0.021238
-72.794605
24.293186
0.021238
0.021238
0.021238
0.021238
-48.522658
-24.250710
0.021238
0.021238
48.565133
48.565133
-48.522658
0.021238
72.837081
-24.250710
-48.522658
0.021238
-24.250710
-24.250710
-48.522658
-48.522658
0.021238
24.293186
24.293186
48.565133
24.293186
-24.250710
24.293186
-48.522658
-72.794605
-97.066553
-97.066553
0.021238
48.565133
24.293186
24.293186
24.293186
72.837081
48.565133
-48.522658
-24.250710
24.293186
0.021238
0.021238
72.837081
-24.250710
-24.250710
72.837081
121.380977
0.021238
-97.066553
-72.794605
-24.250710
-24.250710
24.293186
-24.250710
-48.522658
0.021238
0.021238
0.021238
0.021238
0.021238
0.021238
24.293186
24.293186
72.837081
48.565133
0.021238
-24.250710
-72.794605
24.293186
0.021238
-72.794605
24.293186
48.565133
-24.250710
24.293186
48.565133
48.565133
72.837081
-48.522658
-72.794605
0.021238
-72.794605
-72.794605
-48.522658
48.565133
48.565133
0.021238
24.293186
48.565133
24.293186
-24.250710
24.293186
97.109029
48.565133
0.021238
-48.522658
-72.794605
48.565133
97.109029
72.837081
24.293186
-48.522658
-72.794605
-24.250710
-24.250710
48.565133
72.837081
-24.250710
-48.522658
97.109029
48.565133
-24.250710
0.021238
-48.522658
0.021238
0.021238
-24.250710
0.021238
24.293186
48.565133
0.021238
-72.794605
24.293186
72.837081
24.293186
24.293186
24.293186
-72.794605
-24.250710
24.293186
-72.794605
-121.338501
-145.610449
-121.338501
-121.338501
24.293186
97.109029
24.293186
48.565133
48.565133
-24.250710
-24.250710
0.021238
-48.522658
-24.250710
72.837081
72.837081
0.021238
24.293186
24.293186
-48.522658
24.293186
48.565133
24.293186
0.021238
-24.250710
0.021238
0.021238
24.293186
121.380977
72.837081
-24.250710
-97.066553
0.021238
121.380977
121.380977
-24.250710
-97.066553
-24.250710
0.021238
24.293186
-24.250710
-72.794605
-24.250710
48.565133
0.021238
-24.250710
-48.522658
-48.522658
48.565133
145.652924
121.380977
-24.250710
-72.794605
24.293186
-24.250710
-97.066553
-24.250710
97.109029
0.021238
-121.338501
-72.794605
24.293186
48.565133
-72.794605
-121.338501
-24.250710
-24.250710
-48.522658
0.021238
-24.250710
24.293186
-48.522658
-145.610449
-72.794605
72.837081
169.924872
121.380977
-24.250710
-48.522658
24.293186
-72.794605
-121.338501
-72.794605
24.293186
24.293186
72.837081
145.652924
48.565133
-24.250710
-72.794605
-97.066553
-48.522658
0.021238
24.293186
48.565133
97.109029
97.109029
24.293186
-24.250710
-48.522658
-24.250710
24.293186
48.565133
48.565133
24.293186
-24.250710
-48.522658
121.380977
24.293186
-97.066553
48.565133
145.652924
24.293186
-48.522658
-24.250710
48.565133
48.565133
-48.522658
-48.522658
121.380977
48.565133
-48.522658
0.021238
-48.522658
-97.066553
-97.066553
72.837081
267.012663
121.380977
-121.338501
-169.882396
-48.522658
48.565133
0.021238
0.021238
-48.522658
-48.522658
121.380977
0.021238
-72.794605
-48.522658
-24.250710
-48.522658
-48.522658
48.565133
48.565133
24.293186
-72.794605
-72.794605
24.293186
24.293186
-24.250710
-48.522658
-48.522658
-121.338501
-72.794605
97.109029
48.565133
-97.066553
0.021238
48.565133
24.293186
24.293186
-24.250710
-48.522658
-24.250710
0.021238
-72.794605
-72.794605
0.021238
-48.522658
-48.522658
-48.522658
-24.250710
-48.522658
-72.794605
-48.522658
-48.522658
72.837081
145.652924
72.837081
0.021238
-24.250710
48.565133
0.021238
0.021238
-24.250710
-97.066553
-24.250710
97.109029
169.924872
24.293186
-72.794605
-24.250710
72.837081
48.565133
0.021238
0.021238
97.109029
-24.250710
-121.338501
48.565133
97.109029
24.293186
0.021238
48.565133
48.565133
0.021238
0.021238
72.837081
97.109029
-121.338501
-72.794605
97.109029
121.380977
24.293186
-97.066553
-97.066553
24.293186
97.109029
121.380977
0.021238
-48.522658
-48.522658
-48.522658
0.021238
0.021238
-24.250710
0.021238
-48.522658
0.021238
24.293186
-72.794605
0.021238
48.565133
48.565133
48.565133
-24.250710
-97.066553
-72.794605
-48.522658
24.293186
-48.522658
-24.250710
121.380977
145.652924
72.837081
0.021238
-97.066553
-145.610449
-24.250710
-24.250710
-48.522658
0.021238
24.293186
24.293186
-24.250710
-72.794605
-24.250710
121.380977
97.109029
-24.250710
24.293186
97.109029
0.021238
-145.610449
-48.522658
24.293186
97.109029
121.380977
0.021238
24.293186
0.021238
-145.610449
-194.154344
-24.250710
145.652924
121.380977
121.380977
145.652924
72.837081
48.565133
-169.882396
-364.057978
-194.154344
24.293186
242.740716
267.012663
145.652924
97.109029
-48.522658
-218.426292
-339.786031
-169.882396
145.652924
242.740716
218.468768
97.109029
97.109029
121.380977
-72.794605
-364.057978
-388.329926
24.293186
364.100454
291.284611
97.109029
-48.522658
-145.610449
-218.426292
-145.610449
-24.250710
24.293186
48.565133
72.837081
97.109029
24.293186
-48.522658
-145.610449
-72.794605
24.293186
24.293186
24.293186
0.021238
72.837081
97.109029
0.021238
0.021238
-145.610449
-72.794605
169.924872
24.293186
-121.338501
-97.066553
48.565133
218.468768
97.109029
-121.338501
-218.426292
0.021238
291.284611
218.468768
-121.338501
-169.882396
48.565133
0.021238
-145.610449
0.021238
72.837081
194.196820
218.468768
72.837081
-97.066553
-291.242135
-242.698240
-48.522658
145.652924
169.924872
-24.250710
-72.794605
218.468768
267.012663
-145.610449
-339.786031
-242.698240
-97.066553
169.924872
194.196820
121.380977
121.380977
97.109029
97.109029
-145.610449
-582.505508
-436.873822
97.109029
436.916298
364.100454
121.380977
-48.522658
24.293186
24.293186
-218.426292
-315.514083
-72.794605
194.196820
267.012663
169.924872
97.109029
0.021238
-121.338501
-218.426292
-145.610449
72.837081
0.021238
0.021238
267.012663
315.556559
169.924872
-145.610449
-315.514083
-145.610449
-48.522658
-72.794605
-48.522658
145.652924
291.284611
48.565133
-121.338501
-48.522658
-121.338501
-169.882396
97.109029
194.196820
97.109029
-24.250710
-121.338501
-97.066553
-48.522658
24.293186
145.652924
194.196820
0.021238
-169.882396
-218.426292
-266.970187
-97.066553
97.109029
145.652924
145.652924
242.740716
218.468768
-97.066553
-388.329926
-266.970187
-24.250710
72.837081
72.837081
121.380977
267.012663
339.828507
-48.522658
-388.329926
-266.970187
-194.154344
-121.338501
242.740716
291.284611
72.837081
-24.250710
97.109029
145.652924
24.293186
-218.426292
-315.514083
-72.794605
169.924872
24.293186
-121.338501
48.565133
72.837081
-48.522658
48.565133
194.196820
48.565133
-121.338501
-48.522658
97.109029
121.380977
-72.794605
-72.794605
218.468768
194.196820
-291.242135
-315.514083
194.196820
339.828507
121.380977
-194.154344
-242.698240
48.565133
242.740716
145.652924
-72.794605
-169.882396
-145.610449
48.565133
242.740716
169.924872
-194.154344
-266.970187
24.293186
194.196820
97.109029
-145.610449
-121.338501
218.468768
364.100454
24.293186
-412.601874
-436.873822
-218.426292
72.837081
339.828507
267.012663
-48.522658
-169.882396
48.565133
145.652924
-72.794605
-266.970187
-121.338501
267.012663
291.284611
-339.786031
-703.865247
-97.066553
655.363827
291.284611
-339.786031
-121.338501
315.556559
169.924872
-266.970187
-364.057978
-24.250710
242.740716
169.924872
121.380977
194.196820
-169.882396
-436.873822
-97.066553
218.468768
194.196820
-48.522658
-121.338501
121.380977
436.916298
169.924872
-412.601874
-509.689665
-218.426292
97.109029
364.100454
315.556559
-97.066553
-509.689665
-291.242135
339.828507
242.740716
-169.882396
-145.610449
242.740716
315.556559
-145.610449
-436.873822
-48.522658
194.196820
-48.522658
0.021238
364.100454
436.916298
0.021238
-509.689665
-364.057978
-24.250710
-72.794605
-24.250710
412.644350
485.460193
-72.794605
-291.242135
24.293186
72.837081
-339.786031
-533.961613
-145.610449
436.916298
631.091880
412.644350
72.837081
-194.154344
-339.786031
-339.786031
-121.338501
121.380977
-145.610449
-364.057978
24.293186
461.188245
485.460193
218.468768
-72.794605
-388.329926
-679.593299
-218.426292
461.188245
388.372402
267.012663
218.468768
-315.514083
-606.777456
121.380977
849.539409
364.100454
-461.145769
-558.233560
-242.698240
-485.417717
-485.417717
412.644350
1334.978365
1116.530835
48.565133
-776.681090
-970.856672
-873.768881
-606.777456
169.924872
922.355253
995.171096
631.091880
412.644350
-121.338501
-946.584725
-1334.935889
-849.496934
485.460193
1092.258887
315.556559
-72.794605
776.723566
922.355253
-266.970187
-1043.672516
-1019.400568
-898.040829
-242.698240
1043.714992
1480.610051
534.004089
-218.426292
-24.250710
-48.522658
-922.312777
-1213.576150
72.837081
1140.802783
242.740716
-946.584725
-72.794605
1504.881999
995.171096
-728.137195
-1116.488359
-315.514083
169.924872
-315.514083
-412.601874
291.284611
412.644350
97.109029
679.635775
1213.618626
48.565133
-1844.646792
-1796.102896
-72.794605
776.723566
291.284611
121.380977
898.083305
1213.618626
0.021238
-1213.576150
-946.584725
-606.777456
-970.856672
-97.066553
1650.513685
1407.794208
-97.066553
-121.338501
291.284611
-703.865247
-1286.391993
-388.329926
655.363827
922.355253
97.109029
-606.777456
97.109029
752.451618
-48.522658
-509.689665
72.837081
-242.698240
-970.856672
-315.514083
970.899148
1213.618626
364.100454
-533.961613
-533.961613
-315.514083
-898.040829
-631.049404
849.539409
1189.346678
194.196820
-145.610449
169.924872
-728.137195
-1310.663941
48.565133
1504.881999
1116.530835
-655.321351
-1504.839523
-194.154344
1407.794208
1043.714992
-995.128620
-1529.111471
388.372402
1941.777059
800.995514
-1334.935889
-1407.751732
-121.338501
291.284611
169.924872
485.460193
509.732141
267.012663
436.916298
315.556559
-703.865247
-1893.190687
-1504.839523
995.171096
2305.856275
679.635775
-1043.672516
-388.329926
752.451618
145.652924
-1116.488359
-1019.400568
242.740716
946.627200
800.995514
364.100454
-679.593299
-1213.576150
121.380977
1674.785633
703.907723
-1626.199262
-1456.295627
1092.258887
2257.312379
-194.154344
-2524.261329
-655.321351
1771.873424
509.732141
-1165.032254
412.644350
1553.425894
-145.610449
-1189.304202
-582.505508
-485.417717
-412.601874
534.004089
1383.522260
1116.530835
-315.514083
-1189.304202
-266.970187
218.468768
-461.145769
-266.970187
242.740716
97.109029
485.460193
946.627200
145.652924
-922.312777
-922.312777
-291.242135
315.556559
582.547984
412.644350
267.012663
509.732141
169.924872
-849.496934
-631.049404
-24.250710
-800.953038
-946.584725
461.188245
1334.978365
1116.530835
703.907723
48.565133
-1189.304202
-1893.190687
-169.882396
1407.794208
48.565133
-1577.655366
-339.786031
1844.689267
1868.961215
315.556559
-1140.760307
-1820.374844
-1262.120045
364.100454
1407.794208
315.556559
-728.137195
194.196820
1213.618626
606.819932
-509.689665
-1092.216411
-922.312777
-194.154344
-145.610449
-48.522658
1213.618626
1189.346678
-509.689665
-582.505508
534.004089
121.380977
-582.505508
-291.242135
-461.145769
-800.953038
-315.514083
873.811357
1966.049006
1723.329529
-48.522658
-2160.182112
-2839.796650
-1140.760307
1480.610051
2451.487961
752.451618
-970.856672
315.556559
2305.856275
388.372402
-3762.130664
-3762.130664
776.723566
3131.102499
922.355253
-898.040829
606.819932
2063.136797
534.004089
-2160.182112
-2475.717433
-169.882396
1189.346678
291.284611
-728.137195
-266.970187
1067.986939
2038.864850
1383.522260
-1092.216411
-2524.261329
-1286.391993
461.188245
364.100454
-485.417717
-339.786031
1140.802783
2354.400170
1237.890574
-946.584725
-1966.006530
-1844.646792
-752.409143
631.091880
1383.522260
1189.346678
145.652924
-388.329926
436.916298
121.380977
-1504.839523
-1383.479784
534.004089
1140.802783
-72.794605
-266.970187
1116.530835
1893.233163
728.179671
-1432.023680
-2427.173538
-1237.848098
-24.250710
388.372402
1529.153947
2402.944066
898.083305
-1237.848098
-1577.655366
-995.128620
-631.049404
-194.154344
703.907723
1407.794208
558.276036
-970.856672
-703.865247
1116.530835
1334.978365
-412.601874
-1601.927314
-1432.023680
-72.794605
1237.890574
679.635775
-291.242135
364.100454
752.451618
-242.698240
-606.777456
-48.522658
24.293186
-728.137195
-1067.944463
364.100454
2888.383021
2038.864850
-2864.068597
-4417.473254
-121.338501
2961.198864
1577.697842
121.380977
-48.522658
-946.584725
-898.040829
728.179671
1601.969790
267.012663
-2111.638217
-1747.559001
1407.794208
2063.136797
-339.786031
-1383.479784
97.109029
1043.714992
-364.057978
-1626.199262
-121.338501
2135.952641
1480.610051
-1237.848098
-2111.638217
-728.137195
655.363827
1529.153947
1674.785633
97.109029
-2038.822374
-2038.822374
849.539409
2572.847700
-315.514083
-2669.893015
-436.873822
1674.785633
1334.978365
582.547984
-315.514083
-509.689665
485.460193
-679.593299
-1990.278478
-266.970187
582.547984
-655.321351
24.293186
2233.040432
1990.320954
339.828507
-509.689665
-1480.567575
-1601.927314
-655.321351
-800.953038
0.021238
2281.584327
1432.066156
-703.865247
24.293186
218.468768
-1553.383418
-1165.032254
582.547984
825.267462
412.644350
291.284611
606.819932
898.083305
-242.698240
-1699.015105
-606.777456
1310.706417
0.021238
-2378.629642
-1334.935889
1407.794208
2500.031857
1796.145372
-48.522658
-1674.743157
-1189.304202
-169.882396
-436.873822
-121.338501
776.723566
485.460193
121.380977
509.732141
194.196820
-242.698240
339.828507
-315.514083
-1771.830948
-1237.848098
169.924872
1213.618626
2063.136797
1407.794208
-655.321351
-1310.663941
-339.786031
145.652924
-849.496934
-1432.023680
145.652924
1504.881999
582.547984
-218.426292
703.907723
1067.986939
-873.768881
-2524.261329
-849.496934
1723.329529
1456.338103
-533.961613
-1286.391993
-145.610449
995.171096
995.171096
631.091880
24.293186
-1213.576150
-1456.295627
-533.961613
606.819932
1941.777059
655.363827
-2184.454060
-1189.304202
1310.706417
1189.346678
194.196820
-655.321351
-1237.848098
72.837081
1310.706417
218.468768
-339.786031
242.740716
-412.601874
-752.409143
388.372402
800.995514
-412.601874
-825.224986
-194.154344
-461.145769
-218.426292
1626.241738
2864.111073
752.451618
-3082.516127
-3349.507553
218.468768
2645.663543
1432.066156
-1213.576150
-1262.120045
1432.066156
1917.505111
-1650.471210
-3373.779500
-242.698240
2160.224588
1553.425894
776.723566
-533.961613
-2038.822374
-291.242135
2621.391596
1116.530835
-2451.445486
-2475.717433
242.740716
2548.575752
1844.689267
-1723.287053
-2791.252754
631.091880
2621.391596
-48.522658
-1529.111471
412.644350
1140.802783
0.021238
-800.953038
-582.505508
631.091880
291.284611
-1990.278478
-388.329926
3179.646394
534.004089
-3470.867291
-873.768881
2063.136797
898.083305
194.196820
388.372402
72.837081
461.188245
-582.505508
-2621.349120
-800.953038
2014.592902
436.916298
-1019.400568
1286.434469
1407.794208
-1723.287053
-1092.216411
1893.233163
1310.706417
-1480.567575
-2354.357694
-364.057978
2305.856275
2281.584327
-218.426292
-1383.479784
-1019.400568
-1019.400568
-266.970187
946.627200
1067.986939
121.380977
-1674.743157
-1092.216411
2305.856275
1990.320954
-1674.743157
-1043.672516
2087.408745
1237.890574
-2135.910165
-3276.691709
-970.856672
1893.233163
1577.697842
-266.970187
582.547984
1771.873424
-24.250710
-1286.391993
-242.698240
0.021238
-679.593299
-849.496934
-242.698240
631.091880
145.652924
-48.522658
1917.505111
2087.408745
-1577.655366
-3786.402612
-995.128620
2645.663543
1796.145372
-1553.383418
-1480.567575
1601.969790
1990.320954
-388.329926
-1067.944463
-48.522658
97.109029
-1189.304202
-1359.207836
1116.530835
2305.856275
267.012663
-1674.743157
-703.865247
1286.434469
582.547984
-1432.023680
-1310.663941
-24.250710
1601.969790
2500.031857
169.924872
-1941.734583
-1334.935889
-631.049404
631.091880
1796.145372
-339.786031
-2427.173538
-582.505508
1359.250312
922.355253
485.460193
339.828507
218.468768
-121.338501
-1237.848098
-970.856672
1140.802783
1432.066156
-1359.207836
-2524.261329
534.004089
3567.997558
1917.505111
-2257.269903
-2621.349120
-218.426292
436.916298
412.644350
776.723566
655.363827
315.556559
-679.593299
-1019.400568
970.899148
1456.338103
-1092.216411
-1334.935889
339.828507
-582.505508
-582.505508
1286.434469
728.179671
-242.698240
-24.250710
-970.856672
-1286.391993
1310.706417
2257.312379
-388.329926
-703.865247
485.460193
-1262.120045
-1092.216411
1383.522260
-218.426292
-2281.541851
412.644350
2767.023282
1601.969790
-485.417717
-2038.822374
-728.137195
1456.338103
-97.066553
-2038.822374
-266.970187
2208.768484
1407.794208
-1310.663941
-1480.567575
1262.162521
1626.241738
-1699.015105
-2378.629642
728.179671
1868.961215
-194.154344
-1237.848098
631.091880
1796.145372
-242.698240
-1796.102896
388.372402
1577.697842
-1237.848098
-1553.383418
1383.522260
1310.706417
-825.224986
-1383.479784
-364.057978
1432.066156
1334.978365
-1092.216411
-1432.023680
631.091880
970.899148
48.565133
364.100454
655.363827
-631.049404
-1480.567575
-364.057978
606.819932
48.565133
-776.681090
-315.514083
1529.153947
1771.873424
-582.505508
-509.689665
1189.346678
-558.233560
-2281.541851
-631.049404
995.171096
582.547984
-728.137195
-436.873822
752.451618
412.644350
-388.329926
242.740716
1650.513685
849.539409
-1868.918739
-1577.655366
1966.049006
2063.136797
-2548.533277
-3519.411187
1262.162521
3325.278081
-291.242135
-2499.989381
97.109029
2839.839126
2135.952641
-1723.287053
-3737.858717
703.907723
3567.997558
-1432.023680
-3592.227030
995.171096
2475.759909
-461.145769
-970.856672
825.267462
728.179671
-728.137195
-849.496934
48.565133
1043.714992
898.083305
-1359.207836
-2038.822374
825.267462
1820.417320
-169.882396
169.924872
582.547984
-2135.910165
-1626.199262
2063.136797
1334.978365
-1262.120045
-752.409143
800.995514
1189.346678
534.004089
-1213.576150
-1844.646792
606.819932
1480.610051
-825.224986
-922.312777
1092.258887
534.004089
-1140.760307
145.652924
1796.145372
315.556559
-1432.023680
-752.409143
922.355253
1189.346678
-1213.576150
-2718.436911
267.012663
2864.111073
388.372402
-1747.559001
0.021238
1820.417320
1407.794208
-364.057978
-1820.374844
-1019.400568
776.723566
72.837081
-1213.576150
-194.154344
315.556559
-388.329926
922.355253
2184.496536
-315.514083
-2135.910165
194.196820
1966.049006
-72.794605
-2791.252754
-2208.726008
1140.802783
3228.190290
1116.530835
-2135.910165
-1432.023680
679.635775
291.284611
-121.338501
655.363827
558.276036
-72.794605
-145.610449
-24.250710
-97.066553
-194.154344
-388.329926
-679.593299
-169.882396
970.899148
509.732141
-995.128620
-558.233560
1432.066156
2038.864850
97.109029
-1747.559001
-776.681090
461.188245
-145.610449
-145.610449
-48.522658
-898.040829
-558.233560
631.091880
1286.434469
1407.794208
-266.970187
-1529.111471
922.355253
2281.584327
-1674.743157
-3446.595344
582.547984
2111.680693
-728.137195
-728.137195
1262.162521
339.828507
-169.882396
1480.610051
485.460193
-1626.199262
-1601.927314
-1310.663941
-339.786031
2087.408745
1868.961215
-970.856672
-1043.672516
679.635775
582.547984
24.293186
194.196820
-1334.935889
-2208.726008
534.004089
2184.496536
1019.443044
-145.610449
-1092.216411
-461.145769
1189.346678
-194.154344
-1941.734583
-121.338501
946.627200
-946.584725
-242.698240
2936.926917
1699.057581
-1529.111471
-1480.567575
-631.049404
-412.601874
485.460193
606.819932
-169.882396
97.109029
582.547984
-145.610449
-898.040829
339.828507
1723.329529
-24.250710
-1577.655366
-291.242135
606.819932
-703.865247
-1699.015105
679.635775
3228.190290
509.732141
-2864.068597
-582.505508
2063.136797
898.083305
-655.321351
-1771.830948
-995.128620
1310.706417
922.355253
-145.610449
121.380977
-364.057978
-558.233560
364.100454
800.995514
509.732141
-655.321351
-1480.567575
24.293186
873.811357
-364.057978
121.380977
1747.601476
1359.250312
-776.681090
-2330.085747
-995.128620
800.995514
-339.786031
-898.040829
1140.802783
1432.066156
-266.970187
-582.505508
849.539409
1529.153947
-291.242135
-2232.997956
-1359.207836
728.179671
534.004089
-800.953038
0.021238
1189.346678
1286.434469
267.012663
-1092.216411
0.021238
655.363827
-1432.023680
-1310.663941
1116.530835
1529.153947
898.083305
-242.698240
-1699.015105
-582.505508
1140.802783
267.012663
-436.873822
242.740716
485.460193
145.652924
-606.777456
-1480.567575
-1432.023680
339.828507
1844.689267
1140.802783
145.652924
218.468768
-631.049404
-1480.567575
-266.970187
194.196820
0.021238
509.732141
-218.426292
-412.601874
1019.443044
461.188245
-1553.383418
-1165.032254
242.740716
703.907723
946.627200
1067.986939
121.380977
-995.128620
-436.873822
-145.610449
-898.040829
582.547984
1674.785633
-922.312777
-2184.454060
-606.777456
-48.522658
873.811357
2694.207439
1771.873424
-218.426292
-631.049404
-2160.182112
-2548.533277
776.723566
2087.408745
412.644350
-364.057978
-1092.216411
-849.496934
1723.329529
2572.847700
72.837081
-2135.910165
-1359.207836
1043.714992
970.899148
-1626.199262
-1359.207836
1529.153947
631.091880
-1189.304202
1165.074730
2742.751335
-194.154344
-2038.822374
72.837081
485.460193
-1553.383418
-679.593299
1237.890574
849.539409
-315.514083
-1189.304202
-218.426292
2281.584327
1674.785633
-1383.479784
-1747.559001
-315.514083
267.012663
-48.522658
-631.049404
558.276036
2038.864850
-218.426292
-1674.743157
776.723566
1043.714992
-1189.304202
-1820.374844
-703.865247
1237.890574
1480.610051
-72.794605
534.004089
1359.250312
-1432.023680
-2184.454060
873.811357
825.267462
-825.224986
48.565133
218.468768
-485.417717
-48.522658
169.924872
461.188245
995.171096
-97.066553
-1310.663941
-339.786031
946.627200
679.635775
-485.417717
-1092.216411
0.021238
1626.241738
922.355253
-1262.120045
-1990.278478
-1092.216411
-461.145769
1092.258887
2791.295230
1043.714992
-922.312777
-218.426292
-121.338501
-509.689665
-533.961613
-1092.216411
169.924872
1990.320954
-388.329926
-3300.963657
-898.040829
2767.023282
2451.487961
631.091880
-72.794605
-1067.944463
-1893.190687
-800.953038
436.916298
267.012663
606.819932
655.363827
-1432.023680
-1092.216411
1844.689267
1456.338103
-873.768881
-1116.488359
315.556559
1262.162521
-145.610449
-1674.743157
-218.426292
1286.434469
218.468768
-242.698240
267.012663
-194.154344
121.380977
-24.250710
-1480.567575
-800.953038
1189.346678
1601.969790
534.004089
-412.601874
48.565133
655.363827
218.468768
-776.681090
-2232.997956
-1674.743157
1650.513685
2718.479387
-97.066553
-1941.734583
-388.329926
1529.153947
703.907723
-1383.479784
-655.321351
1626.241738
825.267462
-800.953038
-218.426292
-388.329926
-1067.944463
-266.970187
364.100454
776.723566
1092.258887
-461.145769
-1165.032254
631.091880
703.907723
-461.145769
339.828507
436.916298
-1067.944463
-388.329926
898.083305
-266.970187
-873.768881
315.556559
145.652924
-558.233560
631.091880
703.907723
-582.505508
364.100454
898.083305
-922.312777
-655.321351
485.460193
-485.417717
-169.882396
825.267462
-800.953038
-1019.400568
995.171096
364.100454
-388.329926
1043.714992
388.372402
-1043.672516
0.021238
776.723566
-291.242135
-533.961613
-145.610449
-995.128620
-194.154344
1359.250312
-291.242135
-1165.032254
1019.443044
1359.250312
145.652924
436.916298
0.021238
-800.953038
0.021238
-606.777456
-1844.646792
-728.137195
291.284611
703.907723
1432.066156
752.451618
169.924872
752.451618
-72.794605
-703.865247
-461.145769
-1456.295627
-1189.304202
1189.346678
1262.162521
-121.338501
-145.610449
-655.321351
-582.505508
1067.986939
728.179671
-1237.848098
-582.505508
946.627200
145.652924
388.372402
1723.329529
169.924872
-1723.287053
-946.584725
-485.417717
-242.698240
800.995514
242.740716
-825.224986
169.924872
898.083305
72.837081
194.196820
873.811357
534.004089
145.652924
-728.137195
-1456.295627
-873.768881
-558.233560
218.468768
1893.233163
1116.530835
-703.865247
-266.970187
388.372402
-582.505508
-825.224986
582.547984
582.547984
-631.049404
72.837081
1262.162521
24.293186
-1504.839523
-728.137195
776.723566
1092.258887
218.468768
-849.496934
-752.409143
72.837081
291.284611
1019.443044
655.363827
-1237.848098
-728.137195
679.635775
48.565133
-48.522658
582.547984
-266.970187
-1237.848098
-946.584725
48.565133
1286.434469
1504.881999
242.740716
-1067.944463
-1092.216411
339.828507
849.539409
-558.233560
-752.409143
218.468768
388.372402
1043.714992
145.652924
-1893.190687
-582.505508
1262.162521
412.644350
0.021238
534.004089
-266.970187
-800.953038
-218.426292
97.109029
558.276036
485.460193
-412.601874
-558.233560
121.380977
825.267462
218.468768
-1432.023680
-995.128620
922.355253
1116.530835
679.635775
169.924872
-1577.655366
-1189.304202
1359.250312
1310.706417
-436.873822
-631.049404
-339.786031
-364.057978
267.012663
728.179671
-72.794605
-461.145769
339.828507
436.916298
-485.417717
-606.777456
169.924872
-97.066553
-509.689665
1043.714992
1820.417320
-606.777456
-2257.269903
-339.786031
1456.338103
558.276036
-849.496934
-728.137195
-169.882396
121.380977
800.995514
922.355253
121.380977
-266.970187
-461.145769
-388.329926
388.372402
339.828507
-898.040829
-461.145769
1140.802783
703.907723
-412.601874
-922.312777
-1140.760307
339.828507
1747.601476
-266.970187
-1529.111471
582.547984
1189.346678
436.916298
558.276036
-315.514083
-1213.576150
-582.505508
-485.417717
-606.777456
752.451618
1067.986939
-169.882396
-145.610449
631.091880
728.179671
315.556559
-970.856672
-1407.751732
364.100454
1310.706417
-364.057978
-1432.023680
-97.066553
1067.986939
169.924872
0.021238
1116.530835
218.468768
-1529.111471
-582.505508
582.547984
-145.610449
-145.610449
-169.882396
-388.329926
849.539409
995.171096
-776.681090
-800.953038
849.539409
703.907723
-121.338501
-291.242135
-922.312777
-922.312777
-266.970187
291.284611
1334.978365
752.451618
-1043.672516
-121.338501
995.171096
-412.601874
-533.961613
679.635775
-315.514083
-1432.023680
-194.154344
1456.338103
1456.338103
-800.953038
-2475.717433
-339.786031
2014.592902
1140.802783
-461.145769
-825.224986
-849.496934
194.196820
1019.443044
218.468768
-218.426292
-582.505508
-776.681090
485.460193
1577.697842
582.547984
-679.593299
-655.321351
-218.426292
145.652924
-242.698240
-388.329926
582.547984
242.740716
-946.584725
194.196820
1893.233163
825.267462
-1043.672516
-339.786031
412.644350
-849.496934
-995.128620
24.293186
-72.794605
-218.426292
169.924872
776.723566
1383.522260
-48.522658
-1480.567575
534.004089
1893.233163
-533.961613
-1990.278478
-1043.672516
-364.057978
364.100454
1140.802783
752.451618
558.276036
849.539409
-631.049404
-1747.559001
-24.250710
849.539409
-752.409143
-1092.216411
946.627200
1771.873424
0.021238
-800.953038
364.100454
412.644350
-946.584725
-1237.848098
-533.961613
72.837081
679.635775
752.451618
655.363827
1092.258887
631.091880
-776.681090
-1504.839523
-1359.207836
-461.145769
485.460193
703.907723
436.916298
48.565133
24.293186
631.091880
825.267462
-291.242135
-1432.023680
-558.233560
558.276036
364.100454
218.468768
291.284611
-364.057978
-898.040829
-364.057978
461.188245
1019.443044
218.468768
-1213.576150
194.196820
1480.610051
-194.154344
-728.137195
97.109029
-72.794605
-194.154344
-72.794605
-509.689665
97.109029
436.916298
-485.417717
242.740716
1019.443044
-218.426292
-266.970187
679.635775
218.468768
-364.057978
-800.953038
-1237.848098
72.837081
1626.241738
412.644350
-995.128620
-436.873822
-339.786031
291.284611
1699.057581
169.924872
-1893.190687
-825.224986
679.635775
606.819932
121.380977
-631.049404
-339.786031
1504.881999
946.627200
-1601.927314
-1286.391993
267.012663
194.196820
72.837081
-364.057978
-703.865247
1310.706417
2475.759909
752.451618
-1019.400568
-2038.822374
-1626.199262
631.091880
825.267462
-849.496934
121.380977
1432.066156
242.740716
-121.338501
922.355253
412.644350
-1116.488359
-1067.944463
-169.882396
0.021238
267.012663
679.635775
194.196820
242.740716
364.100454
-946.584725
-1723.287053
-169.882396
1432.066156
1140.802783
461.188245
-194.154344
-703.865247
291.284611
291.284611
-1165.032254
-485.417717
728.179671
-266.970187
-752.409143
364.100454
461.188245
-339.786031
48.565133
728.179671
631.091880
655.363827
-48.522658
-1140.760307
-800.953038
-48.522658
-436.873822
-606.777456
703.907723
1019.443044
-898.040829
-873.768881
1262.162521
1529.153947
267.012663
-436.873822
-898.040829
-1043.672516
-631.049404
-266.970187
534.004089
1286.434469
606.819932
0.021238
267.012663
-558.233560
-1432.023680
-169.882396
728.179671
-72.794605
48.565133
849.539409
48.565133
-655.321351
169.924872
412.644350
-364.057978
-266.970187
-194.154344
-1067.944463
-145.610449
1601.969790
873.811357
-291.242135
218.468768
145.652924
-825.224986
-436.873822
-169.882396
-679.593299
97.109029
849.539409
97.109029
0.021238
534.004089
-436.873822
-1140.760307
-121.338501
776.723566
752.451618
534.004089
-121.338501
-752.409143
48.565133
679.635775
-436.873822
-776.681090
145.652924
-266.970187
-315.514083
1043.714992
534.004089
-752.409143
169.924872
1043.714992
121.380977
-533.961613
-436.873822
-291.242135
97.109029
364.100454
-169.882396
-242.698240
582.547984
412.644350
-388.329926
0.021238
461.188245
-218.426292
-582.505508
-121.338501
291.284611
48.565133
-97.066553
509.732141
242.740716
-461.145769
-242.698240
-291.242135
242.740716
1116.530835
-533.961613
-1893.190687
291.284611
1553.425894
364.100454
-48.522658
-121.338501
-752.409143
-121.338501
1165.074730
-121.338501
-1917.462635
-679.593299
728.179671
97.109029
0.021238
703.907723
242.740716
-145.610449
752.451618
388.372402
-970.856672
-169.882396
436.916298
-1116.488359
-1480.567575
-72.794605
776.723566
970.899148
388.372402
-412.601874
558.276036
800.995514
-825.224986
-145.610449
728.179671
-1553.383418
-1723.287053
898.083305
1092.258887
-145.610449
-291.242135
97.109029
703.907723
873.811357
-97.066553
-776.681090
-461.145769
-315.514083
-485.417717
-388.329926
315.556559
825.267462
24.293186
-266.970187
655.363827
315.556559
-1067.944463
-485.417717
1116.530835
436.916298
-970.856672
-485.417717
169.924872
485.460193
825.267462
48.565133
-582.505508
97.109029
-194.154344
-800.953038
-24.250710
485.460193
267.012663
169.924872
-48.522658
291.284611
946.627200
-169.882396
-1310.663941
-291.242135
388.372402
-266.970187
72.837081
679.635775
145.652924
-97.066553
169.924872
72.837081
267.012663
291.284611
-388.329926
-412.601874
24.293186
-291.242135
-218.426292
631.091880
655.363827
-266.970187
-655.321351
-97.066553
509.732141
-72.794605
-873.768881
145.652924
1286.434469
509.732141
-655.321351
-121.338501
582.547984
-339.786031
-1213.576150
-461.145769
679.635775
728.179671
-24.250710
-291.242135
218.468768
436.916298
315.556559
315.556559
-291.242135
-995.128620
-703.865247
121.380977
752.451618
461.188245
-606.777456
-728.137195
776.723566
1140.802783
-145.610449
-1019.400568
-436.873822
631.091880
169.924872
-873.768881
-72.794605
461.188245
-48.522658
48.565133
-315.514083
-339.786031
388.372402
-48.522658
-169.882396
776.723566
534.004089
-1043.672516
-291.242135
1310.706417
-48.522658
-873.768881
24.293186
-266.970187
-169.882396
315.556559
-703.865247
-533.961613
995.171096
509.732141
-558.233560
242.740716
631.091880
-242.698240
-121.338501
558.276036
-145.610449
-922.312777
-436.873822
169.924872
412.644350
509.732141
-339.786031
-752.409143
728.179671
800.995514
-849.496934
-679.593299
534.004089
339.828507
-315.514083
97.109029
679.635775
145.652924
-1019.400568
-1116.488359
72.837081
1359.250312
776.723566
-558.233560
169.924872
631.091880
-509.689665
-339.786031
728.179671
121.380977
-1286.391993
-1043.672516
509.732141
1359.250312
558.276036
-582.505508
-412.601874
-97.066553
-218.426292
169.924872
364.100454
-97.066553
-291.242135
48.565133
145.652924
388.372402
534.004089
-533.961613
-485.417717
679.635775
24.293186
-1262.120045
-558.233560
752.451618
1092.258887
242.740716
-315.514083
-194.154344
-72.794605
461.188245
849.539409
-582.505508
-2087.366269
-315.514083
1941.777059
946.627200
-898.040829
-1140.760307
-266.970187
1262.162521
1504.881999
-291.242135
-1432.023680
-606.777456
461.188245
364.100454
-24.250710
-97.066553
-266.970187
-291.242135
436.916298
849.539409
-48.522658
-1019.400568
-679.593299
267.012663
849.539409
339.828507
-485.417717
242.740716
800.995514
-291.242135
-922.312777
-533.961613
97.109029
582.547984
218.468768
-606.777456
72.837081
776.723566
-388.329926
-558.233560
849.539409
849.539409
-315.514083
-873.768881
-873.768881
-266.970187
679.635775
922.355253
388.372402
-315.514083
-558.233560
-291.242135
267.012663
558.276036
-24.250710
-291.242135
72.837081
-72.794605
24.293186
218.468768
-266.970187
-388.329926
-24.250710
-121.338501
-72.794605
606.819932
728.179671
-48.522658
-631.049404
-436.873822
315.556559
631.091880
48.565133
-533.961613
-291.242135
218.468768
72.837081
-242.698240
242.740716
509.732141
-291.242135
-922.312777
-145.610449
946.627200
485.460193
-898.040829
-606.777456
679.635775
291.284611
-558.233560
-169.882396
194.196820
-145.610449
-315.514083
145.652924
800.995514
291.284611
-509.689665
-72.794605
582.547984
-97.066553
-898.040829
-194.154344
412.644350
-97.066553
-97.066553
97.109029
-436.873822
-145.610449
1019.443044
970.899148
-266.970187
-825.224986
-266.970187
461.188245
558.276036
-169.882396
-679.593299
-485.417717
121.380977
461.188245
412.644350
388.372402
0.021238
-509.689665
-266.970187
48.565133
-242.698240
-364.057978
485.460193
776.723566
-339.786031
-752.409143
412.644350
849.539409
-145.610449
-825.224986
-388.329926
242.740716
558.276036
534.004089
-242.698240
-849.496934
-218.426292
631.091880
461.188245
-461.145769
-898.040829
-436.873822
534.004089
825.267462
-72.794605
-509.689665
364.100454
728.179671
-48.522658
-655.321351
-582.505508
-121.338501
509.732141
558.276036
-218.426292
-728.137195
-97.066553
534.004089
242.740716
194.196820
97.109029
-679.593299
-388.329926
606.819932
509.732141
-315.514083
-485.417717
267.012663
509.732141
-97.066553
-412.601874
-121.338501
169.924872
48.565133
-48.522658
-97.066553
-169.882396
48.565133
339.828507
509.732141
-97.066553
-776.681090
-48.522658
873.811357
388.372402
-679.593299
-485.417717
364.100454
169.924872
-169.882396
267.012663
242.740716
-145.610449
-121.338501
48.565133
-48.522658
-72.794605
-194.154344
-412.601874
72.837081
509.732141
145.652924
48.565133
315.556559
0.021238
-558.233560
-461.145769
-48.522658
145.652924
0.021238
48.565133
388.372402
194.196820
-582.505508
-194.154344
995.171096
339.828507
-703.865247
-364.057978
-121.338501
-145.610449
291.284611
169.924872
-436.873822
-121.338501
679.635775
339.828507
-364.057978
-218.426292
-72.794605
-97.066553
0.021238
-169.882396
-121.338501
145.652924
-97.066553
-24.250710
267.012663
72.837081
-194.154344
-145.610449
145.652924
534.004089
388.372402
-218.426292
-485.417717
-388.329926
-48.522658
218.468768
169.924872
121.380977
48.565133
-242.698240
-242.698240
121.380977
24.293186
-315.514083
-48.522658
267.012663
-266.970187
-533.961613
97.109029
267.012663
-72.794605
-266.970187
-145.610449
169.924872
-194.154344
-776.681090
-72.794605
752.451618
72.837081
-606.777456
-24.250710
485.460193
0.021238
-461.145769
-121.338501
0.021238
-242.698240
-121.338501
291.284611
315.556559
-169.882396
-412.601874
267.012663
655.363827
169.924872
-72.794605
121.380977
218.468768
-169.882396
-582.505508
145.652924
1067.986939
436.916298
-291.242135
145.652924
436.916298
218.468768
-72.794605
-24.250710
145.652924
194.196820
24.293186
0.021238
485.460193
461.188245
-194.154344
-266.970187
291.284611
703.907723
631.091880
267.012663
-48.522658
48.565133
145.652924
145.652924
388.372402
412.644350
-169.882396
-461.145769
-24.250710
485.460193
291.284611
-169.882396
-218.426292
97.109029
194.196820
-121.338501
-388.329926
-339.786031
-364.057978
-509.689665
-509.689665
-388.329926
-412.601874
-631.049404
-752.409143
-339.786031
-121.338501
-679.593299
-946.584725
-412.601874
-485.417717
-873.768881
-631.049404
-339.786031
-242.698240
-24.250710
24.293186
-412.601874
-412.601874
-24.250710
-169.882396
-461.145769
-315.514083
169.924872
242.740716
48.565133
145.652924
218.468768
-218.426292
-339.786031
218.468768
242.740716
-242.698240
-145.610449
436.916298
703.907723
267.012663
-121.338501
388.372402
679.635775
242.740716
72.837081
436.916298
534.004089
72.837081
24.293186
582.547984
534.004089
218.468768
412.644350
631.091880
509.732141
461.188245
873.811357
728.179671
194.196820
72.837081
121.380977
679.635775
1359.250312
922.355253
169.924872
388.372402
995.171096
752.451618
291.284611
534.004089
582.547984
291.284611
291.284611
461.188245
558.276036
339.828507
24.293186
97.109029
97.109029
-194.154344
-291.242135
-242.698240
-291.242135
-266.970187
-412.601874
-655.321351
-631.049404
-703.865247
-1067.944463
-1213.576150
-1165.032254
-1092.216411
-1019.400568
-1213.576150
-1359.207836
-1334.935889
-1116.488359
-922.312777
-995.128620
-922.312777
-898.040829
-922.312777
-485.417717
-315.514083
-533.961613
-606.777456
-315.514083
24.293186
121.380977
-48.522658
-24.250710
72.837081
72.837081
121.380977
218.468768
242.740716
121.380977
97.109029
24.293186
169.924872
436.916298
339.828507
242.740716
558.276036
728.179671
315.556559
-72.794605
169.924872
509.732141
339.828507
145.652924
24.293186
72.837081
388.372402
461.188245
218.468768
339.828507
461.188245
194.196820
194.196820
728.179671
1019.443044
800.995514
776.723566
1019.443044
995.171096
1092.258887
1286.434469
1262.162521
970.899148
509.732141
558.276036
825.267462
873.811357
825.267462
631.091880
534.004089
631.091880
631.091880
728.179671
703.907723
145.652924
-266.970187
48.565133
509.732141
364.100454
-145.610449
-533.961613
-339.786031
-315.514083
-1213.576150
-1820.374844
-1723.287053
-1771.830948
-1893.190687
-1917.462635
-2087.366269
-2232.997956
-1917.462635
-1529.111471
-1553.383418
-1359.207836
-1116.488359
-1043.672516
-533.961613
-72.794605
0.021238
24.293186
242.740716
388.372402
412.644350
339.828507
218.468768
145.652924
72.837081
-194.154344
-72.794605
72.837081
-24.250710
97.109029
388.372402
485.460193
267.012663
97.109029
267.012663
339.828507
194.196820
0.021238
-121.338501
-145.610449
-266.970187
-412.601874
-631.049404
-825.224986
-873.768881
-970.856672
-922.312777
-655.321351
-388.329926
-169.882396
-121.338501
169.924872
655.363827
776.723566
849.539409
1237.890574
1529.153947
1504.881999
1577.697842
1820.417320
1844.689267
1577.697842
1334.978365
1359.250312
1262.162521
946.627200
558.276036
315.556559
509.732141
655.363827
558.276036
388.372402
606.819932
922.355253
946.627200
1140.802783
1213.618626
1043.714992
970.899148
970.899148
995.171096
703.907723
461.188245
461.188245
218.468768
-242.698240
-533.961613
-800.953038
-1165.032254
-1601.927314
-2160.182112
-2524.261329
-2402.901590
-2354.357694
-2475.717433
-2354.357694
-2427.173538
-2499.989381
-1917.462635
-1213.576150
-1067.944463
-1116.488359
-825.224986
-315.514083
169.924872
534.004089
582.547984
509.732141
412.644350
242.740716
169.924872
194.196820
121.380977
72.837081
48.565133
291.284611
655.363827
776.723566
800.995514
946.627200
995.171096
1165.074730
1213.618626
1043.714992
825.267462
485.460193
48.565133
-315.514083
-631.049404
-1116.488359
-1868.918739
-2281.541851
-2354.357694
-2402.901590
-2621.349120
-2572.805224
-2257.269903
-2014.550426
-1504.839523
-946.584725
-412.601874
242.740716
606.819932
1067.986939
1650.513685
1966.049006
2208.768484
2160.224588
1893.233163
1747.601476
1601.969790
1553.425894
1213.618626
873.811357
970.899148
946.627200
800.995514
849.539409
1067.986939
1165.074730
1213.618626
1407.794208
1480.610051
1359.250312
1310.706417
1432.066156
1407.794208
970.899148
849.539409
752.451618
412.644350
267.012663
145.652924
121.380977
194.196820
291.284611
412.644350
436.916298
315.556559
436.916298
485.460193
24.293186
-558.233560
-995.128620
-1674.743157
-2087.366269
-2063.094321
-2184.454060
-2888.340545
-3470.867291
-3276.691709
-3033.972232
-2864.068597
-2475.717433
-2087.366269
-1699.015105
-1116.488359
-461.145769
121.380977
728.179671
995.171096
1092.258887
1237.890574
1092.258887
849.539409
776.723566
606.819932
267.012663
24.293186
24.293186
48.565133
267.012663
436.916298
534.004089
800.995514
1067.986939
1213.618626
1140.802783
1092.258887
1140.802783
922.355253
534.004089
72.837081
-558.233560
-1310.663941
-1868.918739
-2330.085747
-2985.428336
-3422.323396
-3398.051448
-3276.691709
-2888.340545
-2402.901590
-1893.190687
-1092.216411
-315.514083
485.460193
1262.162521
1796.145372
2160.224588
2305.856275
2475.759909
2572.847700
2330.128223
1820.417320
1553.425894
1407.794208
849.539409
412.644350
412.644350
485.460193
655.363827
825.267462
922.355253
1213.618626
1553.425894
1529.153947
1553.425894
1917.505111
1941.777059
1747.601476
1650.513685
1480.610051
1213.618626
752.451618
436.916298
339.828507
97.109029
24.293186
121.380977
364.100454
558.276036
461.188245
364.100454
534.004089
606.819932
436.916298
97.109029
-461.145769
-1189.304202
-1771.830948
-2160.182112
-2621.349120
-3155.331970
-3470.867291
-3762.130664
-3810.674560
-3398.051448
-3106.788075
-2621.349120
-1893.190687
-1310.663941
-703.865247
24.293186
703.907723
1140.802783
1529.153947
1626.241738
1383.522260
1165.074730
1116.530835
776.723566
364.100454
48.565133
-169.882396
-48.522658
121.380977
97.109029
364.100454
752.451618
898.083305
995.171096
1165.074730
1383.522260
1407.794208
1165.074730
825.267462
412.644350
-266.970187
-1092.216411
-1626.199262
-1990.278478
-2669.893015
-3592.227030
-3713.586769
-3519.411187
-3616.498978
-3422.323396
-2766.980806
-2063.094321
-1334.935889
-655.321351
412.644350
1383.522260
1796.145372
2135.952641
2669.935491
3179.646394
3106.830551
2548.575752
2233.040432
1941.777059
1407.794208
1092.258887
946.627200
679.635775
436.916298
291.284611
534.004089
995.171096
995.171096
995.171096
1334.978365
1699.057581
1699.057581
1553.425894
1626.241738
1796.145372
1820.417320
1383.522260
1043.714992
1019.443044
728.179671
339.828507
291.284611
364.100454
364.100454
315.556559
218.468768
291.284611
388.372402
218.468768
-194.154344
-606.777456
-1140.760307
-1820.374844
-2135.910165
-2184.454060
-2669.893015
-3203.875866
-3495.139239
-3422.323396
-3082.516127
-2936.884441
-2621.349120
-2087.366269
-1553.383418
-898.040829
-315.514083
436.916298
1019.443044
1310.706417
1553.425894
1577.697842
1553.425894
1456.338103
1189.346678
898.083305
703.907723
436.916298
24.293186
-72.794605
121.380977
218.468768
291.284611
534.004089
873.811357
946.627200
946.627200
1043.714992
970.899148
752.451618
485.460193
-24.250710
-703.865247
-1067.944463
-1529.111471
-2063.094321
-2499.989381
-3033.972232
-3300.963657
-3543.683135
-3203.875866
-2354.357694
-2232.997956
-1941.734583
-1213.576150
-606.777456
97.109029
558.276036
1092.258887
1820.417320
1941.777059
1941.777059
1966.049006
2038.864850
1966.049006
1553.425894
1286.434469
1116.530835
800.995514
728.179671
752.451618
776.723566
873.811357
679.635775
631.091880
946.627200
1213.618626
1359.250312
1213.618626
1092.258887
1407.794208
1407.794208
1092.258887
1262.162521
1262.162521
995.171096
825.267462
873.811357
1019.443044
1043.714992
1140.802783
1262.162521
1165.074730
995.171096
1043.714992
970.899148
800.995514
388.372402
-388.329926
-1043.672516
-1601.927314
-2257.269903
-2597.077172
-3058.244179
-3834.946508
-4174.753776
-4126.209881
-3786.402612
-3252.419761
-2791.252754
-2354.357694
-1844.646792
-1092.216411
-242.698240
339.828507
946.627200
1359.250312
1383.522260
1383.522260
1407.794208
1262.162521
1189.346678
995.171096
631.091880
534.004089
291.284611
169.924872
461.188245
703.907723
776.723566
825.267462
1165.074730
1456.338103
1383.522260
1407.794208
1359.250312
922.355253
364.100454
24.293186
-436.873822
-1019.400568
-1626.199262
-2232.997956
-2597.077172
-2888.340545
-3082.516127
-3155.331970
-3009.700284
-2572.805224
-2281.541851
-1966.006530
-1310.663941
-679.593299
-194.154344
436.916298
946.627200
1334.978365
1456.338103
1407.794208
1480.610051
1529.153947
1407.794208
1116.530835
873.811357
946.627200
873.811357
582.547984
728.179671
825.267462
728.179671
776.723566
849.539409
1165.074730
1359.250312
1213.618626
1262.162521
1504.881999
1407.794208
1237.890574
1237.890574
1116.530835
995.171096
849.539409
776.723566
898.083305
849.539409
703.907723
898.083305
1140.802783
1359.250312
1383.522260
1334.978365
1383.522260
1262.162521
898.083305
194.196820
-509.689665
-849.496934
-1699.015105
-2718.436911
-3106.788075
-3422.323396
-3980.578194
-4223.297672
-4223.297672
-4004.850142
-3567.955082
-3082.516127
-2208.726008
-1310.663941
-606.777456
0.021238
703.907723
1456.338103
1771.873424
1747.601476
1747.601476
1529.153947
1140.802783
873.811357
558.276036
339.828507
242.740716
72.837081
194.196820
534.004089
752.451618
898.083305
922.355253
1262.162521
1553.425894
1480.610051
1383.522260
1286.434469
1019.443044
631.091880
0.021238
-606.777456
-1067.944463
-1771.830948
-2427.173538
-2694.164963
-2936.884441
-3203.875866
-3325.235605
-3155.331970
-2524.261329
-2087.366269
-1699.015105
-1043.672516
-679.593299
-97.066553
703.907723
970.899148
1189.346678
1407.794208
1334.978365
1359.250312
1310.706417
1262.162521
1116.530835
776.723566
752.451618
703.907723
582.547984
703.907723
728.179671
800.995514
898.083305
1019.443044
1189.346678
1286.434469
1310.706417
1456.338103
1432.066156
1237.890574
1262.162521
1262.162521
1189.346678
1092.258887
1019.443044
1019.443044
1092.258887
1043.714992
1189.346678
1504.881999
1529.153947
1601.969790
1577.697842
1359.250312
1334.978365
1043.714992
655.363827
-24.250710
-849.496934
-1577.655366
-2475.717433
-3082.516127
-3325.235605
-3859.218455
-4247.569620
-4320.385463
-4174.753776
-3713.586769
-3155.331970
-2451.445486
-1529.111471
-849.496934
-339.786031
412.644350
1116.530835
1504.881999
1577.697842
1529.153947
1504.881999
1189.346678
873.811357
825.267462
461.188245
267.012663
218.468768
121.380977
267.012663
509.732141
800.995514
1019.443044
1213.618626
1480.610051
1601.969790
1407.794208
1334.978365
1165.074730
582.547984
0.021238
-655.321351
-1165.032254
-1674.743157
-2305.813799
-2669.893015
-2791.252754
-3058.244179
-3155.331970
-3009.700284
-2572.805224
-1868.918739
-1432.023680
-1165.032254
-606.777456
0.021238
436.916298
728.179671
1043.714992
1359.250312
1334.978365
1165.074730
1237.890574
1310.706417
1092.258887
655.363827
606.819932
922.355253
728.179671
388.372402
679.635775
995.171096
995.171096
898.083305
970.899148
1359.250312
1359.250312
1165.074730
1359.250312
1334.978365
1189.346678
898.083305
728.179671
898.083305
995.171096
631.091880
631.091880
1092.258887
1262.162521
1189.346678
1213.618626
1699.057581
1941.777059
1553.425894
1359.250312
1480.610051
1043.714992
242.740716
-218.426292
-655.321351
-1456.295627
-2572.805224
-3155.331970
-3252.419761
-3762.130664
-4223.297672
-4101.937933
-3810.674560
-3373.779500
-2912.612493
-2184.454060
-1140.760307
-533.961613
-169.882396
558.276036
1165.074730
1577.697842
1577.697842
1286.434469
1237.890574
1043.714992
703.907723
412.644350
194.196820
315.556559
145.652924
-97.066553
169.924872
558.276036
825.267462
1019.443044
1334.978365
1674.785633
1577.697842
1286.434469
1213.618626
995.171096
364.100454
-436.873822
-1116.488359
-1626.199262
-1990.278478
-2572.805224
-2912.612493
-2961.156388
-2912.612493
-2718.436911
-2548.533277
-2184.454060
-1310.663941
-752.409143
-436.873822
169.924872
703.907723
1019.443044
970.899148
849.539409
1456.338103
1553.425894
752.451618
461.188245
631.091880
509.732141
48.565133
-121.338501
388.372402
509.732141
72.837081
315.556559
995.171096
1480.610051
1213.618626
1019.443044
1650.513685
1966.049006
1383.522260
1165.074730
1529.153947
1650.513685
1092.258887
436.916298
728.179671
1140.802783
800.995514
534.004089
970.899148
1504.881999
1529.153947
1310.706417
1893.233163
2597.119648
2184.496536
1650.513685
1626.241738
1359.250312
606.819932
-291.242135
-1067.944463
-1674.743157
-2742.708859
-3859.218455
-4126.209881
-4247.569620
-4514.561045
-4635.920784
-4344.657411
-3422.323396
-2645.621068
-2135.910165
-1213.576150
-266.970187
558.276036
995.171096
1286.434469
1723.329529
1868.961215
1480.610051
1116.530835
898.083305
485.460193
24.293186
-218.426292
-218.426292
-169.882396
-218.426292
24.293186
436.916298
825.267462
1286.434469
1432.066156
1577.697842
1747.601476
1626.241738
1213.618626
825.267462
412.644350
-145.610449
-898.040829
-1747.559001
-2378.629642
-2766.980806
-3106.788075
-3300.963657
-3300.963657
-2839.796650
-2427.173538
-2208.726008
-1650.471210
-800.953038
-48.522658
412.644350
679.635775
1165.074730
1456.338103
1237.890574
970.899148
1189.346678
1262.162521
485.460193
-97.066553
121.380977
218.468768
-72.794605
-218.426292
169.924872
679.635775
582.547984
534.004089
1262.162521
1844.689267
1723.329529
1480.610051
1699.057581
1820.417320
1529.153947
1067.986939
970.899148
1043.714992
631.091880
242.740716
412.644350
800.995514
849.539409
703.907723
995.171096
1529.153947
1771.873424
1868.961215
2135.952641
2572.847700
2475.759909
2038.864850
1650.513685
1189.346678
412.644350
-509.689665
-1456.295627
-2305.813799
-3131.060023
-3907.762351
-4344.657411
-4538.832993
-4393.201306
-4150.481829
-4029.122090
-3373.779500
-2354.357694
-1504.839523
-752.409143
-72.794605
582.547984
1262.162521
1529.153947
1529.153947
1723.329529
1650.513685
1067.986939
534.004089
339.828507
242.740716
-72.794605
-291.242135
-145.610449
194.196820
412.644350
679.635775
1092.258887
1577.697842
1771.873424
1650.513685
1626.241738
1626.241738
1310.706417
534.004089
-72.794605
-412.601874
-1092.216411
-2111.638217
-2694.164963
-2718.436911
-2888.340545
-3228.147814
-3179.603918
-2621.349120
-2135.910165
-2038.822374
-1626.199262
-606.777456
145.652924
194.196820
194.196820
898.083305
1504.881999
1140.802783
776.723566
970.899148
873.811357
339.828507
-121.338501
48.565133
485.460193
97.109029
-266.970187
218.468768
703.907723
752.451618
728.179671
1092.258887
1650.513685
1407.794208
1043.714992
1359.250312
1601.969790
1407.794208
995.171096
776.723566
922.355253
776.723566
339.828507
461.188245
873.811357
898.083305
752.451618
873.811357
1480.610051
1868.961215
1771.873424
2063.136797
2257.312379
2111.680693
1771.873424
1140.802783
728.179671
315.556559
-655.321351
-1699.015105
-2524.261329
-3155.331970
-3616.498978
-4150.481829
-4320.385463
-4101.937933
-4053.394037
-3810.674560
-3009.700284
-2038.822374
-1092.216411
-558.233560
-48.522658
898.083305
1529.153947
1504.881999
1553.425894
1699.057581
1504.881999
1019.443044
534.004089
436.916298
315.556559
72.837081
48.565133
121.380977
436.916298
631.091880
849.539409
1286.434469
1747.601476
1893.233163
1747.601476
1553.425894
1553.425894
1213.618626
436.916298
-121.338501
-582.505508
-1407.751732
-2208.726008
-2572.805224
-2621.349120
-2766.980806
-3131.060023
-3082.516127
-2499.989381
-2014.550426
-1893.190687
-1432.023680
-485.417717
48.565133
72.837081
194.196820
873.811357
1334.978365
898.083305
631.091880
800.995514
679.635775
267.012663
-72.794605
388.372402
606.819932
97.109029
121.380977
606.819932
995.171096
849.539409
655.363827
1092.258887
1334.978365
1019.443044
922.355253
1165.074730
1310.706417
1092.258887
728.179671
800.995514
1019.443044
703.907723
388.372402
582.547984
922.355253
1019.443044
970.899148
1189.346678
1723.329529
1917.505111
1868.961215
2111.680693
2135.952641
1893.233163
1577.697842
1165.074730
728.179671
72.837081
-752.409143
-1626.199262
-2402.901590
-2912.612493
-3567.955082
-4126.209881
-4223.297672
-4101.937933
-4029.122090
-3640.770926
-2912.612493
-2087.366269
-1286.391993
-631.049404
-24.250710
655.363827
1140.802783
1383.522260
1529.153947
1529.153947
1407.794208
1019.443044
631.091880
509.732141
267.012663
48.565133
48.565133
72.837081
339.828507
631.091880
849.539409
1213.618626
1480.610051
1529.153947
1480.610051
1456.338103
1359.250312
946.627200
388.372402
-145.610449
-606.777456
-1310.663941
-1917.462635
-2305.813799
-2548.533277
-2669.893015
-2961.156388
-2864.068597
-2281.541851
-1966.006530
-1747.559001
-1359.207836
-606.777456
-72.794605
-194.154344
97.109029
922.355253
946.627200
582.547984
728.179671
922.355253
946.627200
509.732141
509.732141
898.083305
752.451618
388.372402
339.828507
728.179671
995.171096
655.363827
679.635775
1165.074730
1213.618626
898.083305
946.627200
1213.618626
1262.162521
995.171096
679.635775
800.995514
873.811357
606.819932
485.460193
655.363827
995.171096
1019.443044
752.451618
1140.802783
1723.329529
1650.513685
1601.969790
1917.505111
2111.680693
1990.320954
1529.153947
1310.706417
1140.802783
339.828507
-606.777456
-1334.935889
-2014.550426
-2742.708859
-3373.779500
-3786.402612
-4053.394037
-4199.025724
-4150.481829
-3834.946508
-3276.691709
-2499.989381
-1844.646792
-1310.663941
-436.873822
364.100454
703.907723
1092.258887
1383.522260
1504.881999
1456.338103
1092.258887
849.539409
728.179671
388.372402
218.468768
194.196820
315.556559
436.916298
436.916298
728.179671
1165.074730
1456.338103
1601.969790
1504.881999
1480.610051
1383.522260
995.171096
558.276036
145.652924
-339.786031
-1043.672516
-1650.471210
-2111.638217
-2305.813799
-2572.805224
-2961.156388
-2839.796650
-2451.445486
-2135.910165
-1868.918739
-1504.839523
-873.768881
-412.601874
-266.970187
-72.794605
485.460193
898.083305
776.723566
631.091880
970.899148
995.171096
582.547984
485.460193
776.723566
898.083305
582.547984
364.100454
703.907723
1092.258887
946.627200
703.907723
1043.714992
1286.434469
1116.530835
800.995514
898.083305
1189.346678
1019.443044
679.635775
655.363827
728.179671
703.907723
534.004089
509.732141
776.723566
898.083305
776.723566
922.355253
1432.066156
1699.057581
1601.969790
1723.329529
2160.224588
2281.584327
1893.233163
1553.425894
1504.881999
1140.802783
242.740716
-679.593299
-1310.663941
-1917.462635
-2766.980806
-3543.683135
-3689.314821
-3834.946508
-4174.753776
-4247.569620
-3713.586769
-3009.700284
-2524.261329
-1868.918739
-1043.672516
-364.057978
121.380977
558.276036
995.171096
1407.794208
1383.522260
1165.074730
1043.714992
825.267462
631.091880
364.100454
121.380977
121.380977
218.468768
218.468768
388.372402
849.539409
1189.346678
1383.522260
1432.066156
1456.338103
1553.425894
1189.346678
776.723566
509.732141
72.837081
-461.145769
-1189.304202
-1601.927314
-1844.646792
-2305.813799
-2718.436911
-2766.980806
-2499.989381
-2354.357694
-2257.269903
-1990.278478
-1432.023680
-873.768881
-631.049404
-412.601874
121.380977
582.547984
558.276036
339.828507
728.179671
970.899148
655.363827
412.644350
606.819932
970.899148
800.995514
412.644350
728.179671
1092.258887
898.083305
582.547984
825.267462
1262.162521
1116.530835
776.723566
898.083305
1189.346678
1140.802783
728.179671
728.179671
1043.714992
873.811357
509.732141
509.732141
873.811357
1019.443044
873.811357
898.083305
1213.618626
1480.610051
1383.522260
1383.522260
1820.417320
2087.408745
1820.417320
1529.153947
1577.697842
1626.241738
922.355253
145.652924
-218.426292
-825.224986
-1699.015105
-2766.980806
-3179.603918
-3179.603918
-3786.402612
-4320.385463
-4077.665985
-3519.411187
-3179.603918
-2936.884441
-2208.726008
-1165.032254
-582.505508
-266.970187
242.740716
946.627200
1310.706417
1140.802783
970.899148
1116.530835
995.171096
485.460193
194.196820
388.372402
509.732141
267.012663
194.196820
655.363827
1043.714992
1019.443044
1067.986939
1432.066156
1723.329529
1480.610051
970.899148
825.267462
873.811357
267.012663
-606.777456
-970.856672
-1165.032254
-1699.015105
-2330.085747
-2402.901590
-2111.638217
-2281.541851
-2524.261329
-2135.910165
-1383.479784
-1043.672516
-1213.576150
-1043.672516
-24.250710
145.652924
-388.329926
48.565133
776.723566
655.363827
169.924872
267.012663
873.811357
849.539409
315.556559
509.732141
1019.443044
1092.258887
655.363827
558.276036
1189.346678
1237.890574
655.363827
582.547984
1019.443044
1043.714992
558.276036
339.828507
825.267462
946.627200
509.732141
339.828507
631.091880
898.083305
776.723566
436.916298
776.723566
1359.250312
1140.802783
825.267462
1310.706417
2014.592902
1917.505111
1480.610051
1723.329529
2087.408745
1723.329529
1140.802783
1043.714992
946.627200
218.468768
-849.496934
-1504.839523
-1747.559001
-2572.805224
-3470.867291
-3689.314821
-3640.770926
-3762.130664
-3907.762351
-3519.411187
-2718.436911
-2184.454060
-1747.559001
-1092.216411
-291.242135
194.196820
388.372402
703.907723
1116.530835
1237.890574
970.899148
679.635775
728.179671
679.635775
582.547984
388.372402
485.460193
728.179671
752.451618
898.083305
1189.346678
1432.066156
1553.425894
1383.522260
1359.250312
1286.434469
1043.714992
679.635775
194.196820
-315.514083
-825.224986
-1407.751732
-1844.646792
-2063.094321
-2232.997956
-2402.901590
-2572.805224
-2378.629642
-2038.822374
-1796.102896
-1674.743157
-1262.120045
-752.409143
-533.961613
-388.329926
-339.786031
169.924872
631.091880
364.100454
388.372402
679.635775
728.179671
606.819932
582.547984
1019.443044
1262.162521
1043.714992
995.171096
1237.890574
1359.250312
1165.074730
776.723566
1019.443044
1213.618626
679.635775
364.100454
606.819932
849.539409
582.547984
339.828507
558.276036
849.539409
655.363827
485.460193
776.723566
1092.258887
1116.530835
898.083305
898.083305
1529.153947
1650.513685
1310.706417
1504.881999
1893.233163
1893.233163
1480.610051
1213.618626
1480.610051
1140.802783
194.196820
-339.786031
-728.137195
-1432.023680
-2451.445486
-3179.603918
-3058.244179
-3276.691709
-4077.665985
-4199.025724
-3665.042873
-3179.603918
-3033.972232
-2524.261329
-1407.751732
-728.137195
-582.505508
-121.338501
679.635775
1067.986939
995.171096
800.995514
873.811357
898.083305
485.460193
242.740716
461.188245
631.091880
606.819932
558.276036
800.995514
1310.706417
1456.338103
1456.338103
1577.697842
1674.785633
1553.425894
1140.802783
849.539409
728.179671
218.468768
-631.049404
-1262.120045
-1456.295627
-1868.918739
-2451.445486
-2694.164963
-2451.445486
-2402.901590
-2451.445486
-2135.910165
-1577.655366
-1189.304202
-1116.488359
-800.953038
-194.154344
-97.066553
-291.242135
145.652924
582.547984
534.004089
509.732141
534.004089
800.995514
970.899148
703.907723
970.899148
1237.890574
1092.258887
946.627200
946.627200
1286.434469
1286.434469
922.355253
873.811357
849.539409
752.451618
606.819932
485.460193
606.819932
679.635775
558.276036
534.004089
752.451618
825.267462
873.811357
898.083305
1019.443044
1237.890574
1213.618626
1116.530835
1383.522260
1650.513685
1650.513685
1577.697842
1626.241738
1771.873424
1553.425894
1189.346678
1189.346678
1019.443044
388.372402
-339.786031
-1043.672516
-1480.567575
-2257.269903
-3082.516127
-3325.235605
-3567.955082
-3932.034299
-4053.394037
-3762.130664
-3228.147814
-2815.524702
-2378.629642
-1577.655366
-800.953038
-388.329926
-48.522658
461.188245
946.627200
1043.714992
752.451618
606.819932
631.091880
485.460193
291.284611
364.100454
558.276036
558.276036
534.004089
825.267462
1334.978365
1480.610051
1553.425894
1723.329529
1747.601476
1601.969790
1140.802783
800.995514
631.091880
0.021238
-703.865247
-1262.120045
-1626.199262
-1893.190687
-2281.541851
-2499.989381
-2402.901590
-2257.269903
-2160.182112
-1941.734583
-1577.655366
-1140.760307
-825.224986
-679.593299
-339.786031
72.837081
0.021238
48.565133
509.732141
655.363827
558.276036
558.276036
728.179671
825.267462
728.179671
970.899148
1237.890574
1189.346678
1092.258887
1043.714992
1165.074730
1189.346678
946.627200
825.267462
800.995514
655.363827
364.100454
267.012663
485.460193
582.547984
436.916298
436.916298
655.363827
800.995514
752.451618
898.083305
1067.986939
1140.802783
1165.074730
1140.802783
1310.706417
1456.338103
1407.794208
1383.522260
1553.425894
1723.329529
1553.425894
1237.890574
1407.794208
1286.434469
679.635775
72.837081
-631.049404
-1286.391993
-2184.454060
-2888.340545
-3155.331970
-3519.411187
-3907.762351
-4053.394037
-3907.762351
-3422.323396
-2936.884441
-2402.901590
-1626.199262
-922.312777
-461.145769
-24.250710
412.644350
800.995514
922.355253
825.267462
631.091880
558.276036
412.644350
339.828507
436.916298
558.276036
728.179671
825.267462
1019.443044
1383.522260
1626.241738
1796.145372
1844.689267
1723.329529
1504.881999
1043.714992
631.091880
315.556559
-266.970187
-995.128620
-1553.383418
-2038.822374
-2330.085747
-2597.077172
-2645.621068
-2524.261329
-2451.445486
-2257.269903
-1917.462635
-1480.567575
-1043.672516
-849.496934
-655.321351
-388.329926
-169.882396
-48.522658
97.109029
315.556559
461.188245
534.004089
631.091880
873.811357
1116.530835
1116.530835
1237.890574
1359.250312
1480.610051
1577.697842
1383.522260
1262.162521
1237.890574
970.899148
752.451618
606.819932
509.732141
412.644350
315.556559
291.284611
388.372402
509.732141
558.276036
655.363827
825.267462
922.355253
995.171096
1043.714992
1092.258887
1140.802783
1043.714992
1043.714992
1116.530835
1140.802783
1310.706417
1553.425894
1723.329529
1699.057581
1577.697842
1504.881999
1407.794208
1140.802783
534.004089
-266.970187
-995.128620
-1844.646792
-2669.893015
-3179.603918
-3519.411187
-3932.034299
-4199.025724
-4004.850142
-3665.042873
-3203.875866
-2451.445486
-1577.655366
-849.496934
-388.329926
24.293186
461.188245
800.995514
898.083305
752.451618
655.363827
485.460193
169.924872
24.293186
121.380977
436.916298
679.635775
728.179671
1019.443044
1529.153947
1796.145372
1917.505111
2087.408745
2063.136797
1747.601476
1262.162521
703.907723
339.828507
-121.338501
-873.768881
-1529.111471
-1966.006530
-2330.085747
-2572.805224
-2621.349120
-2378.629642
-2111.638217
-2087.366269
-1844.646792
-1383.479784
-970.856672
-776.681090
-728.137195
-485.417717
-266.970187
-533.961613
-631.049404
-145.610449
169.924872
72.837081
121.380977
534.004089
970.899148
970.899148
1019.443044
1577.697842
1941.777059
1674.785633
1432.066156
1553.425894
1504.881999
1043.714992
606.819932
582.547984
461.188245
48.565133
-145.610449
121.380977
534.004089
509.732141
436.916298
679.635775
970.899148
1043.714992
922.355253
1067.986939
1189.346678
1116.530835
849.539409
776.723566
995.171096
1067.986939
946.627200
1067.986939
1480.610051
1699.057581
1504.881999
1529.153947
1723.329529
1407.794208
728.179671
-121.338501
-898.040829
-1601.927314
-2645.621068
-3300.963657
-3567.955082
-3859.218455
-4174.753776
-4223.297672
-3689.314821
-2888.340545
-2378.629642
-1747.559001
-922.312777
-194.154344
218.468768
461.188245
776.723566
1116.530835
898.083305
461.188245
364.100454
194.196820
-48.522658
-121.338501
218.468768
631.091880
873.811357
1116.530835
1601.969790
2087.408745
2281.584327
2257.312379
2087.408745
1990.320954
1529.153947
679.635775
72.837081
-412.601874
-1019.400568
-1747.559001
-2378.629642
-2475.717433
-2402.901590
-2597.077172
-2402.901590
-1893.190687
-1456.295627
-1213.576150
-1043.672516
-631.049404
-218.426292
-315.514083
-461.145769
-291.242135
-72.794605
-364.057978
-873.768881
-461.145769
339.828507
169.924872
97.109029
922.355253
1456.338103
1529.153947
1650.513685
2184.496536
2524.303805
2014.592902
1383.522260
1237.890574
1213.618626
825.267462
72.837081
-218.426292
-24.250710
-145.610449
-461.145769
-145.610449
679.635775
1019.443044
728.179671
825.267462
1504.881999
1601.969790
1165.074730
1165.074730
1189.346678
946.627200
534.004089
267.012663
485.460193
825.267462
873.811357
970.899148
1407.794208
1820.417320
1820.417320
1626.241738
1723.329529
1529.153947
509.732141
-776.681090
-1820.374844
-2694.164963
-3592.227030
-4247.569620
-4587.376888
-4757.280522
-4708.736627
-4441.745202
-3665.042873
-2524.261329
-1504.839523
-776.681090
-169.882396
436.916298
873.811357
873.811357
776.723566
728.179671
388.372402
-194.154344
-606.777456
-606.777456
-339.786031
121.380977
485.460193
922.355253
1626.241738
2087.408745
2354.400170
2694.207439
2888.383021
2669.935491
1941.777059
1043.714992
461.188245
-218.426292
-1067.944463
-1674.743157
-2111.638217
-2402.901590
-2621.349120
-2597.077172
-2111.638217
-1553.383418
-1213.576150
-995.128620
-728.137195
-315.514083
-388.329926
-703.865247
-655.321351
-631.049404
-970.856672
-1359.207836
-1237.848098
-728.137195
-315.514083
72.837081
606.819932
1359.250312
1820.417320
1990.320954
2330.128223
2815.567178
2839.839126
2184.496536
1699.057581
1456.338103
995.171096
218.468768
-218.426292
-145.610449
-194.154344
-412.601874
-242.698240
436.916298
970.899148
1116.530835
1310.706417
1601.969790
1723.329529
1383.522260
1019.443044
922.355253
776.723566
364.100454
24.293186
0.021238
169.924872
315.556559
582.547984
1237.890574
1990.320954
2500.031857
2621.391596
2524.303805
2597.119648
2305.856275
1286.434469
242.740716
-849.496934
-2135.910165
-3543.683135
-4587.376888
-4733.008575
-4684.464679
-5000.000000
-4757.280522
-3810.674560
-2936.884441
-2111.638217
-1262.120045
-339.786031
267.012663
291.284611
72.837081
121.380977
97.109029
-242.698240
-703.865247
-1019.400568
-849.496934
-631.049404
-509.689665
267.012663
1432.066156
2135.952641
2475.759909
2718.479387
3131.102499
3228.190290
2669.935491
2063.136797
1432.066156
558.276036
-558.233560
-1553.383418
-1868.918739
-1868.918739
-2257.269903
-2402.901590
-1990.278478
-1456.295627
-1140.760307
-946.584725
-388.329926
24.293186
-364.057978
-922.312777
-1116.488359
-1383.479784
-1796.102896
-2087.366269
-2135.910165
-1747.559001
-1480.567575
-1213.576150
-218.426292
1043.714992
2087.408745
2402.944066
2742.751335
3276.734185
2864.111073
2402.944066
2281.584327
1820.417320
922.355253
-97.066553
-412.601874
-436.873822
-509.689665
-266.970187
24.293186
412.644350
873.811357
1237.890574
1480.610051
1771.873424
1893.233163
1359.250312
873.811357
679.635775
315.556559
-24.250710
-218.426292
-97.066553
24.293186
121.380977
558.276036
1067.986939
1577.697842
2330.128223
2767.023282
3034.014708
3155.374446
2718.479387
2063.136797
1504.881999
873.811357
-169.882396
-1674.743157
-2766.980806
-3665.042873
-4514.561045
-4660.192731
-4101.937933
-3834.946508
-3640.770926
-3033.972232
-2330.085747
-1626.199262
-1019.400568
-436.873822
-218.426292
-533.961613
-728.137195
-970.856672
-1092.216411
-800.953038
-655.321351
-728.137195
-461.145769
97.109029
679.635775
1383.522260
2305.856275
2961.198864
3131.102499
3034.014708
2791.295230
2402.944066
1796.145372
1043.714992
121.380977
-728.137195
-1237.848098
-1771.830948
-2160.182112
-1820.374844
-1383.479784
-1334.935889
-1189.304202
-606.777456
-339.786031
-509.689665
-752.409143
-728.137195
-1019.400568
-1699.015105
-2257.269903
-2694.164963
-2645.621068
-2354.357694
-2184.454060
-1456.295627
-315.514083
242.740716
582.547984
1626.241738
2888.383021
3131.102499
2500.031857
2354.400170
2208.768484
1286.434469
534.004089
461.188245
436.916298
-72.794605
-461.145769
-266.970187
436.916298
970.899148
1092.258887
1310.706417
1771.873424
1771.873424
1116.530835
873.811357
1116.530835
849.539409
-97.066553
-412.601874
0.021238
72.837081
-48.522658
339.828507
1116.530835
1601.969790
1674.785633
1699.057581
2014.592902
2354.400170
2208.768484
1893.233163
2014.592902
2087.408745
1407.794208
534.004089
461.188245
558.276036
-315.514083
-1480.567575
-2038.822374
-2572.805224
-3470.867291
-3786.402612
-3300.963657
-3009.700284
-3033.972232
-3203.875866
-3082.516127
-2281.541851
-1480.567575
-1310.663941
-1213.576150
-922.312777
-776.681090
-1067.944463
-898.040829
-24.250710
339.828507
48.565133
145.652924
776.723566
1237.890574
1553.425894
2087.408745
2524.303805
2524.303805
2135.952641
1650.513685
1504.881999
1359.250312
776.723566
-169.882396
-558.233560
-461.145769
-922.312777
-1480.567575
-1165.032254
-606.777456
-703.865247
-1116.488359
-1019.400568
-825.224986
-1116.488359
-1650.471210
-1796.102896
-1674.743157
-1893.190687
-2499.989381
-2742.708859
-2063.094321
-1262.120045
-1092.216411
-679.593299
534.004089
1213.618626
800.995514
1043.714992
2305.856275
2572.847700
1553.425894
1116.530835
1237.890574
922.355253
315.556559
169.924872
655.363827
825.267462
315.556559
-48.522658
509.732141
1456.338103
1334.978365
631.091880
825.267462
1140.802783
364.100454
-364.057978
121.380977
631.091880
97.109029
-339.786031
291.284611
970.899148
1067.986939
1140.802783
1504.881999
1966.049006
1966.049006
1432.066156
1213.618626
1626.241738
1820.417320
1286.434469
1092.258887
1844.689267
1868.961215
898.083305
679.635775
1116.530835
606.819932
-606.777456
-1626.199262
-2475.717433
-3446.595344
-4223.297672
-4126.209881
-3592.227030
-3349.507553
-3422.323396
-3325.235605
-2645.621068
-1504.839523
-970.856672
-849.496934
-582.505508
-558.233560
-1043.672516
-1067.944463
-242.698240
315.556559
267.012663
388.372402
849.539409
1237.890574
1796.145372
2500.031857
2888.383021
2864.111073
2572.847700
1966.049006
1504.881999
1237.890574
849.539409
242.740716
-436.873822
-679.593299
-849.496934
-1092.216411
-800.953038
-436.873822
-436.873822
-631.049404
-752.409143
-1067.944463
-1553.383418
-1868.918739
-1990.278478
-2208.726008
-2402.901590
-2451.445486
-2475.717433
-2184.454060
-1286.391993
-582.505508
-72.794605
606.819932
800.995514
728.179671
1310.706417
2014.592902
1966.049006
1650.513685
1456.338103
1043.714992
412.644350
412.644350
849.539409
800.995514
679.635775
679.635775
558.276036
776.723566
1140.802783
1043.714992
679.635775
485.460193
242.740716
-412.601874
-606.777456
-24.250710
145.652924
-339.786031
-218.426292
412.644350
703.907723
922.355253
1407.794208
1771.873424
1747.601476
1650.513685
1504.881999
1456.338103
1699.057581
1553.425894
1092.258887
1504.881999
2233.040432
2135.952641
1626.241738
1699.057581
1917.505111
1116.530835
-24.250710
-679.593299
-1747.559001
-3325.235605
-4441.745202
-4611.648836
-4029.122090
-3640.770926
-3689.314821
-3495.139239
-2766.980806
-1917.462635
-1553.383418
-1262.120045
-703.865247
-752.409143
-1529.111471
-1650.471210
-728.137195
-48.522658
24.293186
267.012663
922.355253
1432.066156
1674.785633
2135.952641
2742.751335
2985.470812
2524.303805
1674.785633
1262.162521
1189.346678
776.723566
-48.522658
-339.786031
-194.154344
-436.873822
-970.856672
-728.137195
-72.794605
-145.610449
-631.049404
-776.681090
-1043.672516
-1650.471210
-2232.997956
-2427.173538
-2160.182112
-2087.366269
-2330.085747
-2354.357694
-1966.006530
-1092.216411
-679.593299
-436.873822
364.100454
582.547984
388.372402
728.179671
1310.706417
1820.417320
1868.961215
1480.610051
1213.618626
1043.714992
1092.258887
1067.986939
970.899148
1140.802783
873.811357
388.372402
388.372402
849.539409
995.171096
606.819932
388.372402
267.012663
24.293186
-72.794605
169.924872
315.556559
194.196820
169.924872
169.924872
436.916298
922.355253
1165.074730
1189.346678
1310.706417
1529.153947
1626.241738
1456.338103
1480.610051
1553.425894
1334.978365
1262.162521
1553.425894
1966.049006
2038.864850
1674.785633
1553.425894
1262.162521
606.819932
-364.057978
-1383.479784
-2354.357694
-3398.051448
-4271.841567
-4417.473254
-3665.042873
-3276.691709
-3203.875866
-2888.340545
-2475.717433
-2135.910165
-1966.006530
-1601.927314
-1213.576150
-1262.120045
-1383.479784
-1116.488359
-509.689665
339.828507
898.083305
1116.530835
1601.969790
2014.592902
1941.777059
1966.049006
2233.040432
2402.944066
2038.864850
1407.794208
1067.986939
946.627200
606.819932
267.012663
291.284611
364.100454
97.109029
-339.786031
-388.329926
-169.882396
-436.873822
-1092.216411
-1456.295627
-1674.743157
-2160.182112
-2597.077172
-2524.261329
-1990.278478
-1699.015105
-1699.015105
-1480.567575
-1262.120045
-898.040829
-582.505508
-412.601874
48.565133
194.196820
48.565133
436.916298
1116.530835
1699.057581
1868.961215
1747.601476
1650.513685
1359.250312
1043.714992
1019.443044
898.083305
728.179671
412.644350
24.293186
48.565133
339.828507
412.644350
436.916298
339.828507
267.012663
194.196820
121.380977
267.012663
461.188245
169.924872
-24.250710
242.740716
461.188245
776.723566
1165.074730
1359.250312
1504.881999
1601.969790
1820.417320
1868.961215
1699.057581
1553.425894
1334.978365
1213.618626
1383.522260
1626.241738
1941.777059
1966.049006
1650.513685
1310.706417
849.539409
145.652924
-946.584725
-2135.910165
-3131.060023
-4199.025724
-4902.912209
-4417.473254
-3519.411187
-3155.331970
-2888.340545
-2451.445486
-2184.454060
-1966.006530
-1601.927314
-1213.576150
-1116.488359
-1334.935889
-1383.479784
-849.496934
0.021238
752.451618
1262.162521
1601.969790
1966.049006
2014.592902
1747.601476
1893.233163
2038.864850
1723.329529
1189.346678
776.723566
703.907723
412.644350
242.740716
412.644350
509.732141
485.460193
218.468768
-145.610449
-291.242135
-533.961613
-1116.488359
-1771.830948
-2111.638217
-2427.173538
-2815.524702
-2815.524702
-2111.638217
-1456.295627
-1262.120045
-995.128620
-631.049404
-655.321351
-800.953038
-485.417717
-121.338501
-72.794605
-339.786031
-24.250710
1092.258887
1747.601476
2038.864850
2354.400170
2354.400170
1941.777059
1140.802783
752.451618
873.811357
558.276036
48.565133
-218.426292
48.565133
631.091880
631.091880
461.188245
703.907723
703.907723
218.468768
-97.066553
194.196820
534.004089
194.196820
-218.426292
97.109029
800.995514
970.899148
946.627200
1383.522260
1796.145372
1650.513685
1504.881999
1747.601476
2014.592902
1796.145372
1237.890574
898.083305
1140.802783
1407.794208
1480.610051
1796.145372
2111.680693
1844.689267
1262.162521
752.451618
194.196820
-849.496934
-2378.629642
-3640.770926
-4320.385463
-4805.824418
-4563.104940
-3567.955082
-2888.340545
-2281.541851
-1917.462635
-1941.734583
-1771.830948
-1626.199262
-1553.383418
-1674.743157
-1747.559001
-1359.207836
-898.040829
-48.522658
1092.258887
1796.145372
2135.952641
2233.040432
2135.952641
1796.145372
1383.522260
1262.162521
1165.074730
825.267462
582.547984
776.723566
970.899148
995.171096
1165.074730
1140.802783
800.995514
364.100454
-266.970187
-825.224986
-1237.848098
-1796.102896
-2354.357694
-2524.261329
-2330.085747
-2111.638217
-1941.734583
-1480.567575
-1067.944463
-946.584725
-922.312777
-679.593299
-679.593299
-1310.663941
-1941.734583
-1577.655366
-800.953038
-242.698240
558.276036
1601.969790
2208.768484
2281.584327
2233.040432
2257.312379
1917.505111
1043.714992
242.740716
-218.426292
-242.698240
97.109029
364.100454
655.363827
946.627200
849.539409
436.916298
339.828507
364.100454
121.380977
-266.970187
-509.689665
-242.698240
0.021238
194.196820
558.276036
946.627200
1189.346678
1140.802783
1019.443044
1334.978365
1529.153947
1432.066156
1213.618626
1189.346678
1262.162521
1116.530835
1043.714992
1237.890574
1577.697842
1893.233163
2160.224588
2281.584327
2257.312379
1723.329529
946.627200
291.284611
-655.321351
-1796.102896
-3033.972232
-3859.218455
-4296.113515
-4223.297672
-3155.331970
-2038.822374
-1747.559001
-1796.102896
-1820.374844
-2038.822374
-2305.813799
-2208.726008
-2014.550426
-1917.462635
-1650.471210
-922.312777
145.652924
1092.258887
1917.505111
2111.680693
1747.601476
1480.610051
1310.706417
970.899148
825.267462
922.355253
995.171096
922.355253
1140.802783
1626.241738
1771.873424
1504.881999
1140.802783
582.547984
-169.882396
-752.409143
-1165.032254
-1432.023680
-1723.287053
-1941.734583
-1917.462635
-1771.830948
-1529.111471
-1310.663941
-1019.400568
-800.953038
-825.224986
-1237.848098
-1577.655366
-1723.287053
-1893.190687
-1820.374844
-1432.023680
-873.768881
-242.698240
169.924872
1019.443044
2184.496536
2669.935491
2451.487961
1990.320954
1359.250312
679.635775
97.109029
24.293186
315.556559
485.460193
364.100454
558.276036
1019.443044
1262.162521
995.171096
388.372402
-145.610449
-436.873822
-533.961613
-436.873822
-72.794605
558.276036
1019.443044
1067.986939
1189.346678
1456.338103
1383.522260
970.899148
752.451618
752.451618
752.451618
800.995514
1140.802783
1529.153947
1723.329529
1844.689267
1893.233163
1747.601476
1553.425894
1480.610051
1553.425894
1504.881999
1237.890574
800.995514
267.012663
-242.698240
-631.049404
-1092.216411
-1626.199262
-2135.910165
-2815.524702
-3398.051448
-3446.595344
-2766.980806
-1990.278478
-1747.559001
-2257.269903
-2839.796650
-2912.612493
-2694.164963
-2087.366269
-1529.111471
-1237.848098
-970.856672
-509.689665
436.916298
1140.802783
1432.066156
1334.978365
825.267462
461.188245
388.372402
509.732141
873.811357
1043.714992
1116.530835
1310.706417
1577.697842
1820.417320
1723.329529
1334.978365
800.995514
72.837081
-461.145769
-728.137195
-800.953038
-873.768881
-1092.216411
-1140.760307
-995.128620
-898.040829
-728.137195
-752.409143
-995.128620
-1286.391993
-1529.111471
-1626.199262
-1699.015105
-1820.374844
-1723.287053
-1334.935889
-752.409143
-97.066553
558.276036
898.083305
800.995514
800.995514
946.627200
1043.714992
1019.443044
703.907723
194.196820
-48.522658
121.380977
582.547984
898.083305
1092.258887
1116.530835
970.899148
873.811357
703.907723
388.372402
-72.794605
-606.777456
-582.505508
-436.873822
-121.338501
436.916298
922.355253
1310.706417
1383.522260
1237.890574
922.355253
728.179671
534.004089
339.828507
509.732141
631.091880
776.723566
1043.714992
1626.241738
2160.224588
2208.768484
1941.777059
1626.241738
1407.794208
1067.986939
849.539409
776.723566
703.907723
631.091880
558.276036
534.004089
436.916298
72.837081
-533.961613
-1092.216411
-1723.287053
-2499.989381
-3179.603918
-3422.323396
-3155.331970
-2451.445486
-1699.015105
-1456.295627
-1504.839523
-1868.918739
-2014.550426
-1723.287053
-1286.391993
-1067.944463
-1140.760307
-1067.944463
-461.145769
436.916298
849.539409
655.363827
242.740716
-72.794605
-24.250710
291.284611
800.995514
995.171096
898.083305
946.627200
1189.346678
1456.338103
1383.522260
898.083305
412.644350
-145.610449
-533.961613
-461.145769
-169.882396
0.021238
0.021238
-97.066553
-194.154344
-169.882396
-388.329926
-655.321351
-873.768881
-898.040829
-849.496934
-849.496934
-631.049404
-339.786031
-169.882396
121.380977
461.188245
582.547984
461.188245
194.196820
145.652924
436.916298
631.091880
582.547984
194.196820
-315.514083
-728.137195
-728.137195
-266.970187
461.188245
679.635775
121.380977
72.837081
606.819932
509.732141
-388.329926
-1480.567575
-2014.550426
-2087.366269
-1529.111471
-48.522658
995.171096
946.627200
703.907723
776.723566
970.899148
728.179671
-48.522658
-995.128620
-1286.391993
-703.865247
145.652924
995.171096
1480.610051
1504.881999
1286.434469
1043.714992
849.539409
534.004089
121.380977
-48.522658
169.924872
800.995514
1456.338103
1601.969790
1480.610051
922.355253
315.556559
-97.066553
-485.417717
-533.961613
-291.242135
121.380977
679.635775
1019.443044
1019.443044
800.995514
291.284611
-194.154344
-558.233560
-898.040829
-752.409143
-291.242135
509.732141
1432.066156
1771.873424
1650.513685
1116.530835
267.012663
-485.417717
-1092.216411
-1432.023680
-1334.935889
-995.128620
-461.145769
242.740716
873.811357
1019.443044
509.732141
-339.786031
-1067.944463
-1650.471210
-1820.374844
-1601.927314
-1116.488359
-703.865247
-412.601874
-72.794605
194.196820
24.293186
-364.057978
-898.040829
-1383.479784
-1504.839523
-1237.848098
-825.224986
-364.057978
-97.066553
121.380977
242.740716
145.652924
-24.250710
-364.057978
-703.865247
-825.224986
-679.593299
-388.329926
0.021238
242.740716
364.100454
364.100454
291.284611
169.924872
-24.250710
-339.786031
-461.145769
-364.057978
-72.794605
169.924872
194.196820
169.924872
121.380977
97.109029
218.468768
145.652924
-145.610449
-218.426292
-97.066553
242.740716
485.460193
485.460193
291.284611
48.565133
-48.522658
-72.794605
-97.066553
-121.338501
-145.610449
-121.338501
-24.250710
218.468768
388.372402
412.644350
291.284611
169.924872
24.293186
-169.882396
-266.970187
-169.882396
-24.250710
242.740716
436.916298
534.004089
606.819932
461.188245
291.284611
145.652924
-72.794605
-315.514083
-266.970187
-97.066553
218.468768
315.556559
242.740716
169.924872
242.740716
436.916298
509.732141
509.732141
412.644350
194.196820
48.565133
121.380977
364.100454
534.004089
631.091880
558.276036
412.644350
339.828507
364.100454
412.644350
485.460193
461.188245
315.556559
121.380977
169.924872
388.372402
364.100454
267.012663
169.924872
121.380977
-24.250710
48.565133
169.924872
97.109029
24.293186
-24.250710
0.021238
24.293186
72.837081
72.837081
-97.066553
-121.338501
-48.522658
24.293186
145.652924
0.021238
-364.057978
-582.505508
-606.777456
-412.601874
-242.698240
-266.970187
-218.426292
-121.338501
-48.522658
24.293186
-121.338501
-364.057978
-655.321351
-849.496934
-873.768881
-752.409143
-606.777456
-412.601874
-218.426292
-145.610449
-145.610449
-24.250710
72.837081
-97.066553
-315.514083
-655.321351
-995.128620
-946.584725
-655.321351
-412.601874
-388.329926
-461.145769
-364.057978
-48.522658
169.924872
194.196820
-48.522658
-266.970187
-339.786031
-121.338501
121.380977
242.740716
267.012663
-48.522658
-291.242135
-194.154344
-72.794605
-24.250710
97.109029
267.012663
388.372402
436.916298
267.012663
48.565133
-218.426292
-291.242135
-72.794605
121.380977
339.828507
485.460193
558.276036
461.188245
291.284611
169.924872
145.652924
72.837081
24.293186
72.837081
194.196820
315.556559
267.012663
145.652924
48.565133
-97.066553
0.021238
48.565133
48.565133
169.924872
291.284611
436.916298
388.372402
145.652924
0.021238
-72.794605
97.109029
339.828507
291.284611
194.196820
218.468768
218.468768
194.196820
169.924872
145.652924
0.021238
-48.522658
97.109029
242.740716
218.468768
-48.522658
-169.882396
-145.610449
-24.250710
48.565133
-24.250710
0.021238
-72.794605
-218.426292
-72.794605
218.468768
436.916298
388.372402
145.652924
97.109029
97.109029
145.652924
-291.242135
-1553.383418
-2985.428336
-3009.700284
-776.681090
2135.952641
3470.909767
2694.207439
970.899148
-412.601874
-922.312777
-849.496934
-1140.760307
-1771.830948
-1480.567575
364.100454
2257.312379
2330.128223
194.196820
-2402.901590
-3228.147814
-1868.918739
291.284611
1577.697842
1165.074730
48.565133
-72.794605
825.267462
1189.346678
461.188245
-825.224986
-1383.479784
-606.777456
776.723566
1529.153947
946.627200
-266.970187
-849.496934
-412.601874
461.188245
800.995514
-48.522658
-1165.032254
-1140.760307
-24.250710
1165.074730
1334.978365
242.740716
-1189.304202
-1723.287053
-800.953038
606.819932
898.083305
267.012663
-436.873822
-266.970187
558.276036
728.179671
-169.882396
-1019.400568
-800.953038
267.012663
1189.346678
873.811357
-873.768881
-2087.366269
-776.681090
1723.329529
2645.663543
1626.241738
388.372402
-97.066553
-291.242135
-242.698240
-266.970187
-946.584725
-1456.295627
-364.057978
1796.145372
2621.391596
1262.162521
-606.777456
-1626.199262
-1723.287053
-825.224986
946.627200
1359.250312
-485.417717
-1626.199262
-436.873822
825.267462
752.451618
339.828507
24.293186
-679.593299
-922.312777
412.644350
1723.329529
1092.258887
-509.689665
-1092.216411
-24.250710
1237.890574
1043.714992
-558.233560
-1844.646792
-1723.287053
97.109029
2330.128223
2742.751335
631.091880
-1674.743157
-1723.287053
-121.338501
1116.530835
849.539409
-655.321351
-1723.287053
-1116.488359
679.635775
1553.425894
48.565133
-2160.182112
-2184.454060
-72.794605
1553.425894
849.539409
-1262.120045
-2621.349120
-1699.015105
776.723566
2402.944066
1262.162521
-1553.383418
-2499.989381
-776.681090
922.355253
849.539409
-218.426292
-898.040829
-582.505508
218.468768
558.276036
-97.066553
-1140.760307
-1043.672516
242.740716
1480.610051
1553.425894
364.100454
-825.224986
-1043.672516
-242.698240
679.635775
946.627200
388.372402
-169.882396
-266.970187
-339.786031
-242.698240
0.021238
194.196820
703.907723
1480.610051
1577.697842
315.556559
-1334.935889
-1844.646792
-1067.944463
315.556559
1480.610051
1504.881999
703.907723
0.021238
-121.338501
0.021238
-121.338501
-364.057978
-315.514083
485.460193
1262.162521
873.811357
-679.593299
-1747.559001
-849.496934
1043.714992
2305.856275
1917.505111
218.468768
-1067.944463
-970.856672
-72.794605
558.276036
655.363827
825.267462
995.171096
728.179671
-169.882396
-1213.576150
-1213.576150
315.556559
2354.400170
2767.023282
655.363827
-1699.015105
-1941.734583
-606.777456
267.012663
388.372402
728.179671
1043.714992
946.627200
145.652924
-970.856672
-1504.839523
-1237.848098
145.652924
1456.338103
1067.986939
-485.417717
-1529.111471
-1407.751732
-752.409143
-412.601874
-218.426292
291.284611
922.355253
728.179671
-679.593299
-2184.454060
-2184.454060
-873.768881
339.828507
169.924872
-728.137195
-825.224986
72.837081
970.899148
679.635775
-679.593299
-1577.655366
-1189.304202
-485.417717
-509.689665
-1116.488359
-1213.576150
-218.426292
1286.434469
1820.417320
655.363827
-1043.672516
-1820.374844
-1213.576150
-242.698240
145.652924
-121.338501
-412.601874
-72.794605
776.723566
1237.890574
922.355253
24.293186
-631.049404
-412.601874
24.293186
0.021238
-436.873822
-631.049404
-24.250710
1019.443044
1844.689267
1796.145372
679.635775
-582.505508
-1019.400568
-703.865247
-145.610449
169.924872
194.196820
606.819932
1529.153947
2330.128223
2257.312379
898.083305
-752.409143
-1432.023680
-898.040829
-48.522658
315.556559
436.916298
655.363827
1310.706417
1893.233163
1723.329529
631.091880
-849.496934
-1504.839523
-970.856672
388.372402
1626.241738
1844.689267
970.899148
218.468768
169.924872
339.828507
-97.066553
-703.865247
-679.593299
-48.522658
776.723566
1019.443044
655.363827
97.109029
-291.242135
-291.242135
-218.426292
121.380977
436.916298
461.188245
145.652924
-388.329926
-703.865247
-679.593299
-606.777456
-558.233560
-606.777456
-606.777456
-266.970187
48.565133
169.924872
-24.250710
-606.777456
-1140.760307
-1310.663941
-1456.295627
-1577.655366
-1407.751732
-995.128620
-291.242135
388.372402
534.004089
24.293186
-679.593299
-1092.216411
-1116.488359
-1092.216411
-1213.576150
-1189.304202
-825.224986
-48.522658
728.179671
800.995514
315.556559
-291.242135
-655.321351
-655.321351
-436.873822
-339.786031
-315.514083
-24.250710
509.732141
1116.530835
1213.618626
873.811357
364.100454
-97.066553
-315.514083
-291.242135
-339.786031
-339.786031
-48.522658
485.460193
922.355253
1092.258887
1019.443044
655.363827
194.196820
-169.882396
-169.882396
-72.794605
-194.154344
48.565133
631.091880
995.171096
1116.530835
995.171096
728.179671
315.556559
24.293186
169.924872
339.828507
364.100454
339.828507
339.828507
534.004089
728.179671
655.363827
412.644350
218.468768
169.924872
169.924872
291.284611
436.916298
315.556559
121.380977
97.109029
97.109029
24.293186
0.021238
48.565133
194.196820
218.468768
72.837081
72.837081
97.109029
169.924872
72.837081
-145.610449
-169.882396
-145.610449
-24.250710
24.293186
-194.154344
-315.514083
-315.514083
-461.145769
-606.777456
-606.777456
-485.417717
-461.145769
-436.873822
-436.873822
-461.145769
-558.233560
-582.505508
-533.961613
-800.953038
-1189.304202
-970.856672
-485.417717
-242.698240
-315.514083
-461.145769
-679.593299
-752.409143
-509.689665
-218.426292
-412.601874
-995.128620
-1286.391993
-825.224986
-169.882396
242.740716
485.460193
558.276036
339.828507
121.380977
145.652924
-72.794605
-436.873822
-703.865247
-558.233560
-48.522658
412.644350
606.819932
679.635775
606.819932
485.460193
412.644350
291.284611
72.837081
-145.610449
-242.698240
24.293186
291.284611
388.372402
558.276036
655.363827
776.723566
873.811357
873.811357
582.547984
145.652924
-48.522658
97.109029
145.652924
-97.066553
-218.426292
24.293186
558.276036
873.811357
1067.986939
1092.258887
849.539409
582.547984
242.740716
145.652924
121.380977
72.837081
72.837081
194.196820
315.556559
364.100454
534.004089
582.547984
412.644350
339.828507
121.380977
-72.794605
-194.154344
-97.066553
169.924872
169.924872
-24.250710
-97.066553
-24.250710
0.021238
24.293186
24.293186
72.837081
145.652924
48.565133
-145.610449
-315.514083
-509.689665
-558.233560
-461.145769
-485.417717
-558.233560
-388.329926
-291.242135
-242.698240
-242.698240
-364.057978
-291.242135
-266.970187
-509.689665
-776.681090
-873.768881
-898.040829
-1019.400568
-898.040829
-703.865247
-364.057978
-48.522658
-121.338501
-436.873822
-606.777456
-461.145769
-291.242135
-412.601874
-582.505508
-849.496934
-922.312777
-582.505508
-72.794605
267.012663
388.372402
339.828507
194.196820
72.837081
-72.794605
-266.970187
-533.961613
-631.049404
-218.426292
364.100454
606.819932
436.916298
291.284611
315.556559
339.828507
339.828507
242.740716
145.652924
145.652924
194.196820
145.652924
145.652924
194.196820
315.556559
631.091880
970.899148
922.355253
582.547984
485.460193
582.547984
461.188245
194.196820
121.380977
97.109029
145.652924
339.828507
631.091880
728.179671
703.907723
752.451618
800.995514
509.732141
194.196820
169.924872
169.924872
194.196820
121.380977
72.837081
218.468768
339.828507
364.100454
388.372402
218.468768
121.380977
267.012663
315.556559
291.284611
145.652924
24.293186
-97.066553
-218.426292
-24.250710
169.924872
48.565133
-169.882396
-266.970187
-121.338501
97.109029
291.284611
121.380977
-315.514083
-461.145769
-412.601874
-364.057978
-291.242135
-242.698240
-364.057978
-533.961613
-412.601874
-242.698240
-364.057978
-655.321351
-728.137195
-533.961613
-436.873822
-655.321351
-849.496934
-728.137195
-533.961613
-436.873822
-388.329926
-364.057978
-364.057978
-436.873822
-461.145769
-509.689665
-679.593299
-728.137195
-558.233560
-412.601874
-291.242135
-194.154344
-24.250710
121.380977
194.196820
72.837081
-194.154344
-291.242135
-291.242135
-242.698240
-145.610449
-97.066553
-48.522658
121.380977
315.556559
339.828507
267.012663
194.196820
169.924872
242.740716
194.196820
169.924872
169.924872
121.380977
194.196820
412.644350
509.732141
436.916298
364.100454
291.284611
364.100454
509.732141
534.004089
509.732141
315.556559
48.565133
24.293186
121.380977
145.652924
291.284611
509.732141
655.363827
728.179671
776.723566
728.179671
606.819932
388.372402
145.652924
194.196820
315.556559
242.740716
169.924872
121.380977
267.012663
339.828507
485.460193
558.276036
339.828507
121.380977
72.837081
242.740716
218.468768
0.021238
-145.610449
-121.338501
-145.610449
-218.426292
-169.882396
24.293186
218.468768
267.012663
291.284611
97.109029
-218.426292
-388.329926
-436.873822
-436.873822
-388.329926
-242.698240
-169.882396
-121.338501
-24.250710
-72.794605
-315.514083
-606.777456
-655.321351
-485.417717
-266.970187
-266.970187
-242.698240
-194.154344
-291.242135
-388.329926
-388.329926
-582.505508
-703.865247
-703.865247
-655.321351
-582.505508
-558.233560
-509.689665
-291.242135
-48.522658
0.021238
-145.610449
-461.145769
-558.233560
-388.329926
-266.970187
-194.154344
-242.698240
-242.698240
-194.154344
-97.066553
24.293186
0.021238
-72.794605
48.565133
-24.250710
-121.338501
-169.882396
-72.794605
121.380977
242.740716
315.556559
339.828507
315.556559
242.740716
242.740716
218.468768
24.293186
24.293186
218.468768
388.372402
485.460193
534.004089
558.276036
461.188245
339.828507
364.100454
291.284611
145.652924
145.652924
291.284611
388.372402
412.644350
436.916298
485.460193
558.276036
534.004089
436.916298
388.372402
412.644350
461.188245
388.372402
315.556559
267.012663
242.740716
242.740716
169.924872
218.468768
339.828507
267.012663
97.109029
-24.250710
-72.794605
24.293186
267.012663
194.196820
-48.522658
-121.338501
-72.794605
121.380977
121.380977
-97.066553
-218.426292
-266.970187
-266.970187
-169.882396
-169.882396
-291.242135
-266.970187
-266.970187
-145.610449
-121.338501
-339.786031
-388.329926
-315.514083
-145.610449
-97.066553
-169.882396
-291.242135
-242.698240
-121.338501
-169.882396
-315.514083
-315.514083
-436.873822
-582.505508
-485.417717
-388.329926
-364.057978
-388.329926
-315.514083
-48.522658
48.565133
48.565133
-72.794605
-315.514083
-461.145769
-461.145769
-436.873822
-266.970187
-121.338501
-145.610449
-194.154344
-121.338501
0.021238
72.837081
121.380977
-72.794605
-266.970187
-218.426292
-48.522658
-72.794605
-169.882396
-145.610449
0.021238
72.837081
72.837081
72.837081
-24.250710
-97.066553
-24.250710
97.109029
169.924872
315.556559
364.100454
242.740716
97.109029
24.293186
145.652924
364.100454
339.828507
194.196820
145.652924
315.556559
485.460193
436.916298
436.916298
436.916298
388.372402
364.100454
315.556559
267.012663
194.196820
194.196820
339.828507
364.100454
388.372402
315.556559
267.012663
242.740716
267.012663
267.012663
72.837081
-48.522658
-24.250710
48.565133
97.109029
97.109029
145.652924
194.196820
97.109029
97.109029
72.837081
-48.522658
-24.250710
-48.522658
-121.338501
-121.338501
-169.882396
-97.066553
-48.522658
-169.882396
-121.338501
-24.250710
48.565133
24.293186
-145.610449
-242.698240
-242.698240
-339.786031
-315.514083
-72.794605
-72.794605
-72.794605
-72.794605
-121.338501
-169.882396
-169.882396
0.021238
-48.522658
-291.242135
-315.514083
-121.338501
0.021238
-145.610449
-242.698240
-145.610449
-24.250710
-24.250710
-72.794605
-72.794605
-218.426292
-315.514083
-121.338501
-72.794605
-97.066553
-145.610449
-194.154344
-145.610449
-72.794605
72.837081
97.109029
-72.794605
-145.610449
-266.970187
-291.242135
-218.426292
-218.426292
-145.610449
-121.338501
-72.794605
48.565133
145.652924
97.109029
0.021238
-97.066553
-97.066553
-24.250710
24.293186
-48.522658
-72.794605
48.565133
169.924872
267.012663
242.740716
121.380977
0.021238
-48.522658
48.565133
242.740716
218.468768
169.924872
145.652924
145.652924
169.924872
121.380977
97.109029
72.837081
48.565133
72.837081
24.293186
72.837081
194.196820
121.380977
24.293186
97.109029
194.196820
242.740716
242.740716
121.380977
-24.250710
-24.250710
48.565133
145.652924
218.468768
194.196820
145.652924
97.109029
97.109029
145.652924
