-17.092597
-25.639608
-25.639608
17.095446
34.189468
17.095446
-8.545586
8.548435
17.095446
-8.545586
-17.092597
8.548435
-17.092597
-42.733630
-17.092597
0.001425
-8.545586
-17.092597
0.001425
8.548435
8.548435
-8.545586
-8.545586
0.001425
0.001425
0.001425
0.001425
0.001425
-25.639608
-8.545586
8.548435
-8.545586
-8.545586
0.001425
0.001425
8.548435
0.001425
-8.545586
-17.092597
8.548435
8.548435
0.001425
-8.545586
8.548435
0.001425
8.548435
25.642457
17.095446
8.548435
0.001425
0.001425
0.001425
34.189468
25.642457
8.548435
25.642457
17.095446
0.001425
-25.639608
-8.545586
17.095446
17.095446
34.189468
0.001425
8.548435
8.548435
-25.639608
0.001425
17.095446
-17.092597
-25.639608
-8.545586
-8.545586
-17.092597
-34.186619
-42.733630
0.001425
0.001425
-34.186619
-17.092597
-8.545586
-8.545586
-34.186619
-42.733630
-17.092597
0.001425
-25.639608
-17.092597
8.548435
-8.545586
0.001425
8.548435
17.095446
8.548435
-8.545586
0.001425
0.001425
8.548435
17.095446
17.095446
25.642457
8.548435
0.001425
42.736479
34.189468
0.001425
8.548435
17.095446
-8.545586
8.548435
25.642457
34.189468
17.095446
0.001425
-8.545586
8.548435
0.001425
0.001425
0.001425
0.001425
0.001425
-8.545586
-8.545586
0.001425
8.548435
0.001425
-25.639608
-25.639608
-17.092597
8.548435
8.548435
-8.545586
-25.639608
-8.545586
0.001425
-17.092597
-8.545586
0.001425
0.001425
-8.545586
8.548435
8.548435
8.548435
0.001425
0.001425
0.001425
0.001425
0.001425
8.548435
8.548435
-8.545586
0.001425
0.001425
0.001425
0.001425
8.548435
-8.545586
-17.092597
-17.092597
0.001425
17.095446
8.548435
0.001425
25.642457
17.095446
8.548435
8.548435
0.001425
-8.545586
0.001425
0.001425
17.095446
8.548435
-34.186619
0.001425
0.001425
-8.545586
8.548435
17.095446
17.095446
8.548435
8.548435
0.001425
-25.639608
-8.545586
17.095446
0.001425
0.001425
0.001425
-17.092597
0.001425
-17.092597
8.548435
0.001425
-8.545586
-8.545586
-42.733630
-25.639608
0.001425
-8.545586
-8.545586
-17.092597
0.001425
0.001425
-8.545586
0.001425
8.548435
0.001425
-8.545586
0.001425
0.001425
-25.639608
-8.545586
8.548435
-8.545586
-8.545586
17.095446
8.548435
8.548435
17.095446
17.095446
17.095446
8.548435
17.095446
17.095446
8.548435
8.548435
8.548435
17.095446
0.001425
17.095446
34.189468
0.001425
8.548435
25.642457
8.548435
8.548435
8.548435
0.001425
8.548435
-8.545586
8.548435
8.548435
0.001425
-8.545586
0.001425
17.095446
8.548435
8.548435
-8.545586
-17.092597
-17.092597
-25.639608
-8.545586
-17.092597
-17.092597
0.001425
-8.545586
-17.092597
-17.092597
-25.639608
-25.639608
-34.186619
-34.186619
-17.092597
-17.092597
-17.092597
8.548435
-8.545586
-34.186619
-25.639608
-17.092597
0.001425
8.548435
-8.545586
0.001425
0.001425
8.548435
-8.545586
0.001425
17.095446
0.001425
-17.092597
8.548435
17.095446
17.095446
25.642457
0.001425
0.001425
25.642457
8.548435
17.095446
17.095446
34.189468
25.642457
17.095446
25.642457
17.095446
8.548435
0.001425
8.548435
0.001425
0.001425
8.548435
8.548435
-8.545586
0.001425
8.548435
0.001425
0.001425
0.001425
0.001425
8.548435
-8.545586
0.001425
-17.092597
8.548435
8.548435
-25.639608
-25.639608
-34.186619
-17.092597
-8.545586
-34.186619
0.001425
0.001425
-8.545586
-8.545586
-17.092597
-17.092597
-17.092597
-8.545586
-8.545586
-34.186619
-17.092597
0.001425
17.095446
25.642457
0.001425
8.548435
8.548435
-8.545586
-8.545586
-8.545586
8.548435
8.548435
8.548435
8.548435
17.095446
8.548435
17.095446
8.548435
-25.639608
0.001425
34.189468
17.095446
0.001425
25.642457
17.095446
8.548435
0.001425
8.548435
-17.092597
-8.545586
25.642457
17.095446
8.548435
0.001425
0.001425
25.642457
34.189468
0.001425
8.548435
34.189468
0.001425
8.548435
8.548435
-17.092597
8.548435
25.642457
17.095446
-25.639608
-17.092597
8.548435
17.095446
8.548435
-25.639608
-34.186619
-17.092597
-25.639608
-17.092597
-8.545586
-17.092597
-34.186619
-42.733630
8.548435
17.095446
-8.545586
-17.092597
-17.092597
-17.092597
-34.186619
-34.186619
8.548435
0.001425
0.001425
34.189468
17.095446
-8.545586
-17.092597
0.001425
17.095446
25.642457
25.642457
0.001425
-8.545586
8.548435
8.548435
-8.545586
-17.092597
0.001425
-8.545586
-25.639608
0.001425
0.001425
-25.639608
-34.186619
0.001425
25.642457
17.095446
-17.092597
-34.186619
-25.639608
-8.545586
0.001425
0.001425
-8.545586
8.548435
8.548435
0.001425
0.001425
17.095446
25.642457
25.642457
8.548435
0.001425
25.642457
8.548435
8.548435
8.548435
25.642457
25.642457
17.095446
42.736479
25.642457
8.548435
25.642457
25.642457
17.095446
17.095446
8.548435
-8.545586
34.189468
51.283490
34.189468
17.095446
8.548435
0.001425
8.548435
-8.545586
-8.545586
-8.545586
-17.092597
8.548435
8.548435
-8.545586
-8.545586
-25.639608
-34.186619
-25.639608
-8.545586
-25.639608
-25.639608
-17.092597
0.001425
-8.545586
-42.733630
-34.186619
-25.639608
-34.186619
-51.280641
-34.186619
-8.545586
-17.092597
-17.092597
-25.639608
-17.092597
-17.092597
-51.280641
-25.639608
-17.092597
-25.639608
-8.545586
-17.092597
-34.186619
0.001425
0.001425
-8.545586
17.095446
17.095446
-17.092597
-42.733630
8.548435
59.830501
51.283490
34.189468
17.095446
25.642457
34.189468
34.189468
42.736479
51.283490
51.283490
51.283490
42.736479
51.283490
51.283490
42.736479
51.283490
59.830501
51.283490
51.283490
51.283490
34.189468
-17.092597
-25.639608
-17.092597
17.095446
34.189468
-8.545586
-17.092597
-42.733630
-68.374663
-68.374663
-42.733630
-8.545586
-34.186619
-102.562707
-94.015696
-59.827652
-34.186619
-34.186619
-17.092597
-34.186619
-68.374663
-51.280641
-34.186619
-8.545586
-17.092597
-42.733630
-34.186619
-25.639608
-25.639608
-42.733630
-8.545586
-8.545586
0.001425
8.548435
0.001425
25.642457
0.001425
0.001425
42.736479
51.283490
42.736479
34.189468
0.001425
0.001425
-8.545586
25.642457
42.736479
34.189468
42.736479
34.189468
34.189468
42.736479
34.189468
34.189468
59.830501
42.736479
17.095446
8.548435
0.001425
25.642457
42.736479
17.095446
8.548435
25.642457
8.548435
-8.545586
-8.545586
17.095446
17.095446
0.001425
17.095446
25.642457
-8.545586
-17.092597
0.001425
8.548435
17.095446
8.548435
8.548435
-8.545586
-34.186619
-8.545586
-8.545586
0.001425
0.001425
8.548435
8.548435
-8.545586
-8.545586
17.095446
0.001425
-17.092597
-25.639608
-17.092597
-8.545586
-51.280641
-17.092597
0.001425
-8.545586
-17.092597
-51.280641
-34.186619
-17.092597
-42.733630
-34.186619
-42.733630
-42.733630
-25.639608
-25.639608
-17.092597
-17.092597
-34.186619
-42.733630
8.548435
-17.092597
-76.921674
-51.280641
51.283490
59.830501
-34.186619
-42.733630
-17.092597
-59.827652
-34.186619
102.565556
136.753600
25.642457
-34.186619
0.001425
59.830501
68.377512
76.924523
119.659578
76.924523
-8.545586
-8.545586
76.924523
94.018545
34.189468
34.189468
68.377512
68.377512
0.001425
-17.092597
59.830501
42.736479
8.548435
34.189468
68.377512
25.642457
-42.733630
-42.733630
8.548435
8.548435
-34.186619
-17.092597
-42.733630
-76.921674
-68.374663
-42.733630
8.548435
34.189468
-17.092597
-51.280641
-51.280641
-59.827652
-42.733630
-17.092597
-17.092597
-25.639608
-68.374663
-68.374663
-34.186619
-25.639608
-42.733630
-8.545586
17.095446
-17.092597
-34.186619
-25.639608
-17.092597
0.001425
0.001425
0.001425
8.548435
-8.545586
-42.733630
-17.092597
-17.092597
-25.639608
0.001425
17.095446
8.548435
-17.092597
-51.280641
-17.092597
8.548435
42.736479
42.736479
17.095446
-51.280641
-76.921674
17.095446
51.283490
42.736479
34.189468
25.642457
0.001425
-8.545586
34.189468
85.471534
85.471534
42.736479
42.736479
68.377512
34.189468
42.736479
68.377512
59.830501
42.736479
42.736479
59.830501
68.377512
59.830501
25.642457
34.189468
42.736479
34.189468
42.736479
8.548435
-17.092597
-34.186619
-42.733630
-25.639608
-17.092597
-42.733630
-76.921674
-111.109718
-119.656729
-51.280641
-17.092597
-68.374663
-119.656729
-153.844773
-153.844773
-94.015696
-51.280641
-25.639608
-68.374663
-179.485806
-205.126839
-111.109718
-17.092597
0.001425
-42.733630
-51.280641
-42.733630
-42.733630
0.001425
76.924523
119.659578
85.471534
34.189468
59.830501
76.924523
76.924523
102.565556
162.394633
196.582677
196.582677
179.488655
153.847622
153.847622
136.753600
119.659578
205.129688
222.223710
145.300611
76.924523
34.189468
34.189468
34.189468
85.471534
179.488655
145.300611
-17.092597
-145.297762
-153.844773
-34.186619
8.548435
34.189468
17.095446
-153.844773
-299.143960
-230.767872
-85.468685
-34.186619
-94.015696
-179.485806
-179.485806
-213.673850
-230.767872
-136.750751
-76.921674
-111.109718
-162.391784
-94.015696
-17.092597
-68.374663
-145.297762
-111.109718
-34.186619
25.642457
94.018545
76.924523
-25.639608
-145.297762
-102.562707
59.830501
170.941644
170.941644
68.377512
-34.186619
-59.827652
-8.545586
85.471534
153.847622
94.018545
-8.545586
-68.374663
-68.374663
-42.733630
-17.092597
17.095446
17.095446
0.001425
-8.545586
-42.733630
-85.468685
-119.656729
-76.921674
-8.545586
25.642457
0.001425
-59.827652
-102.562707
-119.656729
-51.280641
68.377512
136.753600
102.565556
0.001425
-59.827652
8.548435
59.830501
119.659578
196.582677
205.129688
145.300611
76.924523
76.924523
145.300611
188.035666
213.676699
196.582677
188.035666
179.488655
145.300611
111.112567
162.394633
205.129688
179.488655
145.300611
162.394633
162.394633
34.189468
-85.468685
-25.639608
111.112567
128.206589
0.001425
-42.733630
-94.015696
-273.502927
-299.143960
-119.656729
85.471534
0.001425
-282.049938
-393.161081
-324.784993
-273.502927
-239.314883
-111.109718
-76.921674
-256.408905
-418.802114
-333.332004
-128.203740
-102.562707
-136.750751
-76.921674
-68.374663
-145.297762
-179.485806
-94.015696
25.642457
51.283490
51.283490
76.924523
102.565556
51.283490
8.548435
42.736479
136.753600
230.770721
188.035666
111.112567
68.377512
0.001425
25.642457
145.300611
188.035666
94.018545
-25.639608
-102.562707
-85.468685
-25.639608
-8.545586
-34.186619
-119.656729
-196.579828
-205.126839
-162.391784
-188.032817
-170.938795
-85.468685
-94.015696
-170.938795
-222.220861
-145.297762
-59.827652
-34.186619
34.189468
111.112567
59.830501
-42.733630
0.001425
239.317732
401.710941
367.522897
299.146809
324.787842
316.240831
256.411754
384.616919
572.651160
512.822083
427.351974
521.369094
512.822083
282.052787
136.753600
350.428875
529.916105
470.087029
435.898985
333.334853
-256.408905
-837.605652
-376.067059
589.745182
623.933226
-111.109718
-623.930377
-965.810816
-1179.486091
-735.041520
247.864743
547.010127
-401.708092
-1358.973322
-1264.956201
-658.118421
-264.955916
-34.186619
85.471534
-196.579828
-752.135542
-820.511630
-282.049938
153.847622
153.847622
59.830501
179.488655
239.317732
76.924523
-42.733630
25.642457
196.582677
435.898985
683.762303
752.138391
410.257952
-94.015696
-290.596949
68.377512
606.839204
820.514479
589.745182
76.924523
-410.255103
-452.990158
-51.280641
384.616919
478.634039
188.035666
-256.408905
-547.007278
-521.366245
-273.502927
17.095446
145.300611
-51.280641
-393.161081
-401.708092
-205.126839
-299.143960
-478.631190
-247.861894
136.753600
85.471534
-153.844773
-111.109718
-170.938795
-863.246685
-1119.657014
230.770721
1538.463401
743.591380
-811.964619
-1017.092882
-589.742333
-538.460267
324.787842
1931.625906
1623.933511
-888.887718
-2162.392354
-572.648311
1230.771006
1273.506061
854.702523
726.497358
-153.844773
-1299.144245
-641.024399
1401.711226
1957.266939
504.275072
-435.896136
111.112567
435.898985
85.471534
316.240831
948.719644
675.215292
-42.733630
170.941644
820.514479
435.898985
-478.631190
-461.537169
307.693820
675.215292
341.881864
-8.545586
-316.237982
-880.340707
-982.904838
-119.656729
606.839204
170.941644
-752.135542
-1128.204025
-982.904838
-658.118421
-188.032817
188.035666
-68.374663
-752.135542
-1068.374948
-709.400487
-205.126839
8.548435
0.001425
-34.186619
-188.032817
-350.426026
-239.314883
34.189468
179.488655
179.488655
247.864743
350.428875
205.129688
17.095446
42.736479
213.676699
393.163930
487.181050
452.993007
264.958765
-8.545586
-119.656729
94.018545
324.787842
350.428875
188.035666
-42.733630
-307.690971
-410.255103
-196.579828
102.565556
94.018545
-205.126839
-401.708092
-487.178201
-581.195322
-452.990158
-42.733630
170.941644
-230.767872
-623.930377
-461.537169
-222.220861
-230.767872
-68.374663
264.958765
153.847622
-324.784993
-401.708092
59.830501
376.069908
299.146809
273.505776
376.069908
282.052787
68.377512
153.847622
512.822083
683.762303
581.198171
538.463116
581.198171
461.540018
341.881864
461.540018
692.309314
786.326435
752.138391
632.480237
350.428875
76.924523
162.394633
581.198171
692.309314
376.069908
85.471534
-196.579828
-581.195322
-572.648311
17.095446
299.146809
-196.579828
-794.870597
-923.075762
-888.887718
-914.528751
-641.024399
-179.485806
-299.143960
-897.434729
-1111.110003
-888.887718
-666.665432
-470.084180
-162.391784
-85.468685
-358.973037
-538.460267
-418.802114
-179.485806
-17.092597
136.753600
316.240831
367.522897
205.129688
8.548435
42.736479
264.958765
470.087029
615.386215
709.403336
529.916105
119.659578
-51.280641
196.582677
547.010127
623.933226
470.087029
299.146809
59.830501
-179.485806
-179.485806
94.018545
299.146809
59.830501
-247.861894
-290.596949
-222.220861
-196.579828
-316.237982
-461.537169
-376.067059
-247.861894
-333.332004
-264.955916
51.283490
-376.067059
-1726.494794
-1521.366530
717.950347
1376.070193
-170.938795
-769.229564
-504.272223
-1299.144245
-1367.520333
1145.300896
2923.079180
811.967468
-1957.264090
-1555.554574
341.881864
914.531600
914.531600
1589.745467
1153.847907
-1059.827937
-1786.323871
470.087029
2333.335423
1444.446280
34.189468
145.300611
427.351974
-68.374663
188.035666
1410.258237
1410.258237
102.565556
-128.203740
880.343556
1094.018830
256.411754
68.377512
675.215292
512.822083
34.189468
623.933226
1025.642742
-247.861894
-1410.255388
-598.289344
333.334853
-85.468685
-188.032817
247.864743
-735.041520
-2205.127409
-1752.135827
-145.297762
273.505776
-393.161081
-854.699674
-1179.486091
-1589.742618
-1435.896420
-410.255103
512.822083
196.582677
-837.605652
-1119.657014
-632.477388
-273.502927
-51.280641
384.616919
581.198171
136.753600
-299.143960
-59.827652
299.146809
333.334853
358.975886
615.386215
717.950347
410.257952
51.283490
85.471534
299.146809
367.522897
487.181050
692.309314
461.540018
-196.579828
-358.973037
0.001425
213.676699
188.035666
205.129688
42.736479
-470.084180
-777.776575
-606.836355
-179.485806
85.471534
-128.203740
-316.237982
-51.280641
-384.614070
-1837.605937
-1803.417893
803.420457
1905.984873
-119.656729
-1213.674135
-452.990158
-1170.939080
-1991.452134
794.873446
3717.951202
1470.087313
-2564.101870
-2230.768442
606.839204
1128.206874
658.121270
1700.856610
1675.215577
-1085.468970
-2478.631760
94.018545
2581.198741
1589.745467
-188.032817
-34.186619
444.445996
-170.938795
-153.844773
1162.394918
1461.540302
188.035666
-350.426026
641.027248
1145.300896
170.941644
-273.502927
854.702523
1521.369379
615.386215
-85.468685
222.223710
162.394633
-179.485806
692.309314
1794.873731
478.634039
-2179.486376
-2282.050508
230.770721
1632.480522
700.856325
-521.366245
-1452.990442
-2487.178771
-2222.221431
34.189468
1786.326720
572.651160
-1905.982024
-2598.289914
-1521.366530
-341.879015
290.599798
444.445996
-85.468685
-999.998860
-1230.768157
-435.896136
307.693820
213.676699
-111.109718
34.189468
393.163930
384.616919
188.035666
0.001425
-324.784993
-213.673850
786.326435
1658.121555
1119.659863
-188.032817
-803.417608
-358.973037
487.181050
1205.129973
1341.882149
564.104149
-564.101300
-965.810816
-418.802114
256.411754
641.027248
470.087029
-393.161081
-1042.733915
-581.195322
-213.673850
-1170.939080
-999.998860
965.813665
435.898985
-2324.785563
-1615.383651
1094.018830
-170.938795
-2170.939365
435.898985
2299.147379
-1128.204025
-2923.076331
692.309314
2410.258521
-521.366245
-1341.879300
1470.087313
1752.138676
-1188.033102
-1384.614355
1632.480522
2179.489225
-341.879015
-863.246685
1170.941929
1358.976171
-589.742333
-538.460267
1538.463401
1658.121555
-170.938795
-367.520048
1008.548720
957.266654
-256.408905
85.471534
1529.916390
1256.412039
-213.673850
-85.468685
1128.206874
914.531600
-179.485806
205.129688
1017.095731
273.505776
-188.032817
982.907687
794.873446
-1794.870882
-2487.178771
341.881864
2153.848192
658.121270
-1136.751036
-1700.853761
-2299.144530
-2282.050508
-85.468685
2213.677269
1051.283775
-2367.520618
-3572.649166
-1846.152948
34.189468
794.873446
871.796545
51.283490
-1504.272508
-2094.016266
-897.434729
717.950347
1188.035951
547.010127
-179.485806
-418.802114
-247.861894
179.488655
641.027248
615.386215
170.941644
239.317732
897.437578
965.813665
111.112567
-495.725212
-42.733630
735.044369
1042.736764
974.360676
376.069908
-658.118421
-1034.186904
-239.314883
709.403336
811.967468
145.300611
-1017.092882
-1717.947783
-897.434729
333.334853
478.634039
-102.562707
-1076.921959
-2042.734200
-1427.349410
290.599798
743.591380
170.941644
-179.485806
-982.904838
-1880.340992
-504.272223
1965.813950
1649.574544
-700.853476
-1136.751036
162.394633
547.010127
410.257952
1076.924808
1256.412039
-111.109718
-888.887718
452.993007
1726.497643
854.702523
-418.802114
-111.109718
752.138391
683.762303
427.351974
897.437578
743.591380
-401.708092
-538.460267
923.078611
1769.232698
820.514479
-51.280641
290.599798
538.463116
324.787842
700.856325
1316.241116
726.497358
-564.101300
-358.973037
1307.694105
1649.574544
-324.784993
-2111.110288
-1435.896420
452.993007
1367.523182
880.343556
-589.742333
-2316.238552
-3034.187474
-1641.024684
1000.001709
1880.343841
-128.203740
-2564.101870
-3128.204595
-1811.964904
145.300611
1222.223995
581.198171
-1034.186904
-1846.152948
-1324.785278
-410.255103
384.616919
888.890567
521.369094
-444.443147
-752.135542
85.471534
846.155512
555.557138
-59.827652
128.206589
786.326435
948.719644
606.839204
162.394633
-205.126839
-145.297762
615.386215
1384.617204
940.172633
-324.784993
-940.169784
-564.101300
59.830501
581.198171
888.890567
0.001425
-1965.811101
-2017.093167
341.881864
1000.001709
-658.118421
-700.853476
213.676699
-1641.024684
-3333.332858
-94.015696
3188.036521
547.010127
-2512.819804
-666.665432
581.198171
-1658.118706
-957.263805
3162.395488
2803.421027
-2017.093167
-2752.136112
1145.300896
2213.677269
-136.750751
-128.203740
1982.907972
1076.924808
-1683.759739
-914.528751
2059.831071
1811.967753
-666.665432
-376.067059
1658.121555
1025.642742
-880.340707
-196.579828
1581.198456
982.907687
-324.784993
572.651160
1666.668566
649.574259
-427.349125
367.522897
1264.959050
803.420457
555.557138
1025.642742
538.463116
-470.084180
128.206589
1162.394918
-17.092597
-1435.896420
-606.836355
581.198171
316.240831
-495.725212
-974.357827
-1461.537453
-1897.435014
-1170.939080
324.787842
538.463116
-957.263805
-2427.349694
-2188.033387
-786.323586
51.283490
119.659578
-153.844773
-871.793696
-1435.896420
-1102.562992
-145.297762
581.198171
589.745182
128.206589
-264.955916
-333.332004
51.283490
666.668281
794.873446
410.257952
188.035666
401.710941
752.138391
641.027248
264.958765
213.676699
427.351974
598.292193
495.728061
384.616919
256.411754
-196.579828
-316.237982
256.411754
-25.639608
-957.263805
-299.143960
589.745182
-435.896136
-1222.221146
-393.161081
-299.143960
-1042.733915
-205.126839
615.386215
-1170.939080
-2247.862464
-85.468685
1179.488940
-8.545586
-470.084180
-205.126839
-1034.186904
-1008.545871
1128.206874
2042.737049
128.206589
-1256.409190
-264.955916
675.215292
521.369094
854.702523
1435.899269
538.463116
-957.263805
-589.742333
1222.223995
1658.121555
444.445996
-17.092597
410.257952
162.394633
-76.921674
769.232413
1324.788127
401.710941
-418.802114
239.317732
1205.129973
1136.753885
495.728061
119.659578
213.676699
461.540018
803.420457
1256.412039
965.813665
8.548435
-145.297762
-42.733630
-717.947498
-769.229564
247.864743
837.608501
205.129688
-974.357827
-1820.511915
-2051.281211
-1401.708377
0.001425
786.326435
-34.186619
-1752.135827
-2794.871167
-2025.640178
-188.032817
803.420457
435.898985
-632.477388
-1461.537453
-1427.349410
-752.135542
145.300611
871.796545
777.779424
-25.639608
-675.212443
-470.084180
324.787842
700.856325
641.027248
572.651160
452.993007
376.069908
418.804963
316.240831
170.941644
333.334853
709.403336
863.249534
504.275072
-111.109718
-427.349125
-230.767872
162.394633
376.069908
333.334853
-196.579828
-940.169784
-948.716795
-264.955916
-34.186619
-136.750751
-119.656729
-504.272223
-803.417608
-769.229564
-1461.537453
-1222.221146
1299.147094
1914.531884
-803.417608
-1863.246970
-418.802114
-581.195322
-923.075762
1871.796830
3384.617773
-213.673850
-3128.204595
-931.622773
1709.403621
1333.335138
837.608501
1572.651445
743.591380
-1735.041805
-1769.229849
1290.600083
2811.968038
1008.548720
-547.007278
-25.639608
256.411754
-333.332004
256.411754
1709.403621
1435.899269
-119.656729
-393.161081
769.232413
1324.788127
504.275072
25.642457
880.343556
1324.788127
461.540018
111.112567
846.155512
854.702523
-299.143960
-880.340707
-213.673850
-17.092597
-341.879015
213.676699
384.616919
-1282.050223
-2572.648881
-1649.571695
-205.126839
264.958765
-8.545586
-777.776575
-2068.375233
-2700.854046
-1264.956201
803.420457
931.625622
-512.819234
-1555.554574
-1487.178486
-871.793696
-85.468685
743.591380
854.702523
-25.639608
-829.058641
-589.742333
384.616919
940.172633
666.668281
350.428875
367.522897
341.881864
384.616919
606.839204
623.933226
333.334853
282.052787
675.215292
666.668281
76.924523
-205.126839
-153.844773
-136.750751
76.924523
333.334853
59.830501
-683.759454
-1076.921959
-752.135542
-68.374663
282.052787
-213.673850
-794.870597
-666.665432
-863.246685
-1811.964904
-829.058641
1803.420742
1350.429160
-1418.802399
-1367.520333
-34.186619
-1042.733915
-871.793696
2418.805532
2991.455268
-974.357827
-2854.700244
-222.220861
1666.668566
897.437578
931.625622
1683.762588
282.052787
-1854.699959
-897.434729
1957.266939
2307.694390
256.411754
-461.537169
401.710941
358.975886
-196.579828
615.386215
1649.574544
854.702523
-333.332004
136.753600
1230.771006
1247.865028
401.710941
-51.280641
589.745182
1247.865028
803.420457
418.804963
709.403336
367.522897
-1051.280926
-1384.614355
136.753600
1000.001709
376.069908
-427.349125
-1299.144245
-2222.221431
-2017.093167
-589.742333
606.839204
521.369094
-846.152663
-2316.238552
-2649.571980
-1521.366530
316.240831
1273.506061
350.428875
-1435.896420
-2179.486376
-1410.255388
-162.391784
846.155512
1290.600083
547.010127
-965.810816
-1316.238267
34.189468
1213.676984
1085.471819
589.745182
418.804963
145.300611
0.001425
572.651160
1034.189753
623.933226
205.129688
461.540018
641.027248
222.223710
-205.126839
-213.673850
-85.468685
8.548435
162.394633
76.924523
-564.101300
-1247.862179
-1068.374948
-188.032817
299.146809
0.001425
-299.143960
-760.682553
-2162.392354
-2111.110288
1017.095731
2461.540587
-247.861894
-1777.776860
-410.255103
-777.776575
-1735.041805
1350.429160
3948.720498
529.916105
-3094.016551
-1119.657014
1641.027533
1068.377797
598.292193
1717.950632
1136.753885
-1324.785278
-1538.460552
1111.112852
2589.745752
1008.548720
-572.648311
-59.827652
589.745182
119.659578
256.411754
1393.164215
1324.788127
-188.032817
-444.443147
1153.847907
1982.907972
820.514479
-230.767872
333.334853
1094.018830
829.061490
880.343556
1452.993291
478.634039
-1547.007563
-1529.913541
384.616919
863.249534
-8.545586
162.394633
-290.596949
-2529.913826
-3017.093452
-589.742333
914.531600
94.018545
-854.699674
-1512.819519
-2495.725782
-2589.742903
-726.494509
1128.206874
709.403336
-999.998860
-1897.435014
-1658.118706
-974.357827
-85.468685
923.078611
1068.377797
-111.109718
-1162.392069
-794.870597
316.240831
905.984589
982.907687
1042.736764
649.574259
-128.203740
-145.297762
632.480237
1051.283775
811.967468
581.198171
538.463116
324.787842
-59.827652
-247.861894
-59.827652
102.565556
0.001425
94.018545
145.300611
-606.836355
-1470.084464
-1042.733915
59.830501
205.129688
-136.750751
-59.827652
-931.622773
-2623.930947
-1564.101585
1700.856610
1923.078895
-555.554289
-1076.921959
-615.383366
-1700.853761
-914.528751
2658.121840
3119.660433
-564.101300
-2273.503497
-564.101300
641.027248
897.437578
1880.343841
1974.360961
-128.203740
-1837.605937
-735.041520
1529.916390
2102.566126
948.719644
68.377512
-102.562707
-299.143960
-59.827652
1076.924808
1615.386500
700.856325
-94.015696
384.616919
1162.394918
1128.206874
495.728061
273.505776
666.668281
1017.095731
1128.206874
1290.600083
846.155512
-786.323586
-1777.776860
-495.725212
1008.548720
735.044369
290.599798
-188.032817
-2179.486376
-3290.597804
-1273.503212
948.719644
743.591380
-418.802114
-1316.238267
-2452.990727
-2820.512200
-1102.562992
1119.659863
1205.129973
-529.913256
-1931.623057
-1914.529035
-1051.280926
-102.562707
897.437578
1282.053072
128.206589
-1282.050223
-1051.280926
188.035666
897.437578
1008.548720
1008.548720
581.198171
-188.032817
-299.143960
418.804963
1008.548720
905.984589
504.275072
316.240831
239.317732
-68.374663
-213.673850
25.642457
170.941644
42.736479
-179.485806
-376.067059
-623.930377
-811.964619
-675.212443
-282.049938
-85.468685
-299.143960
-521.366245
-1085.468970
-1880.340992
-1076.921959
871.796545
931.625622
-692.306465
-923.075762
-418.802114
-1282.050223
-931.622773
1820.514764
2427.352543
-341.879015
-1632.477673
-136.750751
743.591380
444.445996
1042.736764
1692.309599
606.839204
-871.793696
-641.024399
846.155512
1598.292478
1000.001709
282.052787
256.411754
179.488655
-94.015696
401.710941
1196.582962
1042.736764
384.616919
418.804963
957.266654
1068.377797
623.933226
264.958765
538.463116
1196.582962
1393.164215
1153.847907
786.326435
-478.631190
-1700.853761
-598.289344
1136.753885
897.437578
230.770721
-153.844773
-1888.888003
-3179.486661
-1341.879300
974.360676
641.027248
-649.571410
-1290.597234
-2085.469255
-2461.537738
-999.998860
803.420457
760.685402
-572.648311
-1547.007563
-1598.289629
-991.451849
-145.297762
589.745182
760.685402
94.018545
-709.400487
-632.477388
76.924523
478.634039
717.950347
1094.018830
863.249534
0.001425
-230.767872
324.787842
649.574259
752.138391
888.890567
666.668281
188.035666
-153.844773
-316.237982
-85.468685
282.052787
68.377512
-264.955916
-34.186619
-316.237982
-1264.956201
-1042.733915
25.642457
17.095446
-504.272223
-316.237982
-777.776575
-2282.050508
-1649.571695
1256.412039
1547.010412
-871.793696
-1256.409190
-376.067059
-1384.614355
-1145.298047
2145.301181
2837.609071
-666.665432
-2085.469255
94.018545
1025.642742
307.693820
1085.471819
1897.437863
170.941644
-1521.366530
-350.426026
1726.497643
1760.685687
418.804963
-85.468685
264.958765
188.035666
111.112567
948.719644
1478.634324
555.557138
-179.485806
589.745182
1435.899269
991.454698
222.223710
384.616919
1017.095731
1213.676984
1264.959050
1401.711226
435.898985
-1735.041805
-1846.152948
863.249534
1829.061775
111.112567
-435.896136
-521.366245
-2547.007848
-3119.657584
-85.468685
1743.591665
-188.032817
-1811.964904
-1692.306750
-2051.281211
-1999.999145
-222.220861
1008.548720
68.377512
-1478.631475
-1940.170068
-1324.785278
-427.349125
307.693820
623.933226
239.317732
-478.631190
-769.229564
-264.955916
487.181050
709.403336
692.309314
769.232413
564.104149
162.394633
136.753600
452.993007
709.403336
803.420457
820.514479
641.027248
213.676699
-128.203740
-102.562707
213.676699
333.334853
42.736479
-162.391784
-85.468685
-427.349125
-999.998860
-649.571410
145.300611
-25.639608
-649.571410
-384.614070
-350.426026
-2076.922244
-2273.503497
1239.318017
2504.275642
-888.887718
-2068.375233
25.642457
-769.229564
-2222.221431
1452.993291
4393.165069
393.163930
-3350.426880
-931.622773
1649.574544
658.121270
709.403336
2452.993576
1162.394918
-2153.845343
-1923.076046
1495.728346
2871.797114
1196.582962
-162.391784
-136.750751
-341.879015
-435.896136
905.984589
2162.395203
1264.959050
-418.802114
-222.220861
1145.300896
1205.129973
350.428875
461.540018
1145.300896
1034.189753
905.984589
1495.728346
572.651160
-2128.204310
-2102.563277
1170.941929
1965.813950
-68.374663
-341.879015
-529.913256
-3213.674705
-3572.649166
470.087029
2341.882434
-384.614070
-2119.657299
-1752.135827
-2376.067629
-2282.050508
205.129688
1769.232698
316.240831
-1982.905123
-2521.366815
-1418.802399
-76.921674
726.497358
931.625622
307.693820
-914.528751
-1256.409190
-76.921674
1025.642742
991.454698
743.591380
658.121270
205.129688
-42.733630
324.787842
752.138391
871.796545
871.796545
752.138391
333.334853
-42.733630
-213.673850
-128.203740
282.052787
632.480237
350.428875
-341.879015
-854.699674
-1102.562992
-743.588531
188.035666
512.822083
-76.921674
-846.152663
-1641.024684
-2094.016266
-649.571410
1675.215577
1333.335138
-1094.015981
-1854.699959
-1068.374948
-897.434729
94.018545
2299.147379
1948.719928
-1290.597234
-2418.802683
59.830501
2000.001994
1470.087313
752.138391
606.839204
-393.161081
-1162.392069
333.334853
2376.070478
1957.266939
-145.297762
-794.870597
196.582677
709.403336
658.121270
1145.300896
1188.035951
8.548435
-393.161081
923.078611
1803.420742
957.266654
-8.545586
162.394633
914.531600
1384.617204
1461.540302
1504.275357
495.728061
-2102.563277
-2529.913826
923.078611
2581.198741
264.958765
-777.776575
-512.819234
-2675.213013
-3726.495364
-128.203740
2393.164499
0.001425
-2230.768442
-1863.246970
-2017.093167
-2256.409475
-290.596949
1504.275357
393.163930
-1752.135827
-2299.144530
-1393.161366
-376.067059
418.804963
905.984589
521.369094
-692.306465
-1239.315168
-230.767872
948.719644
888.890567
521.369094
752.138391
512.822083
-153.844773
153.847622
846.155512
794.873446
547.010127
794.873446
803.420457
8.548435
-632.477388
-341.879015
444.445996
658.121270
8.548435
-435.896136
-427.349125
-948.716795
-1230.768157
-25.639608
547.010127
-880.340707
-1452.990442
-341.879015
-324.784993
-1196.580113
-461.537169
606.839204
-376.067059
-1290.597234
51.283490
888.890567
-401.708092
-863.246685
538.463116
905.984589
-42.733630
324.787842
1290.600083
384.616919
-811.964619
179.488655
1598.292478
1230.771006
393.163930
418.804963
196.582677
-196.579828
461.540018
1529.916390
1307.694105
111.112567
-358.973037
162.394633
700.856325
1025.642742
1230.771006
991.454698
341.881864
-247.861894
128.206589
1393.164215
1786.326720
1042.736764
786.326435
452.993007
-1572.648596
-2282.050508
418.804963
2017.096016
547.010127
-153.844773
-418.802114
-2846.153233
-3803.418463
-632.477388
1888.890852
692.309314
-1230.768157
-1982.905123
-2683.760024
-2521.366815
-341.879015
1572.651445
974.360676
-1068.374948
-2350.426596
-2051.281211
-811.964619
632.480237
1452.993291
914.531600
-529.913256
-1384.614355
-717.947498
615.386215
1188.035951
1059.830786
846.155512
222.223710
-410.255103
59.830501
948.719644
965.813665
615.386215
675.215292
572.651160
-8.545586
-350.426026
-34.186619
282.052787
205.129688
162.394633
153.847622
-478.631190
-1222.221146
-846.152663
-299.143960
-512.819234
-205.126839
299.146809
-717.947498
-1829.058926
-1025.639893
-102.562707
-188.032817
222.223710
658.121270
-299.143960
-1401.708377
-923.075762
307.693820
1162.394918
1230.771006
478.634039
-222.220861
-358.973037
-85.468685
675.215292
1512.822368
1384.617204
324.787842
-341.879015
-68.374663
564.104149
940.172633
948.719644
743.591380
376.069908
-17.092597
8.548435
572.651160
1051.283775
829.061490
478.634039
743.591380
709.403336
51.283490
273.505776
1350.429160
1401.711226
829.061490
1042.736764
256.411754
-2085.469255
-2111.110288
615.386215
1649.574544
846.155512
333.334853
-1316.238267
-3811.965473
-3401.708946
-51.280641
2008.549005
940.172633
-1222.221146
-2786.324156
-3358.973891
-2153.845343
512.822083
2102.566126
931.625622
-1658.118706
-2974.358397
-2085.469255
-153.844773
1350.429160
1598.292478
589.745182
-923.075762
-1598.289629
-512.819234
1111.112852
1615.386500
1136.753885
470.087029
-136.750751
-170.938795
444.445996
905.984589
940.172633
846.155512
632.480237
418.804963
153.847622
-376.067059
-427.349125
358.975886
700.856325
273.505776
-25.639608
-743.588531
-1965.811101
-1641.024684
324.787842
1145.300896
153.847622
-846.152663
-1487.178486
-1974.358112
-1341.879300
521.369094
1760.685687
777.779424
-1196.580113
-1675.212728
-769.229564
170.941644
1119.659863
1760.685687
897.437578
-760.682553
-1059.827937
239.317732
1435.899269
1427.352259
743.591380
282.052787
-76.921674
-145.297762
521.369094
1136.753885
957.266654
367.522897
119.659578
358.975886
623.933226
444.445996
247.864743
564.104149
897.437578
948.719644
991.454698
615.386215
-8.545586
316.240831
1384.617204
1675.215577
1299.147094
478.634039
-1683.759739
-3076.922529
-974.357827
2025.643027
2470.087598
769.232413
-1794.870882
-4094.016836
-3982.905693
-965.810816
2102.566126
2393.164499
-324.784993
-3658.119276
-4598.290484
-2435.896705
735.044369
2316.241401
1358.976171
-1290.597234
-3316.238837
-2871.794265
-547.007278
1683.762588
2170.942214
743.591380
-1179.486091
-1829.058926
-675.212443
1025.642742
1760.685687
1358.976171
470.087029
-188.032817
-119.656729
512.822083
905.984589
854.702523
735.044369
581.198171
512.822083
427.351974
-42.733630
-538.460267
-136.750751
538.463116
401.710941
-307.690971
-991.451849
-1393.161366
-1102.562992
-222.220861
478.634039
461.540018
-478.631190
-1794.870882
-1888.888003
-418.802114
683.762303
589.745182
393.163930
-94.015696
-1059.827937
-1136.751036
170.941644
1461.540302
1384.617204
222.223710
-547.007278
-162.391784
470.087029
786.326435
1094.018830
1145.300896
427.351974
-307.690971
34.189468
914.531600
957.266654
418.804963
299.146809
487.181050
504.275072
418.804963
384.616919
470.087029
649.574259
769.232413
897.437578
717.950347
230.770721
205.129688
914.531600
1495.728346
1478.634324
1256.412039
-188.032817
-2589.742903
-2094.016266
897.437578
1752.138676
982.907687
452.993007
-1905.982024
-4504.273363
-2863.247254
829.061490
1863.249819
572.651160
-1247.862179
-3401.708946
-3948.717649
-1341.879300
1470.087313
1794.873731
247.864743
-1974.358112
-3085.469540
-1846.152948
341.881864
1598.292478
1461.540302
179.488655
-1376.067344
-1487.178486
59.830501
1290.600083
1307.694105
1008.548720
512.822083
-153.844773
-51.280641
641.027248
760.685402
641.027248
863.249534
726.497358
264.958765
34.189468
-153.844773
-290.596949
17.095446
367.522897
230.770721
-350.426026
-1384.614355
-1803.417893
-700.853476
512.822083
410.257952
-222.220861
-829.058641
-1769.229849
-1931.623057
-376.067059
1222.223995
1179.488940
-162.391784
-1239.315168
-1094.015981
-299.143960
564.104149
1393.164215
1333.335138
34.189468
-1025.639893
-418.802114
940.172633
1461.540302
1111.112852
512.822083
102.565556
42.736479
239.317732
743.591380
1111.112852
820.514479
162.394633
111.112567
726.497358
871.796545
282.052787
17.095446
487.181050
923.078611
1034.189753
837.608501
324.787842
34.189468
461.540018
1222.223995
1760.685687
1794.873731
59.830501
-2931.623342
-2854.700244
538.463116
2367.523467
1914.531884
752.138391
-2085.469255
-4760.683693
-3401.708946
529.916105
2555.557708
1444.446280
-1324.785278
-3948.717649
-4247.863034
-1564.101585
1547.010412
2410.258521
675.215292
-2145.298332
-3350.426880
-2034.187189
153.847622
1743.591665
1931.625906
316.240831
-1641.024684
-1632.477673
153.847622
1376.070193
1290.600083
846.155512
376.069908
-59.827652
111.112567
709.403336
769.232413
367.522897
521.369094
940.172633
803.420457
179.488655
-418.802114
-615.383366
-376.067059
170.941644
598.292193
94.018545
-1299.144245
-2008.546156
-1136.751036
42.736479
538.463116
341.881864
-547.007278
-1743.588816
-2051.281211
-1008.545871
564.104149
1487.181335
837.608501
-735.041520
-1487.178486
-871.793696
205.129688
1324.788127
1837.608786
752.138391
-752.135542
-803.417608
316.240831
1290.600083
1529.916390
1051.283775
247.864743
-205.126839
-51.280641
598.292193
1111.112852
871.796545
239.317732
128.206589
632.480237
794.873446
350.428875
205.129688
393.163930
461.540018
846.155512
1299.147094
820.514479
-153.844773
68.377512
1222.223995
1547.010412
1376.070193
854.702523
-1717.947783
-3547.008133
-1094.015981
2170.942214
2512.822653
931.625622
-1615.383651
-4068.375803
-4076.922814
-1042.733915
2213.677269
2470.087598
-470.084180
-3820.512484
-4504.273363
-2111.110288
837.608501
2170.942214
1316.241116
-1256.409190
-3282.050793
-2641.024969
-264.955916
1572.651445
1803.420742
632.480237
-931.622773
-1461.537453
-470.084180
1119.659863
1623.933511
829.061490
196.582677
230.770721
452.993007
649.574259
606.839204
452.993007
512.822083
735.044369
897.437578
649.574259
-145.297762
-811.964619
-632.477388
205.129688
572.651160
42.736479
-888.887718
-1726.494794
-1555.554574
-188.032817
769.232413
230.770721
-820.511630
-1444.443431
-1572.648596
-923.075762
299.146809
1239.318017
897.437578
-512.819234
-1376.067344
-632.477388
606.839204
1128.206874
1059.830786
632.480237
-162.391784
-632.477388
213.676699
1478.634324
1487.181335
470.087029
59.830501
282.052787
239.317732
427.351974
948.719644
897.437578
162.394633
-42.733630
735.044369
1059.830786
239.317732
-264.955916
316.240831
786.326435
649.574259
948.719644
1222.223995
205.129688
-487.178201
914.531600
1991.454983
1316.241116
461.540018
-1145.298047
-3196.580683
-2059.828222
1606.839489
3179.489510
1341.882149
-1735.041805
-3871.794550
-3871.794550
-1547.007563
1623.933511
2700.856895
393.163930
-3324.785848
-4786.324725
-2495.725782
760.685402
2162.395203
1384.617204
-914.528751
-2888.888287
-2760.683123
-863.246685
1307.694105
2059.831071
897.437578
-871.793696
-1512.819519
-598.289344
897.437578
1487.181335
897.437578
153.847622
68.377512
478.634039
794.873446
598.292193
333.334853
410.257952
675.215292
923.078611
777.779424
85.471534
-675.212443
-752.135542
17.095446
666.668281
247.864743
-1025.639893
-1786.323871
-1094.015981
-170.938795
68.377512
102.565556
-290.596949
-1606.836640
-2017.093167
-452.990158
777.779424
504.275072
247.864743
153.847622
-743.588531
-1179.486091
111.112567
1452.993291
1145.300896
119.659578
-162.391784
179.488655
581.198171
905.984589
1068.377797
760.685402
170.941644
85.471534
615.386215
965.813665
700.856325
145.300611
17.095446
512.822083
1008.548720
888.890567
307.693820
-179.485806
-213.673850
324.787842
1179.488940
1521.369379
769.232413
-264.955916
-128.203740
1128.206874
1692.309599
1444.446280
1000.001709
-1136.751036
-3803.418463
-2521.366815
1880.343841
3735.045224
1418.805248
-1803.417893
-3777.777430
-4162.392924
-2076.922244
1769.232698
3427.352828
649.574259
-3606.837210
-4991.452989
-2606.836925
692.309314
2333.335423
1683.762588
-837.605652
-3188.033672
-2974.358397
-717.947498
1324.788127
1880.343841
1000.001709
-615.383366
-1538.460552
-735.041520
1034.189753
1675.215577
692.309314
-153.844773
128.206589
769.232413
982.907687
666.668281
162.394633
42.736479
512.822083
1068.377797
1094.018830
247.864743
-880.340707
-1170.939080
-341.879015
735.044369
846.155512
-290.596949
-1974.358112
-2641.024969
-948.716795
1290.600083
1128.206874
-572.648311
-1435.896420
-1897.435014
-2222.221431
-504.272223
2478.634609
2538.463686
-504.272223
-2170.939365
-1205.127124
25.642457
1034.189753
2111.113137
1717.950632
-358.973037
-1504.272508
-341.879015
1529.916390
2136.754170
1111.112852
-68.374663
-196.579828
205.129688
555.557138
914.531600
914.531600
170.941644
-307.690971
452.993007
1384.617204
948.719644
-264.955916
-675.212443
85.471534
1162.394918
1649.574544
1247.865028
188.035666
-444.443147
222.223710
1418.805248
2162.395203
1632.480522
-1179.486091
-4111.110858
-2940.170353
1376.070193
3717.951202
2094.019115
-1358.973322
-4034.187759
-4649.572550
-2376.067629
1598.292478
3470.087883
1102.565841
-3094.016551
-5000.000000
-3059.828507
410.257952
2290.600368
1666.668566
-743.588531
-2871.794265
-2829.059211
-982.904838
1008.548720
1863.249819
1051.283775
-606.836355
-1316.238267
-299.143960
1128.206874
1230.771006
247.864743
-222.220861
418.804963
1299.147094
1393.164215
521.369094
-341.879015
-299.143960
512.822083
1418.805248
1589.745467
393.163930
-1188.033102
-1555.554574
-555.554289
829.061490
1196.582962
-410.255103
-2495.725782
-2017.093167
-25.639608
94.018545
-264.955916
709.403336
-350.426026
-3247.862749
-2239.315453
1581.198456
1863.249819
-290.596949
-102.562707
461.540018
-1136.751036
-1290.597234
1410.258237
2495.728631
495.728061
-982.904838
-188.032817
1111.112852
1205.129973
581.198171
512.822083
675.215292
307.693820
59.830501
871.796545
1282.053072
-85.468685
-931.622773
376.069908
1666.668566
1230.771006
162.394633
-384.614070
-435.896136
68.377512
1153.847907
1871.796830
1401.711226
42.736479
-649.571410
350.428875
1529.916390
1717.950632
1102.565841
-1059.827937
-3393.161935
-2427.349694
1128.206874
3102.566411
1794.873731
-1111.110003
-3683.760309
-4341.880154
-2008.546156
1598.292478
2897.438147
811.967468
-2641.024969
-4521.367385
-2940.170353
333.334853
1974.360961
1059.830786
-897.434729
-2307.691541
-2324.785563
-829.058641
974.360676
1316.241116
341.881864
-547.007278
-641.024399
-59.827652
700.856325
863.249534
230.770721
-239.314883
384.616919
1529.916390
1538.463401
316.240831
-572.648311
-282.049938
564.104149
1282.053072
1598.292478
743.591380
-923.075762
-1632.477673
-786.323586
529.916105
1153.847907
8.548435
-2316.238552
-2606.836925
-282.049938
811.967468
-136.750751
-196.579828
-222.220861
-2162.392354
-2564.101870
581.198171
2376.070478
435.898985
-1025.639893
-264.955916
42.736479
-350.426026
452.993007
1547.010412
948.719644
-290.596949
-179.485806
837.608501
1247.865028
786.326435
213.676699
196.582677
641.027248
854.702523
846.155512
743.591380
162.394633
-444.443147
102.565556
1401.711226
1692.309599
572.651160
-504.272223
-581.195322
256.411754
1427.352259
1923.078895
1145.300896
-102.562707
-358.973037
666.668281
1598.292478
1162.394918
-683.759454
-2478.631760
-2239.315453
153.847622
2358.976456
1957.266939
-846.152663
-3427.349979
-3717.948353
-1940.170068
658.121270
2094.019115
974.360676
-1854.699959
-3803.418463
-2888.888287
-256.408905
1350.429160
931.625622
-495.725212
-1726.494794
-1991.452134
-957.263805
598.292193
1222.223995
461.540018
-529.913256
-632.477388
222.223710
1008.548720
777.779424
8.548435
-264.955916
264.958765
1196.582962
1666.668566
940.172633
-478.631190
-974.357827
25.642457
1299.147094
1564.104434
811.967468
-350.426026
-1205.127124
-1051.280926
-68.374663
666.668281
42.736479
-1341.879300
-1675.212728
-769.229564
-179.485806
-196.579828
17.095446
-188.032817
-1358.973322
-1692.306750
-393.161081
743.591380
649.574259
273.505776
-34.186619
-572.648311
-495.725212
452.993007
1025.642742
854.702523
461.540018
59.830501
136.753600
794.873446
1128.206874
606.839204
94.018545
341.881864
760.685402
1025.642742
974.360676
196.582677
-393.161081
230.770721
1170.941929
1324.788127
811.967468
128.206589
-230.767872
8.548435
717.950347
1153.847907
957.266654
683.762303
512.822083
418.804963
393.163930
-205.126839
-1435.896420
-1811.964904
-290.596949
1769.232698
1529.916390
-905.981740
-2478.631760
-2478.631760
-2059.828222
-829.058641
1239.318017
1692.309599
-735.041520
-3119.657584
-2726.495079
-1051.280926
119.659578
914.531600
786.326435
-726.494509
-1965.811101
-1461.537453
-153.844773
641.027248
940.172633
572.651160
-418.802114
-598.289344
427.351974
957.266654
290.599798
-205.126839
247.864743
1025.642742
1341.882149
974.360676
170.941644
-555.554289
-452.990158
623.933226
1487.181335
1230.771006
170.941644
-846.152663
-1094.015981
-615.383366
17.095446
333.334853
136.753600
-529.913256
-1410.255388
-1452.990442
-384.614070
222.223710
-179.485806
-264.955916
-247.861894
-1128.204025
-1401.708377
179.488655
1427.352259
547.010127
-658.118421
-418.802114
94.018545
179.488655
649.574259
1179.488940
683.762303
-136.750751
153.847622
1025.642742
1000.001709
299.146809
119.659578
589.745182
837.608501
615.386215
529.916105
598.292193
324.787842
128.206589
666.668281
1136.753885
692.309314
59.830501
136.753600
410.257952
273.505776
418.804963
1111.112852
1316.241116
470.087029
-948.716795
-1794.870882
-1504.272508
-196.579828
1529.916390
1760.685687
-418.802114
-2538.460837
-2683.760024
-1709.400772
-452.990158
794.873446
1000.001709
-615.383366
-2376.067629
-2145.298332
-769.229564
-145.297762
-153.844773
-25.639608
-68.374663
-606.836355
-914.528751
-547.007278
-128.203740
51.283490
196.582677
247.864743
358.975886
692.309314
470.087029
-341.879015
-675.212443
-8.545586
1051.283775
1512.822368
1145.300896
273.505776
-649.571410
-709.400487
316.240831
1273.506061
1239.318017
478.634039
-470.084180
-1059.827937
-675.212443
205.129688
247.864743
-384.614070
-444.443147
-239.314883
-692.306465
-923.075762
-205.126839
59.830501
-606.836355
-692.306465
-102.562707
-145.297762
-487.178201
94.018545
675.215292
-128.203740
-880.340707
-111.109718
743.591380
606.839204
444.445996
606.839204
333.334853
-34.186619
367.522897
948.719644
871.796545
512.822083
307.693820
282.052787
418.804963
581.198171
623.933226
495.728061
444.445996
521.369094
461.540018
290.599798
111.112567
42.736479
358.975886
709.403336
632.480237
461.540018
444.445996
51.283490
-863.246685
-1153.845058
-145.297762
769.232413
572.651160
17.095446
-393.161081
-991.451849
-1606.836640
-1145.298047
247.864743
700.856325
-153.844773
-846.152663
-905.981740
-965.810816
-880.340707
-239.314883
196.582677
-76.921674
-427.349125
-333.332004
-230.767872
-341.879015
-222.220861
-68.374663
-162.391784
-102.562707
256.411754
487.181050
205.129688
-273.502927
-324.784993
-59.827652
196.582677
444.445996
564.104149
341.881864
-145.297762
-367.520048
-102.562707
128.206589
162.394633
247.864743
230.770721
0.001425
-162.391784
-307.690971
-504.272223
-418.802114
34.189468
205.129688
-34.186619
-162.391784
-213.673850
-444.443147
-461.537169
-42.733630
256.411754
162.394633
128.206589
153.847622
-42.733630
-239.314883
-119.656729
51.283490
25.642457
205.129688
504.275072
341.881864
17.095446
42.736479
94.018545
-85.468685
42.736479
487.181050
470.087029
34.189468
-68.374663
76.924523
68.377512
-8.545586
307.693820
538.463116
205.129688
-17.092597
153.847622
196.582677
-34.186619
-59.827652
247.864743
470.087029
384.616919
162.394633
-17.092597
-162.391784
-170.938795
34.189468
333.334853
358.975886
76.924523
-170.938795
-196.579828
-128.203740
-25.639608
68.377512
25.642457
-85.468685
-179.485806
-111.109718
8.548435
-68.374663
-119.656729
-25.639608
-94.015696
-282.049938
-188.032817
68.377512
85.471534
-102.562707
-222.220861
-205.126839
-239.314883
-162.391784
-51.280641
-94.015696
-145.297762
-170.938795
-170.938795
-59.827652
-17.092597
-94.015696
-162.391784
-170.938795
-128.203740
-76.921674
-119.656729
-76.921674
42.736479
0.001425
-111.109718
-145.297762
-102.562707
-8.545586
34.189468
76.924523
76.924523
-42.733630
-94.015696
8.548435
85.471534
8.548435
-51.280641
42.736479
76.924523
76.924523
162.394633
94.018545
-94.015696
-85.468685
42.736479
119.659578
170.941644
162.394633
34.189468
-76.921674
-34.186619
34.189468
51.283490
111.112567
34.189468
-196.579828
-230.767872
25.642457
239.317732
188.035666
-25.639608
-136.750751
-136.750751
-42.733630
179.488655
316.240831
170.941644
-68.374663
-68.374663
59.830501
119.659578
222.223710
273.505776
94.018545
-85.468685
0.001425
196.582677
205.129688
179.488655
170.941644
8.548435
-162.391784
8.548435
264.958765
205.129688
42.736479
-34.186619
-145.297762
-94.015696
162.394633
230.770721
76.924523
-94.015696
-205.126839
-111.109718
94.018545
153.847622
42.736479
-85.468685
-94.015696
-85.468685
-59.827652
-25.639608
-111.109718
-222.220861
-205.126839
-128.203740
-59.827652
-34.186619
-111.109718
-170.938795
-170.938795
-162.391784
-102.562707
-51.280641
-51.280641
-119.656729
-247.861894
-170.938795
0.001425
0.001425
-25.639608
-25.639608
-68.374663
-102.562707
-51.280641
51.283490
51.283490
-59.827652
-59.827652
-8.545586
0.001425
94.018545
136.753600
42.736479
-34.186619
-76.921674
0.001425
76.924523
94.018545
162.394633
136.753600
-25.639608
-102.562707
0.001425
51.283490
42.736479
94.018545
119.659578
-8.545586
-94.015696
-42.733630
8.548435
-42.733630
-17.092597
102.565556
102.565556
-25.639608
-42.733630
8.548435
17.095446
59.830501
111.112567
68.377512
-8.545586
-25.639608
0.001425
34.189468
76.924523
85.471534
8.548435
-42.733630
-34.186619
-8.545586
25.642457
59.830501
17.095446
8.548435
59.830501
119.659578
76.924523
-17.092597
76.924523
162.394633
85.471534
-8.545586
-8.545586
34.189468
25.642457
51.283490
145.300611
145.300611
17.095446
-34.186619
51.283490
111.112567
42.736479
-51.280641
-94.015696
-85.468685
-68.374663
34.189468
102.565556
-51.280641
-170.938795
-136.750751
-102.562707
-85.468685
-25.639608
25.642457
17.095446
-145.297762
-188.032817
-119.656729
-85.468685
34.189468
76.924523
-59.827652
-136.750751
-111.109718
-51.280641
-51.280641
-17.092597
34.189468
8.548435
-94.015696
-76.921674
0.001425
17.095446
0.001425
-42.733630
-17.092597
68.377512
76.924523
17.095446
-51.280641
-59.827652
-25.639608
-8.545586
76.924523
136.753600
0.001425
-162.391784
-179.485806
25.642457
230.770721
179.488655
-25.639608
-102.562707
-119.656729
-76.921674
68.377512
179.488655
145.300611
-34.186619
-94.015696
17.095446
145.300611
136.753600
51.283490
-51.280641
-111.109718
-51.280641
76.924523
170.941644
145.300611
8.548435
-119.656729
-179.485806
-76.921674
128.206589
170.941644
-34.186619
-188.032817
-76.921674
85.471534
94.018545
42.736479
68.377512
25.642457
-136.750751
-111.109718
111.112567
128.206589
-85.468685
-111.109718
25.642457
25.642457
-17.092597
51.283490
94.018545
-51.280641
-128.203740
0.001425
34.189468
0.001425
-42.733630
-111.109718
-128.203740
-51.280641
25.642457
76.924523
0.001425
-119.656729
-111.109718
-17.092597
68.377512
59.830501
-59.827652
-153.844773
-153.844773
-51.280641
68.377512
94.018545
59.830501
-25.639608
-119.656729
-42.733630
85.471534
94.018545
34.189468
-25.639608
-8.545586
8.548435
42.736479
102.565556
68.377512
-42.733630
8.548435
94.018545
76.924523
17.095446
0.001425
-34.186619
-51.280641
-8.545586
119.659578
136.753600
17.095446
-119.656729
-76.921674
59.830501
68.377512
0.001425
-51.280641
-94.015696
-68.374663
68.377512
162.394633
76.924523
-25.639608
-119.656729
-145.297762
0.001425
136.753600
145.300611
76.924523
-25.639608
-111.109718
-85.468685
102.565556
196.582677
68.377512
-111.109718
-119.656729
-94.015696
-8.545586
153.847622
188.035666
-17.092597
-239.314883
-162.391784
42.736479
136.753600
128.206589
8.548435
-136.750751
-145.297762
8.548435
153.847622
111.112567
-17.092597
-102.562707
-102.562707
34.189468
136.753600
68.377512
-34.186619
-85.468685
-59.827652
17.095446
85.471534
25.642457
-145.297762
-205.126839
-102.562707
42.736479
68.377512
42.736479
-59.827652
-179.485806
-128.203740
-17.092597
25.642457
34.189468
-59.827652
-153.844773
-119.656729
42.736479
222.223710
179.488655
-25.639608
-179.485806
-145.297762
0.001425
145.300611
222.223710
102.565556
-136.750751
-196.579828
-34.186619
136.753600
196.582677
111.112567
-17.092597
-94.015696
-68.374663
51.283490
170.941644
119.659578
-17.092597
-76.921674
-59.827652
-17.092597
111.112567
136.753600
17.095446
-94.015696
-111.109718
-25.639608
51.283490
51.283490
-17.092597
-42.733630
-8.545586
34.189468
34.189468
59.830501
-17.092597
-136.750751
-59.827652
59.830501
102.565556
51.283490
-111.109718
-145.297762
-17.092597
76.924523
76.924523
34.189468
-34.186619
-119.656729
-85.468685
59.830501
188.035666
128.206589
-59.827652
-145.297762
-68.374663
8.548435
102.565556
179.488655
76.924523
-111.109718
-119.656729
-42.733630
17.095446
68.377512
85.471534
34.189468
-25.639608
-34.186619
34.189468
25.642457
-8.545586
-17.092597
-25.639608
-25.639608
-25.639608
8.548435
8.548435
-85.468685
-68.374663
51.283490
59.830501
0.001425
-59.827652
-153.844773
-128.203740
-25.639608
76.924523
76.924523
-51.280641
-111.109718
-59.827652
34.189468
119.659578
68.377512
-51.280641
-76.921674
-68.374663
8.548435
119.659578
94.018545
0.001425
-59.827652
-85.468685
-51.280641
68.377512
136.753600
59.830501
-25.639608
-76.921674
-59.827652
8.548435
76.924523
94.018545
0.001425
-68.374663
-34.186619
8.548435
0.001425
-25.639608
-34.186619
0.001425
17.095446
59.830501
34.189468
-42.733630
-42.733630
-34.186619
17.095446
94.018545
42.736479
-42.733630
-68.374663
-85.468685
-8.545586
111.112567
128.206589
17.095446
-76.921674
-76.921674
-8.545586
76.924523
76.924523
34.189468
-85.468685
-128.203740
-51.280641
102.565556
170.941644
94.018545
-25.639608
-85.468685
-34.186619
34.189468
76.924523
111.112567
25.642457
-94.015696
-85.468685
42.736479
68.377512
0.001425
-34.186619
-17.092597
-25.639608
-17.092597
0.001425
0.001425
-25.639608
-59.827652
-42.733630
51.283490
94.018545
-8.545586
-94.015696
-51.280641
17.095446
42.736479
59.830501
25.642457
-76.921674
-128.203740
-85.468685
17.095446
102.565556
85.471534
-17.092597
-94.015696
-76.921674
0.001425
76.924523
76.924523
-17.092597
-85.468685
-85.468685
-17.092597
102.565556
85.471534
0.001425
-25.639608
-68.374663
-42.733630
51.283490
76.924523
51.283490
-8.545586
-8.545586
0.001425
-25.639608
8.548435
8.548435
0.001425
42.736479
8.548435
-59.827652
-59.827652
-8.545586
17.095446
25.642457
42.736479
34.189468
-17.092597
-51.280641
-68.374663
-17.092597
51.283490
68.377512
34.189468
-34.186619
-76.921674
-25.639608
51.283490
102.565556
85.471534
-25.639608
-102.562707
-102.562707
-8.545586
111.112567
111.112567
-25.639608
-119.656729
-85.468685
8.548435
76.924523
85.471534
34.189468
-34.186619
-8.545586
8.548435
-8.545586
17.095446
25.642457
-34.186619
8.548435
76.924523
76.924523
51.283490
-25.639608
-34.186619
0.001425
25.642457
34.189468
42.736479
-8.545586
-51.280641
34.189468
111.112567
68.377512
-8.545586
-25.639608
-59.827652
-68.374663
25.642457
111.112567
59.830501
-76.921674
-128.203740
-34.186619
17.095446
34.189468
68.377512
25.642457
-76.921674
-136.750751
-59.827652
34.189468
51.283490
17.095446
-8.545586
-68.374663
-102.562707
-42.733630
8.548435
42.736479
-8.545586
-68.374663
-76.921674
-17.092597
34.189468
25.642457
-25.639608
-42.733630
-25.639608
-42.733630
-25.639608
51.283490
59.830501
-25.639608
-59.827652
-34.186619
0.001425
25.642457
8.548435
-8.545586
-34.186619
0.001425
34.189468
0.001425
-8.545586
-17.092597
-17.092597
25.642457
17.095446
25.642457
-34.186619
-76.921674
8.548435
59.830501
94.018545
59.830501
-34.186619
-68.374663
-42.733630
17.095446
51.283490
59.830501
0.001425
-76.921674
-68.374663
8.548435
76.924523
42.736479
51.283490
59.830501
-25.639608
-111.109718
-85.468685
17.095446
85.471534
51.283490
17.095446
-25.639608
-8.545586
42.736479
59.830501
51.283490
8.548435
-34.186619
-51.280641
-25.639608
8.548435
42.736479
8.548435
-17.092597
8.548435
-8.545586
-34.186619
-8.545586
25.642457
42.736479
-8.545586
0.001425
17.095446
-8.545586
-25.639608
-17.092597
34.189468
51.283490
8.548435
0.001425
-34.186619
-17.092597
17.095446
51.283490
51.283490
8.548435
-42.733630
-51.280641
-34.186619
17.095446
59.830501
51.283490
17.095446
-25.639608
-17.092597
-25.639608
-34.186619
25.642457
85.471534
59.830501
-59.827652
-94.015696
-25.639608
8.548435
-25.639608
-17.092597
17.095446
-34.186619
-76.921674
-25.639608
42.736479
42.736479
-17.092597
-8.545586
-51.280641
-102.562707
-51.280641
25.642457
34.189468
0.001425
-8.545586
-34.186619
-51.280641
17.095446
85.471534
42.736479
0.001425
-17.092597
0.001425
-17.092597
0.001425
42.736479
34.189468
51.283490
42.736479
-8.545586
-25.639608
-8.545586
25.642457
8.548435
17.095446
17.095446
-59.827652
-102.562707
-42.733630
25.642457
25.642457
17.095446
8.548435
-25.639608
-51.280641
-34.186619
-8.545586
51.283490
34.189468
-25.639608
-34.186619
-25.639608
-8.545586
-17.092597
0.001425
25.642457
-17.092597
-34.186619
-8.545586
-17.092597
0.001425
34.189468
34.189468
-17.092597
-25.639608
-17.092597
-17.092597
34.189468
51.283490
25.642457
0.001425
-42.733630
-42.733630
34.189468
68.377512
76.924523
8.548435
-25.639608
-51.280641
-17.092597
76.924523
102.565556
59.830501
8.548435
-25.639608
-34.186619
-8.545586
34.189468
68.377512
85.471534
8.548435
-17.092597
-25.639608
-34.186619
25.642457
34.189468
0.001425
25.642457
-8.545586
-8.545586
34.189468
8.548435
-17.092597
-8.545586
8.548435
8.548435
-51.280641
-42.733630
0.001425
-8.545586
25.642457
42.736479
-17.092597
-59.827652
-59.827652
-25.639608
42.736479
17.095446
-25.639608
-34.186619
-51.280641
-59.827652
8.548435
76.924523
68.377512
-17.092597
-59.827652
-34.186619
0.001425
25.642457
34.189468
42.736479
0.001425
-68.374663
-42.733630
-17.092597
0.001425
-8.545586
-8.545586
-25.639608
-17.092597
17.095446
25.642457
-34.186619
-34.186619
8.548435
34.189468
8.548435
17.095446
0.001425
-51.280641
-8.545586
42.736479
42.736479
-8.545586
-51.280641
-34.186619
-25.639608
25.642457
59.830501
42.736479
0.001425
-25.639608
-42.733630
-25.639608
34.189468
17.095446
17.095446
42.736479
0.001425
-34.186619
-17.092597
17.095446
42.736479
17.095446
-17.092597
0.001425
-8.545586
8.548435
34.189468
25.642457
-17.092597
-17.092597
34.189468
59.830501
8.548435
-17.092597
-17.092597
-17.092597
0.001425
0.001425
0.001425
-42.733630
0.001425
34.189468
42.736479
25.642457
-42.733630
-51.280641
8.548435
42.736479
42.736479
17.095446
-25.639608
-34.186619
-34.186619
0.001425
34.189468
17.095446
0.001425
-8.545586
-25.639608
0.001425
8.548435
17.095446
0.001425
-42.733630
-34.186619
-8.545586
25.642457
34.189468
8.548435
8.548435
-8.545586
-25.639608
0.001425
25.642457
0.001425
-42.733630
-42.733630
0.001425
34.189468
8.548435
-25.639608
-17.092597
-34.186619
-8.545586
8.548435
8.548435
0.001425
-25.639608
-17.092597
-25.639608
-17.092597
42.736479
8.548435
-59.827652
-59.827652
0.001425
42.736479
17.095446
17.095446
-17.092597
-59.827652
-42.733630
0.001425
51.283490
25.642457
-34.186619
0.001425
17.095446
8.548435
25.642457
25.642457
0.001425
-17.092597
8.548435
8.548435
-25.639608
-25.639608
8.548435
-8.545586
-8.545586
8.548435
-8.545586
17.095446
8.548435
-8.545586
0.001425
25.642457
34.189468
8.548435
-17.092597
-8.545586
25.642457
34.189468
25.642457
25.642457
0.001425
-34.186619
-8.545586
42.736479
59.830501
51.283490
-17.092597
-34.186619
-17.092597
0.001425
51.283490
59.830501
8.548435
0.001425
17.095446
17.095446
17.095446
8.548435
0.001425
-17.092597
-25.639608
17.095446
17.095446
8.548435
0.001425
-25.639608
-17.092597
8.548435
25.642457
8.548435
-42.733630
-51.280641
-34.186619
8.548435
34.189468
-34.186619
-68.374663
-76.921674
-34.186619
34.189468
42.736479
17.095446
-42.733630
-68.374663
-42.733630
0.001425
76.924523
51.283490
-51.280641
-76.921674
-51.280641
17.095446
51.283490
25.642457
25.642457
-8.545586
-34.186619
0.001425
8.548435
-8.545586
-8.545586
17.095446
0.001425
8.548435
25.642457
-8.545586
0.001425
0.001425
0.001425
0.001425
0.001425
-8.545586
-34.186619
-34.186619
8.548435
34.189468
0.001425
-42.733630
-17.092597
-34.186619
-25.639608
42.736479
34.189468
-17.092597
-42.733630
-34.186619
-17.092597
25.642457
68.377512
42.736479
-8.545586
-59.827652
-34.186619
17.095446
59.830501
51.283490
-8.545586
-25.639608
17.095446
25.642457
42.736479
51.283490
42.736479
-17.092597
-68.374663
0.001425
17.095446
17.095446
-8.545586
8.548435
25.642457
8.548435
25.642457
17.095446
-8.545586
0.001425
8.548435
8.548435
8.548435
8.548435
-25.639608
-59.827652
-34.186619
42.736479
68.377512
-17.092597
-68.374663
-34.186619
8.548435
42.736479
51.283490
42.736479
-34.186619
-76.921674
-59.827652
8.548435
51.283490
8.548435
-59.827652
-68.374663
-25.639608
0.001425
25.642457
34.189468
-8.545586
-68.374663
-85.468685
-34.186619
34.189468
59.830501
25.642457
-25.639608
-59.827652
-42.733630
0.001425
34.189468
25.642457
-8.545586
-8.545586
0.001425
8.548435
17.095446
8.548435
0.001425
-17.092597
25.642457
42.736479
25.642457
8.548435
-42.733630
-34.186619
34.189468
59.830501
25.642457
-17.092597
-59.827652
-94.015696
-25.639608
85.471534
102.565556
8.548435
-94.015696
-85.468685
-25.639608
68.377512
76.924523
42.736479
-17.092597
-76.921674
-25.639608
42.736479
76.924523
42.736479
-8.545586
-34.186619
-51.280641
-8.545586
59.830501
59.830501
0.001425
-34.186619
0.001425
0.001425
-25.639608
0.001425
17.095446
-17.092597
-25.639608
8.548435
25.642457
0.001425
0.001425
0.001425
8.548435
42.736479
25.642457
0.001425
-17.092597
-25.639608
17.095446
68.377512
51.283490
0.001425
-34.186619
-25.639608
-17.092597
25.642457
51.283490
51.283490
0.001425
-42.733630
-25.639608
-8.545586
51.283490
51.283490
8.548435
-25.639608
-68.374663
0.001425
68.377512
34.189468
-17.092597
-59.827652
-59.827652
-25.639608
17.095446
25.642457
17.095446
-34.186619
-51.280641
-17.092597
8.548435
-8.545586
-17.092597
-8.545586
-8.545586
17.095446
17.095446
8.548435
-25.639608
-25.639608
0.001425
-8.545586
17.095446
8.548435
-59.827652
-68.374663
-17.092597
42.736479
68.377512
25.642457
-34.186619
-59.827652
-51.280641
8.548435
59.830501
42.736479
-8.545586
-68.374663
-51.280641
17.095446
51.283490
59.830501
-8.545586
-59.827652
-34.186619
17.095446
51.283490
51.283490
25.642457
-34.186619
-59.827652
0.001425
25.642457
8.548435
17.095446
-8.545586
-25.639608
0.001425
25.642457
25.642457
-8.545586
-34.186619
-17.092597
34.189468
42.736479
0.001425
-25.639608
-42.733630
17.095446
68.377512
59.830501
59.830501
8.548435
-76.921674
-51.280641
34.189468
85.471534
68.377512
-8.545586
-76.921674
-59.827652
-8.545586
68.377512
85.471534
25.642457
-8.545586
-25.639608
-8.545586
34.189468
76.924523
34.189468
-42.733630
-42.733630
-34.186619
-17.092597
8.548435
17.095446
-17.092597
-42.733630
-8.545586
0.001425
34.189468
8.548435
-68.374663
-76.921674
-34.186619
8.548435
34.189468
8.548435
-34.186619
-17.092597
0.001425
34.189468
34.189468
-25.639608
-59.827652
-34.186619
0.001425
42.736479
34.189468
8.548435
-34.186619
-68.374663
-25.639608
-8.545586
25.642457
25.642457
-34.186619
-25.639608
-25.639608
-17.092597
25.642457
17.095446
-25.639608
-34.186619
-17.092597
-8.545586
25.642457
17.095446
-25.639608
8.548435
-8.545586
-17.092597
17.095446
17.095446
17.095446
-17.092597
17.095446
17.095446
8.548435
8.548435
0.001425
-8.545586
0.001425
17.095446
8.548435
-34.186619
-42.733630
-34.186619
17.095446
42.736479
8.548435
-8.545586
0.001425
-8.545586
-17.092597
25.642457
34.189468
17.095446
-25.639608
-42.733630
8.548435
59.830501
42.736479
25.642457
8.548435
-59.827652
-34.186619
34.189468
59.830501
34.189468
-8.545586
-17.092597
-25.639608
-34.186619
0.001425
17.095446
-8.545586
0.001425
0.001425
-8.545586
-8.545586
-17.092597
-17.092597
17.095446
8.548435
25.642457
0.001425
-34.186619
8.548435
17.095446
17.095446
17.095446
8.548435
-8.545586
-8.545586
17.095446
8.548435
0.001425
8.548435
-17.092597
-8.545586
8.548435
-17.092597
0.001425
25.642457
0.001425
-8.545586
-17.092597
-25.639608
-25.639608
25.642457
42.736479
8.548435
-8.545586
-25.639608
-8.545586
-17.092597
8.548435
34.189468
8.548435
0.001425
0.001425
0.001425
0.001425
0.001425
8.548435
17.095446
8.548435
-17.092597
-8.545586
-8.545586
-25.639608
-17.092597
8.548435
-17.092597
-42.733630
-17.092597
0.001425
17.095446
25.642457
-8.545586
-51.280641
-8.545586
8.548435
-8.545586
8.548435
0.001425
-25.639608
17.095446
8.548435
8.548435
51.283490
17.095446
0.001425
0.001425
0.001425
-8.545586
-8.545586
17.095446
-8.545586
-17.092597
17.095446
8.548435
-8.545586
-8.545586
0.001425
-17.092597
0.001425
8.548435
-8.545586
-25.639608
-17.092597
8.548435
17.095446
8.548435
8.548435
8.548435
-25.639608
-42.733630
0.001425
8.548435
25.642457
17.095446
0.001425
8.548435
8.548435
0.001425
-17.092597
-25.639608
-25.639608
-25.639608
8.548435
25.642457
42.736479
25.642457
8.548435
25.642457
-17.092597
-34.186619
-8.545586
-17.092597
8.548435
8.548435
-8.545586
-17.092597
-51.280641
-34.186619
17.095446
0.001425
17.095446
25.642457
-17.092597
-51.280641
-34.186619
17.095446
34.189468
-25.639608
-8.545586
-8.545586
-17.092597
8.548435
8.548435
25.642457
17.095446
8.548435
0.001425
-34.186619
-25.639608
8.548435
0.001425
0.001425
0.001425
-8.545586
8.548435
17.095446
17.095446
8.548435
25.642457
42.736479
8.548435
8.548435
-17.092597
-17.092597
-8.545586
8.548435
34.189468
8.548435
-17.092597
-25.639608
-17.092597
51.283490
42.736479
0.001425
-8.545586
0.001425
-8.545586
8.548435
34.189468
25.642457
-8.545586
-25.639608
-17.092597
25.642457
34.189468
8.548435
17.095446
-8.545586
-25.639608
-17.092597
0.001425
34.189468
34.189468
8.548435
-17.092597
-17.092597
0.001425
0.001425
-8.545586
0.001425
8.548435
8.548435
-8.545586
-17.092597
8.548435
34.189468
17.095446
-8.545586
8.548435
0.001425
0.001425
0.001425
8.548435
34.189468
17.095446
0.001425
-17.092597
-42.733630
-34.186619
-8.545586
25.642457
8.548435
-25.639608
-25.639608
-34.186619
-17.092597
17.095446
8.548435
0.001425
-25.639608
-51.280641
-17.092597
0.001425
-8.545586
0.001425
17.095446
-34.186619
-34.186619
-34.186619
-17.092597
8.548435
17.095446
25.642457
-8.545586
-25.639608
0.001425
17.095446
42.736479
8.548435
-34.186619
-17.092597
-17.092597
-25.639608
0.001425
0.001425
0.001425
0.001425
8.548435
8.548435
8.548435
-8.545586
0.001425
8.548435
17.095446
0.001425
-25.639608
0.001425
0.001425
17.095446
17.095446
-8.545586
17.095446
0.001425
-17.092597
0.001425
0.001425
8.548435
42.736479
8.548435
-25.639608
-8.545586
8.548435
17.095446
25.642457
17.095446
-25.639608
-34.186619
-8.545586
8.548435
25.642457
17.095446
0.001425
8.548435
17.095446
0.001425
-25.639608
8.548435
25.642457
0.001425
8.548435
-8.545586
-17.092597
-17.092597
0.001425
25.642457
17.095446
0.001425
-8.545586
8.548435
34.189468
17.095446
17.095446
-8.545586
-17.092597
-17.092597
-17.092597
-17.092597
8.548435
0.001425
-17.092597
0.001425
17.095446
-8.545586
0.001425
25.642457
-17.092597
-25.639608
-17.092597
-8.545586
-17.092597
8.548435
0.001425
-8.545586
-25.639608
-8.545586
8.548435
-8.545586
0.001425
0.001425
-17.092597
-8.545586
0.001425
34.189468
17.095446
17.095446
-8.545586
8.548435
42.736479
8.548435
0.001425
0.001425
-25.639608
-25.639608
0.001425
0.001425
0.001425
-8.545586
-34.186619
-8.545586
0.001425
0.001425
25.642457
-8.545586
-25.639608
-17.092597
8.548435
17.095446
-8.545586
-17.092597
0.001425
8.548435
25.642457
8.548435
0.001425
-17.092597
-34.186619
-8.545586
-17.092597
17.095446
17.095446
8.548435
0.001425
-8.545586
8.548435
0.001425
-25.639608
-17.092597
8.548435
0.001425
-8.545586
34.189468
8.548435
-34.186619
-8.545586
-8.545586
0.001425
8.548435
-17.092597
0.001425
8.548435
17.095446
8.548435
17.095446
34.189468
17.095446
-17.092597
-8.545586
8.548435
17.095446
17.095446
-17.092597
8.548435
8.548435
8.548435
0.001425
8.548435
0.001425
0.001425
0.001425
0.001425
8.548435
-8.545586
-17.092597
-8.545586
-8.545586
-8.545586
8.548435
17.095446
-8.545586
8.548435
0.001425
-17.092597
-25.639608
0.001425
25.642457
25.642457
17.095446
8.548435
0.001425
-8.545586
-25.639608
-25.639608
0.001425
0.001425
8.548435
17.095446
0.001425
-17.092597
-8.545586
-8.545586
8.548435
0.001425
17.095446
8.548435
-25.639608
-17.092597
-25.639608
0.001425
-8.545586
-8.545586
-8.545586
8.548435
34.189468
0.001425
8.548435
8.548435
8.548435
0.001425
17.095446
25.642457
17.095446
8.548435
-17.092597
-8.545586
59.830501
17.095446
-17.092597
-17.092597
8.548435
25.642457
-17.092597
-34.186619
0.001425
17.095446
-8.545586
-17.092597
-8.545586
17.095446
42.736479
17.095446
-8.545586
-8.545586
-17.092597
0.001425
34.189468
-25.639608
-51.280641
-34.186619
34.189468
51.283490
-8.545586
-25.639608
-42.733630
-17.092597
51.283490
42.736479
-25.639608
-51.280641
-17.092597
-25.639608
8.548435
34.189468
25.642457
-34.186619
-17.092597
17.095446
0.001425
-8.545586
-8.545586
8.548435
8.548435
-8.545586
-8.545586
-8.545586
8.548435
-17.092597
-59.827652
-25.639608
0.001425
-25.639608
-34.186619
17.095446
0.001425
-42.733630
-34.186619
0.001425
8.548435
-8.545586
8.548435
8.548435
0.001425
8.548435
-8.545586
8.548435
17.095446
34.189468
25.642457
-25.639608
-17.092597
0.001425
0.001425
0.001425
8.548435
17.095446
-8.545586
17.095446
68.377512
0.001425
-59.827652
-42.733630
8.548435
42.736479
68.377512
34.189468
-34.186619
-42.733630
8.548435
25.642457
34.189468
17.095446
-34.186619
-51.280641
8.548435
85.471534
51.283490
0.001425
-17.092597
25.642457
59.830501
25.642457
-51.280641
-51.280641
17.095446
111.112567
119.659578
0.001425
-76.921674
-42.733630
0.001425
59.830501
59.830501
-34.186619
-85.468685
8.548435
59.830501
0.001425
-25.639608
-25.639608
-34.186619
8.548435
68.377512
42.736479
-59.827652
-111.109718
-25.639608
59.830501
0.001425
-34.186619
8.548435
-8.545586
-17.092597
8.548435
17.095446
-34.186619
-59.827652
34.189468
76.924523
0.001425
-42.733630
-17.092597
-8.545586
-25.639608
-17.092597
8.548435
-8.545586
-25.639608
0.001425
42.736479
8.548435
-42.733630
-25.639608
34.189468
8.548435
-51.280641
-51.280641
0.001425
51.283490
17.095446
-17.092597
17.095446
-25.639608
-34.186619
34.189468
42.736479
-34.186619
-17.092597
59.830501
0.001425
-85.468685
-25.639608
51.283490
8.548435
-42.733630
17.095446
59.830501
25.642457
-34.186619
-59.827652
-51.280641
17.095446
68.377512
51.283490
0.001425
-59.827652
-42.733630
8.548435
42.736479
34.189468
17.095446
17.095446
-25.639608
-25.639608
-8.545586
17.095446
17.095446
17.095446
42.736479
42.736479
8.548435
-25.639608
-34.186619
-34.186619
8.548435
59.830501
42.736479
25.642457
25.642457
-34.186619
-119.656729
-25.639608
145.300611
94.018545
-94.015696
-51.280641
59.830501
34.189468
-17.092597
0.001425
17.095446
-59.827652
-25.639608
59.830501
51.283490
17.095446
-42.733630
-68.374663
68.377512
136.753600
8.548435
-153.844773
-119.656729
25.642457
68.377512
94.018545
136.753600
17.095446
-145.297762
-153.844773
-76.921674
-8.545586
76.924523
213.676699
188.035666
-59.827652
-239.314883
-196.579828
-85.468685
-59.827652
-8.545586
179.488655
213.676699
-25.639608
-17.092597
564.104149
333.334853
-1905.982024
-2854.700244
1000.001709
4957.267794
2008.549005
-4153.845913
-3914.529605
2111.113137
4051.284630
-726.494509
-4017.093737
-572.648311
3846.156366
2376.070478
-2188.033387
-2726.495079
504.275072
1461.540302
-777.776575
-1162.392069
1504.275357
2042.737049
-923.075762
-2102.563277
247.864743
1316.241116
-820.511630
-1512.819519
1153.847907
2461.540587
-264.955916
-2658.118991
-683.759454
2247.865313
974.360676
-2290.597519
-1521.366530
2273.506346
2427.352543
-1170.939080
-2239.315453
59.830501
1111.112852
94.018545
-273.502927
213.676699
42.736479
-384.614070
0.001425
555.557138
273.505776
-358.973037
-367.520048
34.189468
94.018545
34.189468
102.565556
222.223710
145.300611
-358.973037
-418.802114
384.616919
504.275072
-435.896136
-623.930377
341.881864
726.497358
51.283490
-290.596949
-17.092597
-17.092597
-230.767872
-247.861894
119.659578
709.403336
487.181050
-564.101300
-726.494509
179.488655
444.445996
-68.374663
-170.938795
213.676699
230.770721
-119.656729
-290.596949
-102.562707
230.770721
162.394633
-307.690971
-350.426026
358.975886
623.933226
-196.579828
-649.571410
-94.015696
264.958765
68.377512
-17.092597
42.736479
8.548435
68.377512
-25.639608
-470.084180
-367.520048
581.198171
769.232413
-435.896136
-871.793696
350.428875
905.984589
-239.314883
-1034.186904
-188.032817
888.890567
538.463116
-512.819234
-555.554289
410.257952
623.933226
-589.742333
-1111.110003
290.599798
1222.223995
128.206589
-863.246685
-119.656729
606.839204
-34.186619
-666.665432
-367.520048
290.599798
598.292193
119.659578
-418.802114
145.300611
615.386215
-658.118421
-1581.195607
162.394633
1957.266939
743.591380
-1350.426311
-965.810816
666.668281
735.044369
-418.802114
-777.776575
68.377512
940.172633
641.027248
-461.537169
-641.024399
230.770721
256.411754
-649.571410
-470.084180
846.155512
1068.377797
-256.408905
-905.981740
-8.545586
606.839204
-247.861894
-948.716795
119.659578
1384.617204
632.480237
-991.451849
-931.622773
444.445996
743.591380
-324.784993
-683.759454
333.334853
760.685402
-76.921674
-376.067059
205.129688
68.377512
-623.930377
-299.143960
606.839204
589.745182
-111.109718
-316.237982
-34.186619
17.095446
-85.468685
42.736479
213.676699
85.471534
-153.844773
-85.468685
196.582677
213.676699
-145.297762
-341.879015
-68.374663
222.223710
94.018545
-188.032817
94.018545
444.445996
-25.639608
-649.571410
-264.955916
495.728061
418.804963
-290.596949
-521.366245
94.018545
641.027248
128.206589
-735.041520
-376.067059
572.651160
393.163930
-384.614070
-188.032817
461.540018
162.394633
-581.195322
-316.237982
452.993007
350.428875
-239.314883
-273.502927
17.095446
119.659578
85.471534
25.642457
-94.015696
-230.767872
-136.750751
119.659578
239.317732
51.283490
-213.673850
-128.203740
-17.092597
-196.579828
-111.109718
290.599798
213.676699
-282.049938
-247.861894
247.864743
333.334853
-145.297762
-452.990158
-179.485806
333.334853
333.334853
-196.579828
-264.955916
290.599798
393.163930
-307.690971
-658.118421
-8.545586
598.292193
256.411754
-418.802114
-290.596949
384.616919
350.428875
-316.237982
-435.896136
68.377512
213.676699
0.001425
59.830501
316.240831
42.736479
-547.007278
-384.614070
376.069908
376.069908
-324.784993
-324.784993
461.540018
521.369094
-358.973037
-606.836355
128.206589
452.993007
-25.639608
-282.049938
170.941644
461.540018
68.377512
-418.802114
-264.955916
239.317732
213.676699
-145.297762
-59.827652
333.334853
264.958765
-128.203740
-247.861894
0.001425
188.035666
-17.092597
-239.314883
-42.733630
213.676699
153.847622
-8.545586
51.283490
59.830501
-213.673850
-316.237982
25.642457
376.069908
196.582677
-264.955916
-290.596949
205.129688
384.616919
-42.733630
-418.802114
-205.126839
128.206589
179.488655
162.394633
76.924523
-136.750751
-170.938795
-34.186619
68.377512
111.112567
-25.639608
-188.032817
8.548435
290.599798
111.112567
-264.955916
-170.938795
111.112567
85.471534
-76.921674
-102.562707
34.189468
102.565556
-17.092597
-76.921674
42.736479
111.112567
-59.827652
-188.032817
-68.374663
51.283490
85.471534
51.283490
-51.280641
-59.827652
51.283490
-8.545586
-136.750751
-42.733630
85.471534
-8.545586
-119.656729
85.471534
256.411754
-8.545586
-264.955916
-111.109718
162.394633
136.753600
-102.562707
-111.109718
68.377512
94.018545
-94.015696
-145.297762
153.847622
230.770721
-162.391784
-384.614070
-17.092597
384.616919
205.129688
-196.579828
-196.579828
34.189468
136.753600
34.189468
-111.109718
-76.921674
59.830501
85.471534
34.189468
17.095446
-42.733630
-51.280641
25.642457
25.642457
25.642457
85.471534
42.736479
-68.374663
-8.545586
102.565556
76.924523
-59.827652
-153.844773
17.095446
196.582677
51.283490
-119.656729
-42.733630
59.830501
-17.092597
-94.015696
17.095446
68.377512
-68.374663
-119.656729
42.736479
162.394633
25.642457
-188.032817
-119.656729
111.112567
59.830501
-85.468685
8.548435
145.300611
17.095446
-153.844773
-179.485806
-25.639608
179.488655
205.129688
59.830501
-42.733630
-17.092597
-76.921674
-162.391784
-51.280641
119.659578
136.753600
85.471534
111.112567
51.283490
-119.656729
-222.220861
-128.203740
76.924523
230.770721
170.941644
-8.545586
-51.280641
8.548435
-119.656729
-256.408905
-59.827652
179.488655
94.018545
-17.092597
68.377512
145.300611
0.001425
-162.391784
-119.656729
8.548435
51.283490
-25.639608
-8.545586
145.300611
136.753600
-102.562707
-196.579828
-8.545586
94.018545
-42.733630
-85.468685
162.394633
222.223710
34.189468
-68.374663
-102.562707
-153.844773
-94.015696
102.565556
85.471534
-42.733630
68.377512
119.659578
-42.733630
-153.844773
-102.562707
-59.827652
17.095446
145.300611
94.018545
-68.374663
-17.092597
94.018545
-111.109718
-264.955916
-68.374663
111.112567
119.659578
111.112567
85.471534
-42.733630
-102.562707
-25.639608
0.001425
-42.733630
-25.639608
42.736479
85.471534
111.112567
17.095446
-128.203740
-128.203740
-17.092597
0.001425
0.001425
76.924523
68.377512
0.001425
0.001425
25.642457
-42.733630
-94.015696
-17.092597
34.189468
25.642457
68.377512
128.206589
8.548435
-111.109718
-51.280641
-17.092597
-59.827652
0.001425
136.753600
59.830501
-102.562707
-25.639608
76.924523
-25.639608
-136.750751
-34.186619
59.830501
68.377512
17.095446
-8.545586
17.095446
-8.545586
-51.280641
-25.639608
8.548435
-8.545586
8.548435
17.095446
-17.092597
8.548435
59.830501
8.548435
-68.374663
-59.827652
-17.092597
25.642457
34.189468
-8.545586
-25.639608
85.471534
153.847622
0.001425
-136.750751
-76.921674
17.095446
76.924523
34.189468
-25.639608
-17.092597
8.548435
51.283490
68.377512
-17.092597
-59.827652
-17.092597
76.924523
34.189468
-34.186619
25.642457
34.189468
-51.280641
-76.921674
25.642457
68.377512
68.377512
34.189468
-8.545586
-42.733630
-76.921674
-34.186619
42.736479
25.642457
-8.545586
-34.186619
-25.639608
59.830501
59.830501
-34.186619
-76.921674
-8.545586
59.830501
34.189468
-17.092597
0.001425
76.924523
59.830501
-76.921674
-111.109718
0.001425
68.377512
-8.545586
-94.015696
-42.733630
111.112567
111.112567
-8.545586
-25.639608
-8.545586
-51.280641
-119.656729
-25.639608
68.377512
17.095446
0.001425
68.377512
34.189468
-94.015696
-128.203740
-8.545586
68.377512
17.095446
0.001425
8.548435
-8.545586
-42.733630
-85.468685
-68.374663
25.642457
51.283490
-17.092597
-51.280641
17.095446
17.095446
-51.280641
-59.827652
-17.092597
0.001425
42.736479
68.377512
0.001425
-102.562707
-51.280641
68.377512
68.377512
-51.280641
-128.203740
-34.186619
76.924523
68.377512
51.283490
0.001425
-68.374663
-51.280641
0.001425
-8.545586
17.095446
59.830501
17.095446
-17.092597
17.095446
51.283490
-8.545586
-85.468685
-94.015696
42.736479
102.565556
25.642457
-59.827652
-8.545586
76.924523
34.189468
-17.092597
8.548435
17.095446
-42.733630
-34.186619
42.736479
68.377512
-17.092597
-94.015696
0.001425
34.189468
0.001425
8.548435
17.095446
8.548435
0.001425
59.830501
76.924523
-8.545586
-76.921674
-8.545586
59.830501
25.642457
25.642457
25.642457
-8.545586
34.189468
17.095446
-59.827652
-76.921674
-17.092597
68.377512
42.736479
-17.092597
-8.545586
-34.186619
-42.733630
-42.733630
-17.092597
34.189468
25.642457
-17.092597
-42.733630
0.001425
76.924523
51.283490
-34.186619
-17.092597
8.548435
-17.092597
-42.733630
-17.092597
59.830501
59.830501
-25.639608
-25.639608
85.471534
76.924523
-94.015696
-162.391784
8.548435
94.018545
34.189468
-17.092597
8.548435
0.001425
-51.280641
8.548435
94.018545
25.642457
-111.109718
-94.015696
51.283490
119.659578
17.095446
-85.468685
-59.827652
51.283490
25.642457
-59.827652
-34.186619
0.001425
-25.639608
34.189468
94.018545
17.095446
-68.374663
-76.921674
17.095446
85.471534
25.642457
-17.092597
25.642457
34.189468
-8.545586
-42.733630
-59.827652
-42.733630
34.189468
42.736479
-59.827652
-59.827652
51.283490
68.377512
-8.545586
-85.468685
-94.015696
8.548435
85.471534
59.830501
-42.733630
-68.374663
51.283490
68.377512
-25.639608
-51.280641
-59.827652
8.548435
34.189468
-8.545586
-17.092597
42.736479
68.377512
-8.545586
-68.374663
8.548435
34.189468
8.548435
17.095446
59.830501
51.283490
0.001425
-25.639608
-17.092597
-8.545586
-25.639608
-25.639608
-8.545586
59.830501
42.736479
-42.733630
-51.280641
-51.280641
-34.186619
8.548435
25.642457
34.189468
17.095446
-25.639608
-25.639608
0.001425
-8.545586
-25.639608
17.095446
59.830501
17.095446
-59.827652
-25.639608
17.095446
8.548435
0.001425
25.642457
42.736479
0.001425
-25.639608
-8.545586
-8.545586
-17.092597
-17.092597
-8.545586
34.189468
102.565556
68.377512
-59.827652
-85.468685
8.548435
34.189468
8.548435
0.001425
0.001425
25.642457
25.642457
-17.092597
-34.186619
-25.639608
25.642457
8.548435
-8.545586
8.548435
34.189468
59.830501
8.548435
-34.186619
-42.733630
-25.639608
25.642457
25.642457
17.095446
8.548435
17.095446
0.001425
-8.545586
-8.545586
-51.280641
-59.827652
17.095446
76.924523
0.001425
-68.374663
0.001425
17.095446
-17.092597
0.001425
34.189468
25.642457
-8.545586
0.001425
25.642457
34.189468
34.189468
-17.092597
-76.921674
-34.186619
34.189468
42.736479
0.001425
-42.733630
-42.733630
8.548435
42.736479
17.095446
-25.639608
