-6.210106
-6.210106
6.227727
-6.210106
-6.210106
-6.210106
-6.210106
0.008810
0.008810
12.446643
0.008810
-6.210106
0.008810
0.008810
0.008810
12.446643
0.008810
0.008810
6.227727
0.008810
-12.429023
0.008810
18.665559
6.227727
0.008810
-6.210106
6.227727
6.227727
12.446643
12.446643
12.446643
-6.210106
-6.210106
18.665559
0.008810
12.446643
18.665559
-6.210106
-24.866856
-18.647939
-6.210106
-12.429023
0.008810
0.008810
-6.210106
0.008810
-6.210106
18.665559
6.227727
-12.429023
0.008810
12.446643
0.008810
12.446643
0.008810
-12.429023
6.227727
6.227727
18.665559
6.227727
0.008810
-12.429023
-12.429023
-18.647939
-12.429023
-6.210106
6.227727
0.008810
0.008810
12.446643
-6.210106
-12.429023
6.227727
6.227727
6.227727
-6.210106
-6.210106
12.446643
12.446643
18.665559
24.884476
-6.210106
-24.866856
0.008810
12.446643
12.446643
-6.210106
-12.429023
0.008810
0.008810
6.227727
18.665559
12.446643
-12.429023
-31.085772
-24.866856
0.008810
-6.210106
0.008810
-6.210106
-24.866856
0.008810
12.446643
-6.210106
-18.647939
-6.210106
0.008810
-6.210106
6.227727
6.227727
0.008810
-24.866856
-24.866856
-6.210106
6.227727
12.446643
0.008810
-12.429023
-12.429023
6.227727
18.665559
0.008810
12.446643
12.446643
-24.866856
0.008810
0.008810
0.008810
12.446643
24.884476
18.665559
-12.429023
-6.210106
0.008810
-6.210106
12.446643
0.008810
0.008810
-31.085772
-24.866856
0.008810
0.008810
0.008810
0.008810
-12.429023
-6.210106
0.008810
18.665559
6.227727
-18.647939
-6.210106
-6.210106
0.008810
12.446643
12.446643
6.227727
18.665559
12.446643
-12.429023
-6.210106
12.446643
0.008810
-6.210106
6.227727
12.446643
0.008810
6.227727
0.008810
6.227727
18.665559
12.446643
12.446643
-18.647939
-31.085772
0.008810
12.446643
6.227727
12.446643
12.446643
18.665559
0.008810
0.008810
0.008810
-6.210106
-6.210106
-12.429023
0.008810
-6.210106
-6.210106
6.227727
-12.429023
6.227727
6.227727
0.008810
6.227727
12.446643
0.008810
-6.210106
-6.210106
-6.210106
6.227727
6.227727
6.227727
12.446643
6.227727
0.008810
6.227727
12.446643
6.227727
6.227727
6.227727
0.008810
-6.210106
6.227727
12.446643
6.227727
0.008810
0.008810
6.227727
0.008810
12.446643
0.008810
0.008810
0.008810
-12.429023
6.227727
6.227727
-6.210106
-6.210106
-6.210106
-18.647939
-31.085772
-12.429023
-6.210106
-18.647939
-18.647939
-18.647939
-12.429023
6.227727
6.227727
-6.210106
0.008810
6.227727
-18.647939
-12.429023
0.008810
12.446643
12.446643
6.227727
0.008810
6.227727
12.446643
0.008810
-6.210106
0.008810
-6.210106
-18.647939
-6.210106
12.446643
12.446643
-18.647939
-24.866856
-6.210106
-6.210106
6.227727
6.227727
0.008810
6.227727
-6.210106
12.446643
31.103392
12.446643
0.008810
6.227727
6.227727
-6.210106
0.008810
12.446643
0.008810
18.665559
18.665559
12.446643
31.103392
6.227727
0.008810
0.008810
12.446643
0.008810
-6.210106
18.665559
6.227727
-18.647939
12.446643
12.446643
12.446643
12.446643
12.446643
18.665559
12.446643
6.227727
6.227727
6.227727
-6.210106
-12.429023
12.446643
6.227727
-6.210106
0.008810
0.008810
6.227727
18.665559
-6.210106
-12.429023
-6.210106
-12.429023
0.008810
6.227727
6.227727
-6.210106
-18.647939
-12.429023
-37.304688
-12.429023
-6.210106
-12.429023
-6.210106
-18.647939
-24.866856
-24.866856
-18.647939
-24.866856
-18.647939
0.008810
-6.210106
-6.210106
-6.210106
-6.210106
-6.210106
6.227727
0.008810
6.227727
-6.210106
-12.429023
-6.210106
-18.647939
-18.647939
0.008810
12.446643
6.227727
6.227727
24.884476
6.227727
18.665559
31.103392
24.884476
18.665559
6.227727
37.322309
31.103392
24.884476
18.665559
24.884476
24.884476
6.227727
37.322309
55.979058
31.103392
18.665559
31.103392
43.541225
37.322309
37.322309
37.322309
24.884476
18.665559
24.884476
49.760142
49.760142
31.103392
31.103392
12.446643
18.665559
12.446643
6.227727
6.227727
0.008810
6.227727
6.227727
0.008810
-24.866856
-31.085772
-18.647939
-37.304688
-37.304688
-37.304688
-43.523605
-24.866856
-55.961438
-68.399271
-62.180354
-55.961438
-62.180354
-74.618187
-74.618187
-80.837103
-93.274936
-99.493853
-93.274936
-87.056020
-68.399271
-80.837103
-93.274936
-87.056020
-87.056020
-68.399271
-68.399271
-68.399271
-49.742521
-55.961438
-49.742521
-43.523605
-43.523605
-37.304688
-31.085772
-12.429023
6.227727
-6.210106
6.227727
24.884476
24.884476
31.103392
49.760142
62.197974
62.197974
55.979058
80.854724
99.511473
99.511473
99.511473
130.606055
136.824972
143.043888
136.824972
136.824972
136.824972
161.700637
149.262804
143.043888
155.481721
167.919554
180.357387
149.262804
149.262804
174.138470
136.824972
124.387139
155.481721
149.262804
124.387139
111.949306
111.949306
105.730389
80.854724
68.416891
87.073640
68.416891
24.884476
31.103392
24.884476
0.008810
-37.304688
-49.742521
-68.399271
-80.837103
-105.712769
-124.369518
-149.245184
-167.901933
-155.464101
-155.464101
-205.215432
-217.653265
-211.434349
-236.310014
-242.528931
-248.747847
-261.185680
-273.623513
-279.842429
-261.185680
-254.966764
-261.185680
-267.404596
-248.747847
-248.747847
-254.966764
-236.310014
-217.653265
-192.777599
-180.339766
-174.120850
-155.464101
-124.369518
-105.712769
-99.493853
-68.399271
-49.742521
-31.085772
6.227727
24.884476
37.322309
55.979058
80.854724
93.292557
111.949306
149.262804
167.919554
174.138470
192.795219
217.670885
230.108718
248.765467
261.203300
267.422217
279.860050
279.860050
279.860050
267.422217
273.641133
292.297882
286.078966
292.297882
292.297882
279.860050
279.860050
267.422217
248.765467
230.108718
217.670885
230.108718
217.670885
199.014136
205.233052
174.138470
161.700637
149.262804
149.262804
118.168222
93.292557
74.635807
49.760142
31.103392
6.227727
-18.647939
-49.742521
-68.399271
-80.837103
-99.493853
-118.150602
-155.464101
-180.339766
-223.872181
-267.404596
-267.404596
-261.185680
-298.499179
-323.374844
-335.812677
-354.469426
-342.031594
-348.250510
-391.782925
-398.001841
-379.345092
-373.126176
-366.907259
-354.469426
-342.031594
-348.250510
-342.031594
-323.374844
-286.061346
-261.185680
-242.528931
-236.310014
-211.434349
-186.558683
-155.464101
-118.150602
-68.399271
-31.085772
-12.429023
6.227727
18.665559
62.197974
99.511473
130.606055
149.262804
161.700637
186.576303
205.233052
230.108718
261.203300
261.203300
267.422217
286.078966
292.297882
304.735715
298.516799
310.954632
304.735715
286.078966
298.516799
304.735715
304.735715
298.516799
292.297882
298.516799
286.078966
267.422217
254.984384
248.765467
236.327634
230.108718
223.889802
205.233052
199.014136
180.357387
143.043888
149.262804
167.919554
161.700637
136.824972
80.854724
80.854724
68.416891
49.760142
62.197974
18.665559
-6.210106
-24.866856
-68.399271
-74.618187
-80.837103
-118.150602
-149.245184
-186.558683
-217.653265
-236.310014
-279.842429
-304.718095
-304.718095
-329.593761
-342.031594
-366.907259
-391.782925
-398.001841
-416.658591
-410.439674
-391.782925
-398.001841
-398.001841
-379.345092
-379.345092
-360.688343
-348.250510
-329.593761
-286.061346
-273.623513
-267.404596
-236.310014
-211.434349
-174.120850
-124.369518
-99.493853
-74.618187
-37.304688
-12.429023
24.884476
49.760142
80.854724
111.949306
130.606055
143.043888
167.919554
174.138470
180.357387
199.014136
211.451969
242.546551
230.108718
217.670885
236.327634
261.203300
248.765467
230.108718
236.327634
211.451969
223.889802
236.327634
211.451969
205.233052
205.233052
192.795219
186.576303
174.138470
192.795219
186.576303
205.233052
205.233052
186.576303
199.014136
199.014136
180.357387
199.014136
211.451969
199.014136
205.233052
223.889802
205.233052
180.357387
205.233052
236.327634
211.451969
186.576303
186.576303
155.481721
143.043888
124.387139
105.730389
99.511473
55.979058
31.103392
31.103392
0.008810
-49.742521
-80.837103
-118.150602
-143.026268
-205.215432
-267.404596
-310.937011
-317.155928
-323.374844
-323.374844
-335.812677
-373.126176
-429.096424
-447.753173
-429.096424
-410.439674
-410.439674
-416.658591
-429.096424
-447.753173
-435.315340
-391.782925
-360.688343
-310.937011
-310.937011
-323.374844
-292.280262
-248.747847
-186.558683
-143.026268
-105.712769
-99.493853
-74.618187
-43.523605
-12.429023
31.103392
68.416891
87.073640
99.511473
111.949306
136.824972
143.043888
149.262804
167.919554
167.919554
161.700637
167.919554
167.919554
161.700637
161.700637
155.481721
155.481721
136.824972
118.168222
118.168222
111.949306
80.854724
62.197974
62.197974
68.416891
62.197974
68.416891
49.760142
24.884476
12.446643
43.541225
62.197974
62.197974
74.635807
74.635807
87.073640
111.949306
124.387139
167.919554
161.700637
149.262804
186.576303
205.233052
217.670885
254.984384
286.078966
286.078966
261.203300
273.641133
279.860050
286.078966
286.078966
304.735715
310.954632
286.078966
267.422217
273.641133
261.203300
230.108718
217.670885
192.795219
149.262804
111.949306
80.854724
49.760142
6.227727
-12.429023
-55.961438
-111.931686
-192.777599
-242.528931
-273.623513
-298.499179
-279.842429
-304.718095
-366.907259
-410.439674
-491.285588
-509.942337
-453.972089
-422.877507
-416.658591
-460.191006
-503.723421
-516.161254
-491.285588
-416.658591
-366.907259
-329.593761
-348.250510
-366.907259
-354.469426
-304.718095
-211.434349
-149.245184
-111.931686
-93.274936
-87.056020
-68.399271
-18.647939
43.541225
118.168222
143.043888
124.387139
130.606055
143.043888
167.919554
211.451969
223.889802
217.670885
199.014136
167.919554
167.919554
186.576303
217.670885
199.014136
180.357387
155.481721
118.168222
105.730389
74.635807
24.884476
31.103392
31.103392
24.884476
6.227727
-12.429023
-43.523605
-74.618187
-68.399271
-24.866856
-12.429023
-12.429023
-49.742521
-87.056020
-80.837103
-31.085772
37.322309
62.197974
55.979058
43.541225
18.665559
43.541225
143.043888
192.795219
230.108718
236.327634
199.014136
205.233052
248.765467
304.735715
342.049214
360.705963
360.705963
323.392465
323.392465
335.830297
373.143796
398.019462
404.238378
366.924880
310.954632
273.641133
273.641133
298.516799
317.173548
310.954632
242.546551
161.700637
93.292557
62.197974
87.073640
93.292557
49.760142
-31.085772
-174.120850
-279.842429
-329.593761
-292.280262
-254.966764
-242.528931
-304.718095
-435.315340
-528.599086
-565.912585
-528.599086
-447.753173
-410.439674
-447.753173
-541.036919
-640.539582
-634.320666
-541.036919
-429.096424
-373.126176
-410.439674
-466.409922
-497.504504
-472.628839
-354.469426
-217.653265
-155.464101
-149.245184
-186.558683
-180.339766
-130.588435
-37.304688
62.197974
118.168222
118.168222
105.730389
93.292557
118.168222
186.576303
230.108718
242.546551
223.889802
230.108718
199.014136
205.233052
248.765467
267.422217
286.078966
267.422217
211.451969
161.700637
105.730389
74.635807
87.073640
105.730389
99.511473
49.760142
-43.523605
-143.026268
-155.464101
-111.931686
-31.085772
0.008810
-62.180354
-174.120850
-261.185680
-254.966764
-118.150602
0.008810
12.446643
-55.961438
-143.026268
-205.215432
-161.683017
-24.866856
105.730389
149.262804
93.292557
12.446643
12.446643
80.854724
223.889802
342.049214
373.143796
348.268130
298.516799
298.516799
354.487047
447.770793
528.616707
522.397790
472.646459
422.895127
391.800545
422.895127
472.646459
516.178874
497.522125
416.676211
360.705963
317.173548
335.830297
354.487047
373.143796
360.705963
273.641133
155.481721
68.416891
31.103392
31.103392
37.322309
0.008810
-130.588435
-286.061346
-391.782925
-391.782925
-329.593761
-286.061346
-310.937011
-429.096424
-559.693669
-677.853081
-671.634164
-559.693669
-472.628839
-453.972089
-553.474752
-690.290914
-721.385496
-665.415248
-559.693669
-435.315340
-398.001841
-429.096424
-516.161254
-541.036919
-447.753173
-323.374844
-180.339766
-93.274936
-99.493853
-130.588435
-143.026268
-74.618187
31.103392
130.606055
186.576303
192.795219
155.481721
118.168222
161.700637
205.233052
254.984384
286.078966
286.078966
273.641133
242.546551
223.889802
242.546551
267.422217
273.641133
273.641133
205.233052
111.949306
62.197974
37.322309
49.760142
55.979058
55.979058
-12.429023
-130.588435
-174.120850
-167.901933
-99.493853
-6.210106
-24.866856
-111.931686
-223.872181
-279.842429
-217.653265
-99.493853
0.008810
12.446643
-68.399271
-167.901933
-180.339766
-93.274936
43.541225
155.481721
167.919554
111.949306
31.103392
31.103392
149.262804
273.641133
354.487047
404.238378
360.705963
292.297882
279.860050
329.611381
422.895127
491.303208
485.084292
441.551877
391.800545
360.705963
366.924880
429.114044
472.646459
460.208626
435.332960
398.019462
335.830297
304.735715
304.735715
348.268130
360.705963
310.954632
236.327634
124.387139
49.760142
55.979058
80.854724
87.073640
6.227727
-155.464101
-267.404596
-335.812677
-329.593761
-254.966764
-223.872181
-292.280262
-429.096424
-578.350418
-634.320666
-584.569334
-472.628839
-429.096424
-497.504504
-640.539582
-746.261162
-740.042245
-652.977415
-534.818003
-453.972089
-466.409922
-534.818003
-559.693669
-509.942337
-429.096424
-310.937011
-186.558683
-155.464101
-186.558683
-198.996516
-186.558683
-87.056020
0.008810
87.073640
136.824972
155.481721
143.043888
136.824972
155.481721
199.014136
254.984384
292.297882
298.516799
267.422217
230.108718
223.889802
254.984384
292.297882
298.516799
248.765467
199.014136
136.824972
87.073640
87.073640
105.730389
87.073640
12.446643
-62.180354
-136.807351
-143.026268
-111.931686
-68.399271
-49.742521
-118.150602
-217.653265
-273.623513
-242.528931
-149.245184
-105.712769
-111.931686
-143.026268
-186.558683
-186.558683
-111.931686
-24.866856
43.541225
62.197974
31.103392
12.446643
43.541225
111.949306
192.795219
267.422217
292.297882
286.078966
267.422217
292.297882
335.830297
398.019462
422.895127
422.895127
429.114044
429.114044
447.770793
435.332960
447.770793
441.551877
410.457295
398.019462
410.457295
422.895127
416.676211
391.800545
360.705963
310.954632
304.735715
317.173548
298.516799
261.203300
211.451969
155.481721
111.949306
87.073640
74.635807
49.760142
-12.429023
-111.931686
-192.777599
-267.404596
-323.374844
-310.937011
-304.718095
-342.031594
-398.001841
-472.628839
-547.255836
-578.350418
-572.131501
-541.036919
-528.599086
-559.693669
-597.007167
-646.758499
-659.196332
-590.788251
-522.380170
-485.066671
-472.628839
-491.285588
-497.504504
-466.409922
-410.439674
-310.937011
-217.653265
-192.777599
-180.339766
-180.339766
-161.683017
-74.618187
12.446643
93.292557
124.387139
111.949306
105.730389
118.168222
192.795219
267.422217
292.297882
279.860050
261.203300
236.327634
242.546551
286.078966
323.392465
323.392465
298.516799
242.546551
192.795219
161.700637
149.262804
167.919554
161.700637
99.511473
31.103392
-31.085772
-99.493853
-124.369518
-105.712769
-62.180354
-37.304688
-80.837103
-161.683017
-242.528931
-242.528931
-198.996516
-124.369518
-62.180354
-80.837103
-155.464101
-198.996516
-161.683017
-80.837103
6.227727
68.416891
80.854724
37.322309
6.227727
55.979058
143.043888
223.889802
286.078966
279.860050
248.765467
261.203300
304.735715
348.268130
404.238378
429.114044
398.019462
379.362712
379.362712
398.019462
429.114044
435.332960
422.895127
391.800545
366.924880
348.268130
379.362712
410.457295
410.457295
385.581629
317.173548
254.984384
248.765467
261.203300
261.203300
242.546551
186.576303
105.730389
43.541225
18.665559
6.227727
0.008810
-31.085772
-111.931686
-223.872181
-310.937011
-354.469426
-354.469426
-329.593761
-304.718095
-379.345092
-485.066671
-584.569334
-628.101749
-590.788251
-534.818003
-522.380170
-547.255836
-603.226084
-690.290914
-690.290914
-615.663916
-547.255836
-453.972089
-435.315340
-485.066671
-497.504504
-453.972089
-391.782925
-298.499179
-205.215432
-161.683017
-155.464101
-155.464101
-143.026268
-87.056020
-6.210106
74.635807
136.824972
161.700637
149.262804
136.824972
149.262804
211.451969
279.860050
292.297882
279.860050
248.765467
217.670885
217.670885
261.203300
323.392465
317.173548
286.078966
223.889802
149.262804
105.730389
105.730389
143.043888
124.387139
55.979058
-37.304688
-111.931686
-130.588435
-87.056020
-18.647939
-18.647939
-87.056020
-192.777599
-267.404596
-242.528931
-186.558683
-105.712769
-62.180354
-105.712769
-161.683017
-180.339766
-130.588435
-62.180354
18.665559
80.854724
93.292557
55.979058
43.541225
80.854724
155.481721
242.546551
286.078966
292.297882
267.422217
286.078966
329.611381
373.143796
410.457295
441.551877
435.332960
422.895127
410.457295
410.457295
410.457295
410.457295
429.114044
422.895127
404.238378
404.238378
391.800545
391.800545
373.143796
360.705963
342.049214
304.735715
267.422217
211.451969
230.108718
236.327634
217.670885
217.670885
161.700637
87.073640
43.541225
12.446643
18.665559
12.446643
-74.618187
-180.339766
-298.499179
-354.469426
-310.937011
-261.185680
-261.185680
-335.812677
-478.847755
-590.788251
-634.320666
-572.131501
-497.504504
-491.285588
-559.693669
-665.415248
-746.261162
-740.042245
-634.320666
-509.942337
-460.191006
-485.066671
-547.255836
-609.445000
-565.912585
-453.972089
-323.374844
-230.091098
-236.310014
-261.185680
-267.404596
-254.966764
-167.901933
-37.304688
49.760142
74.635807
62.197974
37.322309
62.197974
105.730389
167.919554
254.984384
286.078966
248.765467
199.014136
211.451969
230.108718
261.203300
310.954632
323.392465
267.422217
205.233052
161.700637
155.481721
174.138470
180.357387
143.043888
87.073640
43.541225
-6.210106
-18.647939
12.446643
-6.210106
-49.742521
-124.369518
-167.901933
-167.901933
-149.245184
-111.931686
-111.931686
-149.245184
-167.901933
-174.120850
-130.588435
-74.618187
-43.523605
-31.085772
-37.304688
0.008810
31.103392
93.292557
143.043888
143.043888
161.700637
180.357387
217.670885
273.641133
310.954632
342.049214
348.268130
335.830297
329.611381
373.143796
404.238378
410.457295
404.238378
410.457295
391.800545
379.362712
410.457295
447.770793
435.332960
379.362712
360.705963
360.705963
373.143796
373.143796
348.268130
298.516799
254.984384
248.765467
298.516799
323.392465
286.078966
217.670885
136.824972
80.854724
74.635807
118.168222
118.168222
37.322309
-99.493853
-230.091098
-292.280262
-273.623513
-236.310014
-211.434349
-261.185680
-366.907259
-509.942337
-603.226084
-578.350418
-528.599086
-491.285588
-503.723421
-584.569334
-652.977415
-715.166579
-684.071997
-597.007167
-547.255836
-503.723421
-509.942337
-547.255836
-553.474752
-516.161254
-453.972089
-398.001841
-329.593761
-267.404596
-273.623513
-261.185680
-230.091098
-192.777599
-111.931686
-49.742521
12.446643
37.322309
49.760142
55.979058
68.416891
136.824972
199.014136
248.765467
254.984384
236.327634
230.108718
223.889802
230.108718
261.203300
298.516799
304.735715
261.203300
211.451969
186.576303
186.576303
192.795219
199.014136
136.824972
87.073640
43.541225
12.446643
12.446643
18.665559
24.884476
-31.085772
-93.274936
-136.807351
-155.464101
-136.807351
-105.712769
-87.056020
-99.493853
-149.245184
-186.558683
-174.120850
-149.245184
-87.056020
-12.429023
31.103392
6.227727
-24.866856
6.227727
62.197974
136.824972
211.451969
242.546551
217.670885
211.451969
211.451969
242.546551
317.173548
360.705963
391.800545
379.362712
354.487047
335.830297
354.487047
398.019462
410.457295
404.238378
360.705963
348.268130
342.049214
373.143796
398.019462
385.581629
379.362712
348.268130
323.392465
323.392465
310.954632
304.735715
279.860050
254.984384
230.108718
211.451969
217.670885
205.233052
186.576303
149.262804
105.730389
74.635807
55.979058
-6.210106
-74.618187
-149.245184
-223.872181
-254.966764
-236.310014
-248.747847
-279.842429
-348.250510
-447.753173
-509.942337
-534.818003
-503.723421
-472.628839
-503.723421
-559.693669
-646.758499
-708.947663
-652.977415
-547.255836
-453.972089
-441.534256
-516.161254
-590.788251
-615.663916
-547.255836
-441.534256
-354.469426
-310.937011
-323.374844
-360.688343
-354.469426
-298.499179
-211.434349
-99.493853
-24.866856
-24.866856
-55.961438
-87.056020
-49.742521
18.665559
118.168222
199.014136
192.795219
149.262804
130.606055
130.606055
192.795219
261.203300
292.297882
298.516799
267.422217
211.451969
167.919554
186.576303
211.451969
236.327634
211.451969
155.481721
99.511473
18.665559
12.446643
31.103392
31.103392
55.979058
18.665559
-55.961438
-136.807351
-161.683017
-143.026268
-87.056020
-49.742521
-68.399271
-105.712769
-155.464101
-180.339766
-130.588435
-68.399271
-24.866856
24.884476
6.227727
-12.429023
-18.647939
12.446643
87.073640
161.700637
199.014136
205.233052
180.357387
167.919554
192.795219
230.108718
286.078966
329.611381
335.830297
317.173548
267.422217
267.422217
335.830297
354.487047
366.924880
391.800545
385.581629
354.487047
317.173548
342.049214
379.362712
366.924880
360.705963
360.705963
366.924880
360.705963
329.611381
317.173548
310.954632
267.422217
242.546551
248.765467
261.203300
242.546551
205.233052
143.043888
105.730389
99.511473
68.416891
24.884476
-18.647939
-111.931686
-198.996516
-248.747847
-261.185680
-223.872181
-186.558683
-223.872181
-323.374844
-453.972089
-522.380170
-528.599086
-478.847755
-435.315340
-466.409922
-565.912585
-640.539582
-615.663916
-534.818003
-472.628839
-429.096424
-447.753173
-516.161254
-572.131501
-565.912585
-516.161254
-453.972089
-385.564009
-310.937011
-292.280262
-292.280262
-286.061346
-286.061346
-223.872181
-130.588435
-62.180354
-12.429023
24.884476
18.665559
6.227727
31.103392
105.730389
205.233052
254.984384
242.546551
192.795219
149.262804
155.481721
199.014136
279.860050
329.611381
298.516799
248.765467
192.795219
155.481721
180.357387
199.014136
205.233052
174.138470
93.292557
24.884476
-6.210106
12.446643
68.416891
99.511473
55.979058
-43.523605
-124.369518
-143.026268
-130.588435
-74.618187
-31.085772
-55.961438
-111.931686
-174.120850
-205.215432
-161.683017
-80.837103
-43.523605
-31.085772
-49.742521
-74.618187
-87.056020
-43.523605
55.979058
143.043888
124.387139
74.635807
80.854724
124.387139
174.138470
230.108718
267.422217
286.078966
279.860050
304.735715
329.611381
366.924880
391.800545
366.924880
360.705963
354.487047
335.830297
335.830297
366.924880
422.895127
416.676211
354.487047
335.830297
329.611381
335.830297
329.611381
323.392465
317.173548
292.297882
254.984384
267.422217
298.516799
310.954632
279.860050
230.108718
180.357387
136.824972
93.292557
111.949306
111.949306
74.635807
24.884476
-62.180354
-136.807351
-186.558683
-192.777599
-161.683017
-174.120850
-248.747847
-348.250510
-422.877507
-491.285588
-522.380170
-478.847755
-429.096424
-466.409922
-565.912585
-659.196332
-671.634164
-621.882833
-559.693669
-497.504504
-472.628839
-516.161254
-553.474752
-584.569334
-584.569334
-522.380170
-447.753173
-398.001841
-342.031594
-323.374844
-342.031594
-366.907259
-304.718095
-149.245184
-62.180354
-37.304688
-37.304688
-80.837103
-93.274936
-68.399271
24.884476
143.043888
174.138470
161.700637
149.262804
143.043888
136.824972
155.481721
211.451969
261.203300
286.078966
267.422217
223.889802
180.357387
180.357387
248.765467
298.516799
267.422217
161.700637
55.979058
31.103392
62.197974
105.730389
118.168222
130.606055
111.949306
49.760142
-18.647939
-80.837103
-93.274936
-68.399271
-37.304688
-55.961438
-105.712769
-149.245184
-186.558683
-174.120850
-93.274936
-6.210106
12.446643
-12.429023
-62.180354
-68.399271
0.008810
80.854724
99.511473
118.168222
124.387139
105.730389
80.854724
87.073640
180.357387
254.984384
279.860050
267.422217
242.546551
261.203300
273.641133
298.516799
335.830297
335.830297
329.611381
298.516799
310.954632
366.924880
379.362712
323.392465
292.297882
329.611381
385.581629
360.705963
310.954632
329.611381
342.049214
329.611381
317.173548
286.078966
254.984384
223.889802
223.889802
236.327634
248.765467
248.765467
192.795219
155.481721
155.481721
143.043888
111.949306
43.541225
-62.180354
-180.339766
-230.091098
-211.434349
-211.434349
-236.310014
-286.061346
-348.250510
-435.315340
-485.066671
-478.847755
-485.066671
-497.504504
-491.285588
-590.788251
-696.509830
-702.728747
-634.320666
-565.912585
-509.942337
-435.315340
-472.628839
-578.350418
-565.912585
-472.628839
-404.220758
-385.564009
-366.907259
-348.250510
-298.499179
-273.623513
-248.747847
-161.683017
-80.837103
-31.085772
-12.429023
6.227727
49.760142
12.446643
-87.056020
-37.304688
124.387139
205.233052
167.919554
149.262804
161.700637
149.262804
155.481721
230.108718
261.203300
267.422217
261.203300
186.576303
186.576303
254.984384
304.735715
310.954632
273.641133
236.327634
161.700637
93.292557
37.322309
24.884476
87.073640
223.889802
261.203300
87.073640
-118.150602
-105.712769
12.446643
-74.618187
-292.280262
-286.061346
-87.056020
6.227727
-124.369518
-254.966764
-186.558683
-87.056020
-130.588435
-74.618187
124.387139
-80.837103
-1299.744724
-2300.990269
-895.515156
1393.046091
1728.867578
671.651785
99.511473
248.765467
385.581629
286.078966
242.546551
478.865375
621.900453
335.830297
236.327634
696.527450
932.846275
329.611381
-161.683017
292.297882
901.751693
690.308534
55.979058
-18.647939
460.208626
715.184200
541.054540
323.392465
410.457295
572.149122
310.954632
-149.245184
-124.369518
342.049214
541.054540
298.516799
279.860050
634.338286
771.154448
541.054540
286.078966
186.576303
-37.304688
-603.226084
-1181.585312
-1399.247387
-1162.928562
-796.012493
-796.012493
-945.266487
-814.669242
-628.101749
-671.634164
-684.071997
-441.534256
-198.996516
-236.310014
-497.504504
-696.509830
-628.101749
-429.096424
-310.937011
-298.499179
-93.274936
254.984384
161.700637
-292.280262
-273.623513
335.830297
827.124695
796.030113
578.368038
503.741041
416.676211
111.949306
-217.653265
-310.937011
-80.837103
68.416891
-136.807351
-342.031594
-186.558683
18.665559
-149.245184
-317.155928
-111.931686
43.541225
-217.653265
-621.882833
-721.385496
-553.474752
-453.972089
-478.847755
-447.753173
-180.339766
-49.742521
-366.907259
-547.255836
-37.304688
453.989710
248.765467
-24.866856
155.481721
342.049214
80.854724
-130.588435
87.073640
329.611381
254.984384
43.541225
12.446643
217.670885
310.954632
74.635807
-80.837103
149.262804
267.422217
-161.683017
-541.036919
-261.185680
261.203300
366.924880
267.422217
279.860050
366.924880
466.427542
422.895127
292.297882
385.581629
659.213952
702.746367
466.427542
342.049214
497.522125
522.397790
310.954632
217.670885
292.297882
410.457295
466.427542
398.019462
379.362712
609.462620
852.000361
789.811197
503.741041
342.049214
348.268130
242.546551
174.138470
286.078966
385.581629
348.268130
254.984384
174.138470
298.516799
547.273456
348.268130
-789.793577
-2288.552436
-2985.071077
-2754.971169
-2288.552436
-1741.287790
-945.266487
-286.061346
-186.558683
-366.907259
-198.996516
298.516799
603.243704
590.805871
491.303208
460.208626
385.581629
55.979058
-230.091098
24.884476
609.462620
864.438194
628.119370
286.078966
43.541225
-105.712769
-24.866856
286.078966
460.208626
273.641133
-242.528931
-914.171905
-1417.904136
-1374.371721
-1001.236735
-777.355744
-609.445000
-304.718095
-180.339766
-286.061346
-118.150602
335.830297
671.651785
746.278782
565.930205
143.043888
-198.996516
-143.026268
99.511473
279.860050
534.835623
715.184200
541.054540
180.357387
-111.931686
-329.593761
-441.534256
-354.469426
-373.126176
-603.226084
-677.853081
-572.131501
-553.474752
-491.285588
-111.931686
248.765467
242.546551
49.760142
-62.180354
-6.210106
242.546551
453.989710
342.049214
130.606055
180.357387
329.611381
329.611381
385.581629
696.527450
1038.567854
1082.100269
839.562528
559.711289
410.457295
348.268130
242.546551
230.108718
429.114044
528.616707
304.735715
6.227727
0.008810
155.481721
149.262804
37.322309
-55.961438
-68.399271
-24.866856
31.103392
180.357387
379.362712
541.054540
646.776119
615.681537
441.551877
329.611381
522.397790
740.059865
615.681537
503.741041
597.024787
366.924880
-329.593761
-1268.650142
-2400.492932
-3264.922316
-3264.922316
-2624.373924
-1878.103952
-1094.520482
-379.345092
-55.961438
-87.056020
6.227727
466.427542
889.313860
932.846275
541.054540
155.481721
248.765467
478.865375
360.705963
273.641133
634.338286
939.065191
677.870701
261.203300
43.541225
-111.931686
-292.280262
-422.877507
-441.534256
-516.161254
-783.574660
-1156.709646
-1324.620390
-1106.958314
-702.728747
-366.907259
-136.807351
62.197974
242.546551
230.108718
80.854724
161.700637
509.959957
721.403116
621.900453
398.019462
205.233052
155.481721
342.049214
534.835623
603.243704
640.557202
323.392465
-721.385496
-1809.695871
-1492.531133
-342.031594
-248.747847
-715.166579
-254.966764
497.522125
230.108718
-398.001841
0.008810
1026.130021
1274.886678
391.800545
-466.409922
-93.274936
789.811197
497.522125
-485.066671
-211.434349
833.343612
690.308534
-261.185680
-223.872181
727.622033
1162.946183
814.686863
603.243704
889.313860
1150.508350
746.278782
-43.523605
-217.653265
248.765467
279.860050
-192.777599
-167.901933
292.297882
155.481721
-236.310014
124.387139
752.497698
727.622033
379.362712
242.546551
155.481721
99.511473
223.889802
379.362712
478.865375
628.119370
584.586955
348.268130
553.492372
995.035439
758.716615
-242.528931
-1492.531133
-2810.941416
-3936.565290
-4029.849037
-2947.757578
-1654.222960
-715.166579
-43.523605
174.138470
149.262804
472.646459
920.408442
1075.881353
1125.632684
1057.224603
541.054540
-68.399271
-118.150602
267.422217
559.711289
665.432868
721.403116
578.368038
329.611381
-6.210106
-491.285588
-808.450326
-777.355744
-727.604412
-957.704320
-1200.242061
-1299.744724
-1393.028470
-1169.147479
-528.599086
124.387139
621.900453
864.438194
708.965283
379.362712
329.611381
460.208626
422.895127
509.959957
746.278782
534.835623
24.884476
-18.647939
385.581629
652.995035
522.397790
155.481721
-111.931686
-497.504504
-1772.382373
-2935.319745
-1859.447203
49.760142
-217.653265
-1119.396147
6.227727
1461.454171
820.905779
-248.747847
429.114044
1579.613583
1299.762344
-180.339766
-945.266487
304.735715
1691.554079
783.592280
-771.136827
-99.493853
1094.538102
93.292557
-1181.585312
-373.126176
970.159773
883.094943
223.889802
373.143796
1156.727266
1585.832500
939.065191
-68.399271
-68.399271
429.114044
-87.056020
-808.450326
-304.718095
342.049214
-55.961438
-317.155928
453.989710
1181.602932
1032.348938
646.776119
528.616707
634.338286
671.651785
379.362712
223.889802
528.616707
597.024787
37.322309
-161.683017
590.805871
945.284108
-248.747847
-2220.144356
-3519.897890
-3868.157210
-3743.778881
-3065.916990
-1592.033796
-37.304688
597.024787
379.362712
292.297882
876.876027
1573.394667
1641.802748
1312.200177
1069.662436
802.249030
286.078966
-143.026268
0.008810
466.427542
553.492372
211.451969
-37.304688
-118.150602
-416.658591
-982.579986
-1268.650142
-1119.396147
-1032.331317
-1243.774476
-1393.028470
-1237.555560
-957.704320
-603.226084
-18.647939
690.308534
1156.727266
1274.886678
1051.005687
708.965283
578.368038
621.900453
553.492372
485.084292
584.586955
410.457295
-99.493853
-242.528931
24.884476
205.233052
124.387139
-286.061346
-708.947663
-783.574660
-1069.644816
-2257.457854
-2966.414327
-1424.123052
379.362712
-6.210106
-441.534256
1082.100269
2245.037642
1274.886678
93.292557
404.238378
1262.448846
1150.508350
-12.429023
-590.788251
621.900453
1697.772996
385.581629
-1355.714972
-833.325992
174.138470
-528.599086
-1138.052897
-80.837103
1119.413768
1088.319185
640.557202
858.219278
1511.205503
1666.678414
820.905779
-186.558683
-273.623513
-161.683017
-684.071997
-764.917911
186.576303
646.776119
186.576303
279.860050
1150.508350
1461.454171
988.816523
584.586955
609.462620
578.368038
155.481721
-248.747847
-124.369518
323.392465
279.860050
-143.026268
136.824972
895.532776
590.805871
-1287.306891
-3327.111480
-4085.819285
-3793.530212
-3314.673647
-2531.090177
-945.266487
665.432868
1075.881353
727.622033
988.816523
1890.559405
2288.570057
1822.151324
1175.384015
727.622033
317.173548
-136.807351
-360.688343
-87.056020
298.516799
130.606055
-342.031594
-453.972089
-503.723421
-1001.236735
-1498.750050
-1498.750050
-1231.336643
-1106.958314
-1175.366395
-1106.958314
-708.947663
-149.245184
323.392465
758.716615
1343.294759
1728.867578
1399.265007
783.592280
572.149122
503.741041
230.108718
167.919554
379.362712
317.173548
-80.837103
-310.937011
-310.937011
-298.499179
-329.593761
-472.628839
-696.509830
-920.390822
-1536.063548
-2356.960517
-2108.203860
-665.415248
410.457295
503.741041
752.497698
1486.329837
1492.548753
553.492372
87.073640
559.711289
945.284108
572.149122
-68.399271
-6.210106
696.527450
796.030113
-49.742521
-621.882833
-547.255836
-727.604412
-1131.833980
-721.385496
410.457295
1106.975935
1057.224603
945.284108
1138.070517
1250.011013
932.846275
385.581629
136.824972
12.446643
-416.658591
-684.071997
-292.280262
354.487047
677.870701
640.557202
628.119370
895.532776
1069.662436
802.249030
422.895127
366.924880
379.362712
99.511473
-43.523605
292.297882
578.368038
429.114044
335.830297
528.616707
590.805871
-37.304688
-1592.033796
-3339.549313
-4309.700276
-4266.167861
-3488.803307
-2157.955191
-410.439674
1094.538102
1660.459497
1523.643336
1417.921756
1610.708166
1691.554079
1337.075843
852.000361
466.427542
111.949306
-192.777599
-254.966764
-24.866856
230.108718
105.730389
-360.688343
-696.509830
-939.047571
-1368.152805
-1710.193208
-1604.471629
-1274.869058
-995.017819
-696.509830
-385.564009
-143.026268
174.138470
652.995035
1094.538102
1337.075843
1386.827174
1256.229929
895.532776
559.711289
391.800545
211.451969
80.854724
205.233052
292.297882
-68.399271
-522.380170
-652.977415
-640.539582
-696.509830
-883.077323
-1013.674568
-752.480078
-453.972089
-1218.898810
-2356.960517
-1343.277139
1069.662436
1430.359589
223.889802
584.586955
1927.872904
1498.767670
-143.026268
-391.782925
858.219278
1573.394667
528.616707
-851.982741
-298.499179
1243.792096
758.716615
-1200.242061
-1448.998718
-379.345092
-541.036919
-1175.366395
-267.404596
1343.294759
1809.713491
1256.229929
932.846275
1119.413768
1150.508350
416.676211
-441.534256
-354.469426
-55.961438
-541.036919
-640.539582
435.332960
1194.040765
727.622033
391.800545
951.503024
1231.354263
665.432868
93.292557
192.795219
516.178874
205.233052
-553.474752
-429.096424
684.089617
1038.567854
348.268130
304.735715
963.940857
217.670885
-2282.333520
-4241.292195
-4440.297521
-3768.654547
-2947.757578
-1859.447203
-198.996516
1529.862252
2114.440397
1592.051416
1424.140673
1952.748569
1871.902656
963.940857
323.392465
180.357387
-43.523605
-248.747847
-143.026268
111.949306
161.700637
-155.464101
-640.539582
-864.420574
-914.171905
-1374.371721
-1940.293116
-1728.849958
-1063.425899
-758.698994
-509.942337
87.073640
559.711289
609.462620
659.213952
995.035439
1337.075843
1305.981261
883.094943
485.084292
360.705963
261.203300
-12.429023
-6.210106
354.487047
323.392465
-286.061346
-783.574660
-883.077323
-920.390822
-1013.674568
-1044.769150
-932.828654
-634.320666
-447.753173
-1013.674568
-1498.750050
-379.345092
1368.170425
1523.643336
733.840949
970.159773
1368.170425
342.049214
-845.763824
-534.818003
497.522125
870.657110
429.114044
111.949306
541.054540
845.781445
87.073640
-932.828654
-1050.988067
-889.296239
-1138.052897
-883.077323
453.989710
1691.554079
1865.683739
1560.956834
1368.170425
1131.851600
584.586955
-105.712769
-435.315340
-385.564009
-323.374844
-373.126176
-37.304688
671.651785
1019.911105
870.657110
833.343612
1044.786770
920.408442
447.770793
217.670885
348.268130
279.860050
-124.369518
-217.653265
248.765467
634.338286
534.835623
509.959957
901.751693
814.686863
-628.101749
-2879.349497
-4421.640772
-4564.675850
-3874.376126
-2742.533336
-1119.396147
572.149122
1722.648661
2064.689065
1853.245906
1679.116246
1654.240581
1355.732592
708.965283
167.919554
-105.712769
-242.528931
-99.493853
211.451969
267.422217
-124.369518
-609.445000
-932.828654
-1131.833980
-1393.028470
-1685.317543
-1766.163456
-1504.968966
-1019.893484
-522.380170
49.760142
646.776119
858.219278
708.965283
715.184200
988.816523
1144.289433
1026.130021
845.781445
640.557202
360.705963
93.292557
-49.742521
31.103392
217.670885
167.919554
-292.280262
-833.325992
-1125.615064
-1274.869058
-1274.869058
-1075.863732
-1144.271813
-1448.998718
-1050.988067
31.103392
603.243704
665.432868
1318.419093
1965.186402
1231.354263
-167.901933
-584.569334
-111.931686
242.546551
124.387139
-6.210106
410.457295
926.627358
671.651785
-24.866856
-211.434349
-192.777599
-789.793577
-1461.436551
-1243.774476
-366.907259
478.865375
1200.259681
1784.837826
1971.405319
1685.335163
1094.538102
565.930205
286.078966
-130.588435
-708.947663
-696.509830
-31.085772
391.800545
317.173548
466.427542
951.503024
1032.348938
702.746367
553.492372
671.651785
640.557202
279.860050
-111.931686
-198.996516
-37.304688
143.043888
354.487047
771.154448
1200.259681
1169.165099
597.024787
-373.126176
-2058.452528
-4042.286870
-5000.000000
-4402.984023
-2916.662996
-1312.182557
130.606055
1312.200177
2089.564731
2213.943059
1741.305411
1287.324511
1212.697514
976.378690
304.735715
-180.339766
-105.712769
149.262804
279.860050
348.268130
186.576303
-366.907259
-1069.644816
-1511.187882
-1542.282465
-1511.187882
-1654.222960
-1710.193208
-1262.431225
-410.439674
192.795219
435.332960
727.622033
976.378690
876.876027
727.622033
789.811197
907.970609
926.627358
783.592280
497.522125
223.889802
99.511473
12.446643
-105.712769
-111.931686
-174.120850
-590.788251
-1057.206983
-1206.460977
-1268.650142
-1237.555560
-901.734072
-771.136827
-1094.520482
-814.669242
360.705963
1063.443520
1026.130021
1256.229929
1604.489249
1119.413768
37.322309
-671.634164
-590.788251
-12.429023
279.860050
-18.647939
-49.742521
584.586955
771.154448
143.043888
-342.031594
-572.131501
-982.579986
-1206.460977
-820.888159
-49.742521
808.467946
1654.240581
2102.002564
1884.340489
1349.513676
858.219278
416.676211
6.227727
-422.877507
-814.669242
-708.947663
-43.523605
472.646459
534.835623
590.805871
932.846275
1100.757018
740.059865
373.143796
435.332960
621.900453
391.800545
-68.399271
-111.931686
242.546551
466.427542
528.616707
715.184200
1119.413768
1119.413768
-6.210106
-2033.576863
-3899.251792
-4788.556841
-4595.770432
-3439.051976
-1703.974292
-18.647939
1305.981261
2052.251232
2120.659313
1797.275659
1567.175751
1436.578506
1075.881353
534.835623
24.884476
-279.842429
-118.150602
335.830297
466.427542
143.043888
-317.155928
-889.296239
-1548.501381
-1815.914788
-1629.347295
-1467.655467
-1442.779802
-1194.023145
-621.882833
-6.210106
541.054540
864.438194
945.284108
970.159773
963.940857
895.532776
864.438194
870.657110
808.467946
665.432868
453.989710
167.919554
-130.588435
-242.528931
-254.966764
-360.688343
-584.569334
-926.609738
-1337.058222
-1448.998718
-1106.958314
-858.201657
-1007.455652
-982.579986
-267.404596
528.616707
715.184200
827.124695
1287.324511
1529.862252
1019.911105
118.168222
-429.096424
-360.688343
-49.742521
-74.618187
-254.966764
-6.210106
447.770793
460.208626
99.511473
-211.434349
-497.504504
-845.763824
-932.828654
-621.882833
-68.399271
659.213952
1473.892004
1996.280984
1884.340489
1343.294759
777.373364
360.705963
12.446643
-453.972089
-820.888159
-677.853081
-124.369518
304.735715
460.208626
665.432868
976.378690
963.940857
603.243704
398.019462
516.178874
572.149122
348.268130
230.108718
310.954632
360.705963
404.238378
572.149122
820.905779
995.035439
864.438194
0.008810
-1691.536459
-3507.460057
-4707.710928
-4900.497337
-3768.654547
-1815.914788
-149.245184
945.284108
1834.589157
2269.913307
1977.624235
1560.956834
1361.951508
1106.975935
677.870701
167.919554
-186.558683
-130.588435
236.327634
404.238378
267.422217
-87.056020
-833.325992
-1679.098626
-1958.949865
-1784.820205
-1610.690545
-1430.341969
-1131.833980
-690.290914
-31.085772
640.557202
1001.254355
1019.911105
951.503024
864.438194
777.373364
733.840949
715.184200
740.059865
764.935531
578.368038
242.546551
0.008810
-130.588435
-329.593761
-541.036919
-690.290914
-957.704320
-1293.525807
-1368.152805
-1131.833980
-733.823329
-447.753173
-534.818003
-565.912585
37.322309
708.965283
771.154448
802.249030
1125.632684
1106.975935
559.711289
12.446643
-242.528931
-174.120850
130.606055
111.949306
-211.434349
-80.837103
286.078966
205.233052
-111.931686
-298.499179
-565.912585
-789.793577
-590.788251
-186.558683
335.830297
1038.567854
1679.116246
1859.464823
1635.583831
1162.946183
478.865375
-49.742521
-230.091098
-398.001841
-590.788251
-441.534256
136.824972
628.119370
752.497698
659.213952
696.527450
690.308534
354.487047
136.824972
317.173548
491.303208
366.924880
292.297882
478.865375
609.462620
640.557202
752.497698
876.876027
926.627358
310.954632
-1337.058222
-3252.484483
-4446.516438
-4800.994674
-4185.321948
-2307.209186
-236.310014
951.503024
1666.678414
2207.724143
2095.783647
1592.051416
1312.200177
1026.130021
665.432868
379.362712
-24.866856
-261.185680
111.949306
559.711289
460.208626
24.884476
-590.788251
-1448.998718
-2039.795779
-2021.139030
-1766.163456
-1548.501381
-1231.336643
-771.136827
-211.434349
541.054540
1075.881353
1125.632684
1075.881353
970.159773
708.965283
547.273456
603.243704
715.184200
715.184200
547.273456
236.327634
-55.961438
-198.996516
-366.907259
-615.663916
-690.290914
-796.012493
-1169.147479
-1399.247387
-1162.928562
-702.728747
-261.185680
-261.185680
-516.161254
-55.961438
702.746367
634.338286
416.676211
963.940857
1287.324511
665.432868
62.197974
43.541225
105.730389
62.197974
-24.866856
-211.434349
-205.215432
-37.304688
-192.777599
-335.812677
-186.558683
-404.220758
-820.888159
-584.569334
99.511473
547.273456
907.970609
1455.235255
1853.245906
1778.618909
1200.259681
429.114044
-55.961438
-155.464101
-360.688343
-671.634164
-578.350418
-55.961438
385.581629
634.338286
789.811197
845.781445
827.124695
628.119370
292.297882
118.168222
261.203300
398.019462
360.705963
404.238378
634.338286
820.905779
845.781445
839.562528
827.124695
236.327634
-1349.496055
-3065.916990
-4216.416530
-4769.900092
-4110.694950
-2114.422776
-261.185680
733.840949
1623.145998
2176.629561
1791.056742
1312.200177
1256.229929
1044.786770
746.278782
572.149122
149.262804
-74.618187
366.924880
640.557202
286.078966
-87.056020
-628.101749
-1579.595963
-2157.955191
-1983.825531
-1703.974292
-1442.779802
-945.266487
-509.942337
-99.493853
528.616707
970.159773
1051.005687
1063.443520
895.532776
541.054540
466.427542
684.089617
740.059865
696.527450
727.622033
547.273456
93.292557
-317.155928
-652.977415
-876.858407
-895.515156
-1001.236735
-1268.650142
-1262.431225
-883.077323
-460.191006
-354.469426
-615.663916
-422.877507
441.551877
746.278782
379.362712
652.995035
1330.856926
1169.165099
453.989710
99.511473
62.197974
143.043888
136.824972
-198.996516
-429.096424
-205.215432
-223.872181
-584.569334
-497.504504
-242.528931
-516.161254
-677.853081
-205.215432
279.860050
553.492372
982.597606
1517.424419
1803.494575
1604.489249
876.876027
223.889802
74.635807
6.227727
-373.126176
-503.723421
-105.712769
254.984384
354.487047
441.551877
609.462620
783.592280
696.527450
298.516799
55.979058
317.173548
516.178874
360.705963
422.895127
715.184200
827.124695
827.124695
845.781445
945.284108
690.308534
-640.539582
-2481.338846
-3650.495135
-4434.078605
-4832.089256
-3389.300644
-802.231409
665.432868
1206.478598
1859.464823
2033.594483
1504.986586
1082.100269
752.497698
553.492372
783.592280
628.119370
12.446643
230.108718
951.503024
659.213952
-99.493853
-485.066671
-1206.460977
-2176.611941
-2425.368598
-2039.795779
-1542.282465
-895.515156
-422.877507
-198.996516
366.924880
995.035439
957.721940
652.995035
603.243704
429.114044
167.919554
329.611381
740.059865
1007.473272
1175.384015
1138.070517
665.432868
55.979058
-453.972089
-1007.455652
-1318.401473
-1181.585312
-1225.117727
-1461.436551
-1138.052897
-429.096424
-37.304688
-174.120850
-298.499179
167.919554
615.681537
310.954632
143.043888
752.497698
1113.194851
752.497698
391.800545
317.173548
342.049214
360.705963
130.606055
-261.185680
-373.126176
-379.345092
-628.101749
-727.604412
-497.504504
-460.191006
-565.912585
-211.434349
286.078966
516.178874
814.686863
1293.543428
1573.394667
1442.797422
926.627358
366.924880
205.233052
223.889802
-43.523605
-248.747847
0.008810
298.516799
273.641133
199.014136
366.924880
628.119370
597.024787
217.670885
-37.304688
186.576303
516.178874
497.522125
503.741041
796.030113
926.627358
727.622033
621.900453
814.686863
970.159773
292.297882
-1318.401473
-2748.752252
-3582.087054
-4471.392103
-4434.078605
-2294.771353
18.665559
727.622033
1057.224603
1685.335163
1641.802748
1088.319185
764.935531
646.776119
771.154448
926.627358
522.397790
161.700637
696.527450
1051.005687
335.830297
-416.658591
-783.574660
-1585.814880
-2425.368598
-2375.617266
-1791.039122
-1106.958314
-453.972089
-161.683017
49.760142
609.462620
945.284108
634.338286
329.611381
335.830297
292.297882
161.700637
385.581629
957.721940
1361.951508
1355.732592
1032.348938
410.457295
-236.310014
-796.012493
-1448.998718
-1610.690545
-1218.898810
-1268.650142
-1330.839306
-684.071997
-149.245184
-360.688343
-466.409922
180.357387
820.905779
609.462620
199.014136
565.930205
1138.070517
895.532776
261.203300
49.760142
354.487047
559.711289
130.606055
-335.812677
-180.339766
-55.961438
-460.191006
-777.355744
-696.509830
-615.663916
-597.007167
-373.126176
99.511473
565.930205
914.189525
1243.792096
1504.986586
1455.235255
995.035439
391.800545
93.292557
12.446643
-149.245184
-167.901933
149.262804
441.551877
478.865375
323.392465
261.203300
472.646459
547.273456
174.138470
-74.618187
217.670885
547.273456
509.959957
472.646459
640.557202
833.343612
839.562528
652.995035
646.776119
864.438194
422.895127
-1212.679894
-2717.657670
-3264.922316
-4067.162535
-4490.048853
-2611.936091
-87.056020
796.030113
1194.040765
1828.370241
1623.145998
1038.567854
802.249030
429.114044
366.924880
864.438194
727.622033
267.422217
740.059865
1187.821848
404.238378
-441.534256
-708.947663
-1579.595963
-2655.468506
-2499.995595
-1672.879710
-1013.674568
-261.185680
254.984384
292.297882
590.805871
808.467946
286.078966
-68.399271
211.451969
254.984384
24.884476
391.800545
1162.946183
1529.862252
1554.737918
1349.513676
621.900453
-298.499179
-988.798902
-1672.879710
-1946.512033
-1504.968966
-1274.869058
-1225.117727
-565.912585
-267.404596
-796.012493
-522.380170
715.184200
1281.105595
789.811197
416.676211
870.657110
1237.573180
522.397790
-348.250510
-186.558683
541.054540
565.930205
-248.747847
-565.912585
62.197974
242.546551
-416.658591
-777.355744
-634.320666
-634.320666
-659.196332
-354.469426
248.765467
901.751693
1250.011013
1374.389341
1393.046091
1069.662436
534.835623
143.043888
24.884476
55.979058
18.665559
31.103392
385.581629
808.467946
634.338286
80.854724
-43.523605
230.108718
242.546551
-62.180354
49.760142
640.557202
957.721940
764.935531
516.178874
572.149122
802.249030
740.059865
379.362712
460.208626
758.716615
-99.493853
-1822.133704
-2655.468506
-2898.006246
-3812.186962
-3936.565290
-1996.263364
68.416891
752.497698
1013.692188
1380.608258
1305.981261
995.035439
559.711289
174.138470
572.149122
1225.135347
1001.254355
640.557202
1001.254355
1007.473272
-55.961438
-976.361069
-1318.401473
-1977.606615
-2574.622592
-2189.049773
-1330.839306
-485.066671
317.173548
503.741041
373.143796
615.681537
491.303208
-254.966764
-503.723421
-143.026268
80.854724
279.860050
789.811197
1455.235255
1934.091820
1747.524327
932.846275
74.635807
-522.380170
-1106.958314
-1766.163456
-1927.855283
-1343.277139
-789.793577
-777.355744
-1007.455652
-957.704320
-230.091098
652.995035
783.592280
584.586955
932.846275
1281.105595
827.124695
93.292557
-80.837103
254.984384
559.711289
466.427542
0.008810
-329.593761
-149.245184
-87.056020
-590.788251
-833.325992
-584.569334
-429.096424
-342.031594
-49.742521
379.362712
802.249030
1100.757018
1094.538102
870.657110
597.024787
354.487047
329.611381
329.611381
205.233052
242.546551
398.019462
522.397790
684.089617
559.711289
242.546551
130.606055
80.854724
-111.931686
-155.464101
174.138470
684.089617
957.721940
820.905779
584.586955
460.208626
379.362712
366.924880
354.487047
410.457295
702.746367
553.492372
-827.107075
-2356.960517
-2655.468506
-2947.757578
-3768.654547
-3109.449405
-889.296239
578.368038
814.686863
876.876027
1156.727266
1256.229929
758.716615
230.108718
441.551877
995.035439
1206.478598
1051.005687
852.000361
852.000361
547.273456
-565.912585
-1573.377047
-1871.885035
-2344.522684
-2499.995595
-1536.063548
-603.226084
-43.523605
665.432868
820.905779
366.924880
211.451969
18.665559
-491.285588
-603.226084
-360.688343
37.322309
727.622033
1374.389341
1778.618909
1952.748569
1529.862252
646.776119
-205.215432
-1013.674568
-1623.128378
-1741.287790
-1573.377047
-1243.774476
-1100.739398
-1393.028470
-1088.301565
205.233052
920.408442
696.527450
852.000361
1299.762344
988.816523
167.919554
-286.061346
-55.961438
503.741041
578.368038
292.297882
205.233052
55.979058
-155.464101
-310.937011
-665.415248
-777.355744
-435.315340
-273.623513
-124.369518
329.611381
565.930205
702.746367
963.940857
665.432868
161.700637
217.670885
236.327634
149.262804
410.457295
671.651785
752.497698
852.000361
640.557202
292.297882
242.546551
6.227727
-435.315340
-391.782925
-43.523605
317.173548
708.965283
976.378690
1194.040765
1237.573180
752.497698
248.765467
167.919554
62.197974
-55.961438
167.919554
466.427542
491.303208
-248.747847
-1679.098626
-2381.836183
-2400.492932
-3184.076402
-3407.957394
-1666.660793
24.884476
509.959957
721.403116
808.467946
833.343612
777.373364
230.108718
143.043888
907.970609
1200.259681
1181.602932
1386.827174
1026.130021
391.800545
-80.837103
-1082.082649
-1940.293116
-2008.701197
-2151.736275
-1909.198534
-783.574660
-68.399271
248.765467
740.059865
597.024787
62.197974
-80.837103
-267.404596
-522.380170
-391.782925
-68.399271
578.368038
1305.981261
1455.235255
1393.046091
1349.513676
777.373364
-24.866856
-572.131501
-1044.769150
-1125.615064
-939.047571
-1442.779802
-1847.009370
-932.828654
-261.185680
-478.847755
-24.866856
858.219278
1144.289433
995.035439
435.332960
99.511473
578.368038
746.278782
242.546551
211.451969
335.830297
31.103392
-211.434349
-441.534256
-634.320666
-497.504504
-435.315340
-304.718095
279.860050
634.338286
715.184200
907.970609
752.497698
279.860050
-93.274936
-373.126176
-329.593761
62.197974
298.516799
584.586955
1125.632684
1287.324511
963.940857
652.995035
429.114044
87.073640
-541.036919
-970.142153
-578.350418
211.451969
628.119370
895.532776
1405.483923
1511.205503
858.219278
180.357387
-24.866856
74.635807
211.451969
186.576303
292.297882
690.308534
298.516799
-1256.212309
-2207.706523
-2008.701197
-2313.428102
-3103.230489
-2661.687422
-1044.769150
242.546551
565.930205
597.024787
889.313860
951.503024
373.143796
-149.245184
118.168222
721.403116
883.094943
982.597606
1411.702840
1305.981261
298.516799
-628.101749
-1026.112401
-1337.058222
-1747.506707
-1952.730949
-1486.312217
-516.161254
18.665559
-99.493853
6.227727
205.233052
-93.274936
-435.315340
-404.220758
-143.026268
286.078966
665.432868
939.065191
1305.981261
1274.886678
740.059865
310.954632
37.322309
-354.469426
-652.977415
-597.007167
-404.220758
-628.101749
-1194.023145
-1169.147479
-646.758499
-609.445000
-715.166579
-230.091098
491.303208
721.403116
485.084292
354.487047
733.840949
1144.289433
920.408442
472.646459
391.800545
167.919554
-460.191006
-820.888159
-839.544908
-864.420574
-597.007167
-87.056020
286.078966
640.557202
951.503024
1013.692188
920.408442
565.930205
49.760142
-248.747847
-398.001841
-435.315340
-124.369518
354.487047
852.000361
1318.419093
1411.702840
1082.100269
727.622033
304.735715
-317.155928
-783.574660
-820.888159
-292.280262
522.397790
1044.786770
1330.856926
1585.832500
1349.513676
547.273456
-93.274936
-329.593761
-298.499179
-6.210106
541.054540
1038.567854
740.059865
-559.693669
-1747.506707
-2139.298442
-2487.557762
-3208.952068
-3078.354823
-1567.158130
-87.056020
404.238378
565.930205
920.408442
1051.005687
603.243704
55.979058
62.197974
472.646459
789.811197
1032.348938
1337.075843
1200.259681
373.143796
-478.847755
-883.077323
-1100.739398
-1330.839306
-1380.590637
-1001.236735
-466.409922
-198.996516
-198.996516
-286.061346
-398.001841
-634.320666
-914.171905
-876.858407
-410.439674
199.014136
901.751693
1592.051416
1778.618909
1380.608258
740.059865
68.416891
-491.285588
-858.201657
-858.201657
-497.504504
-242.528931
-373.126176
-410.439674
-223.872181
-342.031594
-634.320666
-634.320666
-373.126176
-211.434349
-248.747847
-155.464101
273.641133
777.373364
939.065191
814.686863
777.373364
796.030113
410.457295
-236.310014
-553.474752
-684.071997
-845.763824
-696.509830
-211.434349
230.108718
572.149122
870.657110
976.378690
827.124695
441.551877
43.541225
-105.712769
-161.683017
-217.653265
-24.866856
385.581629
733.840949
932.846275
945.284108
740.059865
472.646459
292.297882
130.606055
-143.026268
-360.688343
-130.588435
453.989710
789.811197
752.497698
870.657110
1119.413768
970.159773
516.178874
248.765467
205.233052
186.576303
310.954632
373.143796
-68.399271
-1069.644816
-1741.287790
-1504.968966
-1517.406799
-2288.552436
-2319.647018
-1156.709646
-323.374844
-491.285588
-715.166579
-279.842429
379.362712
404.238378
87.073640
516.178874
1399.265007
1697.772996
1492.548753
1262.448846
690.308534
-310.937011
-1113.177231
-1249.993392
-1044.769150
-1032.331317
-839.544908
-149.245184
391.800545
174.138470
-354.469426
-572.131501
-690.290914
-1082.082649
-1399.247387
-1119.396147
-416.658591
310.954632
889.313860
1299.762344
1536.081168
1374.389341
796.030113
379.362712
130.606055
-323.374844
-684.071997
-702.728747
-615.663916
-547.255836
-572.131501
-559.693669
-273.623513
24.884476
12.446643
-68.399271
-43.523605
-49.742521
-111.931686
-118.150602
18.665559
261.203300
503.741041
677.870701
652.995035
298.516799
-68.399271
-180.339766
-254.966764
-373.126176
-354.469426
-161.683017
124.387139
373.143796
528.616707
659.213952
659.213952
491.303208
323.392465
180.357387
31.103392
-24.866856
55.979058
230.108718
447.770793
578.368038
597.024787
578.368038
553.492372
659.213952
634.338286
93.292557
-441.534256
-211.434349
261.203300
217.670885
93.292557
516.178874
1181.602932
1361.951508
932.846275
559.711289
547.273456
652.995035
466.427542
-503.723421
-1728.849958
-1902.979618
-1305.963640
-1287.306891
-1747.506707
-1703.974292
-939.047571
-211.434349
-304.718095
-851.982741
-752.480078
-130.588435
-105.712769
-273.623513
143.043888
758.716615
1231.354263
1648.021664
1759.962160
1237.573180
310.954632
-379.345092
-522.380170
-609.445000
-1026.112401
-1268.650142
-864.420574
-286.061346
-236.310014
-385.564009
-292.280262
-292.280262
-522.380170
-708.947663
-733.823329
-603.226084
-335.812677
12.446643
398.019462
609.462620
547.273456
509.959957
690.308534
740.059865
578.368038
366.924880
-37.304688
-553.474752
-696.509830
-621.882833
-752.480078
-733.823329
-236.310014
273.641133
180.357387
-192.777599
-118.150602
366.924880
534.835623
174.138470
-105.712769
217.670885
478.865375
24.884476
-429.096424
-366.907259
-248.747847
-149.245184
43.541225
242.546551
447.770793
690.308534
690.308534
360.705963
55.979058
43.541225
298.516799
472.646459
404.238378
373.143796
485.084292
503.741041
292.297882
49.760142
74.635807
161.700637
62.197974
155.481721
640.557202
907.970609
684.089617
354.487047
230.108718
149.262804
-149.245184
-211.434349
342.049214
920.408442
951.503024
733.840949
808.467946
1001.254355
522.397790
-907.952989
-1909.198534
-1299.744724
-522.380170
-1032.331317
-1822.133704
-1585.814880
-783.574660
-652.977415
-1293.525807
-1343.277139
-360.688343
503.741041
441.551877
130.606055
391.800545
789.811197
671.651785
366.924880
130.606055
-130.588435
-68.399271
398.019462
752.497698
652.995035
161.700637
-192.777599
-149.245184
-360.688343
-1057.206983
-1361.933888
-1119.396147
-802.231409
-565.912585
-348.250510
49.760142
466.427542
379.362712
31.103392
-124.369518
-87.056020
-6.210106
93.292557
261.203300
373.143796
93.292557
-267.404596
-49.742521
304.735715
186.576303
99.511473
267.422217
360.705963
143.043888
-292.280262
-597.007167
-522.380170
-279.842429
-130.588435
136.824972
497.522125
702.746367
665.432868
354.487047
-80.837103
-472.628839
-572.131501
-485.066671
-391.782925
-130.588435
211.451969
304.735715
366.924880
466.427542
453.989710
416.676211
348.268130
304.735715
441.551877
509.959957
279.860050
118.168222
273.641133
534.835623
541.054540
254.984384
80.854724
304.735715
491.303208
217.670885
55.979058
410.457295
553.492372
149.262804
43.541225
553.492372
883.094943
684.089617
429.114044
491.303208
553.492372
-398.001841
-1716.412125
-1287.306891
161.700637
93.292557
-988.798902
-1330.839306
-889.296239
-497.504504
-883.077323
-1529.844632
-1237.555560
-491.285588
-273.623513
-242.528931
99.511473
509.959957
796.030113
957.721940
665.432868
18.665559
-136.807351
335.830297
466.427542
-62.180354
-590.788251
-485.066671
93.292557
292.297882
-62.180354
-354.469426
-379.345092
-441.534256
-541.036919
-410.439674
-180.339766
-124.369518
-373.126176
-553.474752
-453.972089
-335.812677
-105.712769
416.676211
696.527450
497.522125
242.546551
68.416891
105.730389
205.233052
-304.718095
-771.136827
-236.310014
323.392465
155.481721
-6.210106
180.357387
242.546551
105.730389
-6.210106
174.138470
404.238378
230.108718
-118.150602
-360.688343
-385.564009
-186.558683
-143.026268
-149.245184
149.262804
310.954632
130.606055
87.073640
254.984384
273.641133
186.576303
143.043888
93.292557
273.641133
671.651785
640.557202
155.481721
62.197974
460.208626
746.278782
727.622033
522.397790
335.830297
472.646459
634.338286
310.954632
-37.304688
87.073640
273.641133
230.108718
317.173548
733.840949
976.378690
677.870701
416.676211
-12.429023
-1218.898810
-1815.914788
-764.917911
143.043888
-186.558683
-883.077323
-1225.117727
-858.201657
-410.439674
-907.952989
-1417.904136
-733.823329
49.760142
-80.837103
-286.061346
180.357387
721.403116
541.054540
-68.399271
-186.558683
74.635807
261.203300
410.457295
335.830297
-87.056020
-304.718095
-18.647939
379.362712
422.895127
43.541225
-485.066671
-708.947663
-696.509830
-740.042245
-441.534256
211.451969
192.795219
-509.942337
-590.788251
-24.866856
261.203300
192.795219
0.008810
-136.807351
-136.807351
-161.683017
-80.837103
261.203300
304.735715
-118.150602
-292.280262
12.446643
317.173548
435.332960
441.551877
329.611381
12.446643
-379.345092
-261.185680
298.516799
242.546551
-335.812677
-385.564009
49.760142
186.576303
-37.304688
-37.304688
279.860050
366.924880
111.949306
-55.961438
43.541225
205.233052
105.730389
-198.996516
-186.558683
242.546551
646.776119
777.373364
646.776119
565.930205
559.711289
404.238378
211.451969
12.446643
-18.647939
230.108718
416.676211
422.895127
522.397790
715.184200
634.338286
422.895127
435.332960
727.622033
876.876027
472.646459
-248.747847
-1206.460977
-1685.317543
-845.763824
-18.647939
-354.469426
-808.450326
-839.544908
-901.734072
-733.823329
-603.226084
-920.390822
-777.355744
-149.245184
-136.807351
-373.126176
31.103392
634.338286
665.432868
111.949306
-335.812677
-6.210106
733.840949
876.876027
261.203300
-398.001841
-547.255836
-267.404596
143.043888
354.487047
161.700637
-279.842429
-572.131501
-528.599086
-348.250510
-211.434349
-37.304688
31.103392
-286.061346
-547.255836
-143.026268
335.830297
143.043888
-267.404596
-460.191006
-534.818003
-223.872181
242.546551
329.611381
130.606055
-174.120850
-354.469426
-55.961438
342.049214
354.487047
267.422217
267.422217
174.138470
-6.210106
87.073640
460.208626
304.735715
-385.564009
-441.534256
205.233052
485.084292
217.670885
12.446643
-105.712769
-323.374844
-360.688343
-80.837103
217.670885
211.451969
-80.837103
-149.245184
205.233052
584.586955
746.278782
758.716615
684.089617
472.646459
192.795219
149.262804
323.392465
323.392465
155.481721
286.078966
665.432868
820.905779
758.716615
597.024787
348.268130
143.043888
80.854724
130.606055
310.954632
348.268130
-404.220758
-1399.247387
-1162.928562
-80.837103
68.416891
-677.853081
-939.047571
-547.255836
-466.409922
-883.077323
-970.142153
-565.912585
-348.250510
-478.847755
-416.658591
93.292557
702.746367
652.995035
24.884476
-261.185680
-55.961438
199.014136
503.741041
565.930205
93.292557
-373.126176
-223.872181
192.795219
186.576303
-118.150602
-230.091098
-317.155928
-516.161254
-491.285588
-174.120850
0.008810
-155.464101
-360.688343
-447.753173
-217.653265
236.327634
155.481721
-516.161254
-740.042245
-261.185680
118.168222
230.108718
236.327634
111.949306
49.760142
93.292557
43.541225
68.416891
460.208626
547.273456
-55.961438
-391.782925
118.168222
565.930205
273.641133
-68.399271
12.446643
199.014136
230.108718
130.606055
43.541225
43.541225
-18.647939
-217.653265
-223.872181
167.919554
379.362712
143.043888
24.884476
186.576303
248.765467
236.327634
366.924880
398.019462
192.795219
167.919554
174.138470
68.416891
354.487047
839.562528
758.716615
485.084292
665.432868
746.278782
466.427542
304.735715
267.422217
323.392465
429.114044
-12.429023
-963.923237
-1001.236735
-18.647939
6.227727
-951.485404
-1044.769150
-541.036919
-845.763824
-1212.679894
-814.669242
-391.782925
-292.280262
-335.812677
-373.126176
-217.653265
105.730389
286.078966
136.824972
0.008810
167.919554
373.143796
460.208626
404.238378
49.760142
-348.250510
-286.061346
105.730389
205.233052
43.541225
-55.961438
-236.310014
-509.942337
-422.877507
-74.618187
-49.742521
-267.404596
-236.310014
-124.369518
-217.653265
-254.966764
-118.150602
-217.653265
-447.753173
-310.937011
62.197974
143.043888
-105.712769
-111.931686
80.854724
111.949306
192.795219
453.989710
578.368038
435.332960
136.824972
-62.180354
87.073640
292.297882
174.138470
105.730389
286.078966
292.297882
161.700637
217.670885
254.984384
-6.210106
-310.937011
-186.558683
136.824972
24.884476
-211.434349
-93.274936
111.949306
105.730389
80.854724
342.049214
603.243704
429.114044
130.606055
211.451969
323.392465
211.451969
329.611381
609.462620
621.900453
553.492372
565.930205
453.989710
199.014136
118.168222
286.078966
385.581629
223.889802
-391.782925
-995.017819
-478.847755
373.143796
-43.523605
-820.888159
-559.693669
-441.534256
-1237.555560
-1287.306891
-254.966764
12.446643
-609.445000
-752.480078
-429.096424
-236.310014
-93.274936
174.138470
155.481721
-136.807351
-93.274936
199.014136
360.705963
292.297882
-55.961438
-348.250510
-74.618187
379.362712
416.676211
254.984384
136.824972
-111.931686
-385.564009
-254.966764
74.635807
49.760142
-186.558683
-441.534256
-578.350418
-304.718095
55.979058
-55.961438
-342.031594
-354.469426
-192.777599
-111.931686
-62.180354
55.979058
167.919554
143.043888
62.197974
186.576303
429.114044
466.427542
192.795219
-62.180354
74.635807
236.327634
186.576303
354.487047
447.770793
136.824972
12.446643
254.984384
335.830297
24.884476
-180.339766
-99.493853
24.884476
130.606055
149.262804
55.979058
-93.274936
-192.777599
-55.961438
323.392465
541.054540
329.611381
99.511473
223.889802
292.297882
236.327634
379.362712
497.522125
273.641133
74.635807
429.114044
845.781445
789.811197
646.776119
453.989710
-279.842429
-914.171905
-348.250510
404.238378
-43.523605
-702.728747
-628.101749
-628.101749
-1013.674568
-976.361069
-354.469426
-143.026268
-553.474752
-802.231409
-547.255836
-292.280262
-342.031594
-385.564009
-205.215432
80.854724
211.451969
223.889802
304.735715
304.735715
-37.304688
-248.747847
143.043888
547.273456
373.143796
6.227727
-74.618187
-118.150602
-254.966764
-111.931686
87.073640
-49.742521
-217.653265
-167.901933
-80.837103
-242.528931
-342.031594
-130.588435
-118.150602
-354.469426
-242.528931
199.014136
236.327634
-223.872181
-373.126176
68.416891
317.173548
74.635807
37.322309
267.422217
211.451969
-24.866856
93.292557
391.800545
323.392465
130.606055
136.824972
261.203300
354.487047
223.889802
111.949306
118.168222
12.446643
-24.866856
167.919554
273.641133
118.168222
12.446643
118.168222
74.635807
-87.056020
12.446643
186.576303
49.760142
-43.523605
236.327634
491.303208
416.676211
174.138470
192.795219
410.457295
391.800545
236.327634
310.954632
485.084292
273.641133
-261.185680
-323.374844
143.043888
167.919554
-217.653265
-161.683017
-105.712769
-621.882833
-1032.331317
-901.734072
-590.788251
-391.782925
-323.374844
-248.747847
-99.493853
-136.807351
-292.280262
-217.653265
-111.931686
-149.245184
-99.493853
-6.210106
37.322309
24.884476
12.446643
0.008810
-43.523605
-18.647939
174.138470
223.889802
-68.399271
-273.623513
-149.245184
-37.304688
-130.588435
-174.120850
18.665559
55.979058
-136.807351
-180.339766
-37.304688
43.541225
-12.429023
-18.647939
0.008810
-37.304688
-55.961438
-49.742521
-55.961438
-136.807351
-174.120850
6.227727
174.138470
217.670885
223.889802
273.641133
348.268130
186.576303
-43.523605
93.292557
304.735715
298.516799
329.611381
342.049214
205.233052
111.949306
18.665559
-18.647939
136.824972
292.297882
211.451969
24.884476
0.008810
-43.523605
-174.120850
-99.493853
167.919554
223.889802
186.576303
261.203300
230.108718
118.168222
118.168222
186.576303
192.795219
223.889802
348.268130
335.830297
-31.085772
-335.812677
-143.026268
149.262804
49.760142
-186.558683
-273.623513
-398.001841
-584.569334
-565.912585
-317.155928
-143.026268
-180.339766
-236.310014
-261.185680
-310.937011
-329.593761
-354.469426
-379.345092
-186.558683
43.541225
49.760142
62.197974
99.511473
-62.180354
-198.996516
-55.961438
68.416891
-68.399271
-248.747847
-198.996516
-68.399271
-24.866856
55.979058
149.262804
124.387139
43.541225
0.008810
12.446643
55.979058
-6.210106
-167.901933
-161.683017
0.008810
55.979058
-12.429023
-99.493853
-93.274936
-18.647939
87.073640
236.327634
223.889802
111.949306
49.760142
62.197974
180.357387
354.487047
385.581629
261.203300
118.168222
111.949306
242.546551
379.362712
360.705963
279.860050
248.765467
149.262804
31.103392
62.197974
99.511473
-43.523605
-155.464101
43.541225
373.143796
385.581629
143.043888
74.635807
223.889802
161.700637
-49.742521
93.292557
323.392465
31.103392
-503.723421
-385.564009
136.824972
118.168222
-242.528931
-248.747847
-55.961438
-223.872181
-565.912585
-472.628839
-186.558683
-236.310014
-491.285588
-491.285588
-180.339766
55.979058
-87.056020
-267.404596
-118.150602
-12.429023
-192.777599
-205.215432
-24.866856
-80.837103
-211.434349
-155.464101
-62.180354
-6.210106
-24.866856
-111.931686
-105.712769
-24.866856
-18.647939
-118.150602
-136.807351
-80.837103
-24.866856
24.884476
74.635807
105.730389
55.979058
-43.523605
-49.742521
37.322309
105.730389
124.387139
87.073640
124.387139
230.108718
174.138470
87.073640
136.824972
149.262804
12.446643
-24.866856
167.919554
304.735715
230.108718
105.730389
99.511473
192.795219
236.327634
242.546551
317.173548
391.800545
223.889802
31.103392
124.387139
223.889802
161.700637
118.168222
118.168222
87.073640
49.760142
55.979058
136.824972
248.765467
223.889802
118.168222
105.730389
93.292557
0.008810
-174.120850
-360.688343
-323.374844
-49.742521
12.446643
-155.464101
-192.777599
-111.931686
-248.747847
-391.782925
-217.653265
-136.807351
-292.280262
-391.782925
-410.439674
-379.345092
-180.339766
18.665559
-31.085772
-149.245184
-24.866856
49.760142
-161.683017
-230.091098
-155.464101
-230.091098
-236.310014
-155.464101
-111.931686
-68.399271
-49.742521
-93.274936
-24.866856
149.262804
99.511473
-136.807351
-130.588435
12.446643
-31.085772
-111.931686
-6.210106
180.357387
211.451969
130.606055
149.262804
180.357387
55.979058
-43.523605
24.884476
155.481721
111.949306
-12.429023
-6.210106
99.511473
211.451969
254.984384
279.860050
286.078966
161.700637
43.541225
130.606055
254.984384
273.641133
205.233052
186.576303
236.327634
180.357387
99.511473
161.700637
223.889802
105.730389
12.446643
111.949306
136.824972
31.103392
0.008810
55.979058
155.481721
217.670885
111.949306
-62.180354
-186.558683
-167.901933
-87.056020
-105.712769
-143.026268
-111.931686
-155.464101
-317.155928
-298.499179
-12.429023
93.292557
-111.931686
-317.155928
-236.310014
-149.245184
-273.623513
-342.031594
-230.091098
-192.777599
-298.499179
-298.499179
-43.523605
143.043888
24.884476
-167.901933
-143.026268
74.635807
74.635807
-161.683017
-180.339766
-143.026268
-267.404596
-261.185680
0.008810
205.233052
149.262804
-6.210106
-55.961438
18.665559
80.854724
-55.961438
-217.653265
-161.683017
-6.210106
24.884476
37.322309
186.576303
230.108718
149.262804
143.043888
223.889802
174.138470
-12.429023
-124.369518
-31.085772
161.700637
273.641133
248.765467
174.138470
192.795219
230.108718
217.670885
205.233052
211.451969
99.511473
-31.085772
55.979058
217.670885
236.327634
155.481721
155.481721
223.889802
199.014136
87.073640
111.949306
174.138470
-43.523605
-186.558683
-6.210106
87.073640
-31.085772
-74.618187
24.884476
105.730389
24.884476
-87.056020
-68.399271
-87.056020
-304.718095
-472.628839
-261.185680
-43.523605
-186.558683
-279.842429
-111.931686
-55.961438
-192.777599
-198.996516
-118.150602
-192.777599
-304.718095
-310.937011
-248.747847
-186.558683
-37.304688
74.635807
6.227727
-62.180354
-24.866856
-6.210106
-68.399271
-124.369518
-167.901933
-174.120850
-124.369518
-80.837103
-12.429023
93.292557
93.292557
12.446643
-12.429023
18.665559
12.446643
0.008810
-43.523605
-74.618187
-49.742521
-37.304688
0.008810
136.824972
286.078966
310.954632
230.108718
199.014136
180.357387
130.606055
111.949306
143.043888
167.919554
130.606055
93.292557
161.700637
242.546551
304.735715
329.611381
273.641133
93.292557
-18.647939
43.541225
37.322309
-12.429023
18.665559
87.073640
167.919554
180.357387
155.481721
186.576303
186.576303
62.197974
0.008810
18.665559
-87.056020
-230.091098
-186.558683
80.854724
167.919554
-118.150602
-192.777599
-12.429023
-105.712769
-279.842429
-130.588435
31.103392
-211.434349
-466.409922
-242.528931
62.197974
0.008810
-242.528931
-267.404596
-111.931686
-105.712769
-130.588435
18.665559
6.227727
-329.593761
-503.723421
-310.937011
-111.931686
-87.056020
-37.304688
49.760142
-68.399271
-186.558683
-68.399271
68.416891
-6.210106
-87.056020
-49.742521
-80.837103
-167.901933
-62.180354
130.606055
149.262804
111.949306
130.606055
74.635807
-37.304688
-55.961438
-49.742521
-62.180354
0.008810
143.043888
261.203300
286.078966
261.203300
180.357387
80.854724
74.635807
174.138470
211.451969
149.262804
68.416891
6.227727
43.541225
223.889802
348.268130
354.487047
236.327634
87.073640
68.416891
105.730389
136.824972
118.168222
0.008810
-136.807351
-55.961438
199.014136
248.765467
93.292557
62.197974
37.322309
-111.931686
-130.588435
111.949306
161.700637
-161.683017
-385.564009
-223.872181
-12.429023
12.446643
80.854724
118.168222
-99.493853
-360.688343
-323.374844
-87.056020
-12.429023
-136.807351
-211.434349
-273.623513
-335.812677
-242.528931
0.008810
136.824972
-24.866856
-273.623513
-292.280262
-111.931686
37.322309
-12.429023
-105.712769
-198.996516
-248.747847
-211.434349
-62.180354
130.606055
74.635807
-80.837103
-68.399271
55.979058
149.262804
93.292557
-37.304688
-149.245184
-186.558683
-87.056020
99.511473
261.203300
223.889802
105.730389
111.949306
143.043888
111.949306
49.760142
-12.429023
-105.712769
-24.866856
180.357387
304.735715
310.954632
261.203300
192.795219
80.854724
118.168222
199.014136
155.481721
24.884476
6.227727
130.606055
143.043888
55.979058
118.168222
230.108718
111.949306
-99.493853
-37.304688
118.168222
-6.210106
-143.026268
68.416891
217.670885
6.227727
-87.056020
105.730389
43.541225
-248.747847
-236.310014
24.884476
62.197974
-111.931686
-111.931686
-49.742521
-217.653265
-342.031594
-68.399271
