-341.833665
-209.180516
178.574841
234.697327
66.329869
-10.200793
-56.119191
-127.547809
-76.527368
86.738046
86.738046
-66.323279
-15.302837
168.370753
-10.200793
-275.507091
-66.323279
127.554400
0.003295
61.227825
91.840090
-112.241677
25.513516
209.187106
-137.751898
-265.303002
132.656444
178.574841
-96.935544
-178.568251
-132.649854
81.636002
346.942299
224.493239
-107.139633
-249.996870
-168.364163
-51.017147
-56.119191
30.615560
255.105504
158.166665
-86.731456
71.431914
147.962576
-239.792781
-285.711179
30.615560
102.044179
25.513516
45.921693
76.533958
40.819648
56.125781
45.921693
-168.364163
-224.486649
61.227825
147.962576
-10.200793
15.309428
15.309428
-81.629412
132.656444
224.493239
-142.853942
-341.833665
-56.119191
173.472797
71.431914
56.125781
66.329869
-163.262119
-81.629412
234.697327
10.207383
-249.996870
158.166665
290.819813
-285.711179
-408.160239
102.044179
316.330034
219.391195
96.942134
-198.976428
-346.935709
-107.139633
81.636002
132.656444
147.962576
25.513516
-25.506926
45.921693
-86.731456
-188.772340
56.125781
81.636002
-30.608970
178.574841
193.880974
-224.486649
-382.650018
30.615560
224.493239
-102.037589
-35.711014
418.370918
209.187106
-275.507091
-193.874384
-66.323279
-112.241677
-10.200793
61.227825
198.983018
280.615725
-45.915103
-301.017311
-61.221235
158.166665
-20.404882
-244.894826
-30.608970
357.146388
173.472797
-153.058030
-91.833500
-168.364163
-168.364163
214.289151
214.289151
-112.241677
51.023737
30.615560
-341.833665
30.615560
438.779094
-81.629412
-270.405046
147.962576
-10.200793
-107.139633
163.268709
-20.404882
-102.037589
132.656444
-61.221235
-96.935544
275.513681
5.105339
-423.466372
-76.527368
290.819813
127.554400
-56.119191
0.003295
76.533958
-76.527368
-255.098914
107.146223
357.146388
-81.629412
-341.833665
-25.506926
198.983018
35.717604
-25.506926
-56.119191
-122.445765
193.880974
204.085062
-255.098914
-117.343721
204.085062
-127.547809
-260.200958
173.472797
255.105504
40.819648
-66.323279
-142.853942
10.207383
137.758488
-137.751898
-239.792781
51.023737
91.840090
-81.629412
-30.608970
86.738046
198.983018
178.574841
-137.751898
-295.915267
-102.037589
-5.098749
76.533958
204.085062
86.738046
0.003295
102.044179
-20.404882
-188.772340
-183.670295
-117.343721
153.064620
367.350476
45.921693
-204.078472
-137.751898
-107.139633
163.268709
341.840255
-81.629412
-326.527532
10.207383
107.146223
-51.017147
-10.200793
15.309428
15.309428
127.554400
193.880974
-112.241677
-362.241842
10.207383
204.085062
-117.343721
-25.506926
275.513681
51.023737
-153.058030
-66.323279
-96.935544
-5.098749
270.411637
234.697327
-137.751898
-494.894990
-418.364328
204.085062
591.840420
397.962741
-66.323279
-454.078637
-244.894826
229.595283
51.023737
-326.527532
-91.833500
188.778930
173.472797
275.513681
209.187106
-265.303002
-428.568416
-35.711014
117.350311
45.921693
147.962576
-40.813058
-244.894826
168.370753
346.942299
-178.568251
-316.323444
0.003295
91.840090
76.533958
56.125781
-96.935544
-61.221235
183.676886
-5.098749
-301.017311
35.717604
454.085227
193.880974
-311.221400
-392.854107
-96.935544
260.207548
198.983018
-153.058030
45.921693
306.125946
-137.751898
-306.119356
137.758488
61.227825
-290.813223
-30.608970
352.044343
178.574841
-193.874384
-239.792781
35.717604
137.758488
-30.608970
-10.200793
71.431914
10.207383
-5.098749
20.411472
76.533958
66.329869
-91.833500
-51.017147
117.350311
-71.425323
-249.996870
142.860532
290.819813
-168.364163
-219.384605
153.064620
132.656444
-61.221235
10.207383
15.309428
-112.241677
-5.098749
61.227825
-86.731456
-112.241677
-30.608970
91.840090
239.799371
102.044179
-224.486649
-127.547809
132.656444
-35.711014
-173.466207
-20.404882
91.840090
86.738046
-5.098749
-147.955986
66.329869
346.942299
-76.527368
-341.833665
137.758488
234.697327
-239.792781
-362.241842
35.717604
448.983183
290.819813
-285.711179
-163.262119
265.309592
-173.466207
-428.568416
127.554400
392.860697
96.942134
-229.588693
-204.078472
198.983018
341.840255
-102.037589
-316.323444
-76.527368
71.431914
91.840090
102.044179
-25.506926
-137.751898
5.105339
96.942134
0.003295
-112.241677
-117.343721
76.533958
137.758488
-25.506926
-35.711014
107.146223
35.717604
-153.058030
-137.751898
-56.119191
15.309428
112.248267
117.350311
25.513516
-61.221235
-25.506926
20.411472
-51.017147
-86.731456
10.207383
30.615560
35.717604
153.064620
66.329869
-244.894826
-214.282560
137.758488
224.493239
-15.302837
-107.139633
61.227825
40.819648
-168.364163
-117.343721
15.309428
112.248267
173.472797
5.105339
-147.955986
-66.323279
-30.608970
15.309428
178.574841
112.248267
-147.955986
-91.833500
132.656444
61.227825
-239.792781
-234.690737
219.391195
377.554564
61.227825
-56.119191
-15.302837
-209.180516
-311.221400
40.819648
372.452520
117.350311
-204.078472
-10.200793
153.064620
-40.813058
-107.139633
-61.221235
-45.915103
96.942134
188.778930
-10.200793
-147.955986
-10.200793
76.533958
25.513516
20.411472
0.003295
-107.139633
-40.813058
107.146223
0.003295
-66.323279
30.615560
0.003295
-10.200793
5.105339
-71.425323
86.738046
137.758488
-127.547809
-132.649854
45.921693
142.860532
137.758488
-81.629412
-183.670295
-51.017147
-86.731456
-81.629412
204.085062
244.901416
-76.527368
-168.364163
96.942134
183.676886
-91.833500
-306.119356
-147.955986
122.452355
265.309592
188.778930
-96.935544
-91.833500
91.840090
-30.608970
-158.160074
-127.547809
35.717604
183.676886
35.717604
-137.751898
45.921693
193.880974
-5.098749
-188.772340
-163.262119
-25.506926
51.023737
61.227825
117.350311
137.758488
56.125781
-137.751898
-224.486649
20.411472
132.656444
-137.751898
-173.466207
96.942134
107.146223
30.615560
132.656444
107.146223
-61.221235
-127.547809
-127.547809
-158.160074
-56.119191
178.574841
178.574841
10.207383
-51.017147
-76.527368
40.819648
153.064620
-107.139633
-275.507091
10.207383
183.676886
81.636002
25.513516
-76.527368
-66.323279
137.758488
107.146223
-102.037589
-198.976428
-91.833500
137.758488
209.187106
-20.404882
-163.262119
10.207383
168.370753
15.309428
-219.384605
-96.935544
163.268709
102.044179
-76.527368
-86.731456
45.921693
107.146223
-56.119191
-137.751898
132.656444
260.207548
-61.221235
-270.405046
-56.119191
132.656444
20.411472
-81.629412
5.105339
127.554400
56.125781
-147.955986
-40.813058
183.676886
-5.098749
-214.282560
-20.404882
198.983018
107.146223
-81.629412
-147.955986
-15.302837
153.064620
35.717604
-183.670295
-56.119191
178.574841
71.431914
-147.955986
-173.466207
-91.833500
71.431914
209.187106
107.146223
-5.098749
91.840090
-71.425323
-316.323444
-66.323279
178.574841
40.819648
-45.915103
-20.404882
-5.098749
107.146223
5.105339
-168.364163
25.513516
91.840090
-132.649854
-10.200793
193.880974
-15.302837
-163.262119
25.513516
158.166665
76.533958
-30.608970
-112.241677
-117.343721
-20.404882
56.125781
71.431914
25.513516
30.615560
56.125781
-15.302837
-15.302837
5.105339
-112.241677
-107.139633
66.329869
158.166665
132.656444
15.309428
-112.241677
-102.037589
5.105339
10.207383
-25.506926
-15.302837
5.105339
51.023737
96.942134
71.431914
5.105339
-25.506926
-86.731456
-132.649854
-40.813058
107.146223
117.350311
0.003295
-5.098749
35.717604
-15.302837
-51.017147
-91.833500
-81.629412
76.533958
122.452355
-35.711014
-61.221235
66.329869
71.431914
-20.404882
-10.200793
0.003295
-76.527368
-20.404882
76.533958
30.615560
-61.221235
-76.527368
-5.098749
137.758488
153.064620
-61.221235
-224.486649
-132.649854
45.921693
96.942134
45.921693
10.207383
20.411472
5.105339
-20.404882
-56.119191
-122.445765
-107.139633
102.044179
234.697327
0.003295
-193.874384
-40.813058
137.758488
102.044179
-86.731456
-173.466207
-51.017147
51.023737
30.615560
45.921693
96.942134
107.146223
40.819648
-66.323279
-81.629412
-76.527368
-56.119191
40.819648
81.636002
35.717604
40.819648
56.125781
10.207383
15.309428
0.003295
-76.527368
-10.200793
71.431914
-40.813058
-127.547809
0.003295
153.064620
81.636002
-91.833500
-66.323279
15.309428
-56.119191
-142.853942
-45.915103
102.044179
81.636002
20.411472
51.023737
45.921693
-91.833500
-127.547809
-25.506926
51.023737
91.840090
102.044179
-15.302837
-76.527368
-5.098749
0.003295
-51.017147
-61.221235
-66.323279
0.003295
66.329869
5.105339
-51.017147
-30.608970
-51.017147
-66.323279
-30.608970
-15.302837
-40.813058
-112.241677
-91.833500
5.105339
20.411472
0.003295
-20.404882
-86.731456
-71.425323
5.105339
20.411472
10.207383
5.105339
-15.302837
-25.506926
-10.200793
10.207383
20.411472
5.105339
15.309428
81.636002
102.044179
45.921693
-61.221235
-91.833500
-15.302837
0.003295
-40.813058
-40.813058
-20.404882
25.513516
147.962576
209.187106
71.431914
-51.017147
25.513516
112.248267
107.146223
132.656444
147.962576
91.840090
112.248267
158.166665
71.431914
10.207383
35.717604
15.309428
35.717604
81.636002
96.942134
127.554400
76.533958
-10.200793
51.023737
168.370753
163.268709
10.207383
-86.731456
15.309428
158.166665
163.268709
86.738046
35.717604
10.207383
-35.711014
-61.221235
-35.711014
-40.813058
-107.139633
-81.629412
-25.506926
-91.833500
-112.241677
-127.547809
-214.282560
-204.078472
-122.445765
-132.649854
-168.364163
-163.262119
-173.466207
-188.772340
-188.772340
-219.384605
-234.690737
-234.690737
-198.976428
-158.160074
-158.160074
-209.180516
-209.180516
-153.058030
-91.833500
-51.017147
-10.200793
-25.506926
-30.608970
5.105339
10.207383
0.003295
30.615560
35.717604
40.819648
20.411472
-5.098749
20.411472
25.513516
5.105339
66.329869
127.554400
107.146223
86.738046
66.329869
30.615560
61.227825
96.942134
112.248267
122.452355
127.554400
158.166665
198.983018
173.472797
96.942134
96.942134
112.248267
132.656444
137.758488
147.962576
153.064620
107.146223
86.738046
142.860532
188.778930
173.472797
168.370753
214.289151
260.207548
209.187106
188.778930
219.391195
224.493239
198.983018
188.778930
147.962576
45.921693
-20.404882
-45.915103
-10.200793
122.452355
183.676886
71.431914
25.513516
91.840090
107.146223
51.023737
20.411472
-5.098749
-117.343721
-239.792781
-341.833665
-433.670460
-540.813388
-637.752227
-642.854271
-622.446095
-612.242006
-586.731785
-535.711344
-387.752063
-214.282560
-122.445765
-71.425323
5.105339
40.819648
40.819648
25.513516
45.921693
61.227825
40.819648
15.309428
-35.711014
-81.629412
-61.221235
-45.915103
-76.527368
-66.323279
-20.404882
30.615560
86.738046
102.044179
112.248267
127.554400
96.942134
51.023737
40.819648
76.533958
102.044179
30.615560
-91.833500
-107.139633
-45.915103
-40.813058
-10.200793
35.717604
40.819648
35.717604
45.921693
112.248267
229.595283
316.330034
331.636167
295.921857
295.921857
326.534123
357.146388
321.432078
260.207548
275.513681
260.207548
239.799371
173.472797
56.125781
56.125781
86.738046
56.125781
81.636002
158.166665
158.166665
168.370753
198.983018
91.840090
61.227825
112.248267
61.227825
45.921693
76.533958
91.840090
178.574841
214.289151
137.758488
153.064620
239.799371
204.085062
173.472797
234.697327
122.452355
-234.690737
-714.282890
-1107.140292
-1188.772999
-979.589187
-826.527862
-857.140127
-811.221729
-637.752227
-515.303167
-377.547974
-40.813058
306.125946
413.268874
239.799371
71.431914
71.431914
45.921693
-25.506926
-35.711014
-5.098749
0.003295
-61.221235
-102.037589
25.513516
290.819813
469.391360
489.799536
403.064785
331.636167
285.717769
137.758488
-71.425323
-193.874384
-341.833665
-551.017476
-683.670625
-775.507420
-913.262613
-826.527862
-520.405211
-372.445930
-234.690737
102.044179
392.860697
443.881139
250.003460
260.207548
520.411801
510.207713
198.983018
51.023737
163.268709
250.003460
168.370753
112.248267
260.207548
459.187271
428.575006
275.513681
362.248432
576.534287
545.922022
280.615725
66.329869
40.819648
40.819648
-132.649854
-301.017311
-158.160074
112.248267
163.268709
45.921693
56.125781
260.207548
413.268874
311.227990
204.085062
270.411637
341.840255
255.105504
122.452355
163.268709
418.370918
596.942464
510.207713
413.268874
530.615890
704.085392
668.371082
520.411801
581.636331
632.656773
127.554400
-948.976922
-1964.283714
-2249.998188
-1938.773493
-1673.467196
-1545.916091
-1270.405705
-954.078966
-749.997199
-520.405211
-76.527368
576.534287
969.391689
688.779259
260.207548
224.493239
295.921857
209.187106
40.819648
5.105339
178.574841
178.574841
-30.608970
40.819648
469.391360
872.452850
918.371247
678.575171
438.779094
270.411637
-30.608970
-418.364328
-632.650183
-688.772669
-877.548304
-1173.466866
-1163.262778
-816.323774
-428.568416
-137.751898
35.717604
142.860532
188.778930
112.248267
-10.200793
35.717604
86.738046
-76.527368
-275.507091
-352.037753
-382.650018
-408.160239
-204.078472
352.044343
775.514010
750.003789
642.860862
663.269038
678.575171
505.105669
290.819813
260.207548
193.880974
-193.874384
-571.425653
-561.221565
-311.221400
-183.670295
-249.996870
-280.609135
-61.221235
132.656444
-5.098749
-158.160074
51.023737
341.840255
280.615725
15.309428
5.105339
316.330034
545.922022
494.901580
459.187271
647.962906
816.330364
760.207878
637.758817
688.779259
795.922187
622.452685
198.983018
-45.915103
5.105339
132.656444
147.962576
96.942134
158.166665
387.758653
525.513845
443.881139
397.962741
520.411801
392.860697
-438.772504
-1627.548798
-2474.488132
-2647.957634
-2290.814541
-1795.916256
-1306.120015
-801.017641
-489.792946
-382.650018
-20.404882
744.901745
1413.269533
1484.698151
1015.310087
489.799536
290.819813
229.595283
117.350311
132.656444
306.125946
331.636167
132.656444
-56.119191
35.717604
352.044343
545.922022
479.595448
280.615725
-45.915103
-551.017476
-989.793276
-1107.140292
-1020.405541
-974.487143
-1020.405541
-1045.915762
-826.527862
-382.650018
35.717604
408.166829
734.697657
755.105834
500.003625
306.125946
285.717769
290.819813
168.370753
-153.058030
-428.568416
-403.058195
-367.343886
-255.098914
147.962576
474.493404
535.717934
423.472962
275.513681
326.534123
418.370918
270.411637
35.717604
-45.915103
-168.364163
-443.874548
-576.527697
-448.976593
-209.180516
-132.649854
-209.180516
-147.955986
45.921693
163.268709
188.778930
295.921857
500.003625
566.330199
448.983183
331.636167
392.860697
566.330199
602.044508
515.309757
459.187271
397.962741
357.146388
362.248432
413.268874
515.309757
566.330199
418.370918
147.962576
25.513516
137.758488
255.105504
168.370753
-10.200793
15.309428
209.187106
290.819813
352.044343
561.228155
571.432243
-112.241677
-1413.262942
-2499.998352
-2627.549457
-2020.406200
-1469.385428
-1142.854601
-765.303332
-413.262283
-204.078472
-15.302837
484.697492
1234.697986
1500.004284
954.085556
270.411637
147.962576
219.391195
153.064620
173.472797
346.942299
489.799536
316.330034
-71.425323
-183.670295
132.656444
382.656608
290.819813
61.227825
-306.119356
-739.793111
-1061.221894
-1183.670954
-1020.405541
-688.772669
-607.139962
-765.303332
-704.078802
-341.833665
127.554400
561.228155
724.493568
704.085392
607.146552
336.738211
76.533958
122.452355
290.819813
234.697327
-45.915103
-275.507091
-198.976428
71.431914
-56.119191
-556.119520
-454.078637
122.452355
56.125781
-326.527532
-255.098914
188.778930
357.146388
-122.445765
-346.935709
362.248432
760.207878
35.717604
-591.833830
-219.384605
306.125946
168.370753
-270.405046
-239.792781
336.738211
484.697492
-25.506926
-86.731456
602.044508
1015.310087
642.860862
204.085062
372.452520
801.024231
663.269038
40.819648
5.105339
556.126111
612.248597
107.146223
-40.813058
367.350476
714.289480
474.493404
-61.221235
10.207383
484.697492
443.881139
86.738046
142.860532
530.615890
795.922187
607.146552
270.411637
45.921693
-545.915432
-1795.916256
-2811.223047
-2632.651501
-1637.752886
-984.691231
-913.262613
-719.384934
-168.364163
244.901416
341.840255
596.942464
1214.289810
1438.779753
790.820143
76.533958
76.533958
362.248432
346.942299
122.452355
96.942134
357.146388
372.452520
-122.445765
-418.364328
-61.221235
352.044343
173.472797
-397.956151
-790.813553
-882.650348
-1061.221894
-1336.732280
-1193.875043
-607.139962
-244.894826
-392.854107
-454.078637
35.717604
673.473127
948.983512
826.534452
663.269038
561.228155
326.534123
-30.608970
-173.466207
40.819648
163.268709
-102.037589
-515.303167
-591.833830
-132.649854
357.146388
392.860697
112.248267
-275.507091
-693.874713
-790.813553
-591.833830
-336.731621
-66.323279
127.554400
147.962576
86.738046
117.350311
311.227990
530.615890
479.595448
147.962576
5.105339
183.676886
183.676886
-96.935544
-117.343721
265.309592
535.717934
352.044343
20.411472
66.329869
377.554564
489.799536
408.166829
459.187271
617.350641
525.513845
250.003460
71.431914
198.983018
510.207713
500.003625
127.554400
-66.323279
-15.302837
66.329869
158.166665
352.044343
607.146552
709.187436
612.248597
581.636331
765.309922
938.779424
571.432243
-571.425653
-2051.018465
-3137.753875
-3173.468184
-2280.610453
-1367.344545
-785.711508
-209.180516
193.880974
244.901416
408.166829
903.065115
1392.861356
1413.269533
729.595613
15.309428
-66.323279
-15.302837
-61.221235
127.554400
387.758653
576.534287
596.942464
255.105504
-66.323279
20.411472
45.921693
-127.547809
-346.935709
-729.589022
-1142.854601
-1484.691561
-1663.263107
-1295.915926
-540.813388
-86.731456
10.207383
137.758488
352.044343
627.554729
969.391689
1081.636661
928.575336
581.636331
91.840090
-290.813223
-285.711179
-71.425323
96.942134
0.003295
-464.282725
-642.854271
-224.486649
96.942134
81.636002
-96.935544
-392.854107
-484.690902
-408.160239
-326.527532
25.513516
418.370918
316.330034
-35.711014
-127.547809
66.329869
377.554564
346.942299
-71.425323
-81.629412
316.330034
301.023902
40.819648
71.431914
331.636167
510.207713
357.146388
96.942134
229.595283
418.370918
183.676886
20.411472
234.697327
520.411801
622.452685
413.268874
122.452355
198.983018
433.677050
403.064785
290.819813
234.697327
81.636002
-25.506926
-51.017147
25.513516
403.064785
688.779259
535.717934
474.493404
714.289480
887.758982
943.881468
448.983183
-892.854436
-2418.365646
-3392.856084
-3326.529509
-2224.487967
-1147.956645
-622.446095
-127.547809
239.799371
280.615725
596.942464
1137.759147
1459.187930
1403.065444
714.289480
-102.037589
-224.486649
-45.915103
45.921693
295.921857
494.901580
571.432243
642.860862
260.207548
-275.507091
-219.384605
-30.608970
-209.180516
-530.609300
-908.160569
-1306.120015
-1489.793605
-1499.997693
-1163.262778
-372.445930
209.187106
270.411637
280.615725
377.554564
586.738376
943.881468
1061.228484
877.554894
637.758817
173.472797
-382.650018
-413.262283
-56.119191
61.227825
-255.098914
-668.364492
-607.139962
-209.180516
-301.017311
-515.303167
5.105339
326.534123
-188.772340
-561.221565
-153.058030
474.493404
428.575006
-229.588693
-280.609135
397.962741
448.983183
-173.466207
-285.711179
214.289151
530.615890
285.717769
-102.037589
81.636002
556.126111
418.370918
-91.833500
-35.711014
479.595448
637.758817
214.289151
-137.751898
168.370753
612.248597
474.493404
127.554400
214.289151
474.493404
372.452520
66.329869
61.227825
438.779094
673.473127
377.554564
10.207383
66.329869
346.942299
418.370918
285.717769
408.166829
821.432408
1010.208042
836.738540
647.962906
127.554400
-1270.405705
-2959.182329
-3749.999176
-3051.019124
-1775.508079
-1153.058689
-749.997199
15.309428
530.615890
571.432243
734.697657
1260.208207
1744.902404
1474.494063
408.166829
-229.588693
-30.608970
188.778930
183.676886
209.187106
443.881139
780.616054
632.656773
-137.751898
-510.201123
-224.486649
-234.690737
-683.670625
-969.385099
-1040.813717
-1158.160733
-1479.589517
-1622.446754
-964.283055
71.431914
525.513845
494.901580
500.003625
561.228155
755.105834
969.391689
903.065115
790.820143
663.269038
137.758488
-397.956151
-352.037753
30.615560
214.289151
-188.772340
-984.691231
-1020.405541
-311.221400
-25.506926
-76.527368
-86.731456
-346.935709
-484.690902
-484.690902
-499.997034
122.452355
811.228319
683.677215
275.513681
96.942134
178.574841
428.575006
316.330034
-30.608970
142.860532
443.881139
158.166665
-198.976428
-158.160074
66.329869
229.595283
117.350311
-35.711014
147.962576
290.819813
86.738046
25.513516
336.738211
698.983348
821.432408
530.615890
81.636002
51.023737
285.717769
270.411637
234.697327
357.146388
346.942299
188.778930
76.533958
158.166665
566.330199
857.146717
744.901745
693.881303
852.044673
984.697822
928.575336
76.533958
-1795.916256
-3489.794923
-4015.305474
-3377.549951
-2219.385923
-1255.099573
-352.037753
540.819978
841.840585
693.881303
892.861026
1438.779753
1632.657432
1127.555059
280.615725
-158.160074
-15.302837
102.044179
132.656444
377.554564
719.391524
877.554894
668.371082
86.738046
-489.792946
-709.180846
-877.548304
-1066.323938
-1127.548468
-1204.079131
-1331.630236
-1423.467031
-1311.222059
-704.078802
244.901416
806.126275
831.636496
765.309922
668.371082
596.942464
688.779259
790.820143
857.146717
790.820143
326.534123
-239.792781
-326.527532
-61.221235
61.227825
-311.221400
-989.793276
-1102.038248
-607.139962
-484.690902
-622.446095
-219.384605
280.615725
86.738046
-413.262283
-418.364328
244.901416
770.411966
392.860697
-81.629412
219.391195
551.024066
224.493239
-142.853942
35.717604
500.003625
612.248597
102.044179
-301.017311
-5.098749
234.697327
-66.323279
-219.384605
153.064620
530.615890
454.085227
81.636002
71.431914
591.840420
795.922187
474.493404
301.023902
311.227990
214.289151
91.840090
40.819648
209.187106
576.534287
653.064950
428.575006
290.819813
341.840255
479.595448
673.473127
821.432408
943.881468
1147.963235
1091.840749
387.758653
-959.181011
-2673.467855
-3964.285032
-3938.774811
-2806.121003
-1678.569240
-852.038083
-30.608970
617.350641
969.391689
1086.738705
1214.289810
1551.024725
1571.432902
790.820143
-81.629412
-290.813223
-35.711014
336.738211
500.003625
433.677050
637.758817
872.452850
484.697492
-244.894826
-755.099243
-1010.201452
-1122.446424
-1280.609794
-1418.364987
-1260.201617
-1173.466866
-1321.426147
-1107.140292
-372.445930
403.064785
841.840585
887.758982
739.799701
775.514010
867.350805
826.534452
892.861026
948.983512
658.166994
163.268709
-275.507091
-443.874548
-270.405046
-336.731621
-806.119685
-974.487143
-724.486978
-443.874548
-183.670295
-132.649854
-255.098914
-224.486649
-423.466372
-744.895155
-326.527532
489.799536
897.963071
867.350805
494.901580
260.207548
428.575006
306.125946
-86.731456
0.003295
255.105504
142.860532
-76.527368
-234.690737
-132.649854
239.799371
270.411637
30.615560
158.166665
377.554564
301.023902
178.574841
173.472797
387.758653
698.983348
576.534287
142.860532
91.840090
188.778930
107.146223
219.391195
448.983183
586.738376
683.677215
469.391360
137.758488
193.880974
418.370918
612.248597
928.575336
1112.248926
1112.248926
892.861026
-321.425488
-2306.120674
-3780.611441
-4112.244313
-3234.692714
-1979.589846
-1168.364822
-321.425488
653.064950
1015.310087
1010.208042
1204.085721
1464.289974
1556.126770
1051.024396
51.023737
-311.221400
61.227825
352.044343
510.207713
591.840420
530.615890
596.942464
484.697492
-61.221235
-566.323609
-964.283055
-1372.446589
-1484.691561
-1362.242501
-1229.589352
-1071.425982
-999.997364
-918.364657
-474.486814
250.003460
775.514010
984.697822
984.697822
785.718099
678.575171
765.309922
836.738540
1010.208042
1076.534617
647.962906
0.003295
-423.466372
-530.609300
-377.547974
-387.752063
-1030.609629
-1581.630400
-1204.079131
-484.690902
45.921693
372.452520
520.411801
438.779094
-224.486649
-1188.772999
-1188.772999
-25.506926
775.514010
719.391524
622.452685
821.432408
994.901910
704.085392
168.370753
127.554400
397.962741
86.738046
-627.548139
-765.303332
-275.507091
158.166665
280.615725
295.921857
510.207713
755.105834
469.391360
-81.629412
-122.445765
178.574841
265.309592
234.697327
280.615725
403.064785
545.922022
484.697492
321.432078
454.085227
693.881303
627.554729
428.575006
255.105504
127.554400
275.513681
658.166994
1020.412131
1433.677709
1561.228814
602.044508
-1387.752722
-3362.243819
-4464.285361
-4061.223871
-2632.651501
-1545.916091
-785.711508
61.227825
535.717934
770.411966
1158.167324
1505.106328
1704.086051
1469.392019
459.187271
-372.445930
-255.098914
183.676886
612.248597
923.473291
714.289480
433.677050
418.370918
102.044179
-448.976593
-862.242171
-1244.895485
-1454.079296
-1413.262942
-1382.650677
-1198.977087
-903.058525
-903.058525
-801.017641
-229.588693
357.146388
724.493568
943.881468
897.963071
831.636496
969.391689
1010.208042
1015.310087
1153.065279
897.963071
214.289151
-290.813223
-576.527697
-663.262448
-806.119685
-1448.977252
-1806.120344
-1316.324103
-795.915597
-336.731621
464.289315
1076.534617
1030.616219
433.677050
-275.507091
-224.486649
306.125946
178.574841
-56.119191
321.432078
561.228155
387.758653
163.268709
96.942134
464.289315
622.452685
-86.731456
-591.833830
-382.650018
-229.588693
-71.425323
285.717769
581.636331
943.881468
969.391689
372.452520
40.819648
188.778930
102.044179
-96.935544
-132.649854
-96.935544
229.595283
586.738376
464.289315
520.411801
1015.310087
1005.105998
642.860862
428.575006
158.166665
168.370753
403.064785
443.881139
831.636496
1454.085886
928.575336
-821.425818
-2714.284208
-4107.142269
-3959.182988
-2443.875866
-1352.038412
-627.548139
321.432078
540.819978
285.717769
474.493404
846.942629
1464.289974
1908.167818
1051.024396
66.329869
153.064620
234.697327
413.268874
918.371247
744.901745
285.717769
142.860532
-403.058195
-923.466701
-918.364657
-1188.772999
-1377.548633
-1045.915762
-989.793276
-887.752392
-520.405211
-637.752227
-704.078802
-219.384605
40.819648
198.983018
642.860862
755.105834
704.085392
959.187601
1010.208042
1020.412131
1250.004119
1015.310087
408.166829
-147.955986
-770.405376
-1096.936203
-1081.630071
-1591.834489
-2061.222553
-1377.548633
-474.486814
-25.506926
500.003625
1071.432573
1326.534782
816.330364
-346.935709
-724.486978
76.533958
494.901580
204.085062
193.880974
489.799536
591.840420
331.636167
-158.160074
-81.629412
438.779094
173.472797
-612.242006
-780.609464
-438.772504
66.329869
469.391360
637.758817
1066.330528
1454.085886
913.269203
96.942134
-91.833500
-71.425323
-147.955986
-280.609135
-392.854107
-86.731456
428.575006
535.717934
688.779259
1183.677545
1362.249091
1163.269368
770.411966
117.350311
-153.058030
127.554400
239.799371
408.166829
836.738540
403.064785
-1260.201617
-3209.182493
-4234.693373
-3270.407023
-1326.528191
-561.221565
-382.650018
311.227990
484.697492
15.309428
-102.037589
382.656608
1403.065444
1979.596436
1071.432573
239.799371
581.636331
785.718099
760.207878
841.840585
474.493404
66.329869
-265.303002
-1086.732115
-1474.487473
-1066.323938
-1051.017806
-1122.446424
-678.568581
-443.874548
-387.752063
-464.282725
-887.752392
-755.099243
-45.915103
96.942134
163.268709
714.289480
923.473291
882.656938
1040.820308
1086.738705
1265.310251
1377.555223
744.901745
-86.731456
-770.405376
-1714.283549
-2117.345039
-1413.262942
-806.119685
-683.670625
-520.405211
-122.445765
632.656773
1051.024396
627.554729
392.860697
637.758817
193.880974
-704.078802
-821.425818
-25.506926
892.861026
933.677380
198.983018
-40.813058
209.187106
45.921693
-265.303002
-153.058030
61.227825
-51.017147
-403.058195
-459.180681
204.085062
948.983512
1051.024396
867.350805
714.289480
413.268874
102.044179
-204.078472
-413.262283
-219.384605
76.533958
81.636002
173.472797
515.309757
882.656938
1173.473456
1183.677545
948.983512
841.840585
622.452685
137.758488
30.615560
265.309592
469.391360
709.187436
265.309592
-1352.038412
-3096.937521
-4005.101385
-3484.692879
-1739.793770
-438.772504
10.207383
617.350641
887.758982
326.534123
-40.813058
147.962576
770.411966
1484.698151
1224.493898
500.003625
530.615890
841.840585
923.473291
948.983512
566.330199
-30.608970
-290.813223
-867.344215
-1714.283549
-1872.446918
-1612.242665
-1265.303661
-637.752227
-193.874384
-81.629412
-102.037589
-464.282725
-724.486978
-331.629577
193.880974
428.575006
607.146552
678.575171
678.575171
913.269203
1091.840749
1030.616219
1091.840749
928.575336
66.329869
-1158.160733
-2096.936862
-2102.038907
-1275.507750
-698.976757
-678.568581
-306.119356
413.268874
596.942464
438.779094
510.207713
836.738540
892.861026
71.431914
-836.731950
-637.752227
127.554400
438.779094
500.003625
540.819978
428.575006
102.044179
-397.956151
-484.690902
-117.343721
-10.200793
-193.874384
-112.241677
183.676886
505.105669
775.514010
867.350805
928.575336
857.146717
352.044343
-204.078472
-459.180681
-403.058195
-112.241677
91.840090
193.880974
530.615890
918.371247
1056.126440
1040.820308
1010.208042
959.187601
709.187436
285.717769
81.636002
214.289151
443.881139
688.779259
474.493404
-897.956480
-2918.365975
-4311.224036
-3954.080943
-2071.426641
-617.344051
5.105339
775.514010
1260.208207
867.350805
107.146223
-275.507091
336.738211
1311.228649
1229.595942
596.942464
658.166994
989.799866
1137.759147
994.901910
372.452520
-96.935544
-275.507091
-852.038083
-1494.895649
-1739.793770
-1785.712167
-1469.385428
-887.752392
-341.833665
168.370753
193.880974
-382.650018
-760.201288
-494.894990
45.921693
428.575006
678.575171
1005.105998
1214.289810
1102.044838
979.595777
984.697822
979.595777
780.616054
-112.241677
-1392.854766
-2219.385923
-2372.447248
-1632.650842
-423.466372
-15.302837
0.003295
469.391360
653.064950
408.166829
336.738211
377.554564
581.636331
423.472962
-530.609300
-862.242171
-5.098749
734.697657
989.799866
908.167159
387.758653
-25.506926
-372.445930
-948.976922
-948.976922
-301.017311
96.942134
250.003460
418.370918
612.248597
974.493733
1214.289810
903.065115
505.105669
285.717769
-132.649854
-551.017476
-479.588858
-168.364163
117.350311
423.472962
632.656773
852.044673
1173.473456
1051.024396
673.473127
571.432243
326.534123
0.003295
168.370753
392.860697
525.513845
928.575336
714.289480
-734.691067
-2607.141280
-4193.877020
-4275.509727
-2474.488132
-923.466701
-290.813223
698.983348
1346.942958
1010.208042
500.003625
15.309428
122.452355
1081.636661
1204.085721
556.126111
724.493568
1112.248926
1076.534617
1000.003954
438.779094
-306.119356
-499.997034
-903.058525
-1515.303826
-1494.895649
-1448.977252
-1545.916091
-989.793276
-249.996870
178.574841
357.146388
-122.445765
-836.731950
-801.017641
-397.956151
-35.711014
698.983348
1341.840914
1433.677709
1448.983842
1260.208207
892.861026
928.575336
683.677215
-551.017476
-1801.018300
-2408.161557
-2362.243160
-1443.875207
-474.486814
112.248267
969.391689
1188.779589
224.493239
-178.568251
336.738211
556.126111
301.023902
-387.752063
-821.425818
-76.527368
505.105669
382.656608
979.595777
1602.045167
892.861026
-270.405046
-1035.711673
-1173.466866
-581.629741
-362.241842
-520.405211
270.411637
1056.126440
903.065115
755.105834
811.228319
770.411966
683.677215
122.452355
-545.915432
-448.976593
-163.262119
-163.262119
117.350311
515.309757
770.411966
1142.861191
1275.514340
938.779424
698.983348
551.024066
229.595283
209.187106
367.350476
372.452520
632.656773
908.167159
270.411637
-1346.936368
-3331.631554
-4714.285526
-4056.121827
-1867.344874
-408.160239
352.044343
1214.289810
1387.759312
846.942629
142.860532
-428.568416
163.268709
1331.636826
1178.575500
739.799701
1214.289810
1464.289974
1326.534782
1005.105998
61.227825
-653.058360
-877.548304
-1561.222224
-1969.385758
-1591.834489
-1392.854766
-989.793276
-188.772340
239.799371
438.779094
239.799371
-724.486978
-1326.528191
-1051.017806
-566.323609
35.717604
775.514010
1331.636826
1714.290139
1765.310581
1423.473621
1183.677545
1000.003954
311.227990
-923.466701
-2117.345039
-2505.100397
-1821.426477
-617.344051
204.085062
137.758488
-413.262283
-448.976593
15.309428
122.452355
168.370753
806.126275
1352.045002
724.493568
-719.384934
-1168.364822
102.044179
1464.289974
1367.351135
464.289315
239.799371
270.411637
-556.119520
-1403.058854
-1081.630071
-178.568251
260.207548
40.819648
-56.119191
683.677215
1306.126605
1061.228484
857.146717
908.167159
581.636331
-91.833500
-724.486978
-852.038083
-346.935709
96.942134
382.656608
964.289645
1469.392019
1433.677709
1086.738705
683.677215
464.289315
408.166829
306.125946
372.452520
484.697492
413.268874
280.615725
-556.119520
-2403.059513
-4091.836136
-4397.958787
-2852.039401
-739.793111
168.370753
591.840420
1346.942958
1193.881633
56.125781
-836.731950
-872.446259
214.289151
1346.942958
1311.228649
1367.351135
2045.923011
2066.331187
1413.269533
479.595448
-663.262448
-1183.670954
-1290.813882
-1744.895814
-1836.732609
-1459.181340
-1122.446424
-443.874548
331.636167
591.840420
346.942299
-479.588858
-1535.712003
-1724.487637
-1076.528027
-306.119356
637.758817
1576.534946
2091.841408
2071.433232
1607.147211
1020.412131
612.248597
178.574841
-790.813553
-1846.936698
-1964.283714
-1408.160898
-714.282890
290.819813
1158.167324
1102.044838
-61.221235
-1749.997858
-2234.692055
-846.936039
260.207548
224.493239
602.044508
1270.412296
1132.657103
428.575006
-40.813058
591.840420
1607.147211
913.269203
-755.099243
-1040.813717
-397.956151
-209.180516
-331.629577
-306.119356
158.166665
642.860862
326.534123
-71.425323
382.656608
984.697822
1000.003954
739.799701
459.187271
209.187106
-35.711014
-397.956151
-566.323609
-229.588693
382.656608
801.024231
1045.922352
1244.902075
1168.371412
974.493733
831.636496
581.636331
551.024066
658.166994
321.432078
219.391195
255.105504
-969.385099
-2918.365975
-4295.917903
-4443.877185
-2474.488132
-132.649854
489.799536
989.799866
1698.984007
841.840585
-535.711344
-1214.283219
-1260.201617
153.064620
1622.453344
1612.249256
1984.698481
2693.882621
2056.127099
1076.534617
147.962576
-1142.854601
-1607.140621
-1668.365151
-2071.426641
-1612.242665
-806.119685
-540.813388
96.942134
857.146717
765.309922
-45.915103
-1408.160898
-2545.916750
-2372.447248
-1326.528191
-188.772340
1000.003954
2142.861850
2816.331682
2637.760135
1821.433067
984.697822
178.574841
-678.568581
-1489.793605
-2209.181834
-2316.324762
-1494.895649
-362.241842
683.677215
1397.963400
1301.024561
500.003625
-448.976593
-1091.834159
-1326.528191
-1168.364822
-612.242006
76.533958
622.452685
1081.636661
1280.616384
1173.473456
1142.861191
724.493568
-260.200958
-882.650348
-1096.936203
-1081.630071
-433.670460
265.309592
561.228155
948.983512
974.493733
423.472962
255.105504
306.125946
193.880974
362.248432
464.289315
270.411637
270.411637
214.289151
35.717604
158.166665
229.595283
147.962576
311.227990
653.064950
862.248761
964.289645
1045.922352
994.901910
846.942629
744.901745
576.534287
438.779094
545.922022
-96.935544
-2132.651172
-4163.264755
-4943.877514
-3729.591000
-862.242171
1030.616219
1413.269533
1852.045332
1326.534782
-617.344051
-1903.059184
-2025.508244
-1005.099408
1030.616219
1923.473950
1903.065774
2785.719417
3040.821626
1974.494392
903.065115
-571.425653
-1999.998023
-2275.508409
-2443.875866
-2433.671778
-1214.283219
-51.017147
617.350641
1438.779753
1510.208372
535.717934
-908.160569
-2515.304485
-3219.386582
-2377.549292
-948.976922
459.187271
1846.943288
2704.086710
2724.494886
2127.555718
1397.963400
586.738376
-413.262283
-1153.058689
-1653.059019
-1984.691890
-1484.691561
-204.078472
1061.228484
1423.473621
382.656608
-872.446259
-1066.323938
-1290.813882
-1704.079461
-627.548139
1137.759147
1637.759476
948.983512
158.166665
198.983018
765.309922
484.697492
-270.405046
-81.629412
295.921857
-219.384605
-770.405376
-367.343886
520.411801
765.309922
178.574841
-387.752063
-326.527532
-20.404882
56.125781
362.248432
1163.269368
1617.351300
1229.595942
510.207713
-71.425323
-311.221400
-362.241842
-464.282725
-219.384605
454.085227
892.861026
1015.310087
1091.840749
1030.616219
1010.208042
933.677380
678.575171
500.003625
275.513681
112.248267
66.329869
-943.874878
-3025.508903
-4484.693538
-4086.734092
-1887.753051
377.554564
1250.004119
1642.861521
1704.086051
244.901416
-1755.099902
-2607.141280
-2025.508244
-45.915103
1872.453509
2413.270192
2831.637814
3102.046156
2173.474115
903.065115
-423.466372
-1801.018300
-2045.916421
-1663.263107
-1714.283549
-1255.099573
-311.221400
346.942299
1035.718263
1183.677545
285.717769
-938.772834
-2331.630895
-3249.998847
-2505.100397
-698.976757
923.473291
2086.739364
2535.719252
2260.208866
1617.351300
693.881303
-173.466207
-556.119520
-663.262448
-887.752392
-1153.058689
-882.650348
122.452355
1183.677545
1331.636826
193.880974
-1244.895485
-1653.059019
-1525.507914
-1760.201947
-1295.915926
448.983183
2000.004613
2081.637320
984.697822
260.207548
551.024066
280.615725
-1030.609629
-1397.956810
-301.017311
515.309757
403.064785
306.125946
862.248761
1285.718428
484.697492
-831.629906
-1030.609629
-377.547974
-188.772340
-158.160074
698.983348
1836.739199
2020.412790
1168.371412
147.962576
-484.690902
-688.772669
-724.486978
-484.690902
306.125946
974.493733
1096.942793
1122.453014
1173.473456
1107.146882
887.758982
464.289315
142.860532
15.309428
-158.160074
91.840090
744.901745
163.268709
-2066.324597
-4239.795417
-4499.999670
-2326.528850
45.921693
775.514010
1188.779589
1540.820637
290.819813
-1811.222388
-2785.712826
-1836.732609
566.330199
2316.331352
2474.494722
2525.515163
2647.964224
1846.943288
525.513845
-729.589022
-1499.997693
-1499.997693
-1428.569075
-1336.732280
-658.160404
193.880974
770.411966
903.065115
469.391360
-290.813223
-1551.018135
-2999.998682
-3275.509068
-2102.038907
-290.813223
1469.392019
2367.351794
2382.657926
2132.657762
1321.432737
15.309428
-760.201288
-908.160569
-724.486978
-408.160239
-403.058195
-153.058030
744.901745
1056.126440
423.472962
-61.221235
-566.323609
-1454.079296
-1913.263272
-1362.242501
-40.813058
1045.922352
1168.371412
938.779424
882.656938
423.472962
-663.262448
-1132.650513
-188.772340
739.799701
469.391360
-71.425323
76.533958
586.738376
607.146552
-66.323279
-505.099079
-204.078472
0.003295
-183.670295
0.003295
750.003789
1459.187930
1586.739035
1061.228484
321.432078
-275.507091
-627.548139
-622.446095
-362.241842
76.533958
719.391524
1188.779589
1224.493898
1091.840749
948.983512
693.881303
367.350476
127.554400
51.023737
102.044179
306.125946
596.942464
295.921857
-1362.242501
-3734.693044
-4678.571217
-2826.529180
-173.466207
862.248761
1091.840749
1454.085886
683.677215
-1392.854766
-3045.917080
-2719.386252
-306.119356
2081.637320
2596.943782
2642.862180
3040.821626
2357.147706
566.330199
-1214.283219
-2198.977746
-1882.651007
-1040.813717
-704.078802
-234.690737
642.860862
1035.718263
877.554894
433.677050
-382.650018
-1627.548798
-3081.631389
-3658.162381
-2448.977911
-270.405046
1586.739035
2535.719252
2530.617208
1816.331023
658.166994
-535.711344
-954.078966
-617.344051
-326.527532
-260.200958
-142.853942
295.921857
959.187601
979.595777
45.921693
-602.037918
-744.895155
-1372.446589
-1877.548963
-989.793276
714.289480
1632.657432
1239.800030
647.962906
698.983348
443.881139
-974.487143
-1974.487802
-948.976922
765.309922
1178.575500
750.003789
755.105834
1025.514175
612.248597
-612.242006
-1346.936368
-724.486978
30.615560
-25.506926
-15.302837
724.493568
1642.861521
1897.963730
1346.942958
622.452685
76.533958
-505.099079
-903.058525
-617.344051
127.554400
816.330364
1204.085721
1188.779589
974.493733
739.799701
418.370918
102.044179
163.268709
362.248432
239.799371
163.268709
551.024066
698.983348
-571.425653
-3173.468184
-5000.000000
-3760.203265
-596.935874
1025.514175
1061.228484
1367.351135
1107.146882
-811.221729
-3015.304815
-3382.651995
-1178.568910
1673.473786
2596.943782
2551.025384
3193.882951
3051.025714
1193.881633
-1030.609629
-2408.161557
-2372.447248
-1346.936368
-433.670460
367.350476
1270.412296
1408.167488
714.289480
102.044179
-499.997034
-1586.732444
-2852.039401
-3295.917244
-2234.692055
-285.711179
1331.636826
2112.249585
2127.555718
1392.861356
122.452355
-1066.323938
-1352.038412
-653.058360
234.697327
744.901745
770.411966
709.187436
1015.310087
989.799866
-352.037753
-1999.998023
-2122.447083
-1061.221894
-530.609300
-341.833665
801.024231
2122.453673
1719.392183
15.309428
-913.262613
-566.323609
-530.609300
-1494.895649
-1637.752886
239.799371
2061.229143
1841.841244
790.820143
346.942299
96.942134
-673.466537
-1551.018135
-1270.405705
204.085062
1066.330528
719.391524
525.513845
1076.534617
1469.392019
1061.228484
260.207548
-204.078472
-244.894826
-295.915267
-153.058030
459.187271
1005.105998
1066.330528
704.085392
397.962741
418.370918
494.901580
464.289315
316.330034
209.187106
346.942299
464.289315
408.166829
627.554729
719.391524
-765.303332
-3306.121333
-4709.183482
-3397.958128
-183.670295
1632.657432
1193.881633
795.922187
392.860697
-1489.793605
-3418.366305
-3249.998847
-938.772834
1841.841244
3086.740023
3020.413449
2994.903228
2367.351794
448.983183
-1596.936533
-2377.549292
-1770.406035
-632.650183
413.268874
1265.310251
1612.249256
1147.963235
224.493239
-663.262448
-1306.120015
-1964.283714
-2678.569899
-2408.161557
-826.527862
785.718099
1545.922681
1413.269533
668.371082
-137.751898
-831.629906
-1306.120015
-994.895320
-127.547809
561.228155
1158.167324
1556.126770
1454.085886
790.820143
-556.119520
-1867.344874
-1943.875537
-1137.752557
-540.813388
214.289151
1474.494063
2198.984336
1316.330693
-469.384769
-1188.772999
-637.752227
-525.507255
-1198.977087
-1076.528027
545.922022
2005.106657
1744.902404
647.962906
45.921693
-448.976593
-1224.487308
-1602.038577
-1010.201452
377.554564
1336.738870
1204.085721
974.493733
974.493733
729.595613
403.064785
163.268709
76.533958
193.880974
260.207548
341.840255
678.575171
729.595613
387.758653
285.717769
423.472962
464.289315
530.615890
714.289480
709.187436
469.391360
311.227990
295.921857
127.554400
35.717604
142.860532
-607.139962
-2535.712662
-4102.040225
-3515.305144
-489.792946
2010.208701
1505.106328
163.268709
-193.874384
-1173.466866
-3030.610947
-3617.346028
-1831.630565
1234.697986
3270.413614
3229.597260
2653.066268
2168.372071
515.309757
-1698.977416
-2494.896308
-1520.405870
-15.302837
1076.534617
1454.085886
1321.432737
994.901910
250.003460
-739.793111
-1392.854766
-1943.875537
-2484.692220
-2051.018465
-285.711179
1352.045002
1622.453344
673.473127
-596.935874
-1147.956645
-954.078966
-770.405376
-448.976593
346.942299
872.452850
918.371247
1142.861191
1183.677545
510.207713
-637.752227
-1857.140786
-1969.385758
-459.180681
923.473291
1163.269368
1183.677545
1183.677545
545.922022
-561.221565
-1158.160733
-841.833994
-403.058195
-515.303167
-576.527697
357.146388
1673.473786
1765.310581
484.697492
-734.691067
-1061.221894
-831.629906
-387.752063
-30.608970
137.758488
285.717769
341.840255
367.350476
530.615890
668.371082
734.697657
729.595613
596.942464
658.166994
938.779424
857.146717
357.146388
-219.384605
-464.282725
5.105339
770.411966
1040.820308
1051.024396
1056.126440
704.085392
265.309592
239.799371
295.921857
71.431914
-163.262119
10.207383
-122.445765
-1607.140621
-3551.019453
-3903.060502
-1551.018135
1423.473621
1658.167653
275.513681
-224.486649
-903.058525
-2596.937192
-3474.488791
-2132.651172
627.554729
2642.862180
2698.984666
2173.474115
2035.718922
989.799866
-979.589187
-2096.936862
-1448.977252
122.452355
1408.167488
1836.739199
1352.045002
443.881139
-316.323444
-704.078802
-897.956480
-1204.079131
-1602.038577
-1510.201782
-474.486814
755.105834
1076.534617
346.942299
-770.405376
-1489.793605
-1510.201782
-964.283055
-183.670295
607.146552
1158.167324
1045.922352
642.860862
474.493404
96.942134
-678.568581
-1198.977087
-959.181011
-153.058030
678.575171
1122.453014
1147.963235
704.085392
35.717604
-341.833665
-418.364328
-382.650018
-346.935709
-403.058195
-295.915267
132.656444
505.105669
561.228155
275.513681
-341.833665
-663.262448
-239.792781
352.044343
479.595448
25.513516
-484.690902
-464.282725
-173.466207
198.983018
571.432243
770.411966
933.677380
1035.718263
933.677380
841.840585
729.595613
250.003460
-255.098914
-244.894826
178.574841
811.228319
1198.983677
1015.310087
617.350641
469.391360
469.391360
178.574841
45.921693
331.636167
193.880974
-96.935544
377.554564
295.921857
-1525.507914
-3586.733763
-3989.795253
-1760.201947
1387.759312
1928.575995
469.391360
-459.180681
-1438.773163
-2811.223047
-3020.406859
-1336.732280
1015.310087
2163.270027
2040.820967
1872.453509
1637.759476
627.554729
-897.956480
-1826.528521
-1040.813717
607.146552
1622.453344
1933.678039
1377.555223
96.942134
-821.425818
-974.487143
-739.793111
-581.629741
-642.854271
-586.731785
-188.772340
209.187106
183.676886
-392.854107
-1117.344380
-1418.364987
-1178.568910
-627.548139
-25.506926
459.187271
698.983348
704.085392
642.860862
178.574841
-602.037918
-1071.425982
-1127.548468
-428.568416
887.758982
1464.289974
1188.779589
770.411966
147.962576
-438.772504
-403.058195
117.350311
341.840255
142.860532
-30.608970
142.860532
372.452520
219.391195
-91.833500
-428.568416
-749.997199
-576.527697
107.146223
647.962906
382.656608
-566.323609
-964.283055
-418.364328
153.064620
362.248432
438.779094
591.840420
795.922187
801.024231
811.228319
806.126275
494.901580
219.391195
178.574841
311.227990
770.411966
1183.677545
1045.922352
683.677215
540.819978
612.248597
673.473127
520.411801
352.044343
239.799371
102.044179
362.248432
15.309428
-2071.426641
-4091.836136
-3897.958457
-964.283055
2188.780248
1964.290304
-214.282560
-1540.814047
-2341.834983
-2913.263931
-2459.181999
-627.548139
1280.616384
1755.106493
1306.126605
1188.779589
1275.514340
709.187436
-647.956316
-1459.181340
-469.384769
1306.126605
2326.535441
2102.045497
683.677215
-688.772669
-954.078966
-403.058195
188.778930
188.778930
-244.894826
-515.303167
-520.405211
-397.956151
-413.262283
-668.364492
-790.813553
-790.813553
-862.242171
-714.282890
-556.119520
-540.813388
-249.996870
239.799371
678.575171
698.983348
-153.058030
-979.589187
-816.323774
-214.282560
316.330034
525.513845
346.942299
520.411801
1112.248926
1020.412131
443.881139
117.350311
-188.772340
-602.037918
-520.405211
520.411801
1443.881798
867.350805
-459.180681
-1020.405541
-729.589022
-270.405046
76.533958
244.901416
219.391195
-280.609135
-816.323774
-505.099079
25.513516
-56.119191
-260.200958
76.533958
882.656938
1311.228649
1000.003954
545.922022
204.085062
56.125781
295.921857
693.881303
1086.738705
1239.800030
903.065115
535.717934
515.309757
729.595613
969.391689
964.289645
877.554894
704.085392
326.534123
214.289151
-306.119356
-2158.161392
-4035.713650
-3821.427795
-663.262448
2586.739694
2051.025055
-586.731785
-2112.242995
-2821.427136
-3173.468184
-2530.610618
-484.690902
1586.739035
1637.759476
474.493404
91.840090
443.881139
265.309592
-530.609300
-551.017476
617.350641
1734.698316
2163.270027
1821.433067
500.003625
-801.017641
-913.262613
-15.302837
913.269203
943.881468
336.738211
-86.731456
-423.466372
-801.017641
-1020.405541
-801.017641
-249.996870
10.207383
-362.241842
-964.283055
-1372.446589
-1474.487473
-933.670790
81.636002
826.534452
790.820143
-183.670295
-1096.936203
-1061.221894
-678.568581
-382.650018
-15.302837
581.636331
1229.595942
1346.942958
1127.555059
852.044673
193.880974
-724.486978
-729.589022
607.146552
1719.392183
1428.575665
346.942299
-494.894990
-709.180846
-642.854271
-331.629577
321.432078
443.881139
-193.874384
-678.568581
-596.935874
-198.976428
-198.976428
-484.690902
-346.935709
107.146223
658.166994
872.452850
556.126111
204.085062
-25.506926
142.860532
775.514010
1142.861191
1071.432573
862.248761
596.942464
540.819978
658.166994
831.636496
1214.289810
1326.534782
1076.534617
877.554894
591.840420
285.717769
-749.997199
-3091.835477
-4403.060831
-2132.651172
1841.841244
2780.617372
163.268709
-2168.365481
-2974.488461
-3326.529509
-2795.916915
-852.038083
1275.514340
1571.432902
-25.506926
-1239.793440
-887.752392
-66.323279
-5.098749
-163.262119
423.472962
1280.616384
1668.371741
1586.739035
984.697822
-158.160074
-653.058360
188.778930
1188.779589
1321.432737
877.554894
403.064785
-71.425323
-596.935874
-780.609464
-346.935709
392.860697
770.411966
280.615725
-882.650348
-1867.344874
-1989.793935
-1255.099573
-173.466207
540.819978
448.983183
-168.364163
-1091.834159
-1709.181505
-1285.711838
-525.507255
-198.976428
-5.098749
459.187271
1015.310087
1086.738705
474.493404
-188.772340
-336.731621
25.513516
908.167159
1948.984171
1872.453509
647.962906
-438.772504
-632.650183
-40.813058
520.411801
551.024066
326.534123
-147.955986
-581.629741
-515.303167
-239.792781
-168.364163
-494.894990
-612.242006
-81.629412
418.370918
408.166829
-30.608970
-418.364328
-188.772340
301.023902
724.493568
989.799866
709.187436
341.840255
433.677050
688.779259
918.371247
1035.718263
1137.759147
1260.208207
1137.759147
1020.412131
1096.942793
653.064950
-816.323774
-2734.692385
-3239.794758
-882.650348
2250.004778
2377.555882
-209.180516
-2428.569734
-3290.815200
-3168.366140
-2112.242995
-249.996870
1270.412296
816.330364
-892.854436
-1688.773328
-1244.895485
-469.384769
-45.915103
35.717604
290.819813
571.432243
750.003789
913.269203
632.656773
147.962576
158.166665
714.289480
1255.106163
1158.167324
596.942464
290.819813
56.125781
-352.037753
-204.078472
673.473127
1357.147047
1183.677545
71.431914
-1352.038412
-2035.712332
-1535.712003
-219.384605
729.595613
443.881139
-540.813388
-1183.670954
-1153.058689
-724.486978
-428.568416
-724.486978
-1285.711838
-1551.018135
-775.507420
1061.228484
1867.351464
724.493568
-739.793111
-1198.977087
-489.792946
709.187436
1755.106493
2010.208701
882.656938
-413.262283
-377.547974
632.656773
1158.167324
647.962906
86.738046
66.329869
56.125781
-20.404882
61.227825
10.207383
-438.772504
-658.160404
-66.323279
607.146552
372.452520
-357.139797
-551.017476
-168.364163
112.248267
204.085062
525.513845
673.473127
362.248432
147.962576
260.207548
362.248432
377.554564
765.309922
1403.065444
1586.739035
1132.657103
586.738376
561.228155
469.391360
-499.997034
-1806.120344
-2301.018629
-709.180846
2035.718922
2239.800689
-239.792781
-2096.936862
-2852.039401
-2882.651666
-1535.712003
551.024066
1795.922846
709.187436
-1755.099902
-2576.529015
-1464.283384
-193.874384
260.207548
0.003295
-153.058030
-61.221235
204.085062
642.860862
678.575171
153.064620
-81.629412
566.330199
1270.412296
1051.024396
341.840255
-173.466207
-397.956151
-209.180516
551.024066
1433.677709
1617.351300
785.718099
-520.405211
-1346.936368
-1224.487308
-469.384769
280.615725
464.289315
-45.915103
-760.201288
-964.283055
-709.180846
-408.160239
-341.833665
-1005.099408
-1882.651007
-1479.589517
107.146223
801.024231
137.758488
-127.547809
-204.078472
-989.793276
-852.038083
948.983512
2163.270027
1086.738705
-499.997034
-234.690737
948.983512
1086.738705
489.799536
357.146388
673.473127
403.064785
-198.976428
168.370753
831.636496
301.023902
-673.466537
-362.241842
658.166994
760.207878
127.554400
-209.180516
-321.425488
-479.588858
-265.303002
326.534123
647.962906
530.615890
346.942299
183.676886
56.125781
158.166665
500.003625
1000.003954
1081.636661
632.656773
535.717934
729.595613
821.432408
688.779259
-280.609135
-1535.712003
-2061.222553
-938.772834
1821.433067
2632.658091
30.615560
-2540.814706
-3234.692714
-2408.161557
-658.160404
882.656938
1433.677709
362.248432
-1704.079461
-2377.549292
-1173.466866
81.636002
107.146223
-596.935874
-663.262448
-71.425323
397.962741
469.391360
122.452355
-188.772340
81.636002
892.861026
1387.759312
882.656938
-107.139633
-602.037918
-362.241842
260.207548
918.371247
1408.167488
1346.942958
535.717934
-484.690902
-964.283055
-637.752227
66.329869
515.309757
438.779094
-81.629412
-693.874713
-959.181011
-693.874713
-219.384605
-352.037753
-1071.425982
-1357.140456
-1127.548468
-428.568416
545.922022
586.738376
-316.323444
-1178.568910
-1306.120015
-270.405046
1015.310087
1209.187765
377.554564
-382.650018
-142.853942
831.636496
1326.534782
836.738540
178.574841
-56.119191
61.227825
448.983183
719.391524
505.105669
-71.425323
-397.956151
10.207383
801.024231
1122.453014
642.860862
-295.915267
-739.793111
-311.221400
265.309592
525.513845
500.003625
331.636167
173.472797
-5.098749
112.248267
540.819978
673.473127
591.840420
612.248597
632.656773
770.411966
698.983348
433.677050
377.554564
-214.282560
-1306.120015
-1867.344874
-913.262613
1693.881962
2545.923340
-10.200793
-2454.079955
-2841.835312
-2020.406200
-596.935874
760.207878
1112.248926
-15.302837
-1724.487637
-2066.324597
-877.548304
188.778930
127.554400
-551.017476
-709.180846
-260.200958
107.146223
127.554400
-188.772340
-321.425488
193.880974
1040.820308
1403.065444
688.779259
-418.364328
-755.099243
-295.915267
494.901580
1127.555059
1295.922516
923.473291
163.268709
-484.690902
-637.752227
-204.078472
438.779094
724.493568
505.105669
-107.139633
-709.180846
-831.629906
-438.772504
66.329869
-142.853942
-1244.895485
-1510.201782
-530.609300
-76.527368
-56.119191
183.676886
-112.241677
-1040.813717
-1321.426147
-163.262119
1091.840749
816.330364
-494.894990
-831.629906
306.125946
1250.004119
1061.228484
413.268874
20.411472
-5.098749
219.391195
673.473127
923.473291
454.085227
-433.670460
-607.139962
326.534123
1091.840749
969.391689
392.860697
-301.017311
-515.303167
-61.221235
469.391360
658.166994
433.677050
127.554400
163.268709
250.003460
158.166665
229.595283
418.370918
525.513845
668.371082
795.922187
770.411966
571.432243
357.146388
392.860697
45.921693
-836.731950
-1249.997529
-1142.854601
137.758488
1984.698481
1173.473456
-1561.222224
-2693.876031
-1943.875537
-714.282890
137.758488
423.472962
255.105504
-744.895155
-1821.426477
-1377.548633
-163.262119
137.758488
-392.854107
-658.160404
-214.282560
183.676886
-81.629412
-448.976593
-275.507091
311.227990
780.616054
943.881468
709.187436
-142.853942
-760.201288
-265.303002
612.248597
989.799866
923.473291
765.309922
505.105669
-86.731456
-535.711344
-301.017311
255.105504
642.860862
622.452685
158.166665
-474.486814
-852.038083
-520.405211
188.778930
96.942134
-908.160569
-1275.507750
-714.282890
-413.262283
-209.180516
40.819648
-301.017311
-954.078966
-1071.425982
-209.180516
688.779259
489.799536
-392.854107
-785.711508
-132.649854
862.248761
1005.105998
357.146388
-96.935544
-45.915103
397.962741
923.473291
903.065115
295.921857
-341.833665
-331.629577
423.472962
969.391689
923.473291
459.187271
-204.078472
-387.752063
45.921693
515.309757
561.228155
224.493239
127.554400
397.962741
500.003625
270.411637
71.431914
142.860532
362.248432
500.003625
647.962906
714.289480
489.799536
326.534123
423.472962
693.881303
454.085227
-510.201123
-1188.772999
-1209.181175
-132.649854
1423.473621
1005.105998
-1025.507585
-2107.140951
-1744.895814
-872.446259
25.513516
581.636331
438.779094
-637.752227
-1841.834653
-1734.691726
-673.466537
-51.017147
-35.711014
-112.241677
-219.384605
-357.139797
-403.058195
-382.650018
-45.915103
454.085227
627.554729
561.228155
229.595283
-214.282560
-326.527532
-5.098749
494.901580
760.207878
775.514010
790.820143
540.819978
-112.241677
-494.894990
-229.588693
448.983183
1030.616219
846.942629
-107.139633
-882.650348
-882.650348
-214.282560
551.024066
448.983183
-698.976757
-1647.956975
-1173.466866
183.676886
510.207713
-464.282725
-897.956480
-612.242006
-821.425818
-647.956316
602.044508
897.963071
-612.242006
-1556.120179
-178.568251
1612.249256
1142.861191
-479.588858
-612.242006
336.738211
607.146552
357.146388
479.595448
571.432243
-66.323279
-454.078637
423.472962
1341.840914
933.677380
5.105339
-239.792781
15.309428
193.880974
311.227990
510.207713
505.105669
255.105504
229.595283
403.064785
336.738211
132.656444
311.227990
653.064950
474.493404
86.738046
209.187106
459.187271
520.411801
693.881303
709.187436
474.493404
-158.160074
-693.874713
-551.017476
-841.833994
-464.282725
1158.167324
1010.208042
-755.099243
-1826.528521
-1790.814212
-918.364657
30.615560
653.064950
714.289480
-729.589022
-2280.610453
-1984.691890
-612.242006
540.819978
556.126111
-275.507091
-591.833830
-637.752227
-622.446095
-30.608970
408.166829
295.921857
66.329869
61.227825
362.248432
214.289151
-249.996870
-30.608970
530.615890
806.126275
765.309922
489.799536
81.636002
-301.017311
-301.017311
285.717769
908.167159
882.656938
198.983018
-515.303167
-704.078802
-418.364328
-30.608970
214.289151
142.860532
-377.547974
-1142.854601
-1142.854601
-193.874384
132.656444
-382.650018
-428.568416
-285.711179
-704.078802
-790.813553
-188.772340
270.411637
35.717604
-306.119356
66.329869
520.411801
224.493239
-193.874384
-15.302837
275.513681
265.309592
301.023902
494.901580
484.697492
153.064620
66.329869
556.126111
872.452850
510.207713
239.799371
265.309592
168.370753
102.044179
260.207548
561.228155
688.779259
500.003625
397.962741
301.023902
102.044179
188.778930
418.370918
551.024066
438.779094
76.533958
10.207383
321.432078
673.473127
852.044673
678.575171
443.881139
-153.058030
-846.936039
-882.650348
-959.181011
-35.711014
1617.351300
887.758982
-1224.487308
-2076.528686
-1622.446754
-627.548139
158.166665
505.105669
209.187106
-1188.772999
-2255.100232
-1653.059019
-260.200958
561.228155
204.085062
-494.894990
-647.956316
-617.344051
-448.976593
-168.364163
10.207383
214.289151
331.636167
362.248432
382.656608
-35.711014
-372.445930
122.452355
714.289480
846.942629
729.595613
464.289315
163.268709
-96.935544
-132.649854
377.554564
959.187601
724.493568
20.411472
-362.241842
-352.037753
-234.690737
-153.058030
142.860532
443.881139
-153.058030
-1316.324103
-1301.017970
-91.833500
326.534123
-331.629577
-459.180681
-295.915267
-897.956480
-1137.752557
-198.976428
714.289480
377.554564
-479.588858
-280.609135
336.738211
20.411472
-464.282725
-86.731456
586.738376
469.391360
56.125781
250.003460
392.860697
153.064620
147.962576
668.371082
1071.432573
494.901580
-168.364163
81.636002
301.023902
188.778930
377.554564
709.187436
780.616054
433.677050
178.574841
244.901416
122.452355
127.554400
454.085227
571.432243
387.758653
-30.608970
-91.833500
387.758653
729.595613
862.248761
734.697657
408.166829
71.431914
-658.160404
-816.323774
-474.486814
-448.976593
668.371082
1525.514504
35.717604
-1755.099902
-2030.610288
-1193.875043
-153.058030
500.003625
331.636167
-709.180846
-1836.732609
-2051.018465
-872.446259
571.432243
561.228155
-295.915267
-841.833994
-1040.813717
-693.874713
-229.588693
-10.200793
285.717769
301.023902
219.391195
285.717769
20.411472
-295.915267
-86.731456
581.636331
943.881468
750.003789
540.819978
183.676886
-173.466207
-10.200793
413.268874
872.452850
928.575336
280.615725
-249.996870
-382.650018
-525.507255
-265.303002
505.105669
714.289480
-122.445765
-1061.221894
-948.976922
-326.527532
-290.813223
-214.282560
229.595283
-117.343721
-1239.793440
-1290.813882
10.207383
663.269038
35.717604
-387.752063
10.207383
122.452355
-408.160239
-387.752063
321.432078
500.003625
10.207383
-35.711014
479.595448
418.370918
-66.323279
76.533958
704.085392
806.126275
244.901416
-35.711014
255.105504
387.758653
306.125946
561.228155
750.003789
464.289315
127.554400
96.942134
250.003460
183.676886
56.125781
382.656608
673.473127
372.452520
-35.711014
-15.302837
336.738211
494.901580
658.166994
872.452850
377.554564
0.003295
-76.527368
-479.588858
-173.466207
-255.098914
-571.425653
1030.616219
1454.085886
-795.915597
-2183.671613
-1719.385593
-714.282890
183.676886
459.187271
-35.711014
-984.691231
-1969.385758
-1846.936698
-163.262119
959.187601
173.472797
-846.936039
-1061.221894
-938.772834
-530.609300
-127.547809
193.880974
352.044343
66.329869
56.125781
280.615725
-30.608970
-316.323444
188.778930
862.248761
790.820143
387.758653
321.432078
158.166665
45.921693
280.615725
556.126111
852.044673
612.248597
-96.935544
-346.935709
-413.262283
-260.200958
525.513845
831.636496
204.085062
-688.772669
-1142.854601
-683.670625
-158.160074
61.227825
341.840255
25.513516
-984.691231
-1464.283384
-545.915432
602.044508
484.697492
-255.098914
-474.486814
-295.915267
-372.445930
-428.568416
178.574841
653.064950
244.901416
-122.445765
193.880974
326.534123
-96.935544
-137.751898
423.472962
841.840585
586.738376
168.370753
275.513681
403.064785
285.717769
469.391360
826.534452
627.554729
117.350311
30.615560
183.676886
234.697327
209.187106
306.125946
688.779259
744.901745
224.493239
-107.139633
112.248267
423.472962
392.860697
510.207713
688.779259
275.513681
163.268709
117.350311
-352.037753
-15.302837
-270.405046
-688.772669
897.963071
1209.187765
-918.364657
-2010.202111
-1545.916091
-724.486978
137.758488
387.758653
-102.037589
-959.181011
-1908.161228
-1714.283549
-76.527368
760.207878
-147.955986
-882.650348
-1010.201452
-974.487143
-484.690902
-66.323279
117.350311
188.778930
-45.915103
-20.404882
147.962576
-40.813058
-142.853942
214.289151
678.575171
586.738376
285.717769
341.840255
265.309592
173.472797
214.289151
321.432078
678.575171
673.473127
250.003460
-127.547809
-438.772504
-137.751898
586.738376
653.064950
91.840090
-382.650018
-653.058360
-1122.446424
-887.752392
632.656773
1244.902075
-188.772340
-1545.916091
-989.793276
-153.058030
-484.690902
-122.445765
806.126275
234.697327
-1132.650513
-1158.160733
244.901416
852.044673
214.289151
45.921693
367.350476
35.717604
-729.589022
-382.650018
852.044673
918.371247
306.125946
331.636167
494.901580
474.493404
234.697327
295.921857
714.289480
448.983183
-30.608970
234.697327
474.493404
132.656444
-15.302837
448.983183
755.105834
525.513845
326.534123
295.921857
25.513516
-158.160074
295.921857
790.820143
719.391524
377.554564
178.574841
433.677050
397.962741
-331.629577
-127.547809
122.452355
-811.221729
-107.139633
1234.697986
-45.915103
-1698.977416
-1749.997858
-959.181011
142.860532
357.146388
-265.303002
-688.772669
-1403.058854
-1744.895814
-617.344051
489.799536
209.187106
-647.956316
-1086.732115
-1020.405541
-515.303167
-56.119191
132.656444
209.187106
-40.813058
-158.160074
117.350311
178.574841
20.411472
96.942134
418.370918
484.697492
250.003460
234.697327
321.432078
219.391195
158.166665
311.227990
617.350641
729.595613
183.676886
-239.792781
10.207383
51.023737
91.840090
392.860697
158.166665
-229.588693
-719.384934
-1010.201452
10.207383
852.044673
188.778930
-607.139962
-714.282890
-540.813388
-739.793111
-530.609300
418.370918
418.370918
-377.547974
-765.303332
-255.098914
372.452520
-71.425323
-229.588693
321.432078
260.207548
-117.343721
-311.221400
-10.200793
484.697492
392.860697
489.799536
744.901745
382.656608
40.819648
51.023737
362.248432
510.207713
229.595283
311.227990
474.493404
265.309592
158.166665
265.309592
505.105669
535.717934
336.738211
428.575006
459.187271
81.636002
-76.527368
408.166829
760.207878
540.819978
443.881139
377.554564
346.942299
500.003625
-76.527368
-316.323444
239.799371
-642.854271
-897.956480
959.187601
892.861026
-1005.099408
-1678.569240
-1219.385264
-392.854107
112.248267
-81.629412
-239.792781
-744.895155
-1831.630565
-1596.936533
0.003295
505.105669
-239.792781
-698.976757
-811.221729
-795.915597
-510.201123
-168.364163
183.676886
173.472797
-158.160074
-30.608970
244.901416
61.227825
-153.058030
173.472797
494.901580
178.574841
86.738046
433.677050
397.962741
229.595283
147.962576
265.309592
668.371082
469.391360
10.207383
71.431914
-96.935544
-260.200958
224.493239
494.901580
-91.833500
-739.793111
-336.731621
346.942299
122.452355
-326.527532
-418.364328
-428.568416
-658.160404
-581.629741
331.636167
535.717934
-454.078637
-836.731950
-224.486649
301.023902
81.636002
-295.915267
-30.608970
91.840090
-290.813223
-142.853942
525.513845
581.636331
91.840090
-5.098749
362.248432
520.411801
255.105504
132.656444
397.962741
413.268874
81.636002
163.268709
530.615890
525.513845
326.534123
265.309592
382.656608
387.758653
265.309592
301.023902
331.636167
265.309592
275.513681
331.636167
484.697492
515.309757
285.717769
403.064785
581.636331
448.983183
484.697492
0.003295
-561.221565
-122.445765
-392.854107
-688.772669
816.330364
1132.657103
-729.589022
-1668.365151
-1158.160733
-545.915432
-107.139633
40.819648
-137.751898
-627.548139
-1576.528356
-1678.569240
-285.711179
479.595448
-132.649854
-596.935874
-663.262448
-841.833994
-806.119685
-352.037753
255.105504
311.227990
-61.221235
-81.629412
45.921693
-56.119191
-193.874384
40.819648
459.187271
433.677050
280.615725
357.146388
346.942299
214.289151
76.533958
219.391195
617.350641
627.554729
102.044179
-285.711179
-178.568251
127.554400
479.595448
637.758817
193.880974
-586.731785
-775.507420
-301.017311
112.248267
255.105504
86.738046
-423.466372
-770.405376
-551.017476
-51.017147
214.289151
61.227825
-239.792781
-408.160239
-474.486814
-265.303002
25.513516
51.023737
86.738046
178.574841
137.758488
71.431914
-25.506926
56.125781
316.330034
229.595283
193.880974
408.166829
341.840255
122.452355
56.125781
163.268709
464.289315
612.248597
505.105669
403.064785
265.309592
56.125781
30.615560
454.085227
765.309922
464.289315
147.962576
122.452355
260.207548
382.656608
438.779094
607.146552
489.799536
112.248267
147.962576
500.003625
551.024066
-132.649854
-520.405211
163.268709
-91.833500
-816.323774
290.819813
913.269203
-428.568416
-1474.487473
-1285.711838
-326.527532
56.125781
-403.058195
-372.445930
-346.935709
-1255.099573
-1698.977416
-647.956316
367.350476
56.125781
-576.527697
-571.425653
-535.711344
-688.772669
-489.792946
56.125781
301.023902
-96.935544
-352.037753
-86.731456
117.350311
10.207383
35.717604
469.391360
545.922022
56.125781
86.738046
382.656608
244.901416
102.044179
163.268709
494.901580
678.575171
260.207548
0.003295
107.146223
61.227825
132.656444
341.840255
142.860532
-418.364328
-545.915432
-96.935544
40.819648
-193.874384
0.003295
127.554400
-510.201123
-821.425818
-198.976428
137.758488
-163.262119
-316.323444
-127.547809
-86.731456
-408.160239
-377.547974
255.105504
540.819978
61.227825
-275.507091
5.105339
209.187106
25.513516
127.554400
428.575006
362.248432
132.656444
153.064620
352.044343
392.860697
244.901416
270.411637
484.697492
571.432243
336.738211
132.656444
270.411637
326.534123
321.432078
510.207713
500.003625
387.758653
270.411637
112.248267
250.003460
489.799536
500.003625
341.840255
265.309592
428.575006
479.595448
306.125946
-76.527368
-326.527532
81.636002
-239.792781
-913.262613
295.921857
1010.208042
-392.854107
-1336.732280
-1096.936203
-571.425653
-331.629577
-331.629577
-51.017147
-321.425488
-1392.854766
-1617.344710
-586.731785
397.962741
285.717769
-387.752063
-673.466537
-918.364657
-1035.711673
-474.486814
295.921857
448.983183
-76.527368
-316.323444
-112.241677
-71.425323
-35.711014
122.452355
367.350476
438.779094
30.615560
5.105339
408.166829
306.125946
183.676886
306.125946
515.309757
637.758817
290.819813
10.207383
-132.649854
-183.670295
280.615725
545.922022
403.064785
0.003295
-622.446095
-408.160239
81.636002
-40.813058
91.840090
188.778930
-505.099079
-954.078966
-438.772504
102.044179
86.738046
-20.404882
-198.976428
-408.160239
-341.833665
-249.996870
-35.711014
250.003460
112.248267
-127.547809
-209.180516
-71.425323
204.085062
331.636167
346.942299
178.574841
142.860532
336.738211
275.513681
244.901416
326.534123
244.901416
301.023902
474.493404
505.105669
352.044343
173.472797
209.187106
280.615725
387.758653
494.901580
336.738211
229.595283
183.676886
147.962576
397.962741
627.554729
433.677050
142.860532
204.085062
346.942299
321.432078
336.738211
10.207383
-219.384605
147.962576
-285.711179
-719.384934
321.432078
622.452685
-540.813388
-1234.691396
-908.160569
-454.078637
-459.180681
-249.996870
96.942134
-290.813223
-1045.915762
-1403.058854
-821.425818
66.329869
-76.527368
-454.078637
-372.445930
-653.058360
-867.344215
-408.160239
132.656444
341.840255
81.636002
-265.303002
-234.690737
-132.649854
-127.547809
86.738046
479.595448
479.595448
107.146223
61.227825
311.227990
423.472962
255.105504
112.248267
403.064785
474.493404
45.921693
-45.915103
147.962576
198.983018
173.472797
137.758488
224.493239
112.248267
-392.854107
-515.303167
-86.731456
229.595283
66.329869
-352.037753
-408.160239
-270.405046
-341.833665
-362.241842
5.105339
392.860697
15.309428
-693.874713
-505.099079
40.819648
-40.813058
-91.833500
250.003460
377.554564
91.840090
-275.507091
-178.568251
377.554564
489.799536
132.656444
193.880974
448.983183
295.921857
86.738046
147.962576
326.534123
377.554564
270.411637
250.003460
301.023902
209.187106
142.860532
306.125946
505.105669
510.207713
321.432078
163.268709
209.187106
270.411637
244.901416
336.738211
515.309757
433.677050
265.309592
285.717769
438.779094
515.309757
127.554400
-336.731621
-20.404882
86.738046
-668.364492
-454.078637
632.656773
326.534123
-770.405376
-918.364657
-647.956316
-647.956316
-566.323609
-275.507091
-20.404882
-403.058195
-1336.732280
-1423.467031
-499.997034
15.309428
-214.282560
-265.303002
-234.690737
-688.772669
-984.691231
-551.017476
183.676886
433.677050
66.329869
-168.364163
-117.343721
-188.772340
-168.364163
224.493239
576.534287
418.370918
71.431914
96.942134
280.615725
239.799371
168.370753
306.125946
515.309757
321.432078
-30.608970
56.125781
224.493239
158.166665
56.125781
122.452355
163.268709
-234.690737
-484.690902
66.329869
372.452520
-147.955986
-448.976593
-168.364163
-153.058030
-515.303167
-352.037753
229.595283
229.595283
-382.650018
-530.609300
-5.098749
193.880974
-153.058030
-224.486649
122.452355
193.880974
-81.629412
-56.119191
357.146388
423.472962
51.023737
20.411472
290.819813
382.656608
311.227990
209.187106
244.901416
224.493239
102.044179
295.921857
535.717934
448.983183
316.330034
229.595283
270.411637
311.227990
280.615725
311.227990
285.717769
224.493239
260.207548
346.942299
392.860697
341.840255
295.921857
178.574841
86.738046
260.207548
387.758653
377.554564
61.227825
-326.527532
40.819648
45.921693
-637.752227
-224.486649
515.309757
-15.302837
-790.813553
-892.854436
-688.772669
-642.854271
-591.833830
-234.690737
-35.711014
-418.364328
-1142.854601
-1306.120015
-596.935874
-102.037589
-168.364163
-163.262119
-255.098914
-627.548139
-846.936039
-535.711344
112.248267
397.962741
234.697327
-15.302837
-173.466207
-188.772340
-142.853942
142.860532
535.717934
489.799536
188.778930
86.738046
198.983018
331.636167
255.105504
234.697327
367.350476
214.289151
56.125781
153.064620
214.289151
178.574841
30.615560
-40.813058
107.146223
-40.813058
-336.731621
-102.037589
173.472797
-163.262119
-525.507255
-326.527532
-112.241677
-260.200958
-137.751898
204.085062
117.350311
-341.833665
-627.548139
-311.221400
183.676886
168.370753
35.717604
137.758488
117.350311
-91.833500
-173.466207
132.656444
403.064785
244.901416
86.738046
122.452355
204.085062
295.921857
346.942299
438.779094
428.575006
204.085062
127.554400
198.983018
295.921857
377.554564
346.942299
346.942299
357.146388
270.411637
255.105504
219.391195
96.942134
122.452355
280.615725
357.146388
336.738211
316.330034
295.921857
234.697327
224.493239
275.513681
377.554564
316.330034
-132.649854
-219.384605
117.350311
-188.772340
-612.242006
-142.853942
321.432078
-86.731456
-688.772669
-719.384934
-551.017476
-698.976757
-668.364492
-204.078472
10.207383
-372.445930
-918.364657
-938.772834
-571.425653
-362.241842
-270.405046
-142.853942
-158.160074
-397.956151
-602.037918
-494.894990
-137.751898
71.431914
102.044179
142.860532
81.636002
-96.935544
-102.037589
107.146223
219.391195
244.901416
265.309592
219.391195
244.901416
290.819813
147.962576
153.064620
290.819813
311.227990
280.615725
122.452355
30.615560
45.921693
-96.935544
-137.751898
15.309428
40.819648
5.105339
-15.302837
-112.241677
-249.996870
-316.323444
-275.507091
-244.894826
-137.751898
66.329869
76.533958
-112.241677
-260.200958
-249.996870
-132.649854
-76.527368
-15.302837
56.125781
-5.098749
-91.833500
-10.200793
127.554400
265.309592
280.615725
229.595283
193.880974
102.044179
96.942134
224.493239
357.146388
438.779094
362.248432
250.003460
265.309592
326.534123
255.105504
127.554400
250.003460
357.146388
214.289151
193.880974
352.044343
336.738211
188.778930
158.166665
295.921857
331.636167
178.574841
173.472797
280.615725
229.595283
147.962576
229.595283
428.575006
397.962741
-15.302837
-301.017311
-66.323279
102.044179
-280.609135
-397.956151
96.942134
96.942134
-459.180681
-556.119520
-346.935709
-448.976593
-688.772669
-571.425653
-311.221400
-285.711179
-474.486814
-673.466537
-622.446095
-438.772504
-454.078637
-469.384769
-260.200958
-117.343721
-285.711179
-489.792946
-357.139797
-122.445765
-127.547809
-76.527368
96.942134
91.840090
-45.915103
-107.139633
40.819648
260.207548
275.513681
214.289151
311.227990
362.248432
147.962576
-15.302837
91.840090
193.880974
255.105504
265.309592
183.676886
183.676886
112.248267
-91.833500
-117.343721
-66.323279
-56.119191
-30.608970
-35.711014
-10.200793
-20.404882
-158.160074
-244.894826
-183.670295
-107.139633
-76.527368
-56.119191
-35.711014
-61.221235
-132.649854
-76.527368
10.207383
-81.629412
-71.425323
76.533958
137.758488
107.146223
96.942134
163.268709
188.778930
163.268709
193.880974
250.003460
229.595283
173.472797
137.758488
168.370753
209.187106
229.595283
295.921857
377.554564
341.840255
224.493239
102.044179
76.533958
112.248267
127.554400
229.595283
341.840255
234.697327
102.044179
142.860532
168.370753
153.064620
188.778930
270.411637
311.227990
265.309592
158.166665
173.472797
250.003460
163.268709
-56.119191
-91.833500
81.636002
25.513516
-295.915267
-260.200958
86.738046
-20.404882
-454.078637
-448.976593
-249.996870
-403.058195
-663.262448
-581.629741
-265.303002
-239.792781
-510.201123
-545.915432
-311.221400
-316.323444
-576.527697
-551.017476
-249.996870
-173.466207
-352.037753
-336.731621
-122.445765
-5.098749
-66.323279
-107.139633
-35.711014
-5.098749
-76.527368
-45.915103
168.370753
275.513681
193.880974
168.370753
265.309592
331.636167
219.391195
51.023737
117.350311
219.391195
214.289151
178.574841
147.962576
188.778930
117.350311
-91.833500
-158.160074
-56.119191
15.309428
-51.017147
-107.139633
-5.098749
25.513516
-147.955986
-219.384605
-91.833500
-15.302837
-147.955986
-290.813223
-178.568251
-40.813058
-51.017147
-40.813058
61.227825
112.248267
45.921693
-45.915103
-30.608970
91.840090
102.044179
71.431914
168.370753
224.493239
137.758488
96.942134
188.778930
250.003460
188.778930
117.350311
147.962576
224.493239
229.595283
214.289151
239.799371
265.309592
117.350311
0.003295
102.044179
183.676886
178.574841
198.983018
239.799371
229.595283
147.962576
71.431914
107.146223
219.391195
265.309592
173.472797
158.166665
285.717769
306.125946
183.676886
117.350311
147.962576
20.411472
-117.343721
30.615560
107.146223
-76.527368
-224.486649
-214.282560
-117.343721
-173.466207
-352.037753
-311.221400
-219.384605
-408.160239
-591.833830
-479.588858
-295.915267
-295.915267
-367.343886
-357.139797
-316.323444
-372.445930
-515.303167
-454.078637
-260.200958
-214.282560
-214.282560
-132.649854
-102.037589
-137.751898
-198.976428
-147.955986
20.411472
76.533958
51.023737
51.023737
107.146223
168.370753
137.758488
153.064620
204.085062
158.166665
71.431914
10.207383
56.125781
183.676886
183.676886
132.656444
137.758488
66.329869
-56.119191
-117.343721
-51.017147
10.207383
-30.608970
-56.119191
-20.404882
-15.302837
0.003295
15.309428
5.105339
-66.323279
-127.547809
-40.813058
0.003295
-66.323279
-40.813058
71.431914
122.452355
81.636002
20.411472
51.023737
45.921693
15.309428
15.309428
35.717604
163.268709
229.595283
127.554400
81.636002
122.452355
102.044179
76.533958
142.860532
255.105504
224.493239
117.350311
71.431914
76.533958
107.146223
112.248267
122.452355
132.656444
40.819648
15.309428
132.656444
209.187106
234.697327
311.227990
255.105504
96.942134
91.840090
117.350311
127.554400
188.778930
204.085062
229.595283
280.615725
255.105504
132.656444
51.023737
30.615560
-20.404882
-30.608970
96.942134
142.860532
-35.711014
-224.486649
-198.976428
-137.751898
-198.976428
-244.894826
-260.200958
-285.711179
-295.915267
-352.037753
-316.323444
-198.976428
-239.792781
-372.445930
-392.854107
-326.527532
-285.711179
-336.731621
-306.119356
-147.955986
-147.955986
-229.588693
-198.976428
-132.649854
-147.955986
-209.180516
-173.466207
-35.711014
35.717604
-5.098749
0.003295
112.248267
112.248267
10.207383
20.411472
66.329869
15.309428
-51.017147
-51.017147
102.044179
209.187106
107.146223
51.023737
91.840090
40.819648
-56.119191
-61.221235
10.207383
45.921693
5.105339
-20.404882
35.717604
30.615560
-51.017147
-61.221235
-15.302837
-15.302837
10.207383
25.513516
-51.017147
-45.915103
40.819648
40.819648
35.717604
76.533958
66.329869
-20.404882
-56.119191
51.023737
142.860532
132.656444
112.248267
107.146223
81.636002
20.411472
71.431914
142.860532
112.248267
81.636002
76.533958
56.125781
122.452355
153.064620
122.452355
122.452355
56.125781
25.513516
71.431914
86.738046
163.268709
214.289151
132.656444
96.942134
147.962576
137.758488
86.738046
142.860532
214.289151
188.778930
183.676886
193.880974
204.085062
163.268709
56.125781
56.125781
102.044179
96.942134
96.942134
102.044179
76.533958
45.921693
20.411472
5.105339
-20.404882
-51.017147
-107.139633
-163.262119
-163.262119
-158.160074
