3.809871
-11.457284
-15.274072
3.809871
7.626659
3.809871
7.626659
-3.823707
-7.640495
-0.006918
-0.006918
-11.457284
-0.006918
11.443448
-0.006918
-0.006918
11.443448
7.626659
3.809871
-3.823707
-0.006918
11.443448
-3.823707
-3.823707
3.809871
3.809871
3.809871
7.626659
-0.006918
-3.823707
-0.006918
-11.457284
-11.457284
-3.823707
-3.823707
-7.640495
-19.090861
-3.823707
-0.006918
-7.640495
-3.823707
-3.823707
-3.823707
-3.823707
-3.823707
3.809871
7.626659
-3.823707
11.443448
3.809871
-11.457284
-0.006918
-0.006918
-11.457284
-0.006918
3.809871
-0.006918
3.809871
7.626659
-3.823707
-3.823707
7.626659
-0.006918
-11.457284
-0.006918
7.626659
7.626659
-0.006918
-11.457284
-0.006918
-0.006918
-0.006918
-0.006918
7.626659
3.809871
-0.006918
3.809871
-3.823707
-0.006918
3.809871
-7.640495
-3.823707
7.626659
3.809871
7.626659
3.809871
3.809871
3.809871
3.809871
-7.640495
-22.907650
-0.006918
26.710602
11.443448
-7.640495
-0.006918
-3.823707
-11.457284
-0.006918
7.626659
15.260237
3.809871
-3.823707
3.809871
-0.006918
3.809871
7.626659
3.809871
3.809871
-0.006918
11.443448
3.809871
7.626659
3.809871
-3.823707
3.809871
-3.823707
-0.006918
7.626659
-0.006918
3.809871
-0.006918
-3.823707
15.260237
3.809871
-7.640495
-0.006918
-0.006918
7.626659
3.809871
11.443448
11.443448
-3.823707
-7.640495
-3.823707
-3.823707
-11.457284
-11.457284
7.626659
7.626659
-7.640495
-7.640495
-3.823707
-3.823707
-0.006918
-3.823707
-0.006918
-0.006918
-7.640495
3.809871
-3.823707
-0.006918
-0.006918
-7.640495
-3.823707
-3.823707
-7.640495
3.809871
-0.006918
3.809871
-0.006918
-3.823707
-3.823707
-11.457284
-3.823707
-0.006918
-0.006918
-0.006918
-3.823707
3.809871
-0.006918
-11.457284
-7.640495
-0.006918
-7.640495
-7.640495
-0.006918
-3.823707
-0.006918
7.626659
7.626659
3.809871
-7.640495
-3.823707
-11.457284
3.809871
7.626659
11.443448
22.893814
7.626659
15.260237
3.809871
-7.640495
3.809871
15.260237
3.809871
-3.823707
7.626659
-0.006918
-11.457284
-0.006918
3.809871
-3.823707
7.626659
3.809871
-3.823707
-3.823707
-3.823707
-3.823707
-0.006918
-0.006918
-7.640495
7.626659
-0.006918
-3.823707
3.809871
-0.006918
7.626659
-3.823707
-0.006918
7.626659
-11.457284
-0.006918
7.626659
3.809871
-7.640495
-7.640495
-0.006918
3.809871
-0.006918
-7.640495
-3.823707
-3.823707
7.626659
3.809871
-3.823707
-0.006918
-0.006918
7.626659
7.626659
-3.823707
-0.006918
-0.006918
-11.457284
-0.006918
-7.640495
-7.640495
3.809871
3.809871
11.443448
3.809871
-7.640495
-3.823707
-7.640495
-11.457284
-0.006918
3.809871
-3.823707
-0.006918
-3.823707
-7.640495
3.809871
3.809871
7.626659
7.626659
11.443448
3.809871
3.809871
3.809871
-0.006918
-0.006918
-0.006918
7.626659
-3.823707
-7.640495
3.809871
3.809871
3.809871
-0.006918
-0.006918
3.809871
-0.006918
-0.006918
7.626659
-7.640495
-7.640495
-0.006918
3.809871
-0.006918
-7.640495
-3.823707
-0.006918
-0.006918
3.809871
-0.006918
3.809871
-7.640495
-0.006918
11.443448
-0.006918
3.809871
7.626659
-7.640495
-11.457284
-3.823707
7.626659
-0.006918
3.809871
-3.823707
-3.823707
-3.823707
-3.823707
-0.006918
15.260237
-3.823707
-15.274072
3.809871
-7.640495
-3.823707
7.626659
7.626659
7.626659
-3.823707
3.809871
11.443448
-0.006918
11.443448
3.809871
-3.823707
-7.640495
-3.823707
11.443448
-0.006918
-7.640495
-7.640495
-11.457284
-0.006918
7.626659
-0.006918
-7.640495
-0.006918
-0.006918
-3.823707
3.809871
-0.006918
3.809871
-3.823707
7.626659
11.443448
-0.006918
3.809871
-0.006918
-11.457284
-3.823707
7.626659
7.626659
-0.006918
-0.006918
3.809871
11.443448
3.809871
-0.006918
-7.640495
-0.006918
-0.006918
-0.006918
7.626659
-7.640495
-11.457284
-7.640495
-3.823707
3.809871
-0.006918
-3.823707
-3.823707
7.626659
-0.006918
-7.640495
-3.823707
3.809871
3.809871
-3.823707
-11.457284
3.809871
3.809871
7.626659
3.809871
-0.006918
-7.640495
-3.823707
7.626659
-0.006918
-7.640495
-11.457284
-7.640495
7.626659
7.626659
15.260237
11.443448
3.809871
-7.640495
-7.640495
-7.640495
-11.457284
-7.640495
-0.006918
-7.640495
-3.823707
3.809871
-7.640495
-0.006918
3.809871
-7.640495
-0.006918
3.809871
-0.006918
-0.006918
3.809871
7.626659
-0.006918
3.809871
-7.640495
-7.640495
3.809871
7.626659
-0.006918
-3.823707
3.809871
3.809871
7.626659
3.809871
-3.823707
11.443448
11.443448
7.626659
15.260237
3.809871
-7.640495
-0.006918
3.809871
3.809871
-11.457284
-3.823707
-0.006918
-0.006918
7.626659
-0.006918
3.809871
-0.006918
-3.823707
3.809871
-0.006918
3.809871
-3.823707
3.809871
11.443448
7.626659
-0.006918
-7.640495
-0.006918
-0.006918
-7.640495
-3.823707
-0.006918
-3.823707
3.809871
3.809871
-0.006918
11.443448
3.809871
-3.823707
-0.006918
-0.006918
-3.823707
-11.457284
-11.457284
-0.006918
-7.640495
-3.823707
3.809871
-3.823707
-0.006918
3.809871
7.626659
-0.006918
-3.823707
3.809871
-0.006918
-7.640495
-3.823707
-7.640495
-3.823707
3.809871
3.809871
3.809871
3.809871
3.809871
-3.823707
-3.823707
-0.006918
-7.640495
-0.006918
-0.006918
-3.823707
3.809871
7.626659
-0.006918
-0.006918
3.809871
-3.823707
-3.823707
-7.640495
-7.640495
3.809871
11.443448
-0.006918
3.809871
-0.006918
3.809871
3.809871
-3.823707
-7.640495
-7.640495
-0.006918
3.809871
-0.006918
-3.823707
-0.006918
-7.640495
-3.823707
3.809871
3.809871
-0.006918
-7.640495
3.809871
-0.006918
-11.457284
-7.640495
-3.823707
-7.640495
3.809871
11.443448
-0.006918
3.809871
-7.640495
-7.640495
3.809871
7.626659
-0.006918
-11.457284
-0.006918
15.260237
-7.640495
-11.457284
3.809871
-3.823707
7.626659
7.626659
7.626659
3.809871
-3.823707
-0.006918
-7.640495
-0.006918
7.626659
-7.640495
3.809871
7.626659
-0.006918
-0.006918
7.626659
-3.823707
-3.823707
3.809871
-0.006918
-0.006918
-3.823707
-3.823707
3.809871
-3.823707
11.443448
15.260237
-0.006918
7.626659
-0.006918
-7.640495
-0.006918
3.809871
3.809871
3.809871
-3.823707
-3.823707
-15.274072
-19.090861
-0.006918
3.809871
11.443448
3.809871
-7.640495
7.626659
3.809871
3.809871
3.809871
-3.823707
-3.823707
-0.006918
-0.006918
11.443448
7.626659
-0.006918
7.626659
-3.823707
-7.640495
-3.823707
-3.823707
-3.823707
-7.640495
-7.640495
-3.823707
-3.823707
-0.006918
-0.006918
-0.006918
-3.823707
-0.006918
-0.006918
-7.640495
-3.823707
-7.640495
-0.006918
3.809871
3.809871
-0.006918
7.626659
3.809871
-0.006918
3.809871
3.809871
3.809871
3.809871
7.626659
15.260237
-0.006918
-3.823707
-7.640495
-3.823707
15.260237
19.077025
3.809871
-0.006918
-0.006918
3.809871
-3.823707
-0.006918
-0.006918
-7.640495
-0.006918
-3.823707
-11.457284
7.626659
-3.823707
3.809871
3.809871
-0.006918
7.626659
-0.006918
-0.006918
7.626659
-7.640495
-15.274072
-7.640495
-7.640495
11.443448
3.809871
-0.006918
3.809871
-0.006918
3.809871
-7.640495
-0.006918
7.626659
7.626659
-0.006918
3.809871
11.443448
-3.823707
-3.823707
-3.823707
-11.457284
-3.823707
-3.823707
-3.823707
-3.823707
-3.823707
11.443448
11.443448
-3.823707
-3.823707
-0.006918
3.809871
-7.640495
-7.640495
3.809871
7.626659
11.443448
3.809871
-7.640495
7.626659
-3.823707
-7.640495
-0.006918
-7.640495
3.809871
-3.823707
-3.823707
7.626659
-3.823707
3.809871
7.626659
-7.640495
-11.457284
7.626659
11.443448
7.626659
-3.823707
-7.640495
3.809871
11.443448
7.626659
7.626659
7.626659
11.443448
-7.640495
-11.457284
-15.274072
-0.006918
19.077025
15.260237
-7.640495
-19.090861
-3.823707
15.260237
7.626659
-11.457284
-0.006918
11.443448
7.626659
-15.274072
-11.457284
11.443448
-3.823707
-11.457284
-3.823707
-0.006918
-3.823707
3.809871
-0.006918
-0.006918
7.626659
-11.457284
-19.090861
-3.823707
11.443448
22.893814
-3.823707
-15.274072
7.626659
11.443448
-0.006918
-3.823707
-22.907650
3.809871
15.260237
-15.274072
-15.274072
-0.006918
7.626659
7.626659
7.626659
3.809871
-11.457284
-19.090861
-3.823707
11.443448
22.893814
11.443448
-7.640495
-22.907650
-11.457284
11.443448
15.260237
7.626659
-0.006918
-26.724438
-22.907650
3.809871
11.443448
11.443448
-3.823707
-19.090861
-0.006918
15.260237
19.077025
11.443448
-3.823707
-15.274072
-11.457284
-0.006918
7.626659
7.626659
-0.006918
-0.006918
-15.274072
-11.457284
11.443448
19.077025
3.809871
-11.457284
-11.457284
3.809871
-3.823707
-0.006918
3.809871
-0.006918
-3.823707
-3.823707
-0.006918
-3.823707
-3.823707
3.809871
3.809871
-3.823707
7.626659
7.626659
-0.006918
-15.274072
-3.823707
-0.006918
3.809871
-3.823707
3.809871
11.443448
11.443448
7.626659
-3.823707
-19.090861
-15.274072
11.443448
22.893814
3.809871
-22.907650
-19.090861
-3.823707
7.626659
19.077025
-0.006918
-11.457284
-0.006918
-3.823707
-7.640495
3.809871
11.443448
-7.640495
-15.274072
-0.006918
7.626659
11.443448
-0.006918
-11.457284
7.626659
15.260237
-7.640495
-7.640495
3.809871
11.443448
7.626659
-22.907650
-26.724438
19.077025
45.794545
3.809871
-26.724438
-19.090861
-7.640495
3.809871
7.626659
19.077025
-0.006918
-11.457284
-3.823707
15.260237
15.260237
-7.640495
-26.724438
-15.274072
19.077025
26.710602
7.626659
-11.457284
-26.724438
-0.006918
15.260237
3.809871
-3.823707
-19.090861
-19.090861
-7.640495
7.626659
7.626659
-3.823707
-15.274072
-11.457284
15.260237
22.893814
7.626659
-19.090861
-15.274072
15.260237
3.809871
-11.457284
11.443448
15.260237
-15.274072
-30.541227
-0.006918
15.260237
-3.823707
15.260237
22.893814
-19.090861
-41.991593
-15.274072
26.710602
34.344180
22.893814
-15.274072
-30.541227
-15.274072
11.443448
34.344180
15.260237
-19.090861
-7.640495
7.626659
-7.640495
-19.090861
7.626659
19.077025
7.626659
-3.823707
-15.274072
-26.724438
-7.640495
19.077025
19.077025
-7.640495
-11.457284
11.443448
15.260237
-11.457284
-30.541227
-26.724438
7.626659
30.527391
11.443448
7.626659
-0.006918
-15.274072
-38.174804
-19.090861
26.710602
15.260237
-3.823707
7.626659
7.626659
-19.090861
-15.274072
3.809871
-11.457284
-3.823707
26.710602
11.443448
-15.274072
-7.640495
-3.823707
-7.640495
3.809871
-7.640495
-26.724438
3.809871
45.794545
26.710602
-41.991593
-38.174804
22.893814
34.344180
-30.541227
-49.625170
7.626659
34.344180
3.809871
-19.090861
-30.541227
-38.174804
15.260237
76.328854
68.695277
99.229586
72.512066
-316.800373
-633.593828
-22.907650
889.304829
717.549341
-267.182121
-790.082161
-500.006226
148.847838
610.679260
477.091659
-152.678462
-561.074844
-312.983584
194.649301
427.473407
267.168285
-125.960942
-374.052202
-248.098178
83.962432
293.885805
206.099667
-76.342690
-263.365332
-164.128828
87.779220
240.450765
190.832513
-15.274072
-221.380657
-217.563869
-22.907650
129.763895
114.496740
15.260237
-64.892324
-76.342690
53.428123
187.015724
183.198935
-103.060210
-702.296023
-667.944925
526.709911
1389.304137
492.358813
-1118.325981
-1370.234030
-156.495251
1091.594625
1263.350113
251.901130
-866.417933
-980.921591
-362.601836
251.901130
732.816496
725.182918
-133.594519
-885.501876
-442.754397
534.343488
698.465398
80.145643
-564.891633
-671.761714
-38.174804
648.847146
549.610642
-95.426633
-408.403299
-190.846349
57.244911
99.229586
80.145643
53.428123
-125.960942
-217.563869
145.031049
404.572675
-137.411308
-664.128136
-99.243422
675.564666
473.274870
-133.594519
-389.319356
-427.487243
-187.029560
385.488732
587.778528
80.145643
-374.052202
-248.098178
83.962432
187.015724
91.596009
-72.525902
-164.128828
-83.976267
30.527391
156.481415
187.015724
-57.258747
-278.632487
-122.144154
198.466090
244.267553
61.061700
-106.876999
-217.563869
-187.029560
22.893814
225.183610
221.366822
-0.006918
-171.762405
-125.960942
-15.274072
61.061700
95.412797
41.977757
-141.228097
-213.747080
64.878488
309.152960
103.046375
-187.029560
-198.479926
-45.808381
87.779220
141.214261
64.878488
-34.358015
-87.793056
-125.960942
-76.342690
103.046375
160.298204
-22.907650
-133.594519
11.443448
64.878488
-49.625170
-61.075536
-34.358015
-45.808381
83.962432
305.336171
91.596009
-534.357324
-580.158787
206.099667
759.534016
427.473407
-255.731755
-538.174112
-454.204763
-103.060210
519.076333
664.114301
-38.174804
-637.410616
-358.785047
282.435439
511.442756
347.320846
-19.090861
-503.823015
-610.693096
26.710602
717.549341
549.610642
-187.029560
-549.624478
-240.464601
255.717919
366.404789
114.496740
-141.228097
-267.182121
-209.930292
30.527391
270.985074
240.450765
-80.159479
-229.014235
-45.808381
129.763895
72.512066
-80.159479
-103.060210
7.626659
61.061700
-87.793056
-248.098178
-7.640495
393.122309
332.053691
-91.609845
-389.319356
-339.701104
34.344180
404.572675
255.717919
-263.365332
-400.769722
-26.724438
286.252228
278.618651
95.412797
-137.411308
-358.785047
-305.350007
129.763895
435.106984
183.198935
-240.464601
-255.731755
-0.006918
83.962432
80.145643
114.496740
-19.090861
-240.464601
-217.563869
41.977757
194.649301
137.397472
49.611334
-45.808381
-99.243422
-3.823707
95.412797
83.962432
-38.174804
-160.312040
-152.678462
26.710602
232.817187
213.733244
3.809871
-156.495251
-137.411308
45.794545
145.031049
53.428123
-49.625170
-125.960942
-133.594519
91.596009
297.702594
137.397472
-141.228097
-141.228097
-68.709113
-125.960942
7.626659
240.450765
141.214261
-110.693788
-133.594519
-64.892324
15.260237
171.748570
152.664627
-103.060210
-152.678462
30.527391
114.496740
103.046375
64.878488
-11.457284
-49.625170
-41.991593
-30.541227
53.428123
179.382147
80.145643
-148.861674
-125.960942
49.611334
91.596009
22.893814
3.809871
-30.541227
-80.159479
-30.541227
34.344180
19.077025
-30.541227
-83.976267
-87.793056
-26.724438
45.794545
49.611334
-22.907650
-137.411308
-229.014235
-110.693788
114.496740
114.496740
-53.441959
-152.678462
-125.960942
-30.541227
30.527391
-0.006918
-76.342690
-64.892324
-15.274072
-0.006918
41.977757
64.878488
-7.640495
-87.793056
-26.724438
68.695277
19.077025
-61.075536
-22.907650
64.878488
57.244911
3.809871
-15.274072
-7.640495
7.626659
34.344180
49.611334
26.710602
-15.274072
15.260237
38.160968
7.626659
45.794545
103.046375
26.710602
-38.174804
68.695277
171.748570
83.962432
-53.441959
-38.174804
80.145643
175.565358
160.298204
53.428123
19.077025
106.863163
137.397472
64.878488
61.061700
122.130318
103.046375
83.962432
125.947106
103.046375
3.809871
-30.541227
-7.640495
26.710602
64.878488
57.244911
-53.441959
-133.594519
-68.709113
3.809871
-125.960942
-259.548544
-202.296714
-95.426633
-68.709113
-91.609845
-171.762405
-270.998909
-293.899641
-183.212771
-103.060210
-110.693788
-145.044885
-183.212771
-198.479926
-145.044885
-34.358015
7.626659
-30.541227
-72.525902
-87.793056
-45.808381
30.527391
72.512066
45.794545
22.893814
19.077025
38.160968
95.412797
156.481415
122.130318
22.893814
-19.090861
7.626659
99.229586
145.031049
99.229586
49.611334
15.260237
-3.823707
3.809871
64.878488
99.229586
22.893814
-19.090861
53.428123
91.596009
68.695277
49.611334
95.412797
145.031049
171.748570
190.832513
171.748570
99.229586
64.878488
137.397472
293.885805
328.236903
198.466090
141.214261
194.649301
221.366822
156.481415
61.061700
61.061700
103.046375
141.214261
125.947106
30.527391
-99.243422
-179.395983
-225.197446
-270.998909
-232.831023
-129.777731
-133.594519
-278.632487
-446.571186
-480.922283
-389.319356
-339.701104
-339.701104
-290.082852
-221.380657
-209.930292
-248.098178
-229.014235
-175.579194
-160.312040
-148.861674
-87.793056
19.077025
114.496740
118.313529
26.710602
-57.258747
3.809871
160.298204
244.267553
240.450765
164.114992
64.878488
30.527391
68.695277
137.397472
175.565358
156.481415
99.229586
15.260237
-3.823707
38.160968
41.977757
-11.457284
-72.525902
-38.174804
68.695277
125.947106
129.763895
68.695277
-80.159479
-152.678462
41.977757
312.969748
351.137634
206.099667
133.580684
148.847838
80.145643
110.679952
354.954423
488.542024
328.236903
145.031049
175.565358
255.717919
194.649301
118.313529
179.382147
229.000399
129.763895
15.260237
91.596009
129.763895
-206.113503
-526.723746
-324.433950
-26.724438
-156.495251
-416.036877
-496.189438
-450.387974
-438.937608
-553.441267
-492.372649
-248.098178
-297.716430
-534.357324
-484.739072
-221.380657
-129.777731
-167.945617
-145.044885
-91.609845
-68.709113
22.893814
152.664627
68.695277
-122.144154
-95.426633
183.198935
366.404789
244.267553
95.412797
106.863163
129.763895
30.527391
-0.006918
122.130318
164.114992
49.611334
7.626659
61.061700
87.779220
45.794545
-53.441959
-61.075536
7.626659
22.893814
-38.174804
-61.075536
-26.724438
-15.274072
49.611334
229.000399
293.885805
160.298204
22.893814
-11.457284
64.878488
232.817187
320.603326
328.236903
408.389464
431.290195
290.069017
259.534708
374.038366
404.572675
320.603326
312.969748
404.572675
435.106984
366.404789
232.817187
122.130318
133.580684
244.267553
183.198935
-72.525902
-160.312040
-301.533218
-835.883624
-1141.226713
-698.479234
-22.907650
148.847838
-255.731755
-664.128136
-843.517201
-1072.524518
-1110.692404
-541.990901
41.977757
72.512066
-38.174804
64.878488
137.397472
-49.625170
-312.983584
-290.082852
-15.274072
270.985074
549.610642
778.617959
652.663935
106.863163
-267.182121
-15.274072
458.007716
580.144951
416.023041
171.748570
-217.563869
-477.105494
-263.365332
76.328854
95.412797
-106.876999
-229.014235
-236.647812
-500.006226
-1057.257364
-1022.906266
-255.731755
141.214261
-133.594519
-198.479926
217.550033
106.863163
-706.112811
-870.234722
122.130318
969.457390
725.182918
206.099667
316.786537
469.458081
-11.457284
-435.120820
72.512066
870.220886
919.839138
549.610642
396.939098
209.916456
-278.632487
-484.739072
19.077025
583.961740
622.129626
377.855155
145.031049
-129.777731
-354.968259
-217.563869
263.351496
549.610642
396.939098
236.633976
366.404789
393.122309
72.512066
-41.991593
270.985074
568.694585
515.259545
339.687269
377.855155
38.160968
-1248.096794
-1980.920208
-786.265372
874.037674
1049.609950
57.244911
-828.250047
-1286.264680
-1477.104111
-1206.112119
-358.785047
393.122309
347.320846
-91.609845
-187.029560
7.626659
-76.342690
-507.639803
-683.212080
-293.899641
324.420114
935.106292
1251.899747
713.732553
-412.220088
-973.288014
-393.136145
580.144951
1030.526007
805.335479
259.534708
-286.266064
-595.425941
-419.853665
95.412797
358.771212
145.031049
-137.411308
-133.594519
-53.441959
-232.831023
-526.723746
-633.593828
-515.273381
-381.685779
-270.998909
103.046375
389.305521
-217.563869
-1183.211388
-1110.692404
-61.075536
553.427431
393.122309
358.771212
488.542024
148.847838
-374.052202
-145.044885
702.282187
950.373447
351.137634
-64.892324
187.015724
477.091659
179.382147
-164.128828
45.794545
335.870480
255.717919
133.580684
229.000399
198.466090
-160.312040
-431.304031
-236.647812
206.099667
396.939098
370.221577
431.290195
320.603326
-53.441959
-122.144154
290.069017
652.663935
610.679260
515.259545
622.129626
618.312837
404.572675
389.305521
606.862471
458.007716
-652.677771
-2072.523134
-1790.080777
320.603326
1408.388080
328.236903
-885.501876
-1290.081469
-1541.989517
-1477.104111
-748.097486
30.527391
95.412797
-400.769722
-423.670454
278.618651
576.328163
-61.075536
-786.265372
-896.952242
-385.502568
583.961740
1545.792470
1610.677876
431.290195
-908.402608
-958.020860
213.733244
1270.983690
1240.449381
450.374138
-217.563869
-473.288706
-400.769722
-45.808381
221.366822
11.443448
-480.922283
-515.273381
11.443448
187.015724
-332.067527
-832.066835
-984.738380
-950.387282
-549.624478
217.550033
664.114301
187.015724
-824.433258
-1274.814314
-492.372649
564.877797
751.900439
446.557350
103.046375
-251.914966
-217.563869
332.053691
874.037674
896.938406
473.274870
61.061700
-95.426633
-26.724438
114.496740
248.084342
240.450765
114.496740
175.565358
404.572675
358.771212
-68.709113
-511.456592
-572.525210
-244.281389
145.031049
419.839829
519.076333
362.588000
114.496740
-26.724438
64.878488
454.190927
809.152268
854.953731
702.282187
564.877797
515.259545
480.908447
522.893122
824.419422
1026.709219
599.228894
-274.815698
-1354.966875
-2167.942850
-1629.775655
95.412797
980.907755
145.031049
-1011.455900
-1454.203379
-1522.905574
-1488.554477
-1156.493867
-530.540535
-26.724438
194.649301
347.320846
553.427431
484.725236
-217.563869
-1022.906266
-996.188746
-0.006918
1347.319462
2137.394705
1641.212185
179.382147
-927.486551
-736.647120
335.870480
1156.480032
1103.044991
454.190927
-171.762405
-458.021551
-431.304031
-312.983584
-351.151470
-423.670454
-427.487243
-259.548544
80.145643
87.779220
-496.189438
-1190.844965
-1469.470534
-1038.173420
-125.960942
564.877797
660.297512
286.252228
-458.021551
-1217.562485
-938.936917
408.389464
1114.495357
580.144951
225.183610
553.427431
484.725236
-83.976267
-11.457284
656.480723
770.984382
152.664627
-240.464601
114.496740
519.076333
118.313529
-488.555860
-320.617161
156.481415
209.916456
106.863163
133.580684
-11.457284
-435.120820
-641.227405
-270.998909
370.221577
740.450073
648.847146
366.404789
198.466090
110.679952
141.214261
522.893122
912.205560
824.419422
641.213569
778.617959
854.953731
610.679260
412.206252
370.221577
324.420114
-38.174804
-980.921591
-1690.844273
-1282.447892
-202.296714
377.855155
-49.625170
-820.616470
-1427.485859
-1690.844273
-1316.798989
-671.761714
-332.067527
-171.762405
-26.724438
76.328854
332.053691
519.076333
179.382147
-458.021551
-755.731063
-263.365332
851.136943
1725.181535
1564.876413
568.694585
-427.487243
-591.609153
110.679952
851.136943
900.755195
335.870480
-301.533218
-557.258055
-427.487243
-286.266064
-286.266064
-404.586511
-576.341998
-545.807689
-339.701104
-251.914966
-305.350007
-541.990901
-980.921591
-1038.173420
-416.036877
332.053691
667.931089
454.190927
-68.709113
-480.922283
-484.739072
-68.709113
240.450765
431.290195
908.388772
999.991698
339.687269
-99.243422
145.031049
423.656618
156.481415
-99.243422
183.198935
427.473407
236.633976
-11.457284
11.443448
83.962432
-171.762405
-492.372649
-286.266064
236.633976
370.221577
80.145643
-145.044885
-148.861674
-118.327365
91.596009
519.076333
862.587308
877.854463
354.954423
-49.625170
431.290195
912.205560
725.182918
648.847146
790.068325
687.015032
549.610642
614.496049
931.289503
919.839138
-469.471917
-2553.438500
-3091.605694
-1118.325981
1137.396089
1053.426739
-427.487243
-1438.936225
-2091.607077
-2125.958175
-1206.112119
-351.151470
-11.457284
-22.907650
-118.327365
377.855155
1057.243528
744.266861
-236.647812
-916.036185
-839.700413
194.649301
1751.899055
2507.623200
1564.876413
-332.067527
-1316.798989
-568.708421
732.816496
1270.983690
832.053000
-87.793056
-706.112811
-748.097486
-580.158787
-385.502568
-335.884316
-698.479234
-885.501876
-297.716430
274.801862
-45.808381
-912.219396
-1408.401916
-1080.158095
-404.586511
122.130318
618.312837
988.541333
530.526699
-862.601144
-1427.485859
-53.441959
1171.747186
835.869788
484.725236
805.335479
728.999707
-41.991593
-488.555860
41.977757
748.083650
591.595317
34.344180
41.977757
240.450765
-103.060210
-545.807689
-458.021551
-7.640495
202.282879
110.679952
145.031049
167.931781
-152.678462
-438.937608
-278.632487
152.664627
534.343488
744.266861
778.617959
629.763203
335.870480
30.527391
278.618651
908.388772
969.457390
774.801170
874.037674
751.900439
328.236903
213.733244
564.877797
721.366130
396.939098
-362.601836
-1977.103419
-2996.185979
-1175.577811
877.854463
217.550033
-885.501876
-1167.944233
-1576.340615
-1526.722363
-1160.310656
-847.333990
-91.609845
187.015724
-95.426633
492.358813
1251.899747
824.419422
-194.663137
-889.318665
-770.998218
270.985074
1671.746494
2366.402022
1507.624584
-206.113503
-1087.791672
-557.258055
541.977065
977.090967
408.389464
-225.197446
-366.418625
-477.105494
-660.311348
-599.242730
-568.708421
-805.349315
-801.532527
-385.502568
-22.907650
95.412797
-221.380657
-1030.539843
-1484.737688
-767.181429
606.862471
1217.548649
786.251536
198.466090
-190.846349
-381.685779
-385.502568
106.863163
1103.044991
1137.396089
-38.174804
-316.800373
515.259545
656.480723
11.443448
-255.731755
41.977757
175.565358
-206.113503
-217.563869
435.106984
435.106984
-458.021551
-767.181429
-76.342690
454.190927
221.366822
-53.441959
68.695277
-0.006918
-202.296714
68.695277
675.564666
839.686577
454.190927
293.885805
522.893122
832.053000
774.801170
419.839829
656.480723
732.816496
133.580684
488.542024
1404.571291
1217.548649
427.473407
34.344180
232.817187
-270.998909
-2660.308581
-3675.574352
-820.616470
1450.372755
393.122309
-969.471225
-1404.585127
-1801.531143
-2030.538460
-1751.912891
-614.509885
591.595317
541.977065
171.748570
671.747878
1106.861780
599.228894
-270.998909
-709.929600
-492.372649
431.290195
1828.234827
2522.890355
1374.036982
-721.379966
-1561.073460
-503.823015
935.106292
1099.228202
358.771212
-232.831023
-740.463909
-1030.539843
-816.799681
-473.288706
-385.502568
-717.563177
-935.120128
-328.250739
202.282879
-221.380657
-652.677771
-851.150778
-1381.684396
-847.333990
1011.442064
1568.693202
568.694585
-190.846349
-423.670454
-236.647812
49.611334
377.855155
1206.098284
1423.655234
282.435439
-484.739072
83.962432
583.961740
232.817187
-110.693788
53.428123
240.450765
-3.823707
-312.983584
-213.747080
-122.144154
-290.082852
-305.350007
80.145643
496.175602
354.954423
-72.525902
-152.678462
-87.793056
-148.861674
152.664627
820.602634
996.174910
728.999707
461.824504
328.236903
553.427431
614.496049
297.702594
519.076333
1125.945723
1160.296820
595.412106
305.336171
641.213569
595.412106
118.313529
-53.441959
-1473.287322
-3599.238579
-2351.148703
683.198244
977.090967
-259.548544
-1320.615778
-2152.675695
-1919.851590
-1400.768339
-923.669762
141.214261
541.977065
64.878488
274.801862
1045.793162
1217.548649
541.977065
-484.739072
-935.120128
-286.266064
1255.716536
2545.791086
2099.226819
152.664627
-1328.249355
-1076.341307
305.336171
1167.930397
652.663935
-316.800373
-828.250047
-935.120128
-667.944925
-335.884316
-461.838340
-893.135453
-1030.539843
-549.624478
213.733244
194.649301
-652.677771
-965.654437
-843.517201
-729.013543
263.351496
1358.769828
1221.365438
-148.861674
-1465.653745
-572.525210
1049.609950
759.534016
435.106984
1061.060316
824.419422
-187.029560
-465.655129
194.649301
583.961740
91.596009
-366.418625
187.015724
828.236211
64.878488
-851.150778
-610.693096
-141.228097
22.893814
232.817187
591.595317
515.259545
-221.380657
-595.425941
-125.960942
362.588000
404.572675
374.038366
580.144951
828.236211
679.381455
259.534708
354.954423
687.015032
591.595317
587.778528
847.320154
1206.098284
1190.831129
76.328854
-438.937608
770.984382
1339.685885
454.190927
-1450.386591
-3942.749554
-3450.383823
125.947106
1442.739178
137.397472
-881.685087
-1820.615086
-2385.499801
-1740.462525
-790.082161
-64.892324
206.099667
-49.625170
301.519382
1400.754503
1812.967673
984.724544
-461.838340
-1545.806306
-1114.509193
938.923081
2999.988931
2908.386005
461.824504
-1706.111428
-1557.256672
160.298204
1290.067633
835.869788
-236.647812
-1000.005534
-1183.211388
-610.693096
-7.640495
-259.548544
-1083.974884
-1591.607769
-954.204071
366.404789
790.068325
209.916456
-446.571186
-1255.730371
-1484.737688
-83.976267
1282.434056
1148.846454
633.579992
68.695277
-618.326673
-458.021551
370.221577
938.923081
896.938406
312.969748
-22.907650
293.885805
377.855155
38.160968
-45.808381
15.260237
3.809871
-103.060210
-286.266064
-80.159479
125.947106
-198.479926
-427.487243
-198.479926
217.550033
419.839829
343.504057
263.351496
30.527391
-183.212771
-87.793056
259.534708
801.518691
1145.029666
977.090967
545.793854
251.901130
408.389464
652.663935
580.144951
656.480723
870.220886
801.518691
610.679260
599.228894
870.220886
942.739869
-290.082852
-3145.040734
-4755.725529
-1824.431875
1969.456006
1496.174218
-625.960250
-1541.989517
-2148.858907
-2167.942850
-1519.088786
-648.860982
316.786537
366.404789
-11.457284
759.534016
1835.868405
1507.624584
103.046375
-1114.509193
-1335.882932
-133.594519
1950.372063
3038.156817
1709.914380
-797.715738
-1854.966183
-778.631795
816.785845
1236.632592
290.069017
-839.700413
-1209.928908
-893.135453
-389.319356
-156.495251
-458.021551
-1267.180737
-1412.218704
-236.647812
858.770520
748.083650
-404.586511
-1538.172729
-1198.478542
190.832513
1041.976373
1099.228202
843.503365
225.183610
-637.410616
-805.349315
-301.533218
290.069017
1103.044991
992.358121
-125.960942
-11.457284
698.465398
198.466090
-622.143462
-667.944925
183.198935
942.739869
438.923772
-347.334682
-305.350007
-125.960942
-305.350007
-324.433950
141.214261
538.160276
232.817187
-57.258747
213.733244
282.435439
45.794545
-22.907650
339.687269
965.640601
1103.044991
866.404097
534.343488
213.733244
240.450765
442.740561
916.022349
1198.464706
706.098975
362.588000
377.855155
515.259545
916.022349
809.152268
-1000.005534
-4225.191912
-4549.618944
-354.968259
2068.692510
679.381455
-603.059519
-1419.852282
-2038.172037
-1763.363257
-1290.081469
-507.639803
332.053691
419.839829
713.732553
1790.066941
2152.661859
881.671252
-740.463909
-1522.905574
-1320.615778
332.053691
2496.172834
2709.912997
751.900439
-1274.814314
-1557.256672
-320.617161
587.778528
393.122309
-408.403299
-1003.822323
-622.143462
-34.358015
-133.594519
-458.021551
-1038.173420
-1473.287322
-706.112811
412.206252
793.885113
534.343488
-217.563869
-961.837648
-1003.822323
148.847838
1301.517999
454.190927
-751.914275
-64.892324
732.816496
217.550033
-366.418625
106.863163
786.251536
164.114992
-534.357324
145.031049
786.251536
301.519382
-526.723746
-248.098178
751.900439
427.473407
-629.777039
-824.433258
-370.235413
198.466090
446.557350
477.091659
450.374138
72.512066
-209.930292
95.412797
541.977065
477.091659
26.710602
15.260237
603.045683
999.991698
923.655926
671.747878
290.069017
229.000399
541.977065
812.969056
1175.563975
973.274178
-7.640495
-385.502568
217.550033
999.991698
1187.014340
-236.647812
-3614.505734
-5000.000000
-1416.035493
1332.052308
614.496049
396.939098
-278.632487
-1824.431875
-2114.507809
-1801.531143
-683.212080
744.266861
912.205560
851.136943
1477.090275
1809.150884
1003.808487
-187.029560
-1087.791672
-1561.073460
-511.456592
1671.746494
2709.912997
1641.212185
-484.739072
-1721.378582
-1427.485859
-583.975576
160.298204
251.901130
-343.517893
-595.425941
-385.502568
-374.052202
-458.021551
-606.876307
-980.921591
-809.166104
87.779220
782.434748
980.907755
515.259545
-461.838340
-961.837648
-374.052202
580.144951
843.503365
847.320154
106.863163
-1156.493867
-664.128136
103.046375
-26.724438
564.877797
763.350805
-49.625170
-564.891633
-335.884316
305.336171
270.985074
-87.793056
-26.724438
145.031049
248.084342
-45.808381
-217.563869
-34.358015
-61.075536
83.962432
526.709911
816.785845
671.747878
194.649301
30.527391
110.679952
141.214261
370.221577
480.908447
664.114301
996.174910
587.778528
301.519382
694.648610
538.160276
412.206252
843.503365
606.862471
-30.541227
152.664627
874.037674
1125.945723
19.077025
-3148.857523
-5000.000000
-2080.156712
706.098975
503.809179
786.251536
488.542024
-1412.218704
-2400.766955
-2076.339923
-763.364640
683.198244
1129.762511
1221.365438
1263.350113
1270.983690
1385.487348
595.412106
-988.555169
-1763.363257
-908.402608
1332.052308
2587.775761
1301.517999
-339.701104
-1114.509193
-1354.966875
-896.952242
-332.067527
-64.892324
-320.617161
-832.066835
-450.387974
145.031049
41.977757
-351.151470
-1095.425250
-1259.547160
-194.663137
824.419422
1320.601942
1019.075642
-45.808381
-935.120128
-824.433258
343.504057
625.946414
125.947106
316.786537
7.626659
-290.082852
-179.395983
-248.098178
312.969748
-0.006918
-950.387282
-240.464601
858.770520
1011.442064
187.015724
-595.425941
-282.449275
-148.861674
-240.464601
114.496740
309.152960
259.534708
68.695277
187.015724
667.931089
694.648610
301.519382
-19.090861
-11.457284
381.671943
717.549341
702.282187
465.641293
106.863163
38.160968
687.015032
1015.258853
751.900439
709.915764
469.458081
259.534708
324.420114
419.839829
770.984382
484.725236
404.572675
-503.823015
-4316.794838
-4328.245204
-61.075536
488.542024
49.611334
694.648610
-458.021551
-1412.218704
-1816.798297
-1507.638420
-11.457284
603.045683
809.152268
1225.182227
1309.151576
1408.388080
1187.014340
240.450765
-1160.310656
-1706.111428
-198.479926
1835.868405
1984.723160
667.931089
-500.006226
-1286.264680
-1240.463217
-522.906958
-206.113503
-282.449275
-763.364640
-854.967567
-30.541227
171.748570
-198.479926
-461.838340
-1019.089477
-1041.990209
-19.090861
1087.777837
1312.968365
652.663935
-396.952934
-958.020860
-175.579194
835.869788
763.350805
22.893814
-633.593828
-454.204763
22.893814
15.260237
270.985074
503.809179
-332.067527
-1167.944233
-511.456592
801.518691
1026.709219
145.031049
-473.288706
-316.800373
-80.159479
99.229586
309.152960
194.649301
-26.724438
-125.960942
259.534708
942.739869
931.289503
419.839829
-41.991593
-167.945617
225.183610
595.412106
793.885113
637.396780
225.183610
236.633976
473.274870
816.785845
977.090967
522.893122
244.267553
587.778528
812.969056
580.144951
419.839829
625.946414
125.947106
-2732.827564
-4809.160569
-1946.569110
702.282187
-19.090861
278.618651
217.550033
-1309.165412
-1683.210696
-1503.821631
-645.044193
301.519382
377.855155
984.724544
1404.571291
1255.716536
1461.823121
1030.526007
-404.586511
-1568.707038
-1057.257364
862.587308
1919.837754
1232.815804
103.046375
-656.494559
-1022.906266
-790.082161
-503.823015
-614.509885
-763.364640
-805.349315
-385.502568
118.313529
41.977757
-259.548544
-843.517201
-1206.112119
-519.090169
572.511374
1152.663243
828.236211
61.061700
-393.136145
-141.228097
515.259545
526.709911
290.069017
-244.281389
-1015.272689
-187.029560
553.427431
76.328854
274.801862
30.527391
-797.715738
-709.929600
87.779220
870.220886
446.557350
-339.701104
-248.098178
-22.907650
248.084342
305.336171
53.428123
-68.709113
-278.632487
41.977757
877.854463
977.090967
438.923772
57.244911
-30.541227
133.580684
580.144951
938.923081
660.297512
148.847838
72.512066
465.641293
927.472715
954.190235
591.595317
332.053691
492.358813
770.984382
767.167593
706.098975
797.701902
125.947106
-2713.743621
-4805.343781
-2255.728988
320.603326
-87.793056
229.000399
194.649301
-1003.822323
-1286.264680
-1324.432566
-969.471225
-480.922283
-137.411308
862.587308
1522.891738
1721.364746
1721.364746
1122.128934
-206.113503
-1687.027485
-1156.493867
728.999707
1484.723852
1244.266170
450.374138
-255.731755
-396.952934
-416.036877
-656.494559
-1221.379274
-1324.432566
-812.982892
-141.228097
412.206252
232.817187
-248.098178
-820.616470
-1305.348623
-782.448583
217.550033
713.732553
583.961740
179.382147
-76.342690
145.031049
671.747878
580.144951
45.794545
-664.128136
-927.486551
335.870480
851.136943
152.664627
377.855155
206.099667
-748.097486
-965.654437
-125.960942
893.121617
488.542024
-99.243422
156.481415
148.847838
-11.457284
-232.831023
-240.464601
-110.693788
-301.533218
202.282879
1064.877105
1103.044991
591.595317
118.313529
-99.243422
-187.029560
114.496740
648.847146
755.717227
622.129626
519.076333
522.893122
553.427431
633.579992
706.098975
435.106984
427.473407
774.801170
893.121617
820.602634
503.809179
267.168285
-1587.790981
-4400.764188
-2958.018092
-171.762405
-351.151470
53.428123
290.069017
-866.417933
-1202.295331
-1377.867607
-1106.875615
-622.143462
-427.487243
625.946414
1309.151576
1488.540641
1809.150884
1389.304137
297.702594
-1141.226713
-1232.829640
213.733244
893.121617
1019.075642
835.869788
263.351496
118.313529
-49.625170
-465.655129
-1099.242038
-1572.523826
-1152.677079
-339.701104
251.901130
286.252228
-22.907650
-473.288706
-1137.409924
-1080.158095
-328.250739
125.947106
175.565358
61.061700
229.000399
576.328163
610.679260
343.504057
-45.808381
-404.586511
-446.571186
221.366822
751.900439
484.725236
309.152960
80.145643
-442.754397
-423.670454
110.679952
458.007716
217.550033
3.809871
179.382147
15.260237
-297.716430
-366.418625
-335.884316
-301.533218
-240.464601
274.801862
954.190235
931.289503
458.007716
160.298204
-87.793056
-187.029560
183.198935
622.129626
709.915764
595.412106
618.312837
736.633284
774.801170
916.022349
770.984382
332.053691
351.137634
583.961740
854.953731
1087.777837
958.007024
328.236903
-2118.324598
-4122.138619
-2312.980817
-675.578502
-736.647120
267.168285
332.053691
-774.815006
-1110.692404
-1240.463217
-1270.997526
-1374.050818
-797.715738
545.793854
1080.144259
1522.891738
2003.807104
1606.861088
206.099667
-1335.882932
-847.333990
347.320846
473.274870
954.190235
1137.396089
591.595317
396.939098
255.717919
-164.128828
-1099.242038
-1618.325290
-938.936917
-278.632487
-0.006918
156.481415
137.397472
-202.296714
-931.303339
-1122.142770
-667.944925
-332.067527
-335.884316
-293.899641
229.000399
671.747878
690.831821
541.977065
64.878488
-362.601836
-484.739072
-511.456592
30.527391
801.518691
893.121617
606.862471
259.534708
30.527391
-68.709113
-351.151470
-293.899641
152.664627
400.755886
438.923772
290.069017
22.893814
-297.716430
-561.074844
-545.807689
-396.952934
80.145643
721.366130
763.350805
530.526699
381.671943
76.328854
-110.693788
-41.991593
202.282879
370.221577
499.992390
893.121617
1038.159585
1057.243528
1064.877105
664.114301
599.228894
595.412106
435.106984
832.053000
900.755195
-458.021551
-2465.652361
-2370.232646
-904.585819
-1103.058827
-767.181429
206.099667
-465.655129
-1026.723055
-1087.791672
-1156.493867
-1114.509193
-1057.257364
-339.701104
122.130318
213.733244
938.923081
1484.723852
1129.762511
-41.991593
-553.441267
53.428123
137.397472
251.901130
870.220886
790.068325
583.961740
832.053000
809.152268
118.313529
-770.998218
-927.486551
-583.975576
-519.090169
-244.281389
297.702594
202.282879
-385.502568
-660.311348
-652.677771
-751.914275
-839.700413
-828.250047
-690.845657
-26.724438
465.641293
213.733244
171.748570
30.527391
-614.509885
-568.708421
171.748570
645.030358
583.961740
473.274870
454.190927
263.351496
366.404789
507.625968
236.633976
187.015724
274.801862
332.053691
370.221577
95.412797
-133.594519
-263.365332
-374.052202
-229.014235
11.443448
400.755886
595.412106
328.236903
99.229586
-110.693788
-187.029560
7.626659
129.763895
167.931781
160.298204
385.488732
748.083650
793.885113
870.220886
931.289503
687.015032
454.190927
404.572675
652.663935
1080.144259
622.129626
-1106.875615
-1797.714354
-820.616470
-1000.005534
-1278.631103
-26.724438
72.512066
-740.463909
-805.349315
-889.318665
-1030.539843
-1045.806998
-744.280697
-473.288706
-675.578502
-164.128828
736.633284
958.007024
480.908447
-286.266064
-229.014235
-64.892324
-244.281389
351.137634
751.900439
557.244219
732.816496
893.121617
629.763203
171.748570
-49.625170
-160.312040
-511.456592
-469.471917
91.596009
465.641293
270.985074
-45.808381
-80.159479
-538.174112
-1026.723055
-824.433258
-706.112811
-625.960250
-309.166796
11.443448
240.450765
129.763895
-106.876999
-660.311348
-931.303339
-286.266064
-187.029560
-137.411308
599.228894
851.136943
725.182918
404.572675
225.183610
297.702594
156.481415
274.801862
396.939098
381.671943
416.023041
316.786537
366.404789
133.580684
-141.228097
41.977757
38.160968
91.596009
263.351496
320.603326
320.603326
38.160968
-76.342690
-19.090861
-87.793056
-11.457284
137.397472
312.969748
511.442756
816.785845
1026.709219
698.465398
530.526699
687.015032
541.977065
309.152960
-408.403299
-1217.562485
-671.761714
-320.617161
-958.020860
-465.655129
328.236903
-164.128828
-816.799681
-984.738380
-1000.005534
-1022.906266
-751.914275
-396.952934
-488.555860
-347.334682
202.282879
526.709911
362.588000
-248.098178
-377.868991
-164.128828
-351.151470
-133.594519
370.221577
450.374138
603.045683
874.037674
820.602634
408.389464
61.061700
-15.274072
-267.182121
-370.235413
87.779220
480.908447
473.274870
347.320846
290.069017
95.412797
-412.220088
-835.883624
-950.387282
-816.799681
-545.807689
-259.548544
61.061700
148.847838
-167.945617
-591.609153
-801.532527
-545.807689
-175.579194
-145.044885
-148.861674
41.977757
381.671943
652.663935
572.511374
366.404789
320.603326
335.870480
236.633976
217.550033
328.236903
335.870480
343.504057
274.801862
160.298204
335.870480
561.061008
374.038366
41.977757
11.443448
110.679952
91.596009
19.077025
26.710602
114.496740
53.428123
38.160968
251.901130
412.206252
473.274870
454.190927
419.839829
526.709911
599.228894
583.961740
488.542024
19.077025
-790.082161
-843.517201
-312.983584
-744.280697
-977.104803
-0.006918
244.267553
-419.853665
-625.960250
-687.028868
-954.204071
-931.303339
-538.174112
-377.868991
-442.754397
-68.709113
358.771212
248.084342
-34.358015
-141.228097
-80.159479
-290.082852
-496.189438
-11.457284
473.274870
469.458081
618.312837
736.633284
492.358813
160.298204
-15.274072
34.344180
-99.243422
-251.914966
87.779220
362.588000
343.504057
408.389464
366.404789
-68.709113
-572.525210
-637.410616
-633.593828
-732.830331
-423.670454
-30.541227
141.214261
-91.609845
-530.540535
-416.036877
-473.288706
-786.265372
-412.220088
41.977757
57.244911
68.695277
477.091659
629.763203
87.779220
53.428123
351.137634
179.382147
240.450765
450.374138
450.374138
374.038366
335.870480
404.572675
282.435439
248.084342
412.206252
347.320846
179.382147
179.382147
335.870480
213.733244
-38.174804
57.244911
61.061700
-30.541227
103.046375
408.389464
622.129626
477.091659
458.007716
587.778528
427.473407
335.870480
343.504057
118.313529
-519.090169
-889.318665
-339.701104
-389.319356
-965.654437
-232.831023
301.519382
-423.670454
-740.463909
-603.059519
-767.181429
-854.967567
-664.128136
-450.387974
-431.304031
-232.831023
274.801862
381.671943
53.428123
-251.914966
-267.182121
-183.212771
-408.403299
-240.464601
354.954423
427.473407
499.992390
793.885113
652.663935
221.366822
-49.625170
-118.327365
-290.082852
-236.647812
232.817187
396.939098
389.305521
389.305521
339.687269
202.282879
-362.601836
-572.525210
-469.471917
-751.914275
-625.960250
-68.709113
251.901130
38.160968
-282.449275
-332.067527
-782.448583
-706.112811
-137.411308
-645.044193
-583.975576
358.771212
549.610642
332.053691
248.084342
461.824504
286.252228
-160.312040
76.328854
255.717919
320.603326
458.007716
446.557350
503.809179
423.656618
484.725236
488.542024
72.512066
3.809871
137.397472
148.847838
194.649301
263.351496
442.740561
316.786537
-30.541227
15.260237
183.198935
263.351496
347.320846
526.709911
709.915764
545.793854
442.740561
503.809179
83.962432
-599.242730
-946.570494
-538.174112
-351.151470
-786.265372
-167.945617
488.542024
-225.197446
-755.731063
-778.631795
-828.250047
-866.417933
-755.731063
-408.403299
-416.036877
-312.983584
263.351496
328.236903
76.328854
-156.495251
-343.517893
-236.647812
-320.617161
-209.930292
217.550033
236.633976
393.122309
687.015032
637.396780
438.923772
202.282879
80.145643
-152.678462
-366.418625
-45.808381
332.053691
480.908447
416.023041
343.504057
213.733244
-274.815698
-335.884316
-381.685779
-843.517201
-599.242730
-164.128828
-164.128828
-179.395983
-125.960942
-106.876999
-461.838340
-580.158787
-343.517893
-396.952934
-240.464601
-68.709113
-15.274072
248.084342
286.252228
316.786537
389.305521
278.618651
251.901130
141.214261
99.229586
156.481415
202.282879
454.190927
480.908447
450.374138
755.717227
706.098975
339.687269
217.550033
148.847838
19.077025
-49.625170
80.145643
274.801862
305.336171
332.053691
347.320846
347.320846
423.656618
366.404789
278.618651
351.137634
328.236903
167.931781
-49.625170
-427.487243
-667.944925
-461.838340
-469.471917
-648.860982
-198.479926
145.031049
-278.632487
-694.662445
-687.028868
-702.296023
-862.601144
-625.960250
-282.449275
-389.319356
-202.296714
221.366822
125.947106
-99.243422
-175.579194
-290.082852
-339.701104
-297.716430
-61.075536
232.817187
370.221577
458.007716
499.992390
427.473407
202.282879
76.328854
103.046375
-103.060210
-133.594519
179.382147
335.870480
385.488732
465.641293
408.389464
-26.724438
-335.884316
-194.663137
-339.701104
-629.777039
-461.838340
-45.808381
-38.174804
-461.838340
-297.716430
61.061700
-312.983584
-583.975576
-396.952934
-267.182121
-328.250739
-236.647812
156.481415
209.916456
137.397472
328.236903
354.954423
255.717919
179.382147
187.015724
99.229586
-57.258747
240.450765
526.709911
408.389464
469.458081
713.732553
656.480723
282.435439
156.481415
332.053691
171.748570
-45.808381
125.947106
354.954423
354.954423
251.901130
389.305521
408.389464
202.282879
366.404789
488.542024
244.267553
171.748570
229.000399
19.077025
-442.754397
-564.891633
-255.731755
-404.586511
-671.761714
-209.930292
80.145643
-347.334682
-618.326673
-614.509885
-709.929600
-763.364640
-503.823015
-297.716430
-454.204763
-328.250739
22.893814
49.611334
-72.525902
-187.029560
-164.128828
-290.082852
-427.487243
-53.441959
240.450765
240.450765
332.053691
427.473407
393.122309
141.214261
72.512066
156.481415
-76.342690
-129.777731
125.947106
293.885805
332.053691
343.504057
339.687269
45.794545
-209.930292
-45.808381
-248.098178
-564.891633
-187.029560
49.611334
-202.296714
-259.548544
-217.563869
-328.250739
-358.785047
-362.601836
-419.853665
-225.197446
-22.907650
-118.327365
-87.793056
206.099667
240.450765
-61.075536
-34.358015
248.084342
229.000399
209.916456
332.053691
263.351496
106.863163
156.481415
282.435439
347.320846
450.374138
473.274870
396.939098
377.855155
339.687269
244.267553
240.450765
202.282879
49.611334
110.679952
328.236903
328.236903
377.855155
499.992390
312.969748
240.450765
351.137634
282.435439
183.198935
68.695277
-110.693788
-423.670454
-595.425941
-293.899641
-240.464601
-377.868991
-72.525902
7.626659
-347.334682
-541.990901
-587.792364
-629.777039
-667.944925
-587.792364
-431.304031
-335.884316
-106.876999
129.763895
64.878488
-137.411308
-278.632487
-316.800373
-358.785047
-435.120820
-175.579194
229.000399
366.404789
446.557350
488.542024
370.221577
152.664627
-22.907650
-61.075536
-206.113503
-232.831023
87.779220
366.404789
465.641293
419.839829
332.053691
72.512066
-282.449275
-270.998909
-332.067527
-519.090169
-259.548544
-57.258747
-87.793056
-38.174804
-3.823707
-83.976267
-328.250739
-377.868991
-316.800373
-381.685779
-259.548544
-83.976267
45.794545
148.847838
114.496740
167.931781
179.382147
129.763895
83.962432
-3.823707
64.878488
164.114992
229.000399
366.404789
477.091659
530.526699
515.259545
396.939098
290.069017
213.733244
53.428123
30.527391
293.885805
389.305521
221.366822
213.733244
427.473407
427.473407
244.267553
209.916456
202.282879
229.000399
351.137634
270.985074
125.947106
57.244911
45.794545
-129.777731
-473.288706
-389.319356
-206.113503
-282.449275
-221.380657
-103.060210
-301.533218
-568.708421
-454.204763
-366.418625
-637.410616
-664.128136
-431.304031
-354.968259
-248.098178
-106.876999
-72.525902
-129.777731
-206.113503
-232.831023
-354.968259
-351.151470
-76.342690
110.679952
167.931781
240.450765
301.519382
312.969748
236.633976
164.114992
19.077025
-194.663137
-198.479926
19.077025
286.252228
396.939098
305.336171
309.152960
225.183610
-45.808381
-129.777731
-198.479926
-339.701104
-270.998909
-103.060210
-80.159479
-68.709113
61.061700
19.077025
-209.930292
-270.998909
-270.998909
-358.785047
-259.548544
-87.793056
-38.174804
61.061700
148.847838
179.382147
164.114992
80.145643
45.794545
26.710602
19.077025
57.244911
175.565358
339.687269
347.320846
366.404789
396.939098
309.152960
259.534708
190.832513
103.046375
125.947106
221.366822
301.519382
213.733244
175.565358
293.885805
270.985074
240.450765
309.152960
282.435439
190.832513
209.916456
343.504057
282.435439
30.527391
72.512066
110.679952
-248.098178
-335.884316
-156.495251
-209.930292
-240.464601
-217.563869
-282.449275
-297.716430
-270.998909
-320.617161
-553.441267
-625.960250
-477.105494
-442.754397
-354.968259
-183.212771
-148.861674
-114.510576
-122.144154
-225.197446
-309.166796
-274.815698
-148.861674
-125.960942
-34.358015
160.298204
152.664627
171.748570
255.717919
133.580684
-41.991593
-72.525902
26.710602
80.145643
76.328854
190.832513
290.069017
232.817187
106.863163
61.061700
125.947106
41.977757
-148.861674
-179.395983
-103.060210
-122.144154
-167.945617
-3.823707
148.847838
-30.541227
-187.029560
-160.312040
-175.579194
-240.464601
-248.098178
-141.228097
-61.075536
-22.907650
171.748570
217.550033
72.512066
53.428123
-3.823707
-80.159479
26.710602
179.382147
194.649301
152.664627
293.885805
435.106984
286.252228
152.664627
225.183610
171.748570
26.710602
91.596009
267.168285
255.717919
148.847838
133.580684
110.679952
156.481415
343.504057
393.122309
240.450765
76.328854
145.031049
408.389464
412.206252
129.763895
-95.426633
11.443448
99.229586
-114.510576
-141.228097
-91.609845
-324.433950
-332.067527
-137.411308
-141.228097
-213.747080
-225.197446
-248.098178
-496.189438
-610.693096
-347.334682
-324.433950
-351.151470
-114.510576
-129.777731
-251.914966
-133.594519
-0.006918
-137.411308
-362.601836
-251.914966
-76.342690
-11.457284
148.847838
141.214261
45.794545
87.779220
80.145643
26.710602
-34.358015
-61.075536
15.260237
125.947106
129.763895
68.695277
95.412797
110.679952
76.328854
141.214261
61.061700
-221.380657
-171.762405
80.145643
-3.823707
-114.510576
-3.823707
30.527391
-118.327365
-145.044885
-26.724438
-57.258747
-179.395983
-213.747080
-141.228097
7.626659
99.229586
87.779220
72.512066
64.878488
30.527391
-3.823707
19.077025
53.428123
26.710602
118.313529
229.000399
175.565358
202.282879
305.336171
232.817187
68.695277
7.626659
103.046375
183.198935
202.282879
171.748570
103.046375
148.847838
312.969748
393.122309
309.152960
61.061700
-53.441959
221.366822
465.641293
259.534708
-22.907650
38.160968
171.748570
267.168285
297.702594
-22.907650
-377.868991
-244.281389
137.397472
61.061700
-301.533218
-213.747080
-49.625170
-209.930292
-240.464601
-194.663137
-385.502568
-519.090169
-282.449275
-122.144154
-274.815698
-270.998909
-80.159479
-91.609845
-209.930292
-225.197446
-248.098178
-312.983584
-240.464601
-103.060210
-38.174804
-57.258747
-68.709113
57.244911
148.847838
3.809871
-141.228097
-80.159479
-0.006918
-0.006918
80.145643
141.214261
76.328854
76.328854
122.130318
41.977757
22.893814
49.611334
-53.441959
3.809871
129.763895
26.710602
-76.342690
-57.258747
-45.808381
-83.976267
-57.258747
-15.274072
-118.327365
-91.609845
49.611334
-15.274072
-72.525902
22.893814
26.710602
-41.991593
3.809871
57.244911
-3.823707
-11.457284
7.626659
53.428123
148.847838
125.947106
64.878488
156.481415
217.550033
76.328854
7.626659
125.947106
183.198935
179.382147
164.114992
125.947106
152.664627
217.550033
103.046375
41.977757
236.633976
263.351496
91.596009
175.565358
385.488732
229.000399
-41.991593
68.695277
248.084342
114.496740
11.443448
91.596009
61.061700
19.077025
133.580684
133.580684
-164.128828
-278.632487
-41.991593
3.809871
-179.395983
-206.113503
-141.228097
-202.296714
-141.228097
15.260237
-133.594519
-358.785047
-293.899641
-198.479926
-255.731755
-274.815698
-202.296714
-183.212771
-190.846349
-122.144154
-61.075536
-83.976267
-156.495251
-225.197446
-229.014235
-152.678462
-41.991593
15.260237
53.428123
80.145643
68.695277
61.061700
-0.006918
-45.808381
15.260237
53.428123
91.596009
118.313529
118.313529
152.664627
99.229586
-0.006918
-57.258747
-72.525902
-87.793056
-129.777731
-34.358015
129.763895
53.428123
-61.075536
11.443448
26.710602
-80.159479
-76.342690
11.443448
-57.258747
-152.678462
-11.457284
114.496740
53.428123
22.893814
110.679952
110.679952
-3.823707
15.260237
118.313529
68.695277
-15.274072
61.061700
190.832513
175.565358
64.878488
114.496740
217.550033
118.313529
-0.006918
30.527391
118.313529
167.931781
190.832513
110.679952
30.527391
133.580684
229.000399
72.512066
-61.075536
34.344180
103.046375
110.679952
110.679952
114.496740
87.779220
19.077025
41.977757
61.061700
7.626659
26.710602
30.527391
-11.457284
15.260237
22.893814
-0.006918
-45.808381
-106.876999
-106.876999
-114.510576
-160.312040
-198.479926
-187.029560
-133.594519
-171.762405
-194.663137
-187.029560
-206.113503
-175.579194
-183.212771
-190.846349
-156.495251
-156.495251
-129.777731
-145.044885
-106.876999
-41.991593
-87.793056
-95.426633
-80.159479
-38.174804
26.710602
34.344180
80.145643
61.061700
-41.991593
-0.006918
49.611334
19.077025
-0.006918
22.893814
72.512066
41.977757
53.428123
137.397472
38.160968
-114.510576
-118.327365
-49.625170
-7.640495
-26.724438
-41.991593
-30.541227
-15.274072
68.695277
49.611334
-34.358015
-26.724438
-64.892324
-106.876999
-26.724438
106.863163
125.947106
41.977757
49.611334
103.046375
61.061700
45.794545
45.794545
26.710602
7.626659
26.710602
133.580684
213.733244
179.382147
61.061700
-49.625170
64.878488
160.298204
-3.823707
-41.991593
87.779220
133.580684
145.031049
160.298204
129.763895
7.626659
-106.876999
22.893814
137.397472
110.679952
80.145643
26.710602
106.863163
251.901130
240.450765
125.947106
7.626659
-30.541227
19.077025
64.878488
68.695277
19.077025
-57.258747
-3.823707
103.046375
30.527391
-99.243422
-99.243422
-114.510576
-171.762405
-145.044885
-91.609845
-83.976267
-72.525902
-49.625170
-137.411308
-229.014235
-183.212771
-110.693788
-179.395983
-236.647812
-141.228097
-61.075536
-26.724438
-0.006918
-19.090861
-76.342690
-122.144154
-103.060210
-83.976267
-38.174804
30.527391
-41.991593
-15.274072
183.198935
145.031049
-34.358015
-61.075536
-57.258747
-91.609845
-91.609845
-76.342690
-49.625170
38.160968
99.229586
22.893814
-76.342690
-87.793056
-61.075536
-61.075536
-125.960942
-171.762405
-95.426633
22.893814
103.046375
110.679952
-3.823707
-106.876999
-72.525902
68.695277
103.046375
-3.823707
-45.808381
-7.640495
53.428123
122.130318
160.298204
80.145643
-64.892324
-53.441959
45.794545
110.679952
122.130318
57.244911
-22.907650
30.527391
80.145643
72.512066
87.779220
22.893814
-95.426633
-19.090861
194.649301
209.916456
38.160968
64.878488
167.931781
76.328854
72.512066
122.130318
53.428123
64.878488
110.679952
64.878488
64.878488
164.114992
221.366822
114.496740
-3.823707
19.077025
68.695277
114.496740
133.580684
26.710602
-68.709113
30.527391
99.229586
3.809871
-26.724438
7.626659
-91.609845
-217.563869
-41.991593
190.832513
30.527391
-194.663137
-198.479926
-133.594519
-72.525902
-34.358015
-114.510576
-209.930292
-167.945617
-7.640495
91.596009
7.626659
-129.777731
-179.395983
-99.243422
-22.907650
-68.709113
-156.495251
-125.960942
-53.441959
-53.441959
-61.075536
-99.243422
-91.609845
-30.541227
-133.594519
-209.930292
-125.960942
-15.274072
19.077025
-45.808381
-41.991593
-26.724438
-80.159479
7.626659
99.229586
19.077025
-61.075536
-30.541227
-15.274072
-3.823707
83.962432
72.512066
-57.258747
-76.342690
-22.907650
64.878488
129.763895
11.443448
-179.395983
-76.342690
198.466090
110.679952
-57.258747
-45.808381
-64.892324
7.626659
114.496740
61.061700
3.809871
49.611334
99.229586
76.328854
80.145643
49.611334
-15.274072
80.145643
72.512066
-72.525902
41.977757
244.267553
41.977757
-95.426633
129.763895
122.130318
-64.892324
53.428123
270.985074
118.313529
-122.144154
49.611334
209.916456
106.863163
53.428123
22.893814
7.626659
91.596009
122.130318
61.061700
41.977757
68.695277
26.710602
-3.823707
68.695277
99.229586
-15.274072
-125.960942
-53.441959
129.763895
164.114992
11.443448
-83.976267
61.061700
114.496740
-64.892324
-64.892324
-49.625170
-99.243422
-11.457284
-11.457284
-83.976267
-64.892324
7.626659
7.626659
-129.777731
-175.579194
-80.159479
-26.724438
-34.358015
-145.044885
-198.479926
-122.144154
-22.907650
-11.457284
-133.594519
-118.327365
15.260237
19.077025
-68.709113
-64.892324
3.809871
-133.594519
-179.395983
-15.274072
-38.174804
-64.892324
3.809871
-19.090861
-53.441959
-72.525902
-19.090861
57.244911
-15.274072
-99.243422
-72.525902
22.893814
26.710602
-15.274072
53.428123
80.145643
11.443448
-57.258747
7.626659
118.313529
45.794545
-72.525902
-57.258747
38.160968
103.046375
38.160968
-19.090861
-19.090861
-49.625170
30.527391
76.328854
19.077025
11.443448
-41.991593
129.763895
179.382147
-80.159479
-19.090861
99.229586
7.626659
-95.426633
-22.907650
164.114992
80.145643
38.160968
129.763895
64.878488
-30.541227
-76.342690
26.710602
57.244911
-68.709113
53.428123
99.229586
-41.991593
110.679952
236.633976
-19.090861
-190.846349
53.428123
183.198935
49.611334
22.893814
-41.991593
-83.976267
53.428123
129.763895
91.596009
-53.441959
-91.609845
-0.006918
19.077025
76.328854
-7.640495
-68.709113
95.412797
-64.892324
-99.243422
202.282879
34.344180
-187.029560
-106.876999
99.229586
183.198935
-148.861674
-64.892324
270.985074
22.893814
-129.777731
-106.876999
-95.426633
26.710602
-19.090861
-64.892324
-26.724438
-26.724438
19.077025
-22.907650
-49.625170
-41.991593
-122.144154
-61.075536
-72.525902
15.260237
118.313529
-133.594519
-95.426633
-26.724438
83.962432
141.214261
-221.380657
-106.876999
-61.075536
-15.274072
122.130318
-148.861674
22.893814
-7.640495
-110.693788
15.260237
-34.358015
106.863163
-156.495251
7.626659
198.466090
-217.563869
106.863163
167.931781
-118.327365
-26.724438
-61.075536
118.313529
122.130318
-68.709113
-114.510576
-122.144154
309.152960
183.198935
-309.166796
-0.006918
179.382147
-26.724438
-152.678462
38.160968
133.580684
-76.342690
-7.640495
19.077025
30.527391
114.496740
3.809871
-106.876999
-3.823707
194.649301
-15.274072
-179.395983
110.679952
83.962432
-202.296714
118.313529
145.031049
-190.846349
87.779220
-7.640495
-64.892324
167.931781
-190.846349
-91.609845
148.847838
-41.991593
99.229586
118.313529
-95.426633
-19.090861
57.244911
72.512066
-7.640495
-0.006918
19.077025
-106.876999
217.550033
76.328854
-145.044885
125.947106
-99.243422
103.046375
-15.274072
-133.594519
309.152960
-141.228097
-61.075536
72.512066
-0.006918
179.382147
-274.815698
133.580684
129.763895
-259.548544
183.198935
-160.312040
11.443448
125.947106
-202.296714
57.244911
-68.709113
30.527391
-95.426633
30.527391
137.397472
-404.586511
148.847838
49.611334
-80.159479
91.596009
-312.983584
301.519382
-141.228097
-171.762405
370.221577
-293.899641
133.580684
-167.945617
-72.525902
408.389464
-358.785047
171.748570
-156.495251
-187.029560
408.389464
-290.082852
160.298204
-171.762405
-190.846349
381.671943
-381.685779
202.282879
125.947106
-209.930292
213.733244
-270.998909
179.382147
236.633976
-286.266064
45.794545
26.710602
22.893814
3.809871
30.527391
183.198935
-137.411308
41.977757
53.428123
-225.197446
213.733244
110.679952
-171.762405
-91.609845
129.763895
145.031049
-152.678462
202.282879
-95.426633
-194.663137
229.000399
-125.960942
118.313529
7.626659
-129.777731
45.794545
38.160968
175.565358
-343.517893
167.931781
229.000399
-400.769722
229.000399
-41.991593
45.794545
129.763895
-240.464601
229.000399
-244.281389
38.160968
270.985074
-358.785047
190.832513
-72.525902
-11.457284
190.832513
-141.228097
290.069017
-400.769722
-61.075536
404.572675
-270.998909
145.031049
-141.228097
-34.358015
236.633976
-41.991593
3.809871
-179.395983
179.382147
-270.998909
-22.907650
595.412106
-377.868991
-152.678462
118.313529
-64.892324
152.664627
76.328854
-99.243422
-442.754397
236.633976
385.488732
-347.334682
187.015724
-95.426633
-419.853665
423.656618
-30.541227
-171.762405
175.565358
-206.113503
99.229586
-213.747080
34.344180
541.977065
-522.906958
-114.510576
152.664627
-122.144154
328.236903
-125.960942
34.344180
-194.663137
-152.678462
526.709911
-206.113503
118.313529
-11.457284
-488.555860
484.725236
22.893814
-267.182121
202.282879
-15.274072
-11.457284
-145.044885
122.130318
137.397472
-80.159479
61.061700
-393.136145
278.618651
400.755886
-458.021551
122.130318
-7.640495
-160.312040
194.649301
-106.876999
-118.327365
202.282879
160.298204
-194.663137
122.130318
-76.342690
-175.579194
251.901130
-106.876999
64.878488
-53.441959
-206.113503
263.351496
209.916456
-103.060210
-328.250739
15.260237
152.664627
68.695277
-7.640495
-133.594519
99.229586
22.893814
-179.395983
190.832513
309.152960
-519.090169
-232.831023
461.824504
-34.358015
-34.358015
-34.358015
-213.747080
171.748570
278.618651
-229.014235
-122.144154
179.382147
-137.411308
-15.274072
57.244911
26.710602
-133.594519
137.397472
164.114992
-206.113503
320.603326
-396.952934
-236.647812
522.893122
-255.731755
129.763895
61.061700
-198.479926
190.832513
-259.548544
282.435439
343.504057
-664.128136
-41.991593
160.298204
145.031049
324.420114
-370.235413
26.710602
-175.579194
45.794545
412.206252
-374.052202
297.702594
-229.014235
-213.747080
362.588000
-358.785047
423.656618
-19.090861
-545.807689
213.733244
198.466090
164.114992
-68.709113
-167.945617
-183.212771
110.679952
370.221577
-160.312040
-152.678462
49.611334
-99.243422
91.596009
133.580684
53.428123
-148.861674
-194.663137
270.985074
-137.411308
148.847838
221.366822
-755.731063
385.488732
255.717919
-480.922283
259.534708
-0.006918
87.779220
-278.632487
-19.090861
438.923772
-541.990901
76.328854
179.382147
-175.579194
309.152960
-122.144154
-217.563869
167.931781
259.534708
-293.899641
-358.785047
499.992390
11.443448
-351.151470
213.733244
-72.525902
15.260237
213.733244
-232.831023
-26.724438
167.931781
-179.395983
-106.876999
267.168285
-38.174804
-202.296714
164.114992
-57.258747
11.443448
95.412797
-3.823707
103.046375
-301.533218
15.260237
251.901130
-95.426633
11.443448
-80.159479
72.512066
106.863163
-160.312040
-15.274072
160.298204
-145.044885
-3.823707
202.282879
-385.502568
145.031049
416.023041
-240.464601
-164.128828
-7.640495
64.878488
164.114992
160.298204
-332.067527
-217.563869
316.786537
286.252228
-49.625170
-385.502568
114.496740
61.061700
68.695277
267.168285
-324.433950
-64.892324
229.000399
-160.312040
57.244911
225.183610
-400.769722
106.863163
354.954423
-293.899641
99.229586
-133.594519
-41.991593
312.969748
-221.380657
-30.541227
87.779220
-358.785047
282.435439
465.641293
-458.021551
68.695277
-209.930292
-110.693788
687.015032
-614.509885
141.214261
312.969748
-740.463909
442.740561
175.565358
7.626659
171.748570
-641.227405
312.969748
190.832513
-312.983584
427.473407
-500.006226
41.977757
404.572675
-450.387974
477.091659
-286.266064
-263.365332
477.091659
-393.136145
148.847838
41.977757
-335.884316
278.618651
11.443448
-125.960942
190.832513
-190.846349
-190.846349
328.236903
-95.426633
-217.563869
183.198935
22.893814
-76.342690
80.145643
-106.876999
64.878488
160.298204
-293.899641
-38.174804
53.428123
229.000399
-19.090861
-217.563869
99.229586
-362.601836
530.526699
145.031049
-820.616470
561.061008
-38.174804
-473.288706
736.633284
-129.777731
-473.288706
190.832513
-114.510576
446.557350
76.328854
-374.052202
213.733244
-442.754397
324.420114
595.412106
-603.059519
-64.892324
167.931781
19.077025
-38.174804
-38.174804
290.069017
-202.296714
26.710602
156.481415
-354.968259
236.633976
183.198935
-72.525902
-316.800373
-83.976267
618.312837
-270.998909
-26.724438
-72.525902
-209.930292
732.816496
-454.204763
-232.831023
427.473407
-274.815698
133.580684
-141.228097
87.779220
354.954423
-438.937608
160.298204
61.061700
-286.266064
549.610642
-255.731755
-431.304031
480.908447
-64.892324
-3.823707
137.397472
-122.144154
-64.892324
-213.747080
396.939098
99.229586
-664.128136
259.534708
194.649301
-206.113503
213.733244
-374.052202
-11.457284
458.007716
-328.250739
38.160968
26.710602
-187.029560
366.404789
-164.128828
-194.663137
183.198935
-129.777731
354.954423
-53.441959
-526.723746
633.579992
-152.678462
-564.891633
824.419422
-309.166796
-526.723746
675.564666
-278.632487
-160.312040
480.908447
-370.235413
-179.395983
156.481415
99.229586
179.382147
-484.739072
87.779220
450.374138
-438.937608
-3.823707
293.885805
-290.082852
-83.976267
473.274870
-72.525902
-328.250739
72.512066
7.626659
114.496740
-45.808381
-53.441959
64.878488
-68.709113
148.847838
3.809871
-103.060210
-26.724438
-103.060210
286.252228
-80.159479
-213.747080
316.786537
-316.800373
202.282879
286.252228
-564.891633
164.114992
91.596009
22.893814
-83.976267
41.977757
362.588000
-606.876307
-22.907650
583.961740
-103.060210
-270.998909
3.809871
171.748570
-30.541227
72.512066
-229.014235
-91.609845
454.190927
-198.479926
-7.640495
125.947106
-198.479926
103.046375
-145.044885
225.183610
-133.594519
-125.960942
515.259545
-530.540535
125.947106
305.336171
-435.120820
91.596009
80.145643
152.664627
-358.785047
152.664627
423.656618
-625.960250
499.992390
167.931781
-1000.005534
641.213569
320.603326
-637.410616
774.801170
-282.449275
-851.150778
847.320154
61.061700
-240.464601
-26.724438
-293.899641
385.488732
80.145643
-198.479926
-7.640495
-49.625170
41.977757
41.977757
-26.724438
-160.312040
183.198935
217.550033
-454.204763
-91.609845
381.671943
-34.358015
72.512066
-339.701104
87.779220
572.511374
-774.815006
99.229586
431.290195
-488.555860
309.152960
-15.274072
-114.510576
389.305521
-587.792364
80.145643
580.144951
-828.250047
534.343488
187.015724
-851.150778
1026.709219
-270.998909
-515.273381
492.358813
-435.120820
328.236903
171.748570
-557.258055
412.206252
49.611334
-286.266064
442.740561
-404.586511
41.977757
400.755886
-435.120820
232.817187
-72.525902
83.962432
19.077025
-278.632487
347.320846
-156.495251
76.328854
-57.258747
-290.082852
469.458081
-7.640495
-469.471917
209.916456
148.847838
-229.014235
209.916456
-34.358015
-190.846349
-99.243422
68.695277
431.290195
-351.151470
-232.831023
408.389464
-213.747080
232.817187
213.733244
-832.066835
461.824504
347.320846
-541.990901
335.870480
-110.693788
164.114992
-194.663137
-122.144154
480.908447
-740.463909
522.893122
209.916456
-706.112811
580.144951
-106.876999
-91.609845
64.878488
-213.747080
175.565358
-122.144154
145.031049
-26.724438
-290.082852
595.412106
-3.823707
-603.059519
-64.892324
427.473407
454.190927
-839.700413
297.702594
324.420114
-1049.623786
1171.747186
-141.228097
-862.601144
942.739869
-446.571186
-38.174804
171.748570
-358.785047
580.144951
-270.998909
-267.182121
541.977065
-526.723746
324.420114
335.870480
-1125.959559
568.694585
450.374138
-564.891633
221.366822
-61.075536
118.313529
255.717919
-553.441267
-38.174804
751.900439
-480.922283
-320.617161
545.793854
-171.762405
26.710602
-38.174804
-34.358015
-156.495251
87.779220
416.023041
-687.028868
244.267553
469.458081
-454.204763
95.412797
-190.846349
152.664627
209.916456
-511.456592
519.076333
-141.228097
-652.677771
896.938406
-213.747080
-438.937608
580.144951
-316.800373
-190.846349
393.122309
34.344180
-320.617161
324.420114
61.061700
-278.632487
167.931781
-366.418625
328.236903
87.779220
-167.945617
167.931781
-484.739072
572.511374
-141.228097
-400.769722
740.450073
-664.128136
-137.411308
690.831821
-500.006226
152.664627
160.298204
-603.059519
484.725236
332.053691
-450.387974
-49.625170
183.198935
-3.823707
22.893814
38.160968
-267.182121
286.252228
114.496740
-305.350007
129.763895
-34.358015
-64.892324
57.244911
76.328854
-41.991593
91.596009
-309.166796
164.114992
442.740561
-702.296023
469.458081
-61.075536
-606.876307
629.763203
-72.525902
-99.243422
-99.243422
156.481415
-118.327365
-202.296714
564.877797
-274.815698
-217.563869
217.550033
72.512066
-301.533218
236.633976
480.908447
-839.700413
-76.342690
522.893122
-95.426633
-7.640495
-133.594519
15.260237
229.000399
-148.861674
-64.892324
202.282879
-49.625170
-0.006918
-354.968259
240.450765
198.466090
-438.937608
587.778528
-396.952934
-106.876999
389.305521
-435.120820
477.091659
-480.922283
293.885805
419.839829
-1068.707729
870.220886
-19.090861
-366.418625
629.763203
-797.715738
290.069017
290.069017
-309.166796
351.137634
-446.571186
278.618651
57.244911
-385.502568
690.831821
-312.983584
-328.250739
267.168285
-110.693788
-26.724438
209.916456
-64.892324
-381.685779
419.839829
-61.075536
-68.709113
45.794545
-366.418625
557.244219
-335.884316
30.527391
377.855155
-652.677771
316.786537
64.878488
110.679952
68.695277
-679.395291
492.358813
106.863163
-393.136145
484.725236
-366.418625
-133.594519
583.961740
-553.441267
103.046375
419.839829
-667.944925
133.580684
538.160276
-625.960250
-3.823707
782.434748
-721.379966
-248.098178
790.068325
-129.777731
-442.754397
11.443448
377.855155
-152.678462
-229.014235
160.298204
305.336171
-209.930292
-610.693096
667.931089
80.145643
-618.326673
507.625968
183.198935
-324.433950
-68.709113
160.298204
148.847838
-80.159479
-282.449275
332.053691
80.145643
-591.609153
343.504057
305.336171
-393.136145
-148.861674
526.709911
-183.212771
-522.906958
706.098975
-160.312040
-404.586511
408.389464
145.031049
-129.777731
-515.273381
427.473407
312.969748
-564.891633
267.168285
114.496740
-118.327365
-76.342690
15.260237
309.152960
-366.418625
114.496740
187.015724
-259.548544
141.214261
-183.212771
286.252228
-99.243422
-290.082852
358.771212
-41.991593
-34.358015
-362.601836
446.557350
99.229586
-671.761714
660.297512
-45.808381
-167.945617
87.779220
-458.021551
270.985074
301.519382
-30.541227
-133.594519
-110.693788
-148.861674
244.267553
431.290195
-442.754397
-198.479926
152.664627
26.710602
99.229586
83.962432
-76.342690
-198.479926
83.962432
7.626659
53.428123
-15.274072
-198.479926
167.931781
34.344180
15.260237
95.412797
-106.876999
-7.640495
-34.358015
103.046375
-110.693788
-152.678462
293.885805
-187.029560
49.611334
248.084342
-332.067527
129.763895
-49.625170
-3.823707
251.901130
-293.899641
103.046375
45.794545
-95.426633
99.229586
76.328854
-118.327365
-263.365332
393.122309
-232.831023
-236.647812
534.343488
-446.571186
15.260237
351.137634
-221.380657
179.382147
-194.663137
45.794545
64.878488
-293.899641
358.771212
-15.274072
-209.930292
45.794545
213.733244
11.443448
-332.067527
335.870480
-305.350007
57.244911
522.893122
-729.013543
339.687269
251.901130
-416.036877
297.702594
-187.029560
-72.525902
-15.274072
-30.541227
312.969748
-95.426633
-76.342690
-91.609845
26.710602
145.031049
-240.464601
217.550033
-19.090861
-259.548544
393.122309
-225.197446
-122.144154
389.305521
-110.693788
-358.785047
68.695277
492.358813
-461.838340
160.298204
488.542024
-751.914275
297.702594
-11.457284
11.443448
267.168285
-874.051510
633.579992
95.412797
-492.372649
690.831821
-389.319356
-57.258747
129.763895
-282.449275
347.320846
3.809871
-141.228097
-38.174804
160.298204
-53.441959
-202.296714
301.519382
-183.212771
83.962432
64.878488
-400.769722
572.511374
-87.793056
-404.586511
435.106984
-103.060210
-64.892324
38.160968
-122.144154
53.428123
3.809871
80.145643
-11.457284
-0.006918
-53.441959
-152.678462
68.695277
129.763895
11.443448
-95.426633
-64.892324
64.878488
-15.274072
41.977757
141.214261
-328.250739
-41.991593
366.404789
-213.747080
-61.075536
137.397472
-83.976267
83.962432
106.863163
-141.228097
34.344180
118.313529
-500.006226
305.336171
480.908447
-576.341998
286.252228
137.397472
-706.112811
122.130318
530.526699
3.809871
-320.617161
83.962432
22.893814
-503.823015
465.641293
274.801862
-500.006226
374.038366
-374.052202
179.382147
400.755886
-778.631795
717.549341
-125.960942
-461.838340
564.877797
-377.868991
175.565358
133.580684
-213.747080
22.893814
106.863163
61.061700
-229.014235
57.244911
-30.541227
160.298204
-30.541227
-95.426633
179.382147
-232.831023
202.282879
-41.991593
-312.983584
461.824504
-229.014235
-190.846349
416.023041
-282.449275
64.878488
91.596009
49.611334
30.527391
-427.487243
366.404789
-72.525902
7.626659
118.313529
-465.655129
564.877797
-103.060210
-297.716430
240.450765
-141.228097
91.596009
-125.960942
152.664627
68.695277
-389.319356
301.519382
160.298204
-324.433950
221.366822
-61.075536
-175.579194
160.298204
-206.113503
91.596009
229.000399
-122.144154
-236.647812
324.420114
217.550033
-423.670454
99.229586
-137.411308
-45.808381
435.106984
-156.495251
-118.327365
129.763895
-64.892324
-19.090861
7.626659
-72.525902
148.847838
-76.342690
-206.113503
209.916456
156.481415
-198.479926
19.077025
7.626659
-198.479926
167.931781
-267.182121
164.114992
366.404789
-458.021551
213.733244
-3.823707
-274.815698
175.565358
-38.174804
125.947106
7.626659
-240.464601
171.748570
190.832513
-183.212771
-183.212771
7.626659
297.702594
-133.594519
38.160968
282.435439
-633.593828
198.466090
450.374138
-251.914966
-160.312040
-232.831023
370.221577
87.779220
-206.113503
187.015724
-221.380657
61.061700
179.382147
-236.647812
137.397472
-11.457284
-125.960942
152.664627
-0.006918
-53.441959
26.710602
301.519382
-251.914966
-217.563869
248.084342
-328.250739
446.557350
225.183610
-660.311348
263.351496
248.084342
-270.998909
106.863163
80.145643
-564.891633
141.214261
675.564666
-255.731755
-213.747080
87.779220
-133.594519
-26.724438
99.229586
183.198935
-209.930292
-187.029560
541.977065
7.626659
-293.899641
-103.060210
-213.747080
358.771212
225.183610
-248.098178
-244.281389
183.198935
209.916456
-125.960942
80.145643
-290.082852
49.611334
251.901130
-141.228097
137.397472
-133.594519
-141.228097
133.580684
-99.243422
83.962432
167.931781
-366.418625
125.947106
64.878488
-232.831023
622.129626
-339.701104
-484.739072
469.458081
30.527391
-45.808381
-61.075536
-57.258747
99.229586
-15.274072
-87.793056
339.687269
7.626659
-610.693096
244.267553
137.397472
-110.693788
438.923772
-187.029560
-354.968259
160.298204
-61.075536
255.717919
19.077025
-503.823015
370.221577
57.244911
-160.312040
312.969748
-232.831023
-137.411308
167.931781
-106.876999
57.244911
324.420114
-297.716430
-137.411308
301.519382
-339.701104
145.031049
217.550033
-274.815698
244.267553
38.160968
-232.831023
83.962432
-30.541227
-87.793056
236.633976
7.626659
-156.495251
95.412797
-15.274072
-122.144154
110.679952
22.893814
-301.533218
164.114992
335.870480
-255.731755
-41.991593
293.885805
-324.433950
-122.144154
454.190927
-225.197446
-282.449275
332.053691
87.779220
-190.846349
118.313529
-80.159479
-244.281389
393.122309
-49.625170
-213.747080
293.885805
-187.029560
-53.441959
335.870480
-76.342690
-450.387974
229.000399
183.198935
-396.952934
374.038366
106.863163
-500.006226
160.298204
187.015724
-225.197446
-57.258747
80.145643
34.344180
-7.640495
-141.228097
72.512066
251.901130
-198.479926
-377.868991
122.130318
286.252228
-57.258747
53.428123
87.779220
-240.464601
-49.625170
133.580684
-7.640495
-22.907650
80.145643
129.763895
38.160968
-179.395983
-137.411308
152.664627
57.244911
-76.342690
259.534708
41.977757
-381.685779
206.099667
251.901130
-312.983584
57.244911
152.664627
-106.876999
175.565358
30.527391
-129.777731
41.977757
-236.647812
-26.724438
385.488732
-213.747080
-49.625170
248.084342
-282.449275
45.794545
-34.358015
-293.899641
263.351496
61.061700
-148.861674
95.412797
-190.846349
-175.579194
137.397472
-38.174804
-3.823707
114.496740
-91.609845
-129.777731
-7.640495
114.496740
-61.075536
-129.777731
30.527391
-45.808381
171.748570
91.596009
-229.014235
3.809871
-3.823707
-0.006918
305.336171
183.198935
-152.678462
-91.609845
122.130318
-7.640495
129.763895
286.252228
-141.228097
-30.541227
209.916456
3.809871
114.496740
61.061700
-99.243422
137.397472
125.947106
11.443448
202.282879
64.878488
-179.395983
-99.243422
-7.640495
206.099667
183.198935
-164.128828
-167.945617
-22.907650
-30.541227
-110.693788
-80.159479
-49.625170
-148.861674
-34.358015
38.160968
-122.144154
-217.563869
-286.266064
-114.510576
34.344180
-49.625170
-72.525902
-179.395983
-248.098178
-110.693788
-7.640495
-72.525902
-114.510576
-41.991593
-87.793056
-41.991593
91.596009
-0.006918
-99.243422
-206.113503
7.626659
225.183610
76.328854
152.664627
11.443448
-106.876999
114.496740
80.145643
167.931781
267.168285
41.977757
53.428123
263.351496
114.496740
141.214261
293.885805
-45.808381
91.596009
400.755886
145.031049
183.198935
133.580684
-129.777731
225.183610
385.488732
95.412797
53.428123
-3.823707
-22.907650
49.611334
152.664627
240.450765
-34.358015
-206.113503
-110.693788
-91.609845
61.061700
-0.006918
-187.029560
-122.144154
-179.395983
-236.647812
-202.296714
-213.747080
-190.846349
-179.395983
-202.296714
-255.731755
-270.998909
-171.762405
-148.861674
-263.365332
-248.098178
-152.678462
-118.327365
-72.525902
-103.060210
-156.495251
-202.296714
-202.296714
3.809871
83.962432
-30.541227
-15.274072
11.443448
-137.411308
-83.976267
202.282879
167.931781
49.611334
156.481415
118.313529
22.893814
-7.640495
171.748570
320.603326
95.412797
91.596009
232.817187
133.580684
106.863163
251.901130
270.985074
83.962432
122.130318
293.885805
167.931781
255.717919
347.320846
83.962432
110.679952
83.962432
145.031049
461.824504
206.099667
145.031049
125.947106
-278.632487
30.527391
179.382147
49.611334
148.847838
-53.441959
-106.876999
-217.563869
-274.815698
-72.525902
-156.495251
-183.212771
-164.128828
-263.365332
-206.113503
-213.747080
-328.250739
-278.632487
-324.433950
-370.235413
-87.793056
-110.693788
-290.082852
-183.212771
-255.731755
-270.998909
-129.777731
-110.693788
103.046375
-190.846349
-385.502568
236.633976
38.160968
-209.930292
122.130318
-19.090861
-68.709113
-11.457284
118.313529
290.069017
19.077025
-68.709113
45.794545
80.145643
209.916456
179.382147
179.382147
26.710602
-95.426633
229.000399
156.481415
38.160968
290.069017
236.633976
57.244911
87.779220
232.817187
240.450765
160.298204
293.885805
305.336171
171.748570
179.382147
202.282879
240.450765
209.916456
251.901130
362.588000
179.382147
-91.609845
-125.960942
160.298204
118.313529
-99.243422
160.298204
110.679952
-278.632487
-374.052202
-240.464601
-156.495251
-251.914966
-41.991593
-72.525902
-473.288706
-458.021551
-396.952934
-293.899641
-213.747080
-236.647812
-125.960942
-328.250739
-465.655129
-248.098178
-141.228097
-114.510576
-171.762405
-137.411308
-137.411308
-198.479926
3.809871
80.145643
-45.808381
-156.495251
-61.075536
179.382147
80.145643
19.077025
175.565358
45.794545
-171.762405
-3.823707
347.320846
255.717919
-26.724438
3.809871
76.328854
64.878488
87.779220
202.282879
240.450765
99.229586
152.664627
148.847838
3.809871
202.282879
377.855155
335.870480
259.534708
198.466090
225.183610
179.382147
251.901130
377.855155
312.969748
324.420114
156.481415
106.863163
293.885805
156.481415
87.779220
38.160968
-95.426633
26.710602
122.130318
41.977757
-217.563869
-412.220088
-312.983584
-251.914966
-171.762405
-49.625170
-255.731755
-450.387974
-503.823015
-469.471917
-187.029560
-179.395983
-316.800373
-320.617161
-396.952934
-343.517893
-213.747080
-91.609845
-133.594519
-267.182121
-167.945617
-64.892324
-106.876999
-103.060210
15.260237
38.160968
-15.274072
-26.724438
26.710602
34.344180
-22.907650
179.382147
164.114992
-129.777731
45.794545
240.450765
38.160968
-26.724438
164.114992
183.198935
-30.541227
-15.274072
270.985074
278.618651
53.428123
41.977757
179.382147
171.748570
206.099667
347.320846
309.152960
209.916456
167.931781
263.351496
354.954423
297.702594
381.671943
339.687269
125.947106
129.763895
377.855155
362.588000
22.893814
80.145643
160.298204
-213.747080
-19.090861
408.389464
-53.441959
-412.220088
-240.464601
-221.380657
-293.899641
-217.563869
-45.808381
-122.144154
-503.823015
-583.975576
-309.166796
-232.831023
-282.449275
-202.296714
-183.212771
-377.868991
-442.754397
-194.663137
-106.876999
-213.747080
-171.762405
-72.525902
-171.762405
-244.281389
-30.541227
34.344180
-45.808381
-22.907650
-45.808381
-41.991593
11.443448
122.130318
137.397472
-45.808381
7.626659
122.130318
34.344180
57.244911
76.328854
76.328854
34.344180
-7.640495
190.832513
282.435439
57.244911
-22.907650
183.198935
225.183610
179.382147
248.084342
213.733244
194.649301
175.565358
259.534708
427.473407
274.801862
179.382147
259.534708
290.069017
309.152960
221.366822
324.420114
251.901130
-61.075536
129.763895
87.779220
-160.312040
305.336171
274.801862
-312.983584
-354.968259
-202.296714
-198.479926
-213.747080
-38.174804
-49.625170
-484.739072
-549.624478
-328.250739
-240.464601
-190.846349
-217.563869
-286.266064
-408.403299
-465.655129
-213.747080
-53.441959
-229.014235
-240.464601
-129.777731
-160.312040
-206.113503
-145.044885
49.611334
-11.457284
-118.327365
26.710602
-64.892324
-99.243422
118.313529
114.496740
68.695277
91.596009
64.878488
-7.640495
-19.090861
171.748570
156.481415
68.695277
156.481415
22.893814
-15.274072
209.916456
148.847838
83.962432
251.901130
171.748570
95.412797
221.366822
171.748570
236.633976
347.320846
354.954423
312.969748
187.015724
324.420114
232.817187
30.527391
381.671943
561.061008
160.298204
-15.274072
183.198935
-53.441959
-217.563869
339.687269
446.557350
-259.548544
-454.204763
-164.128828
-232.831023
-263.365332
3.809871
-3.823707
-396.952934
-610.693096
-374.052202
-156.495251
-255.731755
-274.815698
-125.960942
-347.334682
-484.739072
-183.212771
-122.144154
-232.831023
-171.762405
-64.892324
-145.044885
-305.350007
-167.945617
80.145643
-41.991593
-68.709113
72.512066
-267.182121
-187.029560
389.305521
236.633976
-209.930292
-171.762405
190.832513
110.679952
-106.876999
270.985074
312.969748
-198.479926
-263.365332
198.466090
484.725236
221.366822
-68.709113
11.443448
129.763895
187.015724
370.221577
385.488732
129.763895
91.596009
286.252228
343.504057
278.618651
366.404789
442.740561
152.664627
91.596009
412.206252
255.717919
76.328854
160.298204
-26.724438
64.878488
316.786537
45.794545
-354.968259
-297.716430
-26.724438
-68.709113
-209.930292
-133.594519
-229.014235
-492.372649
-438.937608
-240.464601
-145.044885
-122.144154
-301.533218
-458.021551
-377.868991
-213.747080
-91.609845
-148.861674
-229.014235
-179.395983
-175.579194
-148.861674
-83.976267
-106.876999
-45.808381
-15.274072
-72.525902
-3.823707
-7.640495
-26.724438
-76.342690
-145.044885
175.565358
255.717919
-118.327365
-41.991593
129.763895
-118.327365
-103.060210
320.603326
312.969748
-122.144154
-106.876999
187.015724
164.114992
106.863163
267.168285
290.069017
53.428123
49.611334
309.152960
408.389464
366.404789
267.168285
167.931781
118.313529
244.267553
526.709911
519.076333
221.366822
-72.525902
-22.907650
301.519382
133.580684
110.679952
438.923772
-64.892324
-583.975576
-194.663137
171.748570
-64.892324
-209.930292
-53.441959
-351.151470
-572.525210
-240.464601
-99.243422
-217.563869
-339.701104
-286.266064
-206.113503
-393.136145
-335.884316
-41.991593
-122.144154
-286.266064
-194.663137
-106.876999
-164.128828
-236.647812
-49.625170
110.679952
-64.892324
-122.144154
-19.090861
-137.411308
-164.128828
152.664627
240.450765
-22.907650
-137.411308
-68.709113
3.809871
83.962432
206.099667
206.099667
-76.342690
-141.228097
22.893814
141.214261
270.985074
232.817187
175.565358
76.328854
-38.174804
213.733244
408.389464
320.603326
263.351496
248.084342
221.366822
171.748570
213.733244
423.656618
400.755886
232.817187
164.114992
30.527391
141.214261
240.450765
15.260237
152.664627
309.152960
-148.861674
-431.304031
-99.243422
91.596009
-156.495251
-179.395983
-91.609845
-370.235413
-496.189438
-263.365332
-49.625170
-179.395983
-335.884316
-240.464601
-354.968259
-431.304031
-198.479926
-45.808381
-118.327365
-251.914966
-194.663137
-122.144154
-217.563869
-232.831023
-26.724438
106.863163
-103.060210
-217.563869
-103.060210
-41.991593
87.779220
118.313529
-72.525902
-164.128828
-15.274072
91.596009
-19.090861
110.679952
232.817187
-106.876999
-160.312040
122.130318
282.435439
229.000399
-19.090861
45.794545
251.901130
229.000399
213.733244
286.252228
290.069017
190.832513
217.550033
393.122309
354.954423
209.916456
293.885805
362.588000
217.550033
148.847838
278.618651
263.351496
-41.991593
-38.174804
389.305521
225.183610
-358.785047
-217.563869
129.763895
-95.426633
-259.548544
-80.159479
-95.426633
-435.120820
-427.487243
-80.159479
-152.678462
-362.601836
-240.464601
-202.296714
-400.769722
-316.800373
-30.541227
-114.510576
-408.403299
-316.800373
-11.457284
-148.861674
-301.533218
-57.258747
30.527391
-137.411308
-198.479926
-80.159479
-118.327365
-145.044885
190.832513
251.901130
-232.831023
-293.899641
164.114992
91.596009
-118.327365
263.351496
339.687269
-194.663137
-286.266064
221.366822
446.557350
179.382147
26.710602
160.298204
198.466090
148.847838
225.183610
354.954423
377.855155
198.466090
244.267553
431.290195
190.832513
110.679952
450.374138
473.274870
145.031049
38.160968
236.633976
194.649301
-91.609845
137.397472
435.106984
-64.892324
-503.823015
-125.960942
190.832513
-129.777731
-290.082852
-87.793056
-244.281389
-488.555860
-270.998909
-61.075536
-259.548544
-389.319356
-179.395983
-202.296714
-435.120820
-301.533218
-53.441959
-160.312040
-339.701104
-125.960942
-30.541227
-316.800373
-290.082852
19.077025
83.962432
-152.678462
-290.082852
-114.510576
45.794545
26.710602
-3.823707
-72.525902
-137.411308
-34.358015
141.214261
190.832513
122.130318
15.260237
-95.426633
11.443448
309.152960
366.404789
148.847838
7.626659
53.428123
240.450765
366.404789
297.702594
251.901130
202.282879
164.114992
274.801862
370.221577
347.320846
251.901130
240.450765
312.969748
206.099667
72.512066
274.801862
324.420114
-57.258747
-15.274072
259.534708
-19.090861
-343.517893
-179.395983
133.580684
-80.159479
-362.601836
-152.678462
-229.014235
-461.838340
-267.182121
-106.876999
-217.563869
-347.334682
-320.617161
-282.449275
-328.250739
-202.296714
-72.525902
-164.128828
-274.815698
-202.296714
-122.144154
-164.128828
-167.945617
-45.808381
80.145643
-171.762405
-316.800373
-41.991593
3.809871
53.428123
187.015724
-61.075536
-293.899641
-118.327365
187.015724
194.649301
110.679952
187.015724
-49.625170
-263.365332
179.382147
492.358813
282.435439
30.527391
-15.274072
156.481415
229.000399
278.618651
458.007716
301.519382
57.244911
183.198935
385.488732
339.687269
248.084342
393.122309
305.336171
-15.274072
114.496740
381.671943
164.114992
-72.525902
206.099667
240.450765
-251.914966
-297.716430
53.428123
45.794545
-183.212771
-190.846349
-164.128828
-400.769722
-423.670454
-83.976267
-80.159479
-290.082852
-324.433950
-301.533218
-305.350007
-290.082852
-99.243422
-26.724438
-305.350007
-312.983584
-83.976267
-145.044885
-225.197446
-110.693788
22.893814
-41.991593
-251.914966
-244.281389
-57.258747
72.512066
106.863163
-22.907650
-129.777731
-125.960942
-110.693788
103.046375
297.702594
145.031049
-72.525902
-148.861674
7.626659
286.252228
301.519382
160.298204
95.412797
19.077025
141.214261
324.420114
328.236903
316.786537
232.817187
167.931781
206.099667
282.435439
408.389464
335.870480
236.633976
297.702594
110.679952
15.260237
290.069017
286.252228
-15.274072
-7.640495
183.198935
-72.525902
-362.601836
-61.075536
156.481415
-183.212771
-354.968259
-141.228097
-209.930292
-412.220088
-259.548544
-68.709113
-152.678462
-335.884316
-312.983584
-248.098178
-244.281389
-122.144154
-68.709113
-198.479926
-297.716430
-198.479926
-91.609845
-95.426633
-76.342690
-38.174804
-122.144154
-209.930292
-160.312040
-80.159479
87.779220
206.099667
-49.625170
-332.067527
-91.609845
244.267553
91.596009
49.611334
267.168285
34.344180
-282.449275
26.710602
458.007716
339.687269
30.527391
15.260237
91.596009
160.298204
351.137634
389.305521
236.633976
152.664627
167.931781
248.084342
347.320846
377.855155
290.069017
190.832513
171.748570
156.481415
171.748570
202.282879
80.145643
-41.991593
80.145643
125.947106
-160.312040
-255.731755
-68.709113
-68.709113
-198.479926
-217.563869
-190.846349
-305.350007
-370.235413
-221.380657
-122.144154
-194.663137
-290.082852
-278.632487
-278.632487
-282.449275
-103.060210
-68.709113
-267.182121
-263.365332
-114.510576
-137.411308
-179.395983
-26.724438
-99.243422
-354.968259
-34.358015
240.450765
-164.128828
-270.998909
160.298204
156.481415
-251.914966
-3.823707
461.824504
45.794545
-320.617161
99.229586
404.572675
145.031049
-15.274072
206.099667
221.366822
41.977757
110.679952
309.152960
339.687269
213.733244
145.031049
179.382147
259.534708
335.870480
339.687269
305.336171
248.084342
194.649301
118.313529
175.565358
343.504057
244.267553
-15.274072
-41.991593
99.229586
41.977757
-114.510576
-57.258747
-57.258747
-240.464601
-244.281389
-76.342690
-114.510576
-328.250739
-343.517893
-206.113503
-175.579194
-187.029560
-282.449275
-347.334682
-244.281389
-167.945617
-137.411308
-164.128828
-282.449275
-274.815698
-152.678462
-106.876999
-110.693788
-91.609845
-171.762405
-328.250739
-145.044885
274.801862
91.596009
-377.868991
-133.594519
301.519382
7.626659
-194.663137
236.633976
267.168285
-171.762405
-122.144154
324.420114
305.336171
-87.793056
11.443448
332.053691
213.733244
41.977757
148.847838
255.717919
251.901130
236.633976
248.084342
194.649301
190.832513
332.053691
316.786537
229.000399
259.534708
202.282879
87.779220
164.114992
328.236903
171.748570
-129.777731
-49.625170
129.763895
3.809871
-110.693788
-45.808381
-122.144154
-274.815698
-213.747080
-106.876999
-183.212771
-290.082852
-263.365332
-145.044885
-164.128828
-282.449275
-297.716430
-259.548544
-175.579194
-95.426633
-164.128828
-240.464601
-217.563869
-194.663137
-206.113503
-106.876999
137.397472
-30.541227
-454.204763
-213.747080
236.633976
64.878488
-152.678462
91.596009
137.397472
-244.281389
-156.495251
381.671943
362.588000
-61.075536
-106.876999
61.061700
106.863163
164.114992
286.252228
248.084342
30.527391
-41.991593
152.664627
267.168285
278.618651
301.519382
156.481415
22.893814
171.748570
351.137634
316.786537
213.733244
213.733244
122.130318
-7.640495
141.214261
293.885805
106.863163
-91.609845
-19.090861
-22.907650
-133.594519
-80.159479
-38.174804
-129.777731
-244.281389
-255.731755
-148.861674
-179.395983
-301.533218
-236.647812
-141.228097
-148.861674
-240.464601
-286.266064
-198.479926
-160.312040
-118.327365
-80.159479
-213.747080
-267.182121
-148.861674
-91.609845
-38.174804
-0.006918
-49.625170
-202.296714
-232.831023
103.046375
278.618651
11.443448
-137.411308
15.260237
87.779220
-0.006918
167.931781
362.588000
49.611334
-194.663137
83.962432
343.504057
229.000399
87.779220
167.931781
148.847838
34.344180
198.466090
400.755886
248.084342
83.962432
171.748570
225.183610
198.466090
255.717919
270.985074
129.763895
41.977757
125.947106
175.565358
61.061700
-11.457284
41.977757
-3.823707
-148.861674
-114.510576
-64.892324
-145.044885
-213.747080
-179.395983
-160.312040
-229.014235
-251.914966
-221.380657
-229.014235
-213.747080
-175.579194
-194.663137
-251.914966
-236.647812
-137.411308
-118.327365
-179.395983
-148.861674
-118.327365
-156.495251
-206.113503
-87.793056
7.626659
-103.060210
-91.609845
-3.823707
-26.724438
-49.625170
57.244911
145.031049
87.779220
34.344180
30.527391
106.863163
194.649301
190.832513
164.114992
110.679952
91.596009
118.313529
198.466090
278.618651
209.916456
145.031049
133.580684
148.847838
248.084342
328.236903
236.633976
114.496740
156.481415
194.649301
175.565358
209.916456
213.733244
103.046375
-3.823707
7.626659
22.893814
30.527391
15.260237
-83.976267
-171.762405
-167.945617
-175.579194
-175.579194
-156.495251
-179.395983
-229.014235
-263.365332
-270.998909
-202.296714
-122.144154
-171.762405
-225.197446
-198.479926
-190.846349
-225.197446
-171.762405
-83.976267
-114.510576
-156.495251
-145.044885
-148.861674
-152.678462
-76.342690
61.061700
3.809871
-148.861674
-80.159479
49.611334
72.512066
80.145643
152.664627
137.397472
-0.006918
34.344180
202.282879
274.801862
225.183610
91.596009
34.344180
145.031049
244.267553
274.801862
240.450765
164.114992
103.046375
99.229586
209.916456
320.603326
290.069017
148.847838
53.428123
87.779220
164.114992
217.550033
187.015724
57.244911
-61.075536
-61.075536
19.077025
41.977757
-45.808381
-152.678462
-198.479926
-221.380657
-179.395983
-114.510576
-160.312040
-270.998909
-309.166796
-236.647812
-152.678462
-148.861674
-232.831023
-274.815698
-175.579194
-122.144154
-160.312040
-179.395983
-213.747080
-167.945617
-76.342690
-87.793056
-133.594519
-103.060210
-91.609845
-145.044885
-34.358015
141.214261
11.443448
-122.144154
41.977757
122.130318
49.611334
125.947106
206.099667
122.130318
68.695277
156.481415
209.916456
198.466090
217.550033
209.916456
156.481415
148.847838
190.832513
248.084342
251.901130
160.298204
148.847838
171.748570
164.114992
221.366822
225.183610
114.496740
53.428123
129.763895
156.481415
34.344180
11.443448
57.244911
-45.808381
-95.426633
-22.907650
-61.075536
-190.846349
-213.747080
-129.777731
-133.594519
-179.395983
-202.296714
-259.548544
-248.098178
-164.128828
-133.594519
-160.312040
-225.197446
-240.464601
-183.212771
-164.128828
-122.144154
-76.342690
-164.128828
-274.815698
-183.212771
-22.907650
-68.709113
-118.327365
-19.090861
-68.709113
-152.678462
11.443448
167.931781
34.344180
-49.625170
122.130318
129.763895
45.794545
187.015724
229.000399
103.046375
83.962432
198.466090
244.267553
190.832513
217.550033
194.649301
137.397472
190.832513
267.168285
225.183610
152.664627
171.748570
179.382147
179.382147
194.649301
152.664627
118.313529
83.962432
68.695277
68.695277
22.893814
7.626659
-30.541227
-103.060210
-103.060210
-91.609845
-118.327365
-187.029560
-175.579194
-145.044885
-206.113503
-213.747080
-187.029560
-217.563869
-187.029560
-167.945617
-206.113503
-202.296714
-152.678462
-152.678462
-194.663137
-187.029560
-129.777731
-141.228097
-175.579194
-122.144154
-106.876999
-129.777731
-80.159479
-34.358015
-11.457284
-30.541227
-49.625170
26.710602
99.229586
99.229586
87.779220
99.229586
99.229586
125.947106
179.382147
229.000399
183.198935
95.412797
156.481415
206.099667
183.198935
232.817187
259.534708
209.916456
137.397472
148.847838
236.633976
251.901130
190.832513
171.748570
129.763895
76.328854
72.512066
137.397472
160.298204
26.710602
-87.793056
-64.892324
-26.724438
-49.625170
-53.441959
-72.525902
-213.747080
-293.899641
-187.029560
-110.693788
-145.044885
-164.128828
-225.197446
-305.350007
-267.182121
-129.777731
-80.159479
-175.579194
-232.831023
-209.930292
-213.747080
-171.762405
-76.342690
-45.808381
-175.579194
-236.647812
-110.693788
-49.625170
-41.991593
26.710602
22.893814
-95.426633
-68.709113
110.679952
141.214261
106.863163
164.114992
129.763895
34.344180
91.596009
244.267553
263.351496
152.664627
141.214261
171.748570
129.763895
167.931781
278.618651
282.435439
164.114992
95.412797
137.397472
202.282879
221.366822
221.366822
175.565358
87.779220
34.344180
64.878488
118.313529
114.496740
41.977757
-38.174804
-103.060210
-95.426633
-68.709113
-61.075536
-83.976267
-167.945617
-240.464601
-225.197446
-156.495251
-145.044885
-160.312040
-190.846349
-232.831023
-255.731755
-217.563869
-110.693788
-114.510576
-206.113503
-229.014235
-187.029560
-156.495251
-129.777731
-61.075536
-72.525902
-167.945617
-167.945617
-72.525902
11.443448
22.893814
-0.006918
7.626659
-11.457284
34.344180
148.847838
156.481415
118.313529
110.679952
83.962432
122.130318
221.366822
244.267553
156.481415
110.679952
156.481415
152.664627
156.481415
251.901130
221.366822
87.779220
87.779220
187.015724
221.366822
160.298204
137.397472
122.130318
49.611334
38.160968
114.496740
152.664627
38.160968
-38.174804
-26.724438
