0.027412
9.101872
0.027412
-18.121507
-9.047047
0.027412
-9.047047
0.027412
0.027412
18.176332
0.027412
-18.121507
0.027412
0.027412
18.176332
18.176332
0.027412
0.027412
-9.047047
0.027412
0.027412
-9.047047
27.250792
9.101872
-9.047047
0.027412
-9.047047
-9.047047
0.027412
9.101872
9.101872
-18.121507
0.027412
9.101872
-9.047047
-9.047047
-9.047047
0.027412
-18.121507
-18.121507
0.027412
9.101872
0.027412
0.027412
9.101872
9.101872
-9.047047
-18.121507
9.101872
0.027412
-18.121507
9.101872
0.027412
-18.121507
-9.047047
9.101872
0.027412
0.027412
18.176332
9.101872
0.027412
-9.047047
9.101872
0.027412
9.101872
9.101872
9.101872
9.101872
0.027412
18.176332
18.176332
9.101872
9.101872
18.176332
18.176332
9.101872
0.027412
18.176332
9.101872
18.176332
27.250792
0.027412
0.027412
9.101872
9.101872
18.176332
9.101872
9.101872
0.027412
18.176332
27.250792
9.101872
9.101872
9.101872
0.027412
-18.121507
0.027412
0.027412
0.027412
-18.121507
-18.121507
-9.047047
-36.270427
-36.270427
-18.121507
0.027412
9.101872
0.027412
-9.047047
-36.270427
-45.344887
-36.270427
-54.419347
-45.344887
-27.195967
-45.344887
-27.195967
-27.195967
-27.195967
-27.195967
-36.270427
-36.270427
-27.195967
-36.270427
-18.121507
-9.047047
-18.121507
-18.121507
-9.047047
-27.195967
-27.195967
-45.344887
-27.195967
-18.121507
-27.195967
0.027412
9.101872
18.176332
18.176332
-9.047047
9.101872
27.250792
36.325252
36.325252
27.250792
36.325252
36.325252
18.176332
36.325252
36.325252
27.250792
36.325252
18.176332
27.250792
45.399712
36.325252
45.399712
36.325252
27.250792
36.325252
27.250792
54.474172
36.325252
36.325252
36.325252
27.250792
45.399712
36.325252
54.474172
45.399712
18.176332
18.176332
36.325252
36.325252
45.399712
27.250792
9.101872
-9.047047
9.101872
36.325252
18.176332
18.176332
0.027412
-18.121507
-27.195967
-18.121507
-18.121507
-18.121507
0.027412
0.027412
-18.121507
-18.121507
-18.121507
-9.047047
-27.195967
-36.270427
-36.270427
-36.270427
-45.344887
-45.344887
-45.344887
-54.419347
-36.270427
-36.270427
-63.493807
-54.419347
-72.568267
-63.493807
-54.419347
-63.493807
-54.419347
-36.270427
-45.344887
-45.344887
-54.419347
-54.419347
-36.270427
-45.344887
-36.270427
-27.195967
-45.344887
-27.195967
-18.121507
0.027412
18.176332
18.176332
-9.047047
9.101872
18.176332
-9.047047
9.101872
18.176332
27.250792
9.101872
18.176332
45.399712
45.399712
45.399712
18.176332
18.176332
27.250792
27.250792
45.399712
54.474172
18.176332
36.325252
63.548632
54.474172
45.399712
45.399712
54.474172
54.474172
63.548632
54.474172
45.399712
45.399712
36.325252
36.325252
36.325252
36.325252
36.325252
18.176332
36.325252
45.399712
27.250792
36.325252
36.325252
18.176332
27.250792
54.474172
9.101872
-36.270427
27.250792
36.325252
-45.344887
-18.121507
45.399712
9.101872
-18.121507
-9.047047
-27.195967
-45.344887
-45.344887
-27.195967
-63.493807
-81.642727
-54.419347
-90.717187
-81.642727
-63.493807
-72.568267
-90.717187
-90.717187
-81.642727
-81.642727
-99.791647
-117.940566
-108.866107
-81.642727
-90.717187
-90.717187
-63.493807
-45.344887
-45.344887
-54.419347
-36.270427
-45.344887
-54.419347
-63.493807
-63.493807
-18.121507
-18.121507
-9.047047
9.101872
0.027412
36.325252
27.250792
-18.121507
0.027412
36.325252
18.176332
18.176332
63.548632
63.548632
9.101872
36.325252
72.623092
54.474172
81.697552
90.772012
90.772012
63.548632
90.772012
63.548632
63.548632
117.995391
108.920931
81.697552
108.920931
117.995391
108.920931
90.772012
108.920931
99.846471
54.474172
72.623092
72.623092
81.697552
72.623092
81.697552
172.442151
54.474172
9.101872
145.218771
117.995391
27.250792
54.474172
72.623092
9.101872
45.399712
45.399712
0.027412
63.548632
27.250792
-72.568267
18.176332
54.474172
-108.866107
-90.717187
27.250792
-90.717187
-145.163946
-18.121507
-54.419347
-163.312866
-81.642727
-81.642727
-172.387326
-127.015026
-72.568267
-154.238406
-181.461786
-127.015026
-154.238406
-208.685166
-136.089486
-136.089486
-199.610706
-181.461786
-145.163946
-145.163946
-154.238406
-163.312866
-117.940566
-136.089486
-163.312866
-117.940566
-99.791647
-108.866107
-63.493807
-36.270427
-72.568267
-63.493807
-36.270427
-27.195967
-36.270427
-18.121507
18.176332
9.101872
18.176332
36.325252
63.548632
54.474172
54.474172
81.697552
117.995391
72.623092
63.548632
163.367691
127.069851
90.772012
163.367691
172.442151
117.995391
136.144311
172.442151
127.069851
154.293231
226.888910
145.218771
154.293231
281.335670
163.367691
117.995391
245.037830
154.293231
90.772012
172.442151
181.516611
127.069851
163.367691
145.218771
145.218771
172.442151
36.325252
54.474172
208.739990
18.176332
-72.568267
190.591071
145.218771
-145.163946
54.474172
199.665531
-108.866107
-90.717187
145.218771
-54.419347
-190.536246
54.474172
-9.047047
-235.908545
-36.270427
27.250792
-254.057465
-172.387326
-18.121507
-226.834085
-299.429765
-90.717187
-136.089486
-290.355305
-190.536246
-145.163946
-244.983005
-244.983005
-163.312866
-217.759625
-281.280845
-199.610706
-163.312866
-235.908545
-226.834085
-154.238406
-181.461786
-235.908545
-145.163946
-108.866107
-190.536246
-136.089486
-81.642727
-145.163946
-117.940566
-36.270427
-63.493807
-81.642727
-18.121507
-27.195967
-99.791647
18.176332
63.548632
-18.121507
45.399712
108.920931
54.474172
81.697552
163.367691
108.920931
81.697552
154.293231
127.069851
117.995391
163.367691
127.069851
163.367691
235.963370
163.367691
136.144311
272.261210
235.963370
108.920931
199.665531
272.261210
163.367691
181.516611
235.963370
154.293231
154.293231
254.112290
172.442151
136.144311
254.112290
154.293231
45.399712
190.591071
217.814450
45.399712
99.846471
281.335670
136.144311
-18.121507
145.218771
136.144311
-18.121507
45.399712
81.697552
-54.419347
-27.195967
36.325252
-63.493807
-81.642727
-18.121507
-72.568267
-136.089486
-108.866107
-127.015026
-172.387326
-172.387326
-172.387326
-190.536246
-226.834085
-235.908545
-217.759625
-217.759625
-244.983005
-254.057465
-217.759625
-244.983005
-244.983005
-172.387326
-226.834085
-290.355305
-181.461786
-163.312866
-272.206385
-235.908545
-117.940566
-172.387326
-235.908545
-127.015026
-99.791647
-172.387326
-127.015026
-45.344887
-54.419347
-108.866107
-72.568267
-9.047047
-54.419347
-63.493807
45.399712
63.548632
-54.419347
9.101872
145.218771
0.027412
0.027412
154.293231
72.623092
0.027412
181.516611
163.367691
9.101872
199.665531
290.410130
0.027412
45.399712
399.303649
163.367691
-63.493807
399.303649
344.856889
-81.642727
235.963370
426.527028
36.325252
145.218771
326.707969
90.772012
172.442151
308.559049
108.920931
163.367691
344.856889
63.548632
99.846471
335.782429
72.623092
36.325252
272.261210
72.623092
-9.047047
281.335670
99.846471
-136.089486
272.261210
226.888910
-281.280845
99.846471
326.707969
-272.206385
-145.163946
317.633509
-145.163946
-362.950984
136.144311
-18.121507
-381.099904
-54.419347
45.399712
-317.578685
-217.759625
-18.121507
-244.983005
-326.653144
-145.163946
-199.610706
-326.653144
-226.834085
-172.387326
-244.983005
-217.759625
-199.610706
-244.983005
-217.759625
-226.834085
-244.983005
-145.163946
-154.238406
-190.536246
-136.089486
-117.940566
-136.089486
-108.866107
-117.940566
-108.866107
-63.493807
-117.940566
-117.940566
18.176332
-54.419347
-127.015026
63.548632
36.325252
-172.387326
36.325252
117.995391
-172.387326
27.250792
181.516611
-136.089486
27.250792
245.037830
-72.568267
-45.344887
317.633509
81.697552
-163.312866
272.261210
344.856889
-81.642727
81.697552
471.899328
54.474172
-45.344887
471.899328
108.920931
-54.419347
444.675948
81.697552
18.176332
544.495007
81.697552
-72.568267
598.941767
136.144311
-190.536246
580.792847
281.335670
-226.834085
435.601488
344.856889
-217.759625
335.782429
471.899328
-272.206385
108.920931
644.314066
-235.908545
-281.280845
735.058665
-9.047047
-607.961402
580.792847
326.707969
-698.706001
245.037830
499.122708
-635.184782
-99.791647
517.271628
-471.844503
-372.025444
390.229189
-272.206385
-535.365722
136.144311
-81.642727
-480.918963
-99.791647
-36.270427
-399.248824
-235.908545
-27.195967
-290.355305
-290.355305
-81.642727
-244.983005
-317.578685
-117.940566
-190.536246
-281.280845
-154.238406
-172.387326
-181.461786
-154.238406
-163.312866
-63.493807
-90.717187
-208.685166
-108.866107
-72.568267
-190.536246
-81.642727
18.176332
-172.387326
-99.791647
81.697552
-117.940566
-117.940566
108.920931
-45.344887
-172.387326
136.144311
36.325252
-163.312866
136.144311
99.846471
-72.568267
127.069851
63.548632
72.623092
145.218771
-36.270427
190.591071
172.442151
-72.568267
245.037830
263.186750
9.101872
190.591071
172.442151
199.665531
245.037830
-72.568267
453.750408
335.782429
-453.695583
553.569467
580.792847
-553.514642
372.080269
771.356505
-362.950984
81.697552
735.058665
-9.047047
-127.015026
435.601488
390.229189
-127.015026
0.027412
598.941767
45.399712
-317.578685
526.346087
208.739990
-408.323284
326.707969
372.080269
-344.802064
45.399712
390.229189
-163.312866
-226.834085
136.144311
127.069851
-235.908545
-281.280845
154.293231
-63.493807
-471.844503
-36.270427
81.697552
-417.397744
-235.908545
72.623092
-362.950984
-335.727604
-27.195967
-299.429765
-344.802064
-117.940566
-208.685166
-335.727604
-190.536246
-81.642727
-308.504225
-335.727604
-27.195967
-172.387326
-372.025444
-45.344887
-81.642727
-362.950984
-108.866107
9.101872
-208.685166
-99.791647
-27.195967
-163.312866
-163.312866
-27.195967
-36.270427
-136.089486
36.325252
18.176332
-145.163946
45.399712
63.548632
-154.238406
-18.121507
90.772012
-54.419347
-45.344887
99.846471
81.697552
-54.419347
0.027412
208.739990
18.176332
-54.419347
254.112290
36.325252
-72.568267
290.410130
108.920931
45.399712
181.516611
127.069851
290.410130
-9.047047
54.474172
526.346087
-136.089486
-9.047047
771.356505
-154.238406
-36.270427
825.803265
-254.057465
18.176332
780.430965
-217.759625
63.548632
453.750408
81.697552
335.782429
-72.568267
145.218771
707.835286
-154.238406
-27.195967
598.941767
27.250792
18.176332
199.665531
108.920931
526.346087
-172.387326
-326.653144
1052.664762
27.250792
-925.567499
952.845703
462.824868
-1079.833317
408.378109
671.537446
-798.525060
-9.047047
571.718387
-580.738022
-217.759625
426.527028
-471.844503
-326.653144
344.856889
-317.578685
-535.365722
99.846471
-81.642727
-517.216803
-226.834085
-9.047047
-399.248824
-435.546663
-63.493807
-254.057465
-390.174364
-154.238406
-299.429765
-290.355305
-172.387326
-399.248824
-190.536246
-145.163946
-372.025444
-117.940566
-163.312866
-254.057465
-9.047047
-226.834085
-244.983005
99.846471
-190.536246
-254.057465
99.846471
-99.791647
-181.461786
0.027412
0.027412
-45.344887
-127.015026
81.697552
9.101872
-308.504225
81.697552
190.591071
-217.759625
-9.047047
199.665531
-54.419347
-108.866107
18.176332
181.516611
-54.419347
-326.653144
326.707969
217.814450
-408.323284
317.633509
363.005809
-317.578685
108.920931
308.559049
-45.344887
90.772012
172.442151
45.399712
163.367691
208.739990
136.144311
145.218771
254.112290
190.591071
-18.121507
335.782429
308.559049
-154.238406
517.271628
299.484590
-344.802064
725.984206
326.707969
-471.844503
825.803265
254.112290
-680.557081
934.696784
535.420547
-862.046279
789.505425
916.547864
-1088.907777
435.601488
1252.302881
-1016.312098
108.920931
1324.898560
-816.673980
-226.834085
1315.824100
-390.174364
-508.142343
998.218003
-154.238406
-562.589102
789.505425
-45.344887
-626.110322
535.420547
-54.419347
-707.780461
390.229189
154.293231
-735.003841
108.920931
217.814450
-789.450600
-136.089486
326.707969
-735.003841
-408.323284
272.261210
-471.844503
-408.323284
54.474172
-344.802064
-435.546663
-235.908545
-290.355305
-272.206385
-244.983005
-272.206385
-226.834085
-163.312866
-254.057465
-272.206385
9.101872
-226.834085
-471.844503
45.399712
-54.419347
-435.546663
27.250792
72.623092
-281.280845
-36.270427
-9.047047
-163.312866
18.176332
-108.866107
-136.089486
36.325252
-145.163946
-54.419347
81.697552
-117.940566
-18.121507
27.250792
-127.015026
-127.015026
-63.493807
-18.121507
-36.270427
-145.163946
63.548632
136.144311
-272.206385
117.995391
390.229189
-399.248824
-172.387326
480.973788
-72.568267
-390.174364
580.792847
353.931349
-635.184782
471.899328
653.388526
-553.514642
108.920931
834.877724
-217.759625
-435.546663
989.143543
499.122708
-771.301680
725.984206
943.771243
-852.971819
208.739990
1506.387758
-907.418579
-580.738022
2441.057129
-725.929381
-1624.300912
3049.045943
190.591071
-2604.342583
2241.419011
1687.876956
-2540.821363
408.378109
2667.918627
-1152.428997
-1152.428997
2177.897792
480.973788
-1333.918195
889.324484
1016.366923
-725.929381
81.697552
816.728805
-136.089486
-45.344887
553.569467
235.963370
-190.536246
27.250792
598.941767
-90.717187
-898.344119
462.824868
462.824868
-1243.173596
172.442151
1007.292463
-1179.652376
-526.291263
943.771243
-834.822900
-1025.386558
626.165146
-399.248824
-1342.992655
217.814450
190.591071
-1125.205617
-244.983005
281.335670
-916.493039
-753.152760
199.665531
-480.918963
-907.418579
81.697552
-136.089486
-852.971819
63.548632
208.739990
-716.854921
-208.685166
172.442151
-580.738022
-353.876524
235.963370
-145.163946
-290.355305
163.367691
108.920931
-199.610706
72.623092
81.697552
-272.206385
-36.270427
45.399712
-190.536246
145.218771
163.367691
-145.163946
99.846471
117.995391
-145.163946
-36.270427
-45.344887
-181.461786
-18.121507
-27.195967
-45.344887
208.739990
-63.493807
-90.717187
235.963370
-244.983005
-36.270427
136.144311
-399.248824
217.814450
90.772012
-335.727604
589.867307
163.367691
-544.440182
598.941767
426.527028
-871.120739
408.378109
816.728805
-834.822900
235.963370
1079.888142
-417.397744
-36.270427
1197.856121
-335.727604
-607.961402
1624.355737
-163.312866
-1161.503457
1960.110754
508.197168
-1588.003072
1451.940999
1415.643159
-1297.620355
562.643927
1261.377340
-744.078300
444.675948
889.324484
-263.131925
390.229189
862.101104
117.995391
-172.387326
916.547864
535.420547
-744.078300
662.462986
825.803265
-725.929381
490.048248
934.696784
-689.631541
408.378109
916.547864
-980.014258
108.920931
1061.739222
-1061.684397
-589.812482
998.218003
-453.695583
-843.897360
562.643927
-72.568267
-898.344119
-108.866107
-226.834085
-725.929381
-254.057465
-417.397744
-716.854921
-226.834085
-244.983005
-580.738022
-362.950984
-208.685166
-617.035862
-653.333701
-244.983005
-417.397744
-571.663562
-217.759625
-217.759625
-326.653144
-136.089486
-217.759625
-199.610706
-172.387326
-499.067883
-136.089486
18.176332
-462.770043
-45.344887
372.080269
-217.759625
-335.727604
408.378109
172.442151
-607.961402
54.474172
408.378109
-508.142343
-181.461786
626.165146
-108.866107
-317.578685
526.346087
90.772012
-489.993423
217.814450
335.782429
-390.174364
-290.355305
471.899328
217.814450
-553.514642
399.303649
626.165146
-871.120739
199.665531
780.430965
-880.195199
9.101872
952.845703
-680.557081
-453.695583
1433.792079
-317.578685
-970.939798
1524.536678
-217.759625
-1061.684397
1143.409362
72.623092
-653.333701
735.058665
408.378109
-662.408161
608.016227
898.398944
-970.939798
290.410130
1279.526260
-862.046279
-145.163946
1442.866539
-381.099904
-235.908545
1261.377340
-163.312866
-317.578685
1061.739222
499.122708
-753.152760
308.559049
1687.876956
-662.408161
-898.344119
2259.567931
172.442151
-1705.971051
1869.366155
1007.292463
-1805.790110
1170.632741
1424.717619
-1324.843735
417.452568
1152.483821
-471.844503
63.548632
653.388526
-9.047047
-136.089486
381.154729
290.410130
-353.876524
-90.717187
608.016227
-299.429765
-898.344119
544.495007
317.633509
-1034.461018
72.623092
526.346087
-943.716419
-598.886942
299.484590
-508.142343
-880.195199
-190.536246
-208.685166
-662.408161
-435.546663
9.101872
-381.099904
-898.344119
-208.685166
-281.280845
-1007.237638
-63.493807
-163.312866
-970.939798
27.250792
99.846471
-716.854921
-154.238406
172.442151
-598.886942
-589.812482
208.739990
-63.493807
-644.259241
190.591071
526.346087
-553.514642
-181.461786
635.239606
-226.834085
-390.174364
190.591071
-63.493807
-36.270427
172.442151
117.995391
136.144311
0.027412
263.186750
81.697552
-471.844503
326.707969
154.293231
-553.514642
27.250792
254.112290
344.856889
-235.908545
-263.131925
762.282045
-308.504225
-744.078300
698.760826
-18.121507
-744.078300
417.452568
254.112290
-163.312866
190.591071
-45.344887
299.484590
0.027412
-771.301680
617.090687
635.239606
-1243.173596
444.675948
1678.802496
-1324.843735
-145.163946
2241.419011
-1188.726836
-789.450600
1923.812914
-562.589102
-689.631541
1687.876956
-45.344887
-680.557081
1651.579117
163.367691
-1179.652376
1406.568699
816.728805
-1569.854153
589.867307
1987.334134
-1070.758857
-571.663562
2495.503889
0.027412
-1796.715650
1633.430197
1333.973020
-2032.651608
435.601488
2159.748872
-1352.067115
-81.642727
2041.780893
-862.046279
-254.057465
1542.685598
-807.599520
-480.918963
1506.387758
-462.770043
-671.482621
1333.973020
117.995391
-689.631541
399.303649
408.378109
-526.291263
-680.557081
353.931349
90.772012
-798.525060
-27.195967
417.452568
-508.142343
-816.673980
63.548632
-18.121507
-1116.131157
-635.184782
190.591071
-617.035862
-762.227220
90.772012
-181.461786
-762.227220
-471.844503
-326.653144
-725.929381
-408.323284
-217.759625
-780.376140
-117.940566
254.112290
-698.706001
-208.685166
499.122708
-598.886942
-871.120739
290.410130
-27.195967
-626.110322
99.846471
245.037830
27.250792
-108.866107
-190.536246
471.899328
-63.493807
-871.120739
290.410130
390.229189
-571.663562
127.069851
499.122708
27.250792
163.367691
-217.759625
-199.610706
843.952184
-499.067883
-1297.620355
1497.313298
471.899328
-1796.715650
1107.111522
1179.707201
-1415.588334
299.484590
680.611906
-1007.237638
544.495007
172.442151
-834.822900
1161.558281
145.218771
-725.929381
889.324484
390.229189
-725.929381
-81.642727
1197.856121
-698.706001
-753.152760
2186.972252
-390.174364
-1206.875756
1987.334134
90.772012
-1215.950216
1261.377340
27.250792
-834.822900
1578.983437
-208.685166
-1116.131157
2059.929813
353.931349
-1733.194431
1461.015459
1052.664762
-1588.003072
571.718387
1152.483821
-789.450600
471.899328
1161.558281
-862.046279
372.080269
1987.334134
-1415.588334
-907.418579
3049.045943
-499.067883
-2568.044743
3194.237302
1397.494239
-3529.937494
2259.567931
2540.876188
-3448.267355
989.143543
2531.801728
-2540.821363
335.782429
2323.089150
-1751.343351
-136.089486
2032.706433
-1288.545895
-607.961402
1415.643159
-880.195199
-1225.024676
780.430965
190.591071
-1188.726836
63.548632
553.569467
-1088.907777
-798.525060
480.973788
-553.514642
-1424.662794
-27.195967
27.250792
-1025.386558
-362.950984
127.069851
-489.993423
-798.525060
-435.546663
-226.834085
-589.812482
-662.408161
-117.940566
-208.685166
-617.035862
108.920931
72.623092
-553.514642
-108.866107
-263.131925
-607.961402
-54.419347
-27.195967
-326.653144
-9.047047
254.112290
-90.717187
-308.504225
226.888910
90.772012
-735.003841
-163.312866
326.707969
-362.950984
-81.642727
417.452568
81.697552
0.027412
-18.121507
-27.195967
36.325252
-172.387326
-199.610706
-217.759625
272.261210
372.080269
-390.174364
462.824868
644.314066
-626.110322
-163.312866
617.090687
-127.015026
-680.557081
353.931349
716.909746
-199.610706
9.101872
889.324484
217.814450
-689.631541
571.718387
317.633509
-716.854921
626.165146
435.601488
-399.248824
544.495007
1079.888142
-462.770043
-254.057465
1678.802496
-834.822900
-1025.386558
1951.036294
-163.312866
-1125.205617
1687.876956
1070.813682
-1542.630773
798.579885
1878.440615
-1615.226452
-117.940566
1696.951416
-526.291263
-653.333701
1388.419779
1070.813682
-1225.024676
952.845703
1388.419779
-1606.151992
653.388526
1315.824100
-1034.461018
36.325252
1216.005041
190.591071
-154.238406
680.611906
444.675948
-27.195967
-281.280845
226.888910
617.090687
-535.365722
72.623092
1016.366923
-335.727604
-390.174364
1025.441383
-9.047047
-1143.354537
245.037830
154.293231
-725.929381
-181.461786
226.888910
27.250792
-499.067883
-81.642727
-136.089486
-852.971819
-63.493807
-335.727604
-1279.471435
-27.195967
154.293231
-1116.131157
-45.344887
363.005809
-1043.535478
-553.514642
-99.791647
-716.854921
-571.663562
-254.057465
-390.174364
-399.248824
-45.344887
-99.791647
-344.802064
-154.238406
-372.025444
-598.886942
-272.206385
-117.940566
-326.653144
-45.344887
381.154729
-471.844503
-181.461786
698.760826
-707.780461
-517.216803
444.675948
-417.397744
-353.876524
308.559049
226.888910
-45.344887
145.218771
81.697552
-117.940566
-99.791647
-99.791647
199.665531
-408.323284
9.101872
762.282045
-335.727604
99.846471
943.771243
-390.174364
-871.120739
943.771243
63.548632
-1288.545895
1216.005041
526.346087
-1288.545895
816.728805
1143.409362
-1143.354537
-117.940566
1578.983437
-1533.556313
-589.812482
2386.610370
-1170.577916
-916.493039
2368.461450
-381.099904
-1324.843735
1796.770475
63.548632
-1143.354537
1125.260442
-453.695583
-172.387326
1560.834518
-889.269659
-108.866107
2314.014690
-934.641959
-1488.184013
2422.908209
263.186750
-1823.939030
1315.824100
735.058665
-626.110322
1206.930581
108.920931
-353.876524
1742.323716
-780.376140
-1197.801296
2431.982669
-18.121507
-1597.077532
1905.663994
798.579885
-1379.290494
1324.898560
1143.409362
-1415.588334
535.420547
925.622324
-980.014258
526.346087
934.696784
-771.301680
399.303649
1161.558281
-1025.386558
-172.387326
1461.015459
-1025.386558
-1134.280077
1225.079501
-90.717187
-1225.024676
680.611906
626.165146
-1134.280077
-362.950984
290.410130
-780.376140
-562.589102
-72.568267
-753.152760
-417.397744
172.442151
-562.589102
-381.099904
254.112290
-762.227220
-1143.354537
81.697552
-154.238406
-1061.684397
-172.387326
254.112290
-716.854921
-399.248824
372.080269
-372.025444
-671.482621
-244.983005
-208.685166
-362.950984
-453.695583
426.527028
172.442151
-807.599520
245.037830
263.186750
-562.589102
-81.642727
163.367691
-471.844503
-344.802064
671.537446
-108.866107
-290.355305
680.611906
-199.610706
-335.727604
145.218771
90.772012
27.250792
-308.504225
208.739990
208.739990
-335.727604
462.824868
317.633509
-553.514642
81.697552
217.814450
-408.323284
45.399712
462.824868
-108.866107
-244.983005
390.229189
72.623092
-290.355305
453.750408
-72.568267
-435.546663
408.378109
72.623092
-9.047047
399.303649
27.250792
-54.419347
390.229189
-63.493807
-235.908545
1252.302881
-163.312866
-1497.258473
2059.929813
1143.409362
-2395.630005
1370.270859
2323.089150
-2241.364186
-45.344887
2386.610370
-780.376140
-417.397744
1352.121940
27.250792
-99.791647
989.143543
199.665531
-81.642727
907.473404
-63.493807
-90.717187
843.952184
27.250792
217.814450
671.537446
290.410130
-117.940566
390.229189
716.909746
-362.950984
480.973788
281.335670
-607.961402
1070.813682
-36.270427
-626.110322
1297.675180
-9.047047
-1188.726836
789.505425
716.909746
-1406.513874
-45.344887
816.728805
-943.716419
-208.685166
490.048248
-308.504225
-326.653144
-489.993423
-526.291263
-208.685166
-290.355305
-689.631541
-317.578685
99.846471
-617.035862
-635.184782
263.186750
-317.578685
-1225.024676
-254.057465
-99.791647
-998.163178
-272.206385
163.367691
-335.727604
-471.844503
-399.248824
-81.642727
-190.536246
-680.557081
-417.397744
36.325252
-417.397744
-254.057465
263.186750
-81.642727
27.250792
-372.025444
-435.546663
272.261210
-399.248824
-136.089486
245.037830
-326.653144
217.814450
54.474172
-208.685166
689.686366
-72.568267
-1070.758857
735.058665
698.760826
-1370.216035
499.122708
1216.005041
-989.088718
-290.355305
744.133125
335.782429
-326.653144
-662.408161
653.388526
462.824868
-1125.205617
526.346087
1134.334902
-1025.386558
-54.419347
798.579885
-326.653144
-54.419347
27.250792
181.516611
108.920931
-362.950984
535.420547
199.665531
-571.663562
735.058665
480.973788
-1097.982237
598.941767
1216.005041
-1406.513874
372.080269
1769.547096
-1370.216035
27.250792
1905.663994
-961.865338
-390.174364
1733.249256
-254.057465
-989.088718
1152.483821
1225.079501
-1043.535478
-108.866107
2069.004273
-635.184782
-735.003841
1987.334134
-199.610706
-671.482621
1143.409362
408.378109
-335.727604
544.495007
970.994623
-571.663562
226.888910
1107.111522
-317.578685
172.442151
163.367691
326.707969
526.346087
-735.003841
807.654345
1088.962602
-1497.258473
-181.461786
1687.876956
-1043.535478
-1270.396975
1724.174796
-471.844503
-1733.194431
1706.025876
72.623092
-2250.438646
744.133125
462.824868
-1923.758089
-154.238406
589.867307
-1016.312098
-607.961402
235.963370
-489.993423
-735.003841
-18.121507
-598.886942
-989.088718
136.144311
-163.312866
-1016.312098
36.325252
390.229189
-916.493039
-435.546663
462.824868
-653.333701
-526.291263
18.176332
-335.727604
172.442151
-244.983005
-381.099904
789.505425
-281.280845
-907.418579
753.207585
-54.419347
-989.088718
662.462986
172.442151
-744.078300
562.643927
181.516611
-471.844503
453.750408
-36.270427
-526.291263
335.782429
172.442151
-299.429765
172.442151
163.367691
-308.504225
0.027412
480.973788
-63.493807
-353.876524
408.378109
-281.280845
-544.440182
943.771243
-36.270427
-816.673980
626.165146
308.559049
-489.993423
272.261210
471.899328
-517.216803
-27.195967
480.973788
-480.918963
626.165146
571.718387
-1088.907777
490.048248
1170.632741
-880.195199
-108.866107
1624.355737
-834.822900
-680.557081
2078.078733
-335.727604
-762.227220
1388.419779
-344.802064
-9.047047
1406.568699
-617.035862
-63.493807
1597.132357
-417.397744
-308.504225
1279.526260
-108.866107
-63.493807
1134.334902
9.101872
-45.344887
1152.483821
54.474172
-426.472204
1070.813682
589.867307
-535.365722
317.633509
1197.856121
-127.015026
-480.918963
1379.345319
-136.089486
-998.163178
1442.866539
136.144311
-1225.024676
1007.292463
562.643927
-1506.332933
-18.121507
916.547864
-934.641959
-344.802064
571.718387
-816.673980
-816.673980
45.399712
-272.206385
-807.599520
-381.099904
-190.536246
-771.301680
-607.961402
-9.047047
-272.206385
-898.344119
-580.738022
-444.621123
-635.184782
-181.461786
-226.834085
-381.099904
-372.025444
-290.355305
-299.429765
-480.918963
108.920931
-208.685166
-762.227220
45.399712
172.442151
-308.504225
-108.866107
417.452568
-117.940566
-698.706001
235.963370
408.378109
-362.950984
-117.940566
490.048248
-190.536246
-644.259241
608.016227
426.527028
-598.886942
154.293231
245.037830
-335.727604
-72.568267
117.995391
36.325252
-145.163946
-54.419347
72.623092
-117.940566
181.516611
317.633509
-553.514642
-353.876524
862.101104
-408.323284
-1043.535478
1488.238838
353.931349
-1724.119971
1179.707201
689.686366
-1642.449832
1324.898560
853.026644
-1814.864570
871.175564
1161.558281
-1143.354537
480.973788
1161.558281
-617.035862
36.325252
1034.515843
-208.685166
-54.419347
716.909746
-154.238406
226.888910
925.622324
263.186750
-90.717187
490.048248
598.941767
-63.493807
462.824868
190.591071
-145.163946
1261.377340
417.452568
-308.504225
762.282045
99.846471
-108.866107
707.835286
553.569467
290.410130
108.920931
-208.685166
471.899328
1088.962602
-18.121507
-308.504225
653.388526
72.623092
-290.355305
435.601488
462.824868
-272.206385
-925.567499
145.218771
825.803265
-290.355305
-154.238406
108.920931
-925.567499
-961.865338
0.027412
199.665531
-344.802064
-780.376140
-526.291263
-372.025444
-671.482621
-254.057465
-199.610706
-916.493039
-952.790879
-698.706001
-145.163946
-36.270427
-571.663562
-462.770043
-408.323284
-725.929381
-471.844503
181.516611
-72.568267
-644.259241
-326.653144
-145.163946
72.623092
163.367691
0.027412
-36.270427
-508.142343
-127.015026
444.675948
9.101872
163.367691
399.303649
-326.653144
-372.025444
226.888910
235.963370
372.080269
54.474172
-444.621123
308.559049
353.931349
-671.482621
-399.248824
617.090687
117.995391
-462.770043
145.218771
426.527028
-18.121507
-907.418579
-372.025444
707.835286
-326.653144
-444.621123
843.952184
381.154729
-834.822900
-335.727604
780.430965
-471.844503
-871.120739
1424.717619
589.867307
-1161.503457
408.378109
653.388526
-254.057465
317.633509
335.782429
-272.206385
453.750408
816.728805
-27.195967
608.016227
680.611906
-744.078300
36.325252
1515.462218
798.579885
-117.940566
344.856889
471.899328
72.623092
608.016227
1061.739222
417.452568
-272.206385
508.197168
1297.675180
63.548632
9.101872
1497.313298
-81.642727
-1016.312098
1751.398176
880.250024
-1215.950216
1170.632741
1116.185982
-1215.950216
172.442151
1216.005041
-1107.056697
-1333.918195
889.324484
18.176332
-489.993423
970.994623
-535.365722
-1941.907009
-1043.535478
-381.099904
-353.876524
-290.355305
-127.015026
-789.450600
-1197.801296
-589.812482
-508.142343
-907.418579
-961.865338
-980.014258
-662.408161
263.186750
245.037830
-617.035862
-852.971819
-961.865338
-889.269659
-281.280845
499.122708
834.877724
-45.344887
-689.631541
-226.834085
-63.493807
-244.983005
290.410130
517.271628
-199.610706
154.293231
980.069083
281.335670
-353.876524
-18.121507
-181.461786
-308.504225
580.792847
889.324484
317.633509
90.772012
-18.121507
-362.950984
-771.301680
-263.131925
662.462986
408.378109
108.920931
190.591071
-263.131925
-644.259241
-435.546663
27.250792
99.846471
-190.536246
-90.717187
471.899328
335.782429
-508.142343
-462.770043
27.250792
-254.057465
-272.206385
916.547864
1034.515843
-353.876524
-272.206385
127.069851
-190.536246
308.559049
608.016227
363.005809
535.420547
825.803265
54.474172
-54.419347
880.250024
108.920931
-145.163946
1170.632741
1043.590303
544.495007
744.133125
-417.397744
-553.514642
1724.174796
1397.494239
-45.344887
299.484590
181.516611
580.792847
562.643927
117.995391
1079.888142
154.293231
-698.706001
1070.813682
980.069083
-480.918963
54.474172
263.186750
-1279.471435
-753.152760
1179.707201
381.154729
-263.131925
136.144311
-1460.960634
-1950.981469
-499.067883
254.112290
117.995391
-607.961402
-925.567499
-1043.535478
-1061.684397
-489.993423
-517.216803
-916.493039
-970.939798
-825.748440
-208.685166
54.474172
-598.886942
-925.567499
-843.897360
-889.269659
-235.908545
462.824868
417.452568
18.176332
-780.376140
-907.418579
-108.866107
208.739990
508.197168
989.143543
163.367691
-598.886942
27.250792
417.452568
199.665531
99.846471
344.856889
235.963370
154.293231
698.760826
199.665531
-254.057465
208.739990
-81.642727
-689.631541
-372.025444
943.771243
880.250024
-499.067883
-471.844503
-163.312866
-825.748440
-880.195199
716.909746
1070.813682
-698.706001
-943.716419
72.623092
181.516611
-344.802064
-299.429765
181.516611
-136.089486
-127.015026
517.271628
390.229189
-127.015026
-362.950984
-54.419347
499.122708
553.569467
544.495007
898.398944
499.122708
-390.174364
-235.908545
707.835286
1243.228421
689.686366
644.314066
1470.089918
90.772012
-1125.205617
1216.005041
1923.812914
-190.536246
417.452568
2050.855353
707.835286
-81.642727
689.686366
-208.685166
-263.131925
1152.483821
1442.866539
1442.866539
716.909746
-716.854921
-762.227220
-362.950984
-1397.439414
-299.429765
2622.546327
1379.345319
-943.716419
-1070.758857
-1887.460250
-2622.491503
-1206.875756
1252.302881
1279.526260
-680.557081
-1624.300912
-1751.343351
-1941.907009
-1669.673212
-444.621123
72.623092
-471.844503
-862.046279
-662.408161
-517.216803
-1515.407393
-1524.481853
-489.993423
-263.131925
381.154729
862.101104
217.814450
-934.641959
-1578.928613
-980.014258
499.122708
1461.015459
1225.079501
653.388526
-453.695583
-1070.758857
-344.802064
480.973788
1052.664762
834.877724
589.867307
471.899328
-344.802064
-217.759625
127.069851
72.623092
308.559049
-226.834085
408.378109
1324.898560
-190.536246
-880.195199
-471.844503
-662.408161
-317.578685
508.197168
1406.568699
381.154729
-1624.300912
-1125.205617
-226.834085
63.548632
707.835286
580.792847
27.250792
-680.557081
-780.376140
426.527028
580.792847
63.548632
335.782429
254.112290
317.633509
562.643927
417.452568
399.303649
27.250792
154.293231
1252.302881
1642.504657
771.356505
0.027412
145.218771
408.378109
825.803265
1742.323716
1769.547096
290.410130
-353.876524
508.197168
771.356505
1016.366923
1343.047480
471.899328
199.665531
499.122708
272.261210
580.792847
562.643927
-199.610706
-1215.950216
-1143.354537
1079.888142
1451.940999
-136.089486
-943.716419
-2087.098368
-2368.406625
-1116.131157
671.537446
1388.419779
-780.376140
-2767.682861
-2323.034325
-1488.184013
-762.227220
45.399712
-235.908545
-1306.694815
-1833.013490
-1234.099136
-244.983005
-480.918963
-1116.131157
-843.897360
-553.514642
-136.089486
272.261210
254.112290
-381.099904
-1252.248056
-925.567499
480.973788
1343.047480
1070.813682
580.792847
-335.727604
-1052.609938
-226.834085
934.696784
1551.760058
798.579885
-154.238406
136.144311
-145.163946
-63.493807
834.877724
925.622324
-244.983005
-1161.503457
653.388526
1406.568699
-272.206385
-381.099904
-108.866107
-689.631541
-862.046279
825.803265
1932.887374
-453.695583
-1878.385790
-653.333701
172.442151
208.739990
508.197168
617.090687
-390.174364
-1070.758857
-353.876524
753.207585
780.430965
154.293231
-117.940566
-136.089486
208.739990
508.197168
816.728805
544.495007
117.995391
526.346087
716.909746
925.622324
889.324484
499.122708
299.484590
317.633509
1388.419779
1678.802496
644.314066
417.452568
617.090687
544.495007
471.899328
1052.664762
1333.973020
626.165146
508.197168
508.197168
145.218771
226.888910
-807.599520
-1152.428997
1461.015459
2059.929813
-353.876524
-1569.854153
-1805.790110
-1823.939030
-1043.535478
1070.813682
1805.844935
-1070.758857
-3330.299376
-2604.342583
-1252.248056
-499.067883
199.665531
45.399712
-1560.779693
-2441.002304
-1660.598752
-671.482621
-426.472204
-607.961402
-698.706001
-753.152760
-589.812482
-390.174364
-399.248824
-462.770043
-725.929381
-480.918963
662.462986
1070.813682
290.410130
-290.355305
-499.067883
-344.802064
571.718387
1461.015459
1261.377340
45.399712
-535.365722
0.027412
381.154729
843.952184
1052.664762
117.995391
-326.653144
372.080269
517.271628
27.250792
308.559049
290.410130
-653.333701
-435.546663
725.984206
798.579885
-335.727604
-753.152760
-181.461786
-154.238406
-108.866107
190.591071
127.069851
-290.355305
-725.929381
-99.791647
526.346087
326.707969
117.995391
-235.908545
-390.174364
127.069851
744.133125
653.388526
390.229189
317.633509
217.814450
562.643927
698.760826
889.324484
1061.739222
263.186750
172.442151
1116.185982
1488.238838
744.133125
680.611906
1252.302881
435.601488
54.474172
834.877724
1143.409362
952.845703
780.430965
626.165146
45.399712
-1116.131157
-1678.747672
1197.856121
3148.865002
372.080269
-1678.747672
-2186.917427
-2250.438646
-862.046279
1324.898560
2404.759290
-662.408161
-3920.139270
-3166.959097
-1043.535478
326.707969
725.984206
-181.461786
-2023.577148
-2840.278541
-1814.864570
45.399712
299.484590
-989.088718
-1097.982237
-980.014258
-816.673980
-199.610706
-27.195967
-426.472204
-1206.875756
-689.631541
689.686366
1088.962602
326.707969
-680.557081
-780.376140
-208.685166
834.877724
1560.834518
1134.334902
-390.174364
-1225.024676
208.739990
1279.526260
1197.856121
1025.441383
45.399712
-1270.396975
-544.440182
1724.174796
1424.717619
-36.270427
-99.791647
-535.365722
-907.418579
299.484590
1642.504657
662.462986
-880.195199
-834.822900
-199.610706
335.782429
290.410130
208.739990
-45.344887
-535.365722
-235.908545
326.707969
571.718387
181.516611
-244.983005
-263.131925
72.623092
998.218003
916.547864
-99.791647
-244.983005
499.122708
807.654345
753.207585
1297.675180
816.728805
-190.536246
117.995391
1098.037062
1678.802496
816.728805
399.303649
762.282045
344.856889
544.495007
1134.334902
1070.813682
744.133125
344.856889
45.399712
63.548632
-889.269659
-1116.131157
2096.227652
2413.833749
-1034.461018
-2105.247288
-2078.023908
-1597.077532
45.399712
1805.844935
1442.866539
-2313.959866
-4328.489966
-2341.183245
-72.568267
680.611906
490.048248
-1125.205617
-2912.874220
-2695.087182
-1270.396975
426.527028
272.261210
-1052.609938
-1243.173596
-1633.375372
-1025.386558
54.474172
-108.866107
-353.876524
-753.152760
-435.546663
381.154729
417.452568
-163.312866
-526.291263
-81.642727
608.016227
1143.409362
880.250024
172.442151
-544.440182
-344.802064
1370.270859
1760.472636
916.547864
226.888910
-607.961402
-843.897360
544.495007
2395.684830
1379.345319
-562.589102
-662.408161
-535.365722
-172.387326
762.282045
1597.132357
381.154729
-1470.035094
-925.567499
290.410130
653.388526
172.442151
-90.717187
-81.642727
-453.695583
-308.504225
90.772012
426.527028
117.995391
-190.536246
163.367691
281.335670
417.452568
299.484590
217.814450
136.144311
190.591071
907.473404
998.218003
553.569467
172.442151
635.239606
943.771243
662.462986
1197.856121
952.845703
499.122708
462.824868
535.420547
1261.377340
970.994623
508.197168
916.547864
907.473404
335.782429
-362.950984
-1551.705233
-263.131925
3266.832981
1932.887374
-1488.184013
-2277.662026
-2341.183245
-1179.652376
907.473404
2667.918627
735.058665
-3901.990350
-4455.532405
-1252.248056
961.920163
1043.590303
9.101872
-2277.662026
-3647.905473
-2277.662026
-127.015026
1143.409362
-117.940566
-1733.194431
-1960.055929
-1696.896591
-408.323284
154.293231
-45.344887
-390.174364
-1088.907777
-562.589102
372.080269
199.665531
-489.993423
-381.099904
263.186750
689.686366
880.250024
335.782429
-335.727604
-580.738022
217.814450
1724.174796
1588.057897
272.261210
-571.663562
-562.589102
81.697552
1270.451800
1996.408593
725.984206
-825.748440
-943.716419
-190.536246
780.430965
1388.419779
943.771243
-571.663562
-1315.769275
-462.770043
689.686366
862.101104
172.442151
-372.025444
-644.259241
-281.280845
154.293231
127.069851
381.154729
-18.121507
-426.472204
9.101872
326.707969
508.197168
63.548632
-81.642727
580.792847
644.314066
444.675948
617.090687
571.718387
163.367691
353.931349
1107.111522
1578.983437
952.845703
-27.195967
372.080269
925.622324
961.920163
1107.111522
952.845703
626.165146
408.378109
662.462986
789.505425
136.144311
-1424.662794
-970.939798
2740.514306
2613.471868
-1079.833317
-2313.959866
-2286.736486
-1451.886174
744.133125
2667.918627
1170.632741
-3457.341815
-4773.138502
-1597.077532
934.696784
1315.824100
381.154729
-2214.140807
-3802.171291
-2658.789342
-117.940566
1660.653577
108.920931
-1887.460250
-2068.949448
-1896.534710
-453.695583
635.239606
99.846471
-617.035862
-1116.131157
-871.120739
99.846471
453.750408
-90.717187
-190.536246
117.995391
390.229189
562.643927
281.335670
72.623092
-235.908545
254.112290
1306.749640
1270.451800
635.239606
-353.876524
-299.429765
635.239606
571.718387
789.505425
1361.196399
553.569467
-1034.461018
-780.376140
1107.111522
1116.185982
-163.312866
181.516611
626.165146
-698.706001
-1088.907777
390.229189
1043.590303
-9.047047
-798.525060
108.920931
54.474172
-825.748440
27.250792
671.537446
390.229189
-290.355305
-753.152760
27.250792
435.601488
190.591071
426.527028
562.643927
235.963370
27.250792
372.080269
671.537446
608.016227
508.197168
780.430965
970.994623
589.867307
399.303649
716.909746
980.069083
825.803265
626.165146
853.026644
816.728805
644.314066
725.984206
544.495007
-9.047047
-1152.428997
-744.078300
2495.503889
2740.514306
-970.939798
-2695.087182
-1996.353769
-671.482621
644.314066
1987.334134
1216.005041
-3003.618819
-4537.202544
-1606.151992
1170.632741
1551.760058
-372.025444
-2359.332165
-3085.288958
-2468.225684
-127.015026
1370.270859
81.697552
-1660.598752
-2422.853385
-1833.013490
-127.015026
390.229189
-27.195967
-408.323284
-1007.237638
-1070.758857
-344.802064
490.048248
154.293231
-372.025444
154.293231
444.675948
163.367691
-18.121507
72.623092
127.069851
426.527028
1016.366923
1007.292463
453.750408
-281.280845
-190.536246
853.026644
1025.441383
263.186750
372.080269
998.218003
217.814450
-653.333701
417.452568
1134.334902
136.144311
-263.131925
444.675948
453.750408
-553.514642
-626.110322
735.058665
744.133125
-526.291263
-508.142343
-54.419347
-18.121507
-172.387326
-72.568267
653.388526
199.665531
-989.088718
-489.993423
535.420547
535.420547
217.814450
245.037830
399.303649
117.995391
-190.536246
798.579885
1415.643159
154.293231
-63.493807
1016.366923
1016.366923
626.165146
753.207585
934.696784
589.867307
235.963370
980.069083
1388.419779
735.058665
744.133125
689.686366
0.027412
-526.291263
-1097.982237
1025.441383
3575.364618
834.877724
-2450.076764
-2658.789342
-1361.141575
562.643927
1633.430197
1842.142775
-880.195199
-4509.979165
-3593.458713
263.186750
2341.238070
816.728805
-1842.087950
-3212.331397
-2994.544359
-1234.099136
871.175564
1252.302881
-907.418579
-2785.831781
-2558.970283
-898.344119
480.973788
263.186750
-344.802064
-970.939798
-1406.513874
-862.046279
145.218771
435.601488
-281.280845
-181.461786
444.675948
127.069851
-163.312866
-81.642727
127.069851
571.718387
970.994623
880.250024
199.665531
-526.291263
45.399712
1179.707201
1288.600720
1052.664762
0.027412
-1215.950216
36.325252
1715.100336
1188.781661
136.144311
72.623092
-90.717187
-916.493039
36.325252
1805.844935
780.430965
-1007.237638
-934.641959
36.325252
471.899328
54.474172
108.920931
117.995391
-453.695583
-598.886942
9.101872
635.239606
254.112290
-244.983005
-308.504225
-90.717187
453.750408
517.271628
335.782429
508.197168
335.782429
-172.387326
617.090687
1179.707201
453.750408
571.718387
716.909746
725.984206
707.835286
707.835286
1261.377340
635.239606
245.037830
834.877724
1007.292463
862.101104
816.728805
617.090687
-9.047047
-916.493039
-898.344119
2341.238070
3094.418243
-1215.950216
-2813.055161
-1696.896591
-208.685166
980.069083
1488.238838
907.473404
-2831.204081
-4718.691743
-1379.290494
2050.855353
1651.579117
-998.163178
-2858.427460
-3166.959097
-1833.013490
136.144311
1343.047480
136.144311
-2350.257705
-2894.725300
-1624.300912
217.814450
462.824868
-272.206385
-471.844503
-1352.067115
-1324.843735
-244.983005
553.569467
208.739990
-471.844503
127.069851
226.888910
-244.983005
-326.653144
145.218771
843.952184
789.505425
571.718387
117.995391
-154.238406
-154.238406
344.856889
1651.579117
1515.462218
117.995391
-1116.131157
-689.631541
1588.057897
1560.834518
81.697552
426.527028
399.303649
-1143.354537
-1034.461018
1588.057897
2186.972252
-326.653144
-1352.067115
-163.312866
163.367691
-244.983005
363.005809
780.430965
-9.047047
-980.014258
-662.408161
571.718387
589.867307
-72.568267
-18.121507
36.325252
-136.089486
54.474172
526.346087
626.165146
508.197168
99.846471
63.548632
762.282045
408.378109
399.303649
1306.749640
789.505425
353.931349
562.643927
762.282045
853.026644
608.016227
961.920163
816.728805
335.782429
635.239606
970.994623
862.101104
326.707969
-852.971819
-1479.109553
1687.876956
3375.726500
-553.514642
-2586.193663
-1705.971051
-762.227220
462.824868
1769.547096
1479.164378
-2577.119203
-5000.000000
-1805.790110
1597.132357
1442.866539
-290.355305
-2223.215266
-3439.192895
-2377.481085
-244.983005
1279.526260
372.080269
-1823.939030
-2649.714882
-2277.662026
-299.429765
771.356505
127.069851
-462.770043
-1470.035094
-1569.854153
-426.472204
680.611906
317.633509
-408.323284
63.548632
-18.121507
-308.504225
108.920931
499.122708
335.782429
435.601488
789.505425
372.080269
-63.493807
-18.121507
617.090687
1116.185982
1079.888142
798.579885
-308.504225
-916.493039
490.048248
1696.951416
843.952184
308.559049
381.154729
-644.259241
-998.163178
353.931349
2014.557513
1079.888142
-1197.801296
-1188.726836
-172.387326
444.675948
562.643927
462.824868
226.888910
-907.418579
-1170.577916
190.591071
934.696784
553.569467
54.474172
-480.918963
-435.546663
190.591071
353.931349
789.505425
744.133125
-72.568267
-36.270427
435.601488
744.133125
843.952184
716.909746
562.643927
444.675948
853.026644
1061.739222
562.643927
444.675948
1070.813682
934.696784
308.559049
698.760826
907.473404
680.611906
617.090687
335.782429
-744.078300
-1324.843735
1742.323716
3049.045943
-662.408161
-2323.034325
-1597.077532
-744.078300
480.973788
1615.281277
970.994623
-2822.129621
-4183.298608
-1179.652376
1170.632741
1197.856121
-353.876524
-2431.927844
-3239.554777
-1987.279309
99.846471
1197.856121
-36.270427
-2014.502688
-2704.161642
-1896.534710
190.591071
735.058665
-99.791647
-744.078300
-1651.524292
-1315.769275
-99.791647
644.314066
254.112290
-462.770043
-136.089486
-163.312866
-263.131925
308.559049
408.378109
235.963370
535.420547
689.686366
99.846471
-263.131925
190.591071
943.771243
1079.888142
771.356505
217.814450
-880.195199
-290.355305
1461.015459
1188.781661
381.154729
444.675948
-199.610706
-1143.354537
-372.025444
1660.653577
1724.174796
-444.621123
-1306.694815
-499.067883
272.261210
662.462986
453.750408
108.920931
-435.546663
-980.014258
-208.685166
834.877724
671.537446
9.101872
-508.142343
-517.216803
108.920931
490.048248
462.824868
580.792847
235.963370
-226.834085
163.367691
680.611906
916.547864
807.654345
226.888910
190.591071
943.771243
1052.664762
562.643927
689.686366
925.622324
762.282045
490.048248
608.016227
1125.260442
780.430965
698.760826
961.920163
163.367691
-1197.801296
-961.865338
2649.769707
3021.822564
-1152.428997
-2422.853385
-1696.896591
-499.067883
1052.664762
1869.366155
780.430965
-3121.586798
-4264.968747
-1188.726836
1560.834518
1724.174796
-635.184782
-2921.948680
-3294.001536
-1978.204849
99.846471
1406.568699
54.474172
-2186.917427
-2994.544359
-2041.726068
335.782429
834.877724
-263.131925
-961.865338
-1687.822132
-1406.513874
-254.057465
744.133125
426.527028
-499.067883
-453.695583
-317.578685
-108.866107
145.218771
290.410130
626.165146
689.686366
136.144311
-226.834085
199.665531
372.080269
580.792847
1234.153961
1007.292463
163.367691
-771.301680
-617.035862
1352.121940
1805.844935
499.122708
99.846471
-172.387326
-934.641959
-680.557081
1651.579117
2431.982669
-127.015026
-1833.013490
-1279.471435
426.527028
1352.121940
644.314066
36.325252
-462.770043
-1079.833317
-689.631541
871.175564
1270.451800
308.559049
-735.003841
-925.567499
117.995391
689.686366
843.952184
526.346087
108.920931
-163.312866
-217.759625
925.622324
1016.366923
580.792847
571.718387
435.601488
508.197168
226.888910
1079.888142
1370.270859
553.569467
798.579885
617.090687
163.367691
308.559049
1025.441383
1760.472636
1088.962602
-462.770043
-1252.248056
-1107.056697
1424.717619
3484.620019
335.782429
-2413.778925
-2359.332165
-1397.439414
916.547864
2141.599952
1243.228421
-2177.842967
-4482.755785
-2304.885406
698.760826
1896.589534
517.271628
-2277.662026
-3702.352232
-2504.523524
-190.536246
1243.228421
608.016227
-1724.119971
-2921.948680
-2232.289726
-272.206385
916.547864
117.995391
-744.078300
-1424.662794
-1406.513874
-471.844503
353.931349
535.420547
-117.940566
-390.174364
-235.908545
-72.568267
99.846471
344.856889
390.229189
444.675948
562.643927
27.250792
72.623092
226.888910
363.005809
1243.228421
1098.037062
335.782429
-707.780461
-508.142343
1315.824100
980.069083
562.643927
980.069083
-117.940566
-1215.950216
-644.259241
1524.536678
1860.291695
-163.312866
-1079.833317
-707.780461
-54.419347
526.346087
662.462986
381.154729
-235.908545
-989.088718
-626.110322
562.643927
834.877724
335.782429
-535.365722
-580.738022
63.548632
344.856889
744.133125
571.718387
208.739990
-281.280845
-145.163946
961.920163
1007.292463
635.239606
272.261210
426.527028
825.803265
544.495007
798.579885
1025.441383
771.356505
480.973788
580.792847
707.835286
653.388526
871.175564
880.250024
952.845703
154.293231
-753.152760
-998.163178
725.984206
3266.832981
780.430965
-2232.289726
-2123.396207
-1297.620355
517.271628
1569.908977
1270.451800
-1143.354537
-3883.841431
-3067.140038
127.069851
2023.631973
762.282045
-1733.194431
-3393.820595
-2867.501920
-834.822900
925.622324
1079.888142
-1016.312098
-2803.980701
-2785.831781
-789.450600
916.547864
335.782429
-417.397744
-1225.024676
-1733.194431
-1034.461018
290.410130
998.218003
72.623092
-671.482621
-399.248824
-108.866107
72.623092
335.782429
435.601488
589.867307
435.601488
-45.344887
272.261210
344.856889
326.707969
952.845703
943.771243
680.611906
-235.908545
-889.269659
862.101104
1588.057897
571.718387
508.197168
108.920931
-907.418579
-925.567499
1025.441383
2150.674412
326.707969
-1143.354537
-1116.131157
-208.685166
789.505425
725.984206
344.856889
-281.280845
-1007.237638
-889.269659
381.154729
1143.409362
490.048248
-462.770043
-816.673980
-172.387326
462.824868
707.835286
689.686366
272.261210
-272.206385
-281.280845
952.845703
1206.930581
598.941767
653.388526
226.888910
254.112290
871.175564
1161.558281
1270.451800
680.611906
217.814450
735.058665
762.282045
644.314066
1025.441383
1007.292463
1025.441383
63.548632
-907.418579
-798.525060
490.048248
2976.450264
1470.089918
-1941.907009
-2441.002304
-1851.162410
18.176332
1706.025876
1678.802496
-617.035862
-3829.394671
-3765.873452
-789.450600
1606.206817
1451.940999
-889.269659
-3366.597216
-3502.714114
-1705.971051
517.271628
1551.760058
-226.834085
-2323.034325
-2994.544359
-1860.236870
399.303649
925.622324
199.665531
-780.376140
-1851.162410
-1633.375372
90.772012
1188.781661
508.197168
-244.983005
-453.695583
-353.876524
0.027412
453.750408
735.058665
598.941767
462.824868
145.218771
290.410130
644.314066
308.559049
562.643927
1098.037062
825.803265
-208.685166
-263.131925
1070.813682
553.569467
-54.419347
1152.483821
807.654345
-735.003841
-916.493039
571.718387
1170.632741
-9.047047
-217.759625
54.474172
-362.950984
-489.993423
36.325252
408.378109
154.293231
-290.355305
-607.961402
-154.238406
172.442151
-54.419347
117.995391
226.888910
81.697552
-299.429765
-36.270427
725.984206
535.420547
63.548632
190.591071
544.495007
608.016227
608.016227
544.495007
689.686366
934.696784
363.005809
580.792847
1470.089918
762.282045
199.665531
998.218003
1025.441383
562.643927
598.941767
1007.292463
1415.643159
199.665531
-852.971819
-989.088718
226.888910
3203.311762
1651.579117
-2014.502688
-2268.587566
-1787.641191
-244.983005
1742.323716
1996.408593
-390.174364
-3911.064810
-4047.181709
-825.748440
1624.355737
1488.238838
-489.993423
-3194.182477
-3793.096831
-1932.832549
299.484590
1569.908977
290.410130
-2159.694047
-3393.820595
-2050.800528
417.452568
934.696784
381.154729
-607.961402
-1932.832549
-1778.566731
-54.419347
1043.590303
707.835286
54.474172
-471.844503
-562.589102
-117.940566
571.718387
725.984206
617.090687
698.760826
-81.642727
-81.642727
735.058665
517.271628
535.420547
862.101104
372.080269
-226.834085
272.261210
925.622324
217.814450
-45.344887
943.771243
526.346087
-825.748440
-335.727604
617.090687
326.707969
9.101872
90.772012
-81.642727
-499.067883
-426.472204
99.846471
299.484590
81.697552
-299.429765
-471.844503
-45.344887
154.293231
-226.834085
172.442151
626.165146
-190.536246
-426.472204
480.973788
853.026644
326.707969
108.920931
417.452568
490.048248
608.016227
762.282045
907.473404
834.877724
508.197168
490.048248
889.324484
1461.015459
843.952184
353.931349
1161.558281
853.026644
372.080269
898.398944
1461.015459
916.547864
-299.429765
-707.780461
-943.716419
1361.196399
3194.237302
136.144311
-2404.704465
-2522.672444
-1243.173596
698.760826
1751.398176
1188.781661
-2059.874988
-4482.755785
-2958.246519
226.888910
1687.876956
689.686366
-1751.343351
-3802.171291
-3203.256937
-1143.354537
880.250024
1216.005041
-807.599520
-2803.980701
-3103.437878
-1061.684397
735.058665
780.430965
163.367691
-1079.833317
-1851.162410
-1170.577916
544.495007
1152.483821
526.346087
36.325252
-244.983005
-199.610706
136.144311
834.877724
843.952184
644.314066
725.984206
172.442151
353.931349
771.356505
653.388526
490.048248
716.909746
780.430965
-190.536246
263.186750
980.069083
-136.089486
-9.047047
998.218003
381.154729
-689.631541
-444.621123
172.442151
163.367691
-27.195967
81.697552
-54.419347
-671.482621
-626.110322
-190.536246
190.591071
108.920931
-444.621123
-290.355305
0.027412
-217.759625
-344.802064
272.261210
571.718387
-45.344887
-145.163946
290.410130
698.760826
363.005809
27.250792
753.207585
871.175564
671.537446
744.133125
689.686366
907.473404
771.356505
608.016227
1225.079501
1370.270859
580.792847
480.973788
1016.366923
907.473404
680.611906
1206.930581
1370.270859
9.101872
-762.227220
-1043.535478
27.250792
3058.120403
1823.993855
-1615.226452
-2604.342583
-2422.853385
-553.514642
1451.940999
2105.302112
0.027412
-3883.841431
-4346.638886
-1696.896591
980.069083
1769.547096
-199.610706
-2695.087182
-3575.309794
-2858.427460
-580.738022
1442.866539
834.877724
-1270.396975
-2921.948680
-2441.002304
-480.918963
589.867307
862.101104
181.516611
-1152.428997
-1569.854153
-607.961402
707.835286
1034.515843
662.462986
163.367691
-145.163946
-108.866107
435.601488
834.877724
816.728805
898.398944
317.633509
45.399712
807.654345
834.877724
344.856889
453.750408
344.856889
-9.047047
462.824868
943.771243
208.739990
-644.259241
0.027412
462.824868
-99.791647
-45.344887
-63.493807
-453.695583
-598.886942
-117.940566
353.931349
-317.578685
-598.886942
-544.440182
-480.918963
-90.717187
54.474172
117.995391
-63.493807
-435.546663
-580.738022
54.474172
589.867307
344.856889
344.856889
136.144311
72.623092
390.229189
653.388526
807.654345
698.760826
735.058665
725.984206
934.696784
916.547864
880.250024
1007.292463
952.845703
1152.483821
753.207585
698.760826
1034.515843
1007.292463
1179.707201
1043.590303
707.835286
-117.940566
-235.908545
-553.514642
-181.461786
2622.546327
1669.728037
-1569.854153
-2413.778925
-2059.874988
-671.482621
580.792847
1633.430197
408.378109
-3185.108017
-4246.819827
-2214.140807
290.410130
1216.005041
54.474172
-2186.917427
-3130.661258
-2713.236102
-1442.811714
644.314066
807.654345
-607.961402
-2277.662026
-2441.002304
-753.152760
-27.195967
571.718387
716.909746
-508.142343
-1370.216035
-753.152760
617.090687
961.920163
780.430965
417.452568
263.186750
181.516611
272.261210
998.218003
907.473404
853.026644
571.718387
308.559049
1098.037062
843.952184
335.782429
562.643927
399.303649
-390.174364
199.665531
1715.100336
744.133125
-907.418579
-698.706001
226.888910
81.697552
-217.759625
453.750408
9.101872
-1034.461018
-1070.758857
-163.312866
453.750408
-90.717187
-580.738022
-680.557081
-480.918963
-244.983005
-172.387326
372.080269
272.261210
-598.886942
-499.067883
344.856889
589.867307
390.229189
353.931349
462.824868
453.750408
471.899328
880.250024
1061.739222
626.165146
644.314066
1179.707201
1270.451800
889.324484
598.941767
1052.664762
1306.749640
943.771243
1025.441383
952.845703
916.547864
907.473404
771.356505
662.462986
27.250792
-462.770043
-1433.737254
226.888910
3212.386222
653.388526
-2323.034325
-2313.959866
-2141.545127
-1225.024676
499.122708
1778.621556
-163.312866
-3811.245751
-4473.681325
-1896.534710
462.824868
907.473404
-426.472204
-2540.821363
-3076.214498
-2767.682861
-1016.312098
1197.856121
480.973788
-1215.950216
-2141.545127
-1415.588334
-399.248824
-181.461786
671.537446
635.239606
-489.993423
-789.450600
344.856889
898.398944
608.016227
653.388526
381.154729
707.835286
716.909746
798.579885
1170.632741
453.750408
408.378109
508.197168
943.771243
1578.983437
653.388526
117.995391
154.293231
-462.770043
-562.589102
952.845703
1842.142775
317.633509
-1279.471435
-1107.056697
-281.280845
-399.248824
99.846471
744.133125
-263.131925
-1234.099136
-1361.141575
-362.950984
444.675948
-36.270427
-353.876524
-644.259241
-562.589102
-254.057465
-99.791647
508.197168
444.675948
-254.057465
-226.834085
308.559049
617.090687
653.388526
580.792847
444.675948
526.346087
880.250024
1234.153961
1170.632741
762.282045
807.654345
1061.739222
1025.441383
1225.079501
1379.345319
1152.483821
816.728805
780.430965
1043.590303
1134.334902
1152.483821
1134.334902
644.314066
-163.312866
-99.791647
-617.035862
-1524.481853
1406.568699
2985.524724
-707.780461
-2803.980701
-2295.810946
-2032.651608
-1424.662794
417.452568
1606.206817
-834.822900
-4174.224148
-3938.288190
-1551.705233
-154.238406
190.591071
-762.227220
-2014.502688
-2495.449064
-2558.970283
-843.897360
617.090687
0.027412
-1025.386558
-1433.737254
-553.514642
-99.791647
-154.238406
417.452568
381.154729
-217.759625
90.772012
1143.409362
1143.409362
571.718387
235.963370
290.410130
853.026644
1070.813682
1560.834518
1252.302881
281.335670
163.367691
72.623092
943.771243
1687.876956
862.101104
235.963370
-526.291263
-1542.630773
-453.695583
1633.430197
1270.451800
-326.653144
-1052.609938
-1161.503457
-1270.396975
-862.046279
680.611906
580.792847
-1125.205617
-1442.811714
-789.450600
-99.791647
-299.429765
-671.482621
-199.610706
-362.950984
-553.514642
45.399712
490.048248
308.559049
-326.653144
-326.653144
608.016227
1088.962602
680.611906
580.792847
671.537446
408.378109
635.239606
1333.973020
1842.142775
1161.558281
490.048248
1043.590303
1188.781661
1079.888142
1306.749640
1370.270859
1315.824100
898.398944
598.941767
898.398944
1315.824100
1252.302881
653.388526
-81.642727
-163.312866
-408.323284
-1842.087950
-326.653144
2813.109986
1025.441383
-2459.151224
-2785.831781
-2032.651608
-2277.662026
-1206.875756
1243.228421
807.654345
-2522.672444
-4255.894287
-2622.491503
-989.088718
-580.738022
-353.876524
-925.567499
-1660.598752
-2150.619587
-1578.928613
-117.940566
72.623092
-580.738022
-943.716419
-290.355305
490.048248
136.144311
81.697552
453.750408
90.772012
-117.940566
998.218003
1941.961834
1515.462218
499.122708
-45.344887
499.122708
880.250024
1188.781661
1814.919395
1433.792079
562.643927
-217.759625
-281.280845
798.579885
1306.749640
843.952184
190.591071
-898.344119
-1497.258473
-435.546663
825.803265
671.537446
-263.131925
-980.014258
-1424.662794
-1651.524292
-762.227220
453.750408
0.027412
-1043.535478
-1125.205617
-607.961402
-353.876524
-607.961402
-417.397744
-81.642727
-362.950984
-254.057465
462.824868
807.654345
381.154729
-290.355305
-154.238406
744.133125
1088.962602
1134.334902
1288.600720
662.462986
290.410130
626.165146
1179.707201
1687.876956
1388.419779
1225.079501
1170.632741
562.643927
617.090687
1098.037062
1306.749640
1306.749640
780.430965
544.495007
989.143543
1152.483821
580.792847
-235.908545
-344.802064
-571.663562
-1914.683629
-789.450600
2332.163610
1787.696015
-1742.268891
-3330.299376
-2404.704465
-2141.545127
-1778.566731
381.154729
1216.005041
-1152.428997
-3874.766971
-3176.033557
-1152.428997
-871.120739
-843.897360
-744.078300
-943.716419
-1524.481853
-1479.109553
-172.387326
54.474172
-862.046279
-1061.684397
-199.610706
798.579885
925.622324
490.048248
90.772012
-163.312866
-208.685166
662.462986
1769.547096
1860.291695
1379.345319
444.675948
-81.642727
308.559049
853.026644
1206.930581
1216.005041
1107.111522
571.718387
-145.163946
-90.717187
462.824868
707.835286
136.144311
-798.525060
-1070.758857
-417.397744
272.261210
99.846471
-235.908545
-680.557081
-1415.588334
-1560.779693
-943.716419
163.367691
290.410130
-798.525060
-1152.428997
-617.035862
-81.642727
-172.387326
-399.248824
-90.717187
-172.387326
-362.950984
408.378109
1225.079501
980.069083
181.516611
-181.461786
381.154729
1043.590303
1370.270859
1524.536678
889.324484
408.378109
707.835286
998.218003
1388.419779
1451.940999
1225.079501
1161.558281
1025.441383
698.760826
245.037830
662.462986
1524.536678
1061.739222
208.739990
662.462986
1225.079501
653.388526
-408.323284
-607.961402
-254.057465
-1215.950216
-1705.971051
408.378109
2286.791311
662.462986
-2686.012722
-3384.746135
-2223.215266
-1524.481853
-798.525060
81.697552
281.335670
-1433.737254
-2858.427460
-2150.619587
-1097.982237
-744.078300
-1134.280077
-1243.173596
-943.716419
-426.472204
208.739990
18.176332
-780.376140
-1234.099136
-816.673980
0.027412
871.175564
1424.717619
998.218003
0.027412
-662.408161
-136.089486
843.952184
1297.675180
1406.568699
1125.260442
807.654345
272.261210
81.697552
571.718387
716.909746
626.165146
444.675948
553.569467
426.527028
81.697552
426.527028
390.229189
-299.429765
-1215.950216
-1170.577916
72.623092
589.867307
290.410130
-281.280845
-644.259241
-934.641959
-1342.992655
-925.567499
-117.940566
235.963370
-90.717187
-435.546663
-290.355305
-272.206385
-281.280845
-372.025444
-344.802064
-27.195967
263.186750
635.239606
771.356505
480.973788
-9.047047
-108.866107
226.888910
408.378109
1243.228421
1814.919395
544.495007
-617.035862
9.101872
1107.111522
1188.781661
825.803265
544.495007
562.643927
1170.632741
807.654345
-426.472204
-372.025444
662.462986
1061.739222
571.718387
644.314066
753.207585
199.665531
27.250792
-117.940566
-489.993423
-780.376140
-671.482621
108.920931
662.462986
662.462986
45.399712
-798.525060
-1288.545895
-1597.077532
-1506.332933
-744.078300
317.633509
535.420547
-254.057465
-1052.609938
-1161.503457
-898.344119
-980.014258
-1097.982237
-898.344119
-290.355305
363.005809
235.963370
-63.493807
-317.578685
-798.525060
-1070.758857
-680.557081
45.399712
499.122708
698.760826
608.016227
136.144311
-362.950984
-435.546663
-136.089486
117.995391
317.633509
308.559049
272.261210
471.899328
480.973788
145.218771
-154.238406
-290.355305
-462.770043
-281.280845
390.229189
916.547864
771.356505
18.176332
-553.514642
-544.440182
-190.536246
-27.195967
9.101872
208.739990
226.888910
54.474172
-90.717187
181.516611
190.591071
-290.355305
-372.025444
-408.323284
-344.802064
-18.121507
399.303649
725.984206
390.229189
-390.174364
-862.046279
-145.163946
689.686366
390.229189
-671.482621
-744.078300
589.867307
1252.302881
1170.632741
-834.822900
-2323.034325
998.218003
2858.482285
-317.578685
-2631.565963
-244.983005
3003.673644
1706.025876
-1070.758857
-1034.461018
208.739990
898.398944
934.696784
54.474172
-226.834085
780.430965
689.686366
245.037830
961.920163
798.579885
-499.067883
-435.546663
898.398944
1016.366923
480.973788
281.335670
-81.642727
317.633509
816.728805
299.484590
-617.035862
-617.035862
435.601488
580.792847
-172.387326
-471.844503
-317.578685
-226.834085
-281.280845
-344.802064
-589.812482
-535.365722
-136.089486
-181.461786
-444.621123
-489.993423
-526.291263
-716.854921
-617.035862
-263.131925
-226.834085
-181.461786
-208.685166
-735.003841
-653.333701
-9.047047
-117.940566
-562.589102
-489.993423
-244.983005
-145.163946
-45.344887
27.250792
-190.536246
-254.057465
-81.642727
-226.834085
-353.876524
-27.195967
154.293231
27.250792
-45.344887
-99.791647
163.367691
344.856889
-217.759625
-662.408161
-199.610706
372.080269
181.516611
-235.908545
-299.429765
-145.163946
-18.121507
81.697552
0.027412
-780.376140
-571.663562
1079.888142
617.090687
-2059.874988
-2014.502688
1715.100336
3593.513538
671.537446
-2749.533941
-2386.555545
1007.292463
2867.556745
499.122708
-2422.853385
-1424.662794
1951.036294
2658.844167
-36.270427
-2078.023908
-1179.652376
771.356505
1361.196399
653.388526
-535.365722
-1070.758857
-18.121507
1433.792079
1352.121940
99.846471
-762.227220
-871.120739
172.442151
1606.206817
1252.302881
-181.461786
-489.993423
444.675948
1143.409362
916.547864
63.548632
-562.589102
480.973788
1905.663994
871.175564
-1170.577916
-526.291263
1878.440615
1805.844935
-508.142343
-1134.280077
435.601488
1352.121940
390.229189
-789.450600
-480.918963
626.165146
735.058665
-145.163946
-453.695583
-90.717187
-154.238406
-480.918963
-480.918963
-272.206385
-117.940566
-172.387326
-272.206385
-562.589102
-644.259241
-299.429765
-326.653144
-598.886942
-689.631541
-571.663562
-408.323284
-344.802064
-208.685166
-127.015026
-353.876524
-517.216803
-399.248824
-362.950984
-235.908545
-45.344887
-127.015026
9.101872
-27.195967
-353.876524
-272.206385
9.101872
399.303649
272.261210
-308.504225
-689.631541
-580.738022
63.548632
571.718387
499.122708
-90.717187
-517.216803
-299.429765
136.144311
317.633509
-18.121507
-426.472204
-317.578685
172.442151
326.707969
344.856889
417.452568
54.474172
-571.663562
-771.301680
-27.195967
671.537446
226.888910
-390.174364
-272.206385
580.792847
653.388526
-680.557081
-1107.056697
163.367691
816.728805
-127.015026
-771.301680
-81.642727
716.909746
399.303649
-998.163178
-1179.652376
871.175564
1569.908977
-344.802064
-1370.216035
-426.472204
1061.739222
1315.824100
-254.057465
-943.716419
81.697552
1025.441383
1052.664762
281.335670
-607.961402
-462.770043
1116.185982
1633.430197
18.176332
-1107.056697
172.442151
1669.728037
798.579885
-27.195967
390.229189
372.080269
272.261210
254.112290
326.707969
825.803265
816.728805
208.739990
-127.015026
-108.866107
145.218771
544.495007
226.888910
-308.504225
-244.983005
-190.536246
-90.717187
36.325252
-72.568267
-335.727604
-626.110322
-716.854921
-444.621123
63.548632
-163.312866
-816.673980
-771.301680
-299.429765
-181.461786
-444.621123
-453.695583
-290.355305
-226.834085
-272.206385
-526.291263
-353.876524
172.442151
127.069851
-344.802064
-417.397744
99.846471
426.527028
145.218771
-254.057465
-254.057465
9.101872
190.591071
245.037830
45.399712
-244.983005
-226.834085
136.144311
716.909746
571.718387
-444.621123
-943.716419
-208.685166
789.505425
526.346087
-353.876524
-544.440182
-136.089486
344.856889
290.410130
-190.536246
-535.365722
-489.993423
-299.429765
-290.355305
-27.195967
45.399712
-353.876524
-199.610706
335.782429
81.697552
-852.971819
-1225.024676
-435.546663
608.016227
480.973788
-235.908545
-36.270427
163.367691
-372.025444
-372.025444
353.931349
417.452568
-462.770043
-707.780461
281.335670
1161.558281
1016.366923
27.250792
-862.046279
-127.015026
1161.558281
807.654345
-27.195967
-190.536246
326.707969
1125.260442
798.579885
-263.131925
-27.195967
1370.270859
1270.451800
-244.983005
-480.918963
653.388526
1234.153961
744.133125
-18.121507
-108.866107
698.760826
1079.888142
81.697552
-335.727604
662.462986
989.143543
235.963370
-580.738022
-1143.354537
-916.493039
-18.121507
544.495007
553.569467
117.995391
-607.961402
-1107.056697
-1225.024676
-961.865338
-480.918963
-308.504225
-435.546663
-417.397744
-317.578685
-417.397744
-471.844503
-326.653144
-372.025444
-653.333701
-744.078300
-462.770043
9.101872
399.303649
508.197168
290.410130
117.995391
72.623092
-145.163946
-308.504225
9.101872
399.303649
562.643927
426.527028
-45.344887
-27.195967
653.388526
562.643927
-217.759625
-535.365722
-136.089486
471.899328
108.920931
-598.886942
-154.238406
689.686366
598.941767
-299.429765
-871.120739
-598.886942
-36.270427
-27.195967
-544.440182
-825.748440
-716.854921
-190.536246
299.484590
63.548632
-571.663562
-798.525060
-290.355305
127.069851
-217.759625
-635.184782
-372.025444
363.005809
825.803265
426.527028
-226.834085
-217.759625
45.399712
45.399712
-18.121507
172.442151
907.473404
1052.664762
45.399712
-453.695583
317.633509
1415.643159
1098.037062
-489.993423
-798.525060
390.229189
1397.494239
1488.238838
671.537446
172.442151
435.601488
290.410130
-244.983005
-45.344887
998.218003
1860.291695
1497.313298
145.218771
-508.142343
0.027412
544.495007
843.952184
934.696784
136.144311
-689.631541
-517.216803
-344.802064
-598.886942
-789.450600
-617.035862
-181.461786
-72.568267
-408.323284
-1025.386558
-1533.556313
-1415.588334
-1007.237638
-716.854921
-580.738022
-589.812482
-598.886942
-372.025444
-244.983005
-353.876524
-426.472204
-607.961402
-707.780461
-453.695583
-117.940566
90.772012
408.378109
689.686366
508.197168
217.814450
163.367691
181.516611
154.293231
0.027412
181.516611
544.495007
635.239606
417.452568
235.963370
344.856889
417.452568
145.218771
-272.206385
-426.472204
-235.908545
-9.047047
81.697552
-154.238406
-462.770043
-553.514642
-562.589102
-390.174364
-353.876524
-626.110322
-889.269659
-952.790879
-562.589102
-45.344887
117.995391
36.325252
-81.642727
-117.940566
-145.163946
-235.908545
-272.206385
-27.195967
281.335670
571.718387
834.877724
608.016227
299.484590
381.154729
608.016227
735.058665
526.346087
263.186750
190.591071
326.707969
608.016227
789.505425
871.175564
1079.888142
1079.888142
480.973788
0.027412
154.293231
444.675948
562.643927
562.643927
744.133125
1116.185982
1216.005041
1079.888142
626.165146
0.027412
-54.419347
372.080269
544.495007
426.527028
190.591071
18.176332
-45.344887
-589.812482
-1379.290494
-1705.971051
-1352.067115
-444.621123
127.069851
-154.238406
-980.014258
-1705.971051
-1842.087950
-1560.779693
-1270.396975
-989.088718
-843.897360
-843.897360
-589.812482
-181.461786
-54.419347
-181.461786
-444.621123
-399.248824
-181.461786
-54.419347
217.814450
444.675948
635.239606
843.952184
961.920163
789.505425
517.271628
490.048248
435.601488
363.005809
408.378109
372.080269
145.218771
181.516611
508.197168
526.346087
308.559049
54.474172
-244.983005
-453.695583
-735.003841
-925.567499
-916.493039
-689.631541
-517.216803
-725.929381
-998.163178
-1034.461018
-852.971819
-353.876524
81.697552
-72.568267
-580.738022
-843.897360
-589.812482
0.027412
508.197168
608.016227
372.080269
181.516611
390.229189
780.430965
789.505425
517.271628
381.154729
408.378109
608.016227
853.026644
934.696784
1025.441383
1079.888142
961.920163
689.686366
299.484590
254.112290
626.165146
780.430965
635.239606
508.197168
462.824868
635.239606
725.984206
707.835286
617.090687
245.037830
9.101872
145.218771
435.601488
680.611906
671.537446
644.314066
535.420547
235.963370
-244.983005
-961.865338
-1805.790110
-2377.481085
-2023.577148
-1079.833317
-90.717187
426.527028
-18.121507
-916.493039
-1787.641191
-2014.502688
-1606.151992
-1243.173596
-1107.056697
-1107.056697
-952.790879
-399.248824
208.739990
562.643927
471.899328
181.516611
9.101872
-145.163946
-190.536246
-99.791647
145.218771
689.686366
1098.037062
1043.590303
943.771243
789.505425
635.239606
571.718387
372.080269
72.623092
-145.163946
-81.642727
208.739990
435.601488
353.931349
117.995391
-18.121507
-163.312866
-335.727604
-789.450600
-1315.769275
-1306.694815
-1052.609938
-862.046279
-1125.205617
-1551.705233
-1152.428997
-272.206385
372.080269
480.973788
63.548632
-444.621123
-598.886942
-244.983005
217.814450
381.154729
417.452568
553.569467
789.505425
989.143543
998.218003
807.654345
653.388526
689.686366
753.207585
589.867307
363.005809
490.048248
1025.441383
1361.196399
1134.334902
626.165146
235.963370
317.633509
608.016227
617.090687
435.601488
272.261210
372.080269
635.239606
689.686366
626.165146
490.048248
462.824868
635.239606
735.058665
725.984206
789.505425
753.207585
499.122708
136.144311
-444.621123
-1315.769275
-2241.364186
-2622.491503
-1996.353769
-862.046279
-172.387326
-226.834085
-689.631541
-1152.428997
-1361.141575
-1243.173596
-1025.386558
-1070.758857
-1333.918195
-1406.513874
-1070.758857
-517.216803
18.176332
399.303649
535.420547
626.165146
571.718387
263.186750
0.027412
-72.568267
353.931349
753.207585
671.537446
598.941767
526.346087
571.718387
744.133125
762.282045
526.346087
99.846471
-81.642727
0.027412
63.548632
27.250792
-154.238406
-190.536246
-136.089486
-308.504225
-526.291263
-916.493039
-1243.173596
-1116.131157
-907.418579
-970.939798
-1488.184013
-1687.822132
-1079.833317
-199.610706
480.973788
471.899328
108.920931
0.027412
18.176332
217.814450
417.452568
526.346087
544.495007
571.718387
725.984206
662.462986
762.282045
1052.664762
907.473404
689.686366
580.792847
499.122708
526.346087
517.271628
653.388526
789.505425
680.611906
617.090687
480.973788
353.931349
435.601488
580.792847
617.090687
453.750408
408.378109
544.495007
471.899328
363.005809
480.973788
680.611906
771.356505
744.133125
816.728805
807.654345
580.792847
217.814450
-272.206385
-852.971819
-1715.045511
-2323.034325
-2132.470667
-1569.854153
-843.897360
-517.216803
-843.897360
-1134.280077
-1134.280077
-843.897360
-607.961402
-771.301680
-834.822900
-980.014258
-1179.652376
-898.344119
-480.918963
18.176332
462.824868
617.090687
562.643927
444.675948
435.601488
471.899328
662.462986
834.877724
798.579885
680.611906
444.675948
226.888910
245.037830
326.707969
353.931349
263.186750
108.920931
172.442151
145.218771
-54.419347
-117.940566
-172.387326
-353.876524
-626.110322
-825.748440
-970.939798
-1215.950216
-1179.652376
-852.971819
-626.110322
-889.269659
-1361.141575
-961.865338
-217.759625
163.367691
254.112290
108.920931
245.037830
263.186750
163.367691
281.335670
426.527028
798.579885
771.356505
480.973788
571.718387
653.388526
807.654345
689.686366
435.601488
598.941767
598.941767
462.824868
308.559049
381.154729
780.430965
762.282045
490.048248
335.782429
390.229189
689.686366
653.388526
326.707969
281.335670
544.495007
653.388526
399.303649
235.963370
417.452568
725.984206
853.026644
698.760826
771.356505
1079.888142
925.622324
235.963370
-453.695583
-834.822900
-1324.843735
-2023.577148
-2168.768507
-1606.151992
-952.790879
-780.376140
-998.163178
-1007.237638
-862.046279
-644.259241
-508.142343
-671.482621
-707.780461
-689.631541
-780.376140
-789.450600
-653.333701
-217.759625
181.516611
245.037830
263.186750
263.186750
471.899328
771.356505
807.654345
853.026644
871.175564
771.356505
535.420547
272.261210
172.442151
127.069851
90.772012
-45.344887
-136.089486
72.623092
208.739990
72.623092
-27.195967
-72.568267
-108.866107
-372.025444
-816.673980
-998.163178
-1152.428997
-1324.843735
-1215.950216
-934.641959
-607.961402
-644.259241
-980.014258
-880.195199
-208.685166
508.197168
716.909746
499.122708
390.229189
363.005809
235.963370
172.442151
453.750408
780.430965
635.239606
390.229189
417.452568
735.058665
1025.441383
889.324484
553.569467
444.675948
499.122708
408.378109
117.995391
163.367691
544.495007
653.388526
426.527028
208.739990
453.750408
780.430965
662.462986
471.899328
444.675948
598.941767
617.090687
408.378109
281.335670
363.005809
698.760826
862.101104
825.803265
907.473404
916.547864
598.941767
-172.387326
-961.865338
-1524.481853
-1941.907009
-2050.800528
-1905.609169
-1678.747672
-1451.886174
-1170.577916
-898.344119
-707.780461
-462.770043
-154.238406
-99.791647
-353.876524
-617.035862
-689.631541
-644.259241
-771.301680
-716.854921
-317.578685
-9.047047
317.633509
490.048248
580.792847
980.069083
1252.302881
1297.675180
1043.590303
662.462986
535.420547
299.484590
-18.121507
-127.015026
-127.015026
-99.791647
-217.759625
-154.238406
81.697552
117.995391
36.325252
-63.493807
-208.685166
-344.802064
-517.216803
-689.631541
-1079.833317
-1406.513874
-1197.801296
-916.493039
-816.673980
-1016.312098
-1107.056697
-480.918963
108.920931
444.675948
571.718387
589.867307
970.994623
780.430965
226.888910
381.154729
662.462986
762.282045
308.559049
-63.493807
426.527028
780.430965
707.835286
471.899328
608.016227
1125.260442
880.250024
254.112290
217.814450
662.462986
843.952184
272.261210
-108.866107
136.144311
480.973788
480.973788
208.739990
508.197168
989.143543
871.175564
553.569467
408.378109
626.165146
753.207585
444.675948
344.856889
626.165146
798.579885
408.378109
-299.429765
-562.589102
-689.631541
-1188.726836
-1760.417811
-1842.087950
-1388.364954
-1243.173596
-1506.332933
-1433.737254
-1143.354537
-889.269659
-644.259241
-480.918963
-154.238406
9.101872
-190.536246
-417.397744
-408.323284
-254.057465
-190.536246
-344.802064
-390.174364
-154.238406
127.069851
281.335670
571.718387
1061.739222
1343.047480
1161.558281
816.728805
762.282045
626.165146
208.739990
-181.461786
-417.397744
-390.174364
-317.578685
-399.248824
-372.025444
-27.195967
208.739990
72.623092
-272.206385
-344.802064
-244.983005
-635.184782
-1152.428997
-1243.173596
-1043.535478
-889.269659
-1143.354537
-1297.620355
-780.376140
-299.429765
-99.791647
72.623092
381.154729
970.994623
943.771243
635.239606
771.356505
952.845703
889.324484
408.378109
99.846471
308.559049
426.527028
245.037830
108.920931
408.378109
807.654345
707.835286
444.675948
617.090687
952.845703
807.654345
363.005809
235.963370
426.527028
471.899328
199.665531
36.325252
408.378109
744.133125
580.792847
335.782429
499.122708
970.994623
1061.739222
707.835286
653.388526
1016.366923
1025.441383
426.527028
-145.163946
-362.950984
-635.184782
-1406.513874
-1896.534710
-1551.705233
-1179.652376
-1197.801296
-1479.109553
-1315.769275
-771.301680
-644.259241
-744.078300
-598.886942
-208.685166
18.176332
-326.653144
-589.812482
-290.355305
-117.940566
-335.727604
-535.365722
-353.876524
54.474172
0.027412
-127.015026
399.303649
952.845703
1143.409362
961.920163
880.250024
1079.888142
889.324484
381.154729
36.325252
-117.940566
-226.834085
-553.514642
-753.152760
-562.589102
-254.057465
-208.685166
-263.131925
-63.493807
63.548632
-145.163946
-517.216803
-725.929381
-671.482621
-862.046279
-1152.428997
-1152.428997
-1052.609938
-1088.907777
-1079.833317
-644.259241
54.474172
381.154729
517.271628
862.101104
1034.515843
916.547864
907.473404
961.920163
853.026644
471.899328
54.474172
54.474172
99.846471
108.920931
181.516611
199.665531
471.899328
608.016227
562.643927
716.909746
880.250024
925.622324
635.239606
308.559049
408.378109
426.527028
299.484590
281.335670
381.154729
408.378109
281.335670
363.005809
680.611906
880.250024
871.175564
898.398944
943.771243
762.282045
444.675948
-9.047047
-462.770043
-934.641959
-1497.258473
-1724.119971
-1660.598752
-1524.481853
-1479.109553
-1569.854153
-1451.886174
-1107.056697
-698.706001
-353.876524
-127.015026
36.325252
63.548632
0.027412
-18.121507
-9.047047
-136.089486
-317.578685
-417.397744
-408.323284
-272.206385
-108.866107
154.293231
508.197168
825.803265
1088.962602
1170.632741
1216.005041
1197.856121
952.845703
571.718387
136.144311
-117.940566
-435.546663
-716.854921
-771.301680
-771.301680
-662.408161
-571.663562
-408.323284
-90.717187
-9.047047
-54.419347
-208.685166
-399.248824
-390.174364
-535.365722
-925.567499
-1116.131157
-998.163178
-916.493039
-970.939798
-716.854921
-127.015026
317.633509
471.899328
617.090687
970.994623
1270.451800
1234.153961
934.696784
771.356505
653.388526
335.782429
18.176332
-63.493807
72.623092
90.772012
-117.940566
18.176332
480.973788
762.282045
789.505425
744.133125
907.473404
970.994623
644.314066
435.601488
480.973788
471.899328
299.484590
54.474172
0.027412
208.739990
272.261210
281.335670
562.643927
853.026644
916.547864
771.356505
598.941767
471.899328
81.697552
-698.706001
-1397.439414
-1578.928613
-1615.226452
-1769.492271
-1751.343351
-1515.407393
-1261.322516
-1152.428997
-925.567499
-462.770043
-117.940566
117.995391
72.623092
72.623092
272.261210
136.144311
-18.121507
-54.419347
-63.493807
18.176332
-136.089486
-226.834085
0.027412
217.814450
381.154729
508.197168
680.611906
952.845703
943.771243
789.505425
762.282045
644.314066
344.856889
-18.121507
-299.429765
-480.918963
-735.003841
-989.088718
-998.163178
-789.450600
-553.514642
-480.918963
-435.546663
-299.429765
-117.940566
-63.493807
-308.504225
-381.099904
-426.472204
-653.333701
-816.673980
-843.897360
-499.067883
-263.131925
-290.355305
63.548632
480.973788
825.803265
880.250024
834.877724
1079.888142
980.069083
689.686366
526.346087
363.005809
381.154729
181.516611
-72.568267
36.325252
208.739990
245.037830
272.261210
390.229189
662.462986
789.505425
653.388526
671.537446
798.579885
762.282045
562.643927
399.303649
480.973788
408.378109
136.144311
145.218771
290.410130
272.261210
154.293231
117.995391
163.367691
136.144311
-108.866107
-508.142343
-798.525060
-989.088718
-1215.950216
-1451.886174
-1488.184013
-1297.620355
-1306.694815
-1352.067115
-1097.982237
-635.184782
-244.983005
-163.312866
-54.419347
290.410130
417.452568
281.335670
254.112290
326.707969
290.410130
99.846471
-9.047047
90.772012
154.293231
208.739990
281.335670
408.378109
589.867307
635.239606
562.643927
553.569467
553.569467
480.973788
245.037830
27.250792
0.027412
-63.493807
-308.504225
-517.216803
-508.142343
-535.365722
-762.227220
-898.344119
-862.046279
-744.078300
-744.078300
-816.673980
-589.812482
-372.025444
-290.355305
-244.983005
-199.610706
54.474172
172.442151
63.548632
90.772012
136.144311
263.186750
353.931349
344.856889
553.569467
680.611906
680.611906
707.835286
698.760826
689.686366
553.569467
317.633509
235.963370
290.410130
272.261210
190.591071
254.112290
417.452568
544.495007
508.197168
544.495007
771.356505
753.207585
544.495007
435.601488
499.122708
517.271628
317.633509
217.814450
363.005809
390.229189
208.739990
36.325252
-9.047047
54.474172
-172.387326
-707.780461
-952.790879
-1016.312098
-1170.577916
-1433.737254
-1460.960634
-1161.503457
-1025.386558
-1061.684397
-880.195199
-426.472204
-127.015026
-145.163946
-127.015026
136.144311
254.112290
54.474172
-154.238406
-81.642727
45.399712
36.325252
-27.195967
72.623092
317.633509
363.005809
281.335670
408.378109
626.165146
707.835286
562.643927
471.899328
553.569467
480.973788
163.367691
-54.419347
-54.419347
-136.089486
-381.099904
-544.440182
-471.844503
-444.621123
-644.259241
-735.003841
-607.961402
-480.918963
-535.365722
-716.854921
-580.738022
-444.621123
-626.110322
-571.663562
-344.802064
-136.089486
-36.270427
-45.344887
226.888910
598.941767
725.984206
653.388526
608.016227
735.058665
644.314066
317.633509
235.963370
363.005809
381.154729
217.814450
117.995391
299.484590
453.750408
444.675948
508.197168
644.314066
662.462986
553.569467
426.527028
462.824868
635.239606
580.792847
381.154729
326.707969
408.378109
372.080269
226.888910
235.963370
363.005809
326.707969
45.399712
-136.089486
-27.195967
-99.791647
-399.248824
-689.631541
-744.078300
-771.301680
-1043.535478
-1206.875756
-1107.056697
-1043.535478
-1116.131157
-1107.056697
-789.450600
-435.546663
-281.280845
-181.461786
36.325252
308.559049
344.856889
254.112290
226.888910
308.559049
217.814450
-36.270427
-108.866107
45.399712
145.218771
99.846471
208.739990
471.899328
526.346087
480.973788
517.271628
626.165146
608.016227
344.856889
181.516611
136.144311
-27.195967
-335.727604
-589.812482
-653.333701
-671.482621
-825.748440
-889.269659
-753.152760
-653.333701
-744.078300
-762.227220
-571.663562
-381.099904
-272.206385
-272.206385
-172.387326
45.399712
136.144311
154.293231
263.186750
490.048248
517.271628
363.005809
390.229189
562.643927
598.941767
435.601488
326.707969
435.601488
517.271628
363.005809
281.335670
435.601488
535.420547
453.750408
390.229189
508.197168
617.090687
617.090687
562.643927
553.569467
589.867307
471.899328
317.633509
235.963370
217.814450
235.963370
181.516611
172.442151
226.888910
181.516611
63.548632
-63.493807
-145.163946
-290.355305
-607.961402
-852.971819
-898.344119
-980.014258
-1116.131157
-1179.652376
-1052.609938
-925.567499
-916.493039
-798.525060
-544.440182
-272.206385
-108.866107
-54.419347
108.920931
254.112290
208.739990
99.846471
90.772012
172.442151
199.665531
145.218771
136.144311
208.739990
272.261210
263.186750
299.484590
417.452568
517.271628
480.973788
381.154729
426.527028
471.899328
335.782429
172.442151
81.697552
-27.195967
-226.834085
-390.174364
-544.440182
-753.152760
-907.418579
-980.014258
-1007.237638
-1016.312098
-907.418579
-771.301680
-644.259241
-390.174364
-145.163946
-9.047047
136.144311
235.963370
426.527028
517.271628
435.601488
462.824868
471.899328
417.452568
335.782429
299.484590
308.559049
308.559049
281.335670
308.559049
344.856889
363.005809
471.899328
562.643927
598.941767
653.388526
689.686366
671.537446
626.165146
580.792847
553.569467
444.675948
390.229189
408.378109
290.410130
226.888910
226.888910
208.739990
127.069851
45.399712
81.697552
36.325252
-63.493807
-136.089486
-308.504225
-499.067883
-735.003841
-834.822900
-852.971819
-1007.237638
-1107.056697
-1088.907777
-1043.535478
-907.418579
-716.854921
-489.993423
-290.355305
-117.940566
81.697552
181.516611
254.112290
308.559049
245.037830
245.037830
245.037830
154.293231
54.474172
-9.047047
36.325252
117.995391
181.516611
272.261210
344.856889
444.675948
471.899328
480.973788
480.973788
462.824868
399.303649
181.516611
27.250792
-117.940566
-381.099904
-589.812482
-653.333701
-653.333701
-725.929381
-834.822900
-862.046279
-789.450600
-680.557081
-589.812482
-535.365722
-426.472204
-263.131925
-208.685166
-117.940566
99.846471
281.335670
381.154729
417.452568
508.197168
598.941767
571.718387
517.271628
408.378109
335.782429
281.335670
127.069851
117.995391
217.814450
217.814450
363.005809
471.899328
580.792847
698.760826
707.835286
789.505425
798.579885
689.686366
589.867307
453.750408
335.782429
217.814450
108.920931
81.697552
54.474172
54.474172
45.399712
27.250792
9.101872
-63.493807
-181.461786
-335.727604
-426.472204
-535.365722
-725.929381
-871.120739
-916.493039
-889.269659
-898.344119
-898.344119
-816.673980
-653.333701
-462.770043
-372.025444
-263.131925
-36.270427
81.697552
108.920931
172.442151
281.335670
353.931349
308.559049
181.516611
136.144311
172.442151
145.218771
99.846471
108.920931
172.442151
181.516611
108.920931
154.293231
326.707969
372.080269
353.931349
326.707969
308.559049
263.186750
108.920931
-72.568267
-163.312866
-353.876524
-589.812482
-798.525060
-934.641959
-880.195199
-871.120739
-880.195199
-635.184782
-362.950984
-217.759625
-99.791647
99.846471
353.931349
471.899328
444.675948
426.527028
453.750408
453.750408
317.633509
199.665531
235.963370
254.112290
99.846471
54.474172
217.814450
326.707969
335.782429
353.931349
444.675948
580.792847
580.792847
553.569467
626.165146
644.314066
553.569467
453.750408
426.527028
435.601488
353.931349
245.037830
172.442151
145.218771
145.218771
-9.047047
-127.015026
-81.642727
-117.940566
-281.280845
-399.248824
-426.472204
-480.918963
-635.184782
-762.227220
-725.929381
-707.780461
-798.525060
-789.450600
-671.482621
-526.291263
-453.695583
-408.323284
-281.280845
-163.312866
-36.270427
27.250792
90.772012
172.442151
208.739990
172.442151
117.995391
136.144311
172.442151
163.367691
136.144311
172.442151
208.739990
99.846471
63.548632
154.293231
208.739990
208.739990
181.516611
217.814450
181.516611
81.697552
36.325252
-90.717187
-217.759625
-344.802064
-517.216803
-598.886942
-653.333701
-689.631541
-598.886942
-535.365722
-517.216803
-408.323284
-317.578685
-117.940566
63.548632
208.739990
335.782429
426.527028
571.718387
608.016227
544.495007
571.718387
508.197168
381.154729
290.410130
199.665531
154.293231
117.995391
72.623092
108.920931
208.739990
335.782429
453.750408
553.569467
598.941767
626.165146
662.462986
626.165146
535.420547
399.303649
290.410130
208.739990
54.474172
-63.493807
-108.866107
-163.312866
-181.461786
-272.206385
-308.504225
-217.759625
-244.983005
-326.653144
-308.504225
-335.727604
-408.323284
-526.291263
-635.184782
-617.035862
-617.035862
-635.184782
-617.035862
-562.589102
-408.323284
-326.653144
-244.983005
-36.270427
81.697552
136.144311
163.367691
190.591071
245.037830
181.516611
127.069851
154.293231
172.442151
81.697552
45.399712
90.772012
72.623092
45.399712
45.399712
45.399712
90.772012
63.548632
36.325252
36.325252
18.176332
-54.419347
-163.312866
-254.057465
-299.429765
-308.504225
-317.578685
-453.695583
-462.770043
-399.248824
-453.695583
-372.025444
-244.983005
-99.791647
-18.121507
9.101872
145.218771
299.484590
399.303649
453.750408
526.346087
589.867307
544.495007
444.675948
435.601488
417.452568
390.229189
317.633509
281.335670
299.484590
299.484590
353.931349
372.080269
353.931349
399.303649
390.229189
335.782429
335.782429
353.931349
326.707969
163.367691
99.846471
108.920931
18.176332
-90.717187
-136.089486
-145.163946
-190.536246
-290.355305
-317.578685
-390.174364
-453.695583
-471.844503
-526.291263
-562.589102
-553.514642
-544.440182
-508.142343
-417.397744
-326.653144
-299.429765
-217.759625
-172.387326
-81.642727
-36.270427
-81.642727
-27.195967
0.027412
27.250792
18.176332
-9.047047
63.548632
90.772012
72.623092
99.846471
127.069851
117.995391
63.548632
63.548632
117.995391
90.772012
-9.047047
-45.344887
-54.419347
-90.717187
-90.717187
-172.387326
-190.536246
-127.015026
-154.238406
-244.983005
-263.131925
-181.461786
-136.089486
-235.908545
-235.908545
-190.536246
-181.461786
-127.015026
-90.717187
-9.047047
99.846471
154.293231
217.814450
299.484590
417.452568
471.899328
453.750408
480.973788
517.271628
517.271628
453.750408
417.452568
426.527028
353.931349
335.782429
335.782429
317.633509
308.559049
281.335670
263.186750
308.559049
272.261210
208.739990
181.516611
190.591071
163.367691
54.474172
-9.047047
-72.568267
-190.536246
-263.131925
-408.323284
-480.918963
-508.142343
-580.738022
-598.886942
-562.589102
-480.918963
-444.621123
-426.472204
-335.727604
-217.759625
-181.461786
-181.461786
-163.312866
-99.791647
-36.270427
-45.344887
-54.419347
0.027412
-9.047047
-27.195967
-27.195967
27.250792
45.399712
-18.121507
0.027412
45.399712
54.474172
45.399712
9.101872
18.176332
27.250792
9.101872
9.101872
18.176332
27.250792
-27.195967
-54.419347
-18.121507
-72.568267
-145.163946
-154.238406
-172.387326
-181.461786
-226.834085
-235.908545
-190.536246
-117.940566
-63.493807
-27.195967
54.474172
145.218771
127.069851
172.442151
235.963370
299.484590
317.633509
281.335670
326.707969
344.856889
317.633509
290.410130
308.559049
363.005809
344.856889
308.559049
299.484590
281.335670
290.410130
290.410130
263.186750
263.186750
235.963370
199.665531
163.367691
127.069851
108.920931
99.846471
63.548632
18.176332
9.101872
-81.642727
-199.610706
-217.759625
-254.057465
-362.950984
-444.621123
-462.770043
-480.918963
-517.216803
-526.291263
-444.621123
-381.099904
-353.876524
-290.355305
-235.908545
-181.461786
-108.866107
-45.344887
-45.344887
0.027412
45.399712
18.176332
45.399712
72.623092
54.474172
9.101872
18.176332
27.250792
0.027412
-99.791647
-90.717187
-9.047047
-18.121507
-36.270427
9.101872
36.325252
0.027412
-45.344887
-45.344887
18.176332
0.027412
-72.568267
-90.717187
-127.015026
-154.238406
-199.610706
-217.759625
-163.312866
-163.312866
-117.940566
-36.270427
72.623092
154.293231
181.516611
199.665531
199.665531
254.112290
308.559049
335.782429
317.633509
335.782429
344.856889
335.782429
308.559049
326.707969
335.782429
299.484590
235.963370
226.888910
235.963370
181.516611
145.218771
127.069851
99.846471
99.846471
90.772012
72.623092
63.548632
99.846471
99.846471
36.325252
-9.047047
-36.270427
-27.195967
-117.940566
-190.536246
-217.759625
-281.280845
-335.727604
-381.099904
-390.174364
-372.025444
-381.099904
-353.876524
-335.727604
-290.355305
-244.983005
-163.312866
-108.866107
-81.642727
-27.195967
-45.344887
-63.493807
-18.121507
-54.419347
-99.791647
-108.866107
-127.015026
-108.866107
-117.940566
-99.791647
-36.270427
-9.047047
-54.419347
-18.121507
36.325252
36.325252
-27.195967
-27.195967
18.176332
-27.195967
-45.344887
9.101872
18.176332
-9.047047
-27.195967
-9.047047
18.176332
-9.047047
-36.270427
-36.270427
-27.195967
-45.344887
-36.270427
18.176332
90.772012
145.218771
136.144311
181.516611
254.112290
335.782429
372.080269
372.080269
426.527028
444.675948
381.154729
353.931349
363.005809
344.856889
263.186750
190.591071
217.814450
199.665531
136.144311
99.846471
127.069851
127.069851
99.846471
45.399712
18.176332
45.399712
36.325252
-36.270427
-63.493807
-99.791647
-163.312866
-226.834085
-272.206385
-281.280845
-326.653144
-381.099904
-362.950984
-353.876524
-399.248824
-381.099904
-362.950984
-281.280845
-235.908545
-235.908545
-190.536246
-127.015026
-117.940566
-117.940566
-145.163946
-127.015026
-72.568267
-90.717187
-81.642727
-36.270427
0.027412
0.027412
-54.419347
-27.195967
-9.047047
-63.493807
-63.493807
-63.493807
-45.344887
-36.270427
-72.568267
-36.270427
-18.121507
18.176332
27.250792
-9.047047
45.399712
90.772012
45.399712
45.399712
145.218771
208.739990
145.218771
108.920931
127.069851
136.144311
108.920931
117.995391
136.144311
145.218771
117.995391
127.069851
190.591071
226.888910
245.037830
235.963370
245.037830
263.186750
281.335670
254.112290
217.814450
245.037830
263.186750
181.516611
136.144311
99.846471
63.548632
63.548632
9.101872
0.027412
27.250792
-36.270427
-72.568267
-27.195967
-36.270427
-81.642727
-63.493807
-36.270427
-54.419347
-90.717187
-117.940566
-145.163946
-154.238406
-172.387326
-208.685166
-190.536246
-217.759625
-235.908545
-254.057465
-290.355305
-254.057465
-244.983005
-290.355305
-317.578685
-272.206385
-217.759625
-190.536246
-199.610706
-154.238406
-99.791647
-90.717187
-72.568267
-36.270427
0.027412
-9.047047
-45.344887
-54.419347
-9.047047
0.027412
-36.270427
-18.121507
-18.121507
18.176332
36.325252
18.176332
45.399712
54.474172
72.623092
99.846471
81.697552
117.995391
127.069851
127.069851
117.995391
145.218771
181.516611
181.516611
190.591071
217.814450
235.963370
217.814450
226.888910
254.112290
235.963370
208.739990
217.814450
199.665531
163.367691
145.218771
136.144311
172.442151
181.516611
145.218771
154.293231
145.218771
136.144311
136.144311
108.920931
90.772012
63.548632
36.325252
0.027412
-63.493807
-45.344887
-63.493807
-136.089486
-163.312866
-190.536246
-217.759625
-272.206385
-263.131925
-281.280845
-272.206385
-226.834085
-244.983005
-235.908545
-172.387326
-145.163946
-145.163946
-145.163946
-117.940566
-81.642727
-136.089486
-181.461786
-172.387326
-145.163946
-145.163946
-181.461786
-163.312866
-127.015026
-154.238406
-145.163946
-99.791647
-72.568267
-72.568267
-72.568267
-63.493807
-36.270427
-27.195967
-45.344887
18.176332
27.250792
18.176332
54.474172
81.697552
90.772012
63.548632
63.548632
72.623092
81.697552
