-13.049948
19.587160
13.059739
0.004896
-6.522526
13.059739
6.532317
6.532317
0.004896
6.532317
6.532317
13.059739
13.059739
6.532317
13.059739
0.004896
0.004896
13.059739
-6.522526
-13.049948
-32.632212
-13.049948
0.004896
0.004896
-13.049948
0.004896
6.532317
-19.577369
-6.522526
6.532317
-6.522526
-19.577369
-26.104791
-13.049948
6.532317
0.004896
-13.049948
19.587160
19.587160
6.532317
19.587160
13.059739
-6.522526
-19.577369
-6.522526
19.587160
19.587160
-6.522526
-13.049948
13.059739
6.532317
0.004896
13.059739
-6.522526
-26.104791
6.532317
13.059739
13.059739
19.587160
0.004896
6.532317
19.587160
6.532317
6.532317
-13.049948
-26.104791
-13.049948
13.059739
6.532317
-19.577369
-6.522526
-6.522526
-13.049948
0.004896
-13.049948
-13.049948
0.004896
6.532317
0.004896
-26.104791
-6.522526
13.059739
0.004896
0.004896
6.532317
19.587160
0.004896
-13.049948
6.532317
0.004896
6.532317
-13.049948
0.004896
26.114582
6.532317
0.004896
0.004896
6.532317
13.059739
0.004896
-13.049948
-6.522526
13.059739
0.004896
0.004896
13.059739
-6.522526
-6.522526
-13.049948
-6.522526
13.059739
0.004896
6.532317
0.004896
-13.049948
-13.049948
0.004896
-6.522526
-13.049948
-6.522526
-13.049948
-13.049948
6.532317
0.004896
-6.522526
19.587160
-6.522526
6.532317
13.059739
6.532317
6.532317
6.532317
0.004896
-13.049948
0.004896
0.004896
-6.522526
6.532317
0.004896
-6.522526
-6.522526
-6.522526
-13.049948
-6.522526
0.004896
6.532317
19.587160
6.532317
6.532317
-6.522526
-13.049948
-6.522526
6.532317
0.004896
-6.522526
13.059739
19.587160
13.059739
13.059739
6.532317
13.059739
0.004896
-6.522526
0.004896
-6.522526
6.532317
-6.522526
-19.577369
6.532317
6.532317
0.004896
19.587160
6.532317
13.059739
0.004896
-19.577369
13.059739
19.587160
13.059739
6.532317
-13.049948
0.004896
-6.522526
-6.522526
19.587160
13.059739
13.059739
6.532317
-6.522526
-13.049948
-6.522526
-13.049948
-13.049948
-26.104791
0.004896
-6.522526
0.004896
0.004896
-13.049948
6.532317
0.004896
-6.522526
-13.049948
-13.049948
-19.577369
-6.522526
6.532317
0.004896
-6.522526
-6.522526
13.059739
6.532317
0.004896
6.532317
-13.049948
-19.577369
-13.049948
6.532317
-6.522526
0.004896
19.587160
-13.049948
-6.522526
6.532317
6.532317
-6.522526
0.004896
6.532317
-19.577369
-6.522526
6.532317
13.059739
13.059739
6.532317
6.532317
-6.522526
0.004896
-6.522526
0.004896
-6.522526
-26.104791
-6.522526
6.532317
13.059739
26.114582
13.059739
6.532317
13.059739
13.059739
6.532317
0.004896
6.532317
0.004896
-6.522526
0.004896
6.532317
-13.049948
13.059739
-6.522526
-13.049948
6.532317
-6.522526
0.004896
0.004896
-13.049948
6.532317
13.059739
0.004896
-6.522526
6.532317
0.004896
0.004896
26.114582
13.059739
0.004896
13.059739
6.532317
-19.577369
-6.522526
13.059739
6.532317
-6.522526
0.004896
-13.049948
0.004896
13.059739
0.004896
-19.577369
-6.522526
13.059739
0.004896
-39.159634
-19.577369
0.004896
-26.104791
-19.577369
6.532317
-6.522526
6.532317
6.532317
-6.522526
-13.049948
0.004896
6.532317
-26.104791
0.004896
6.532317
6.532317
6.532317
0.004896
6.532317
0.004896
6.532317
13.059739
-19.577369
-19.577369
19.587160
13.059739
-13.049948
19.587160
-13.049948
-45.687055
6.532317
39.169425
-19.577369
-13.049948
45.696846
-13.049948
-26.104791
39.169425
19.587160
-45.687055
-26.104791
26.114582
-13.049948
6.532317
39.169425
-13.049948
-19.577369
32.642003
13.059739
-32.632212
0.004896
0.004896
-39.159634
-19.577369
26.114582
-13.049948
-26.104791
32.642003
19.587160
-6.522526
13.059739
0.004896
-13.049948
0.004896
19.587160
-13.049948
-26.104791
32.642003
26.114582
-39.159634
6.532317
13.059739
-26.104791
6.532317
26.114582
-26.104791
-19.577369
26.114582
0.004896
-32.632212
32.642003
32.642003
-19.577369
0.004896
6.532317
-39.159634
6.532317
26.114582
-39.159634
-26.104791
19.587160
-19.577369
-13.049948
45.696846
13.059739
-45.687055
0.004896
19.587160
-26.104791
0.004896
39.169425
-19.577369
-6.522526
32.642003
-19.577369
-13.049948
39.169425
6.532317
-39.159634
19.587160
13.059739
-13.049948
19.587160
0.004896
-58.741898
0.004896
32.642003
-19.577369
-6.522526
39.169425
0.004896
-13.049948
45.696846
6.532317
-39.159634
19.587160
19.587160
-45.687055
6.532317
32.642003
-32.632212
-6.522526
26.114582
-19.577369
-6.522526
26.114582
-32.632212
-26.104791
32.642003
-19.577369
-52.214477
19.587160
19.587160
-45.687055
13.059739
39.169425
-39.159634
-19.577369
26.114582
-39.159634
-19.577369
58.751689
0.004896
-19.577369
45.696846
26.114582
-19.577369
6.532317
32.642003
-19.577369
-6.522526
13.059739
-26.104791
6.532317
26.114582
-32.632212
-6.522526
32.642003
-32.632212
-32.632212
45.696846
6.532317
-32.632212
39.169425
32.642003
-39.159634
13.059739
26.114582
-65.269320
-13.049948
65.279111
-13.049948
-26.104791
39.169425
0.004896
-32.632212
19.587160
0.004896
-19.577369
19.587160
13.059739
-19.577369
19.587160
19.587160
-32.632212
6.532317
-6.522526
-32.632212
0.004896
19.587160
-19.577369
-19.577369
26.114582
6.532317
-6.522526
13.059739
6.532317
-6.522526
19.587160
13.059739
-26.104791
0.004896
32.642003
0.004896
-19.577369
26.114582
19.587160
-13.049948
6.532317
13.059739
0.004896
-6.522526
6.532317
13.059739
13.059739
19.587160
-13.049948
-19.577369
0.004896
19.587160
13.059739
-13.049948
-6.522526
-6.522526
13.059739
-13.049948
-39.159634
13.059739
26.114582
-6.522526
19.587160
39.169425
-13.049948
-13.049948
-19.577369
-6.522526
6.532317
0.004896
-6.522526
6.532317
6.532317
6.532317
19.587160
-6.522526
-6.522526
26.114582
-13.049948
-32.632212
32.642003
26.114582
-39.159634
0.004896
13.059739
-26.104791
-26.104791
6.532317
-19.577369
-26.104791
19.587160
32.642003
-6.522526
6.532317
19.587160
-32.632212
-32.632212
26.114582
-13.049948
-45.687055
0.004896
6.532317
-39.159634
6.532317
32.642003
-13.049948
-26.104791
13.059739
-6.522526
-13.049948
32.642003
0.004896
-45.687055
13.059739
26.114582
-13.049948
6.532317
13.059739
-19.577369
-19.577369
19.587160
0.004896
-19.577369
13.059739
0.004896
6.532317
13.059739
19.587160
6.532317
-6.522526
-19.577369
-6.522526
26.114582
-6.522526
-39.159634
-13.049948
6.532317
6.532317
6.532317
13.059739
0.004896
-13.049948
0.004896
13.059739
-13.049948
-19.577369
13.059739
19.587160
13.059739
0.004896
13.059739
-19.577369
-26.104791
32.642003
6.532317
-45.687055
6.532317
26.114582
-6.522526
0.004896
45.696846
0.004896
-45.687055
19.587160
45.696846
-39.159634
-26.104791
71.806532
0.004896
-58.741898
26.114582
13.059739
-65.269320
6.532317
58.751689
-32.632212
-45.687055
13.059739
13.059739
-32.632212
6.532317
26.114582
-26.104791
-19.577369
45.696846
13.059739
-52.214477
13.059739
26.114582
-45.687055
-19.577369
45.696846
-13.049948
-52.214477
32.642003
39.169425
-65.269320
-19.577369
58.751689
-26.104791
-32.632212
71.806532
32.642003
-52.214477
26.114582
32.642003
-39.159634
13.059739
58.751689
-6.522526
-26.104791
39.169425
26.114582
-32.632212
26.114582
45.696846
-45.687055
-26.104791
52.224268
6.532317
-32.632212
26.114582
26.114582
-45.687055
13.059739
58.751689
-52.214477
-52.214477
45.696846
-13.049948
-78.324163
19.587160
52.224268
-58.741898
-19.577369
58.751689
-19.577369
-26.104791
52.224268
-6.522526
-78.324163
26.114582
39.169425
-58.741898
6.532317
52.224268
-39.159634
-39.159634
78.333954
13.059739
-84.851584
26.114582
58.751689
-52.214477
-6.522526
78.333954
-19.577369
-78.324163
65.279111
58.751689
-91.379006
-13.049948
91.388797
-32.632212
-71.796741
71.806532
32.642003
-78.324163
-6.522526
52.224268
-32.632212
-19.577369
71.806532
-6.522526
-71.796741
71.806532
45.696846
-91.379006
-13.049948
65.279111
-45.687055
-52.214477
52.224268
-6.522526
-84.851584
26.114582
58.751689
-65.269320
-13.049948
78.333954
-39.159634
-45.687055
78.333954
-6.522526
-78.324163
32.642003
58.751689
-58.741898
-13.049948
104.443640
-39.159634
-97.906427
58.751689
13.059739
-97.906427
39.169425
32.642003
-97.906427
32.642003
78.333954
-71.796741
-13.049948
91.388797
-39.159634
-91.379006
91.388797
65.279111
-124.016114
19.587160
124.025905
-65.269320
-52.214477
110.971062
6.532317
-97.906427
58.751689
45.696846
-143.598378
39.169425
156.663012
-117.488692
-78.324163
189.300120
-58.741898
-169.708064
195.827542
45.696846
-280.674230
176.245277
215.409806
-345.948446
0.004896
385.122766
-274.146809
-248.037123
456.924403
-32.632212
-430.804926
339.430815
215.409806
-496.079141
137.080748
411.232452
-424.277504
-110.961271
483.034089
-241.509701
-274.146809
469.979246
-58.741898
-424.277504
339.430815
169.717855
-443.859769
163.190434
345.958237
-398.167818
-45.687055
450.396981
-267.619387
-261.091966
424.287295
-52.214477
-352.475867
313.321129
91.388797
-359.003289
195.827542
189.300120
-326.366181
110.971062
261.101757
-326.366181
-19.577369
365.540502
-234.982280
-189.290329
398.177609
-97.906427
-332.893603
326.375972
71.806532
-385.112975
208.882385
215.409806
-385.112975
117.498483
332.903394
-372.058132
-39.159634
411.232452
-365.530710
-208.872594
587.472834
-189.290329
-496.079141
574.417991
97.916219
-704.956630
385.122766
489.561511
-731.066316
-13.049948
750.658372
-483.024298
-411.222661
750.658372
-163.180643
-639.682415
594.000255
163.190434
-620.100150
365.540502
274.156600
-633.154993
241.519492
456.924403
-633.154993
45.696846
626.637363
-541.771092
-208.872594
737.603529
-319.838760
-502.606563
672.329314
-19.577369
-620.100150
502.616354
195.827542
-646.209836
359.013080
352.485658
-698.429209
261.101757
515.671197
-770.230846
110.971062
750.658372
-757.176002
-169.708064
985.645547
-593.990464
-620.100150
1109.666556
-156.653221
-979.108335
894.261646
261.101757
-1083.547079
607.055098
594.000255
-1024.800285
274.156600
802.877744
-939.943805
-71.796741
992.172969
-750.648581
-417.750083
1109.666556
-437.332347
-737.593738
1037.864920
-71.796741
-913.834119
763.713215
215.409806
-881.197012
483.034089
365.540502
-763.703424
365.540502
437.342138
-757.176002
248.046914
600.527677
-770.230846
-19.577369
789.822901
-620.100150
-359.003289
861.624538
-261.091966
-554.825935
698.439000
-13.049948
-620.100150
489.561511
163.190434
-509.133984
306.793708
176.245277
-424.277504
254.574335
195.827542
-404.695240
182.772699
228.464649
-372.058132
84.861376
261.101757
-293.729073
6.532317
234.992071
-228.454858
13.059739
143.608169
-228.454858
97.916219
176.245277
-391.640397
84.861376
450.396981
-437.332347
-156.653221
587.472834
-287.201652
-365.530710
574.417991
-45.687055
-502.606563
378.595345
110.971062
-424.277504
319.848551
104.443640
-424.277504
345.958237
130.553326
-489.551720
345.958237
248.046914
-574.408199
208.882385
424.287295
-515.661406
-26.104791
463.451825
-319.838760
-104.433849
365.540502
-261.091966
-97.906427
339.430815
-300.256495
-78.324163
469.979246
-391.640397
-241.509701
724.548686
-293.729073
-607.045307
757.185794
71.806532
-815.922796
496.088932
417.759874
-744.121159
156.663012
561.363148
-483.024298
-78.324163
469.979246
-293.729073
-124.016114
365.540502
-254.564544
-169.708064
398.177609
-150.125800
-300.256495
352.485658
19.587160
-391.640397
267.629178
215.409806
-398.167818
32.642003
319.848551
-202.345172
-150.125800
241.519492
-6.522526
-195.817750
78.333954
84.861376
-78.324163
6.532317
52.224268
-32.632212
-71.796741
65.279111
91.388797
-150.125800
-6.522526
221.937228
-176.235486
-130.543535
306.793708
-71.796741
-274.146809
248.046914
45.696846
-287.201652
208.882385
110.971062
-300.256495
124.025905
150.135591
-261.091966
117.498483
189.300120
-306.783917
78.333954
319.848551
-300.256495
-104.433849
411.232452
-150.125800
-287.201652
274.156600
124.025905
-221.927437
-58.741898
124.025905
124.025905
-150.125800
-189.290329
332.903394
143.608169
-469.969455
97.916219
476.506668
-385.112975
-300.256495
496.088932
26.114582
-476.496876
143.608169
332.903394
-195.817750
-248.037123
169.717855
248.046914
-202.345172
-293.729073
359.013080
215.409806
-502.606563
26.114582
476.506668
-254.564544
-313.311338
326.375972
78.333954
-241.509701
32.642003
84.861376
0.004896
-39.159634
-137.070957
169.717855
195.827542
-332.893603
-26.104791
476.506668
-248.037123
-372.058132
443.869560
97.916219
-443.859769
156.663012
287.211443
-248.037123
-150.125800
182.772699
117.498483
-124.016114
-150.125800
189.300120
150.135591
-300.256495
-39.159634
391.650188
-150.125800
-378.585553
359.013080
248.046914
-469.969455
-26.104791
496.088932
-182.762907
-430.804926
417.759874
287.211443
-541.771092
-78.324163
561.363148
-176.235486
-509.133984
398.177609
326.375972
-515.661406
-26.104791
528.726040
-182.762907
-411.222661
313.321129
248.046914
-332.893603
-104.433849
261.101757
71.806532
-241.509701
-78.324163
339.430815
0.004896
-437.332347
189.300120
450.396981
-391.640397
-319.838760
535.253461
91.388797
-574.408199
97.916219
483.034089
-267.619387
-417.750083
391.650188
339.430815
-548.298513
-215.400015
652.747049
-26.104791
-672.319523
300.266286
548.308304
-528.716249
-332.893603
626.637363
91.388797
-620.100150
78.333954
567.890569
-254.564544
-535.243670
417.759874
463.451825
-593.990464
-313.311338
783.295480
58.751689
-887.724433
267.629178
828.987430
-633.154993
-600.517886
953.008440
215.409806
-1096.601922
293.738865
1024.810077
-776.758267
-685.374366
1096.611713
189.300120
-1148.821295
300.266286
959.535861
-639.682415
-646.209836
848.569695
326.375972
-972.580913
-6.522526
1024.810077
-365.530710
-952.998648
789.822901
672.329314
-1135.766451
-117.488692
1246.742409
-528.716249
-979.108335
979.118126
483.034089
-1135.766451
78.333954
1050.919763
-528.716249
-770.230846
815.932587
430.814717
-959.526070
-32.632212
953.008440
-359.003289
-744.121159
691.911578
417.759874
-842.032482
19.587160
802.877744
-339.421024
-522.188827
450.396981
254.574335
-385.112975
-182.762907
248.046914
248.046914
-267.619387
-352.475867
496.088932
274.156600
-763.703424
84.861376
809.405166
-509.133984
-600.517886
796.350323
254.574335
-920.361541
137.080748
861.624538
-515.661406
-704.956630
809.405166
385.122766
-1077.019658
52.224268
1109.666556
-620.100150
-835.505061
1037.864920
280.684022
-1155.348716
332.903394
874.679381
-815.922796
-365.530710
972.590704
-156.653221
-861.614747
528.726040
554.835726
-757.176002
-182.762907
744.130951
-117.488692
-580.935621
280.684022
443.869560
-306.783917
-391.640397
463.451825
411.232452
-744.121159
-143.598378
1024.810077
-417.750083
-907.306698
998.700390
326.375972
-1135.766451
378.595345
744.130951
-704.956630
-176.235486
659.274471
-143.598378
-469.969455
248.046914
365.540502
-300.256495
-332.893603
450.396981
241.519492
-646.209836
65.279111
750.658372
-483.024298
-613.572729
868.151960
274.156600
-1050.909972
215.409806
1005.227812
-724.538895
-659.264679
1090.084292
45.696846
-1148.821295
574.417991
828.987430
-952.998648
-332.893603
1037.864920
-130.543535
-887.724433
502.616354
613.582520
-731.066316
-313.311338
842.042274
-6.522526
-848.559904
319.848551
646.219627
-522.188827
-365.530710
600.527677
156.663012
-659.264679
32.642003
757.185794
-339.421024
-783.285689
744.130951
509.143775
-1122.711608
84.861376
1148.831086
-809.395375
-724.538895
1253.269830
0.004896
-1233.677774
639.692206
855.097117
-939.943805
-378.585553
998.700390
-19.577369
-926.888962
404.705031
744.130951
-757.176002
-372.058132
920.371332
-130.543535
-776.758267
535.253461
391.650188
-672.319523
-26.104791
613.582520
-137.070957
-541.771092
261.101757
567.890569
-567.880778
-424.277504
992.172969
-65.269320
-1174.930981
770.240637
861.624538
-1285.897147
-150.125800
1390.345682
-685.374366
-1011.745442
1285.906938
228.464649
-1416.445577
574.417991
985.645547
-1063.964815
-287.201652
1129.248821
-319.838760
-907.306698
737.603529
515.671197
-1024.800285
-19.577369
1044.392341
-541.771092
-711.484052
939.953597
195.827542
-966.053492
332.903394
711.493843
-652.737258
-345.948446
737.603529
-45.687055
-724.538895
437.342138
528.726040
-789.813110
-91.379006
881.206803
-378.585553
-567.880778
652.747049
182.772699
-567.880778
52.224268
417.759874
-97.906427
-398.167818
176.245277
463.451825
-463.442033
-359.003289
796.350323
-189.290329
-842.032482
900.789067
274.156600
-1259.787461
659.274471
900.789067
-1351.171362
45.696846
1279.379516
-959.526070
-548.298513
1201.050458
-254.564544
-926.888962
633.164784
587.472834
-796.340532
-345.948446
1057.447184
-26.104791
-1266.314882
724.548686
1070.502027
-1468.664950
-274.146809
1690.607073
-770.230846
-1207.568088
1475.202162
274.156600
-1618.795645
685.384157
1298.961781
-1377.281048
-541.771092
1703.661916
-437.332347
-1481.719793
1370.763418
737.603529
-1840.727977
345.958237
1690.607073
-1312.006833
-933.416384
1801.573239
-97.906427
-1677.542439
966.063283
1168.413350
-1514.356900
-411.222661
1788.518396
-456.914612
-1625.323067
1298.961781
979.118126
-1860.310242
-26.104791
1938.649091
-985.635756
-1442.555264
1762.408710
430.814717
-2003.913516
711.493843
1579.640907
-1599.213380
-731.066316
1990.868464
-319.838760
-1853.782820
1338.126310
1168.413350
-2010.440937
13.059739
2043.087836
-1246.732618
-1220.622931
2023.505571
-78.324163
-1912.529614
1240.214987
1103.139135
-1749.344076
-65.269320
1664.497387
-724.538895
-1168.403559
1246.742409
509.143775
-1488.247214
254.574335
1396.873104
-1070.492236
-848.559904
1651.442544
-130.543535
-1618.795645
1103.139135
959.535861
-1657.960174
-45.687055
1644.915122
-828.977639
-1181.458402
1442.565055
398.177609
-1638.377910
469.979246
1403.400526
-1187.985824
-822.450218
1671.024808
-52.214477
-1749.344076
1109.666556
1174.940772
-1873.365085
-6.522526
1919.066827
-1122.711608
-1259.787461
1808.100661
332.903394
-1977.803829
607.055098
1710.189338
-1514.356900
-1018.272864
2095.307208
-208.872594
-1990.858673
1507.839270
972.590704
-2147.516789
561.363148
1736.299024
-1742.816654
-541.771092
1997.395885
-763.703424
-1390.335891
1573.113485
372.067923
-1716.706968
639.692206
1305.489203
-1403.390734
-469.969455
1657.969965
-541.771092
-1351.171362
1344.653732
580.945412
-1710.179547
417.759874
1494.784427
-1285.897147
-685.374366
1697.134495
-430.804926
-1383.808470
1305.489203
469.979246
-1605.740802
515.671197
1266.324673
-1259.787461
-600.517886
1618.805436
-221.927437
-1553.521430
1057.447184
992.172969
-1612.268224
-58.741898
1566.586064
-881.197012
-959.526070
1436.037633
6.532317
-1481.719793
881.206803
985.645547
-1449.082685
-221.927437
1501.311849
-607.045307
-1070.492236
1174.940772
332.903394
-1318.534254
469.979246
1070.502027
-1122.711608
-515.661406
1507.839270
-274.146809
-1527.411744
1194.523036
992.172969
-1899.474771
110.971062
1951.703934
-1331.589098
-1168.403559
2121.416894
-182.762907
-2082.242574
1618.805436
1083.556870
-2402.086229
489.561511
2134.471737
-1912.529614
-881.197012
2571.808980
-855.087325
-2095.297417
2349.876648
528.726040
-2813.313786
1390.345682
1886.429719
-2682.765355
-58.741898
2676.247725
-1677.542439
-1494.774636
2493.479922
-110.961271
-2186.681319
1488.257005
1129.248821
-2160.571632
332.903394
1990.868464
-1618.795645
-1024.800285
2265.020168
-372.058132
-2108.352260
1742.826445
1103.139135
-2506.524974
541.780883
2258.492747
-2030.023202
-946.471227
2597.918666
-783.285689
-2075.715152
2069.197522
678.856735
-2486.942709
933.426175
1821.155504
-2127.934525
-359.003289
2336.821805
-1298.951990
-1520.884322
2421.678285
-97.906427
-2506.524974
1847.265190
1292.434359
-2721.929884
600.527677
2140.999159
-2036.550623
-522.188827
2258.492747
-1109.656765
-1377.281048
2023.505571
45.696846
-2101.824839
1246.742409
1357.708575
-2075.715152
-78.324163
2069.197522
-1201.040667
-1220.622931
2010.450728
-110.961271
-2049.605466
1514.366692
1142.303664
-2395.558808
378.595345
2271.547590
-1781.981183
-1174.930981
2500.007343
-385.112975
-2173.626475
1736.299024
979.118126
-2284.592642
502.616354
1919.066827
-1755.871497
-842.032482
2317.239540
-541.771092
-1964.748986
1723.244181
855.097117
-2225.845848
567.890569
1755.881288
-1684.069860
-587.463043
2016.978150
-672.319523
-1560.048851
1586.168328
659.274471
-1912.529614
476.506668
1592.695750
-1468.664950
-620.100150
1879.902298
-724.538895
-1416.445577
1749.353867
208.882385
-1964.748986
1194.523036
1187.995615
-2049.605466
202.354963
1892.957141
-1488.247214
-848.559904
2082.252365
-659.264679
-1690.597282
1997.395885
326.375972
-2278.065220
1344.653732
1220.632723
-2219.318426
541.780883
1671.024808
-1853.782820
-97.906427
1834.210347
-1370.753627
-711.484052
1795.045818
-659.264679
-1194.513245
1390.345682
143.608169
-1292.424568
646.219627
776.768058
-1018.272864
-202.345172
1155.358507
-456.914612
-966.053492
1063.974606
365.540502
-1292.424568
437.342138
1031.337498
-1083.547079
-313.311338
1318.544046
-567.880778
-1037.855128
1370.763418
208.882385
-1729.761811
953.008440
1279.379516
-1906.002193
-156.653221
2147.526580
-1266.314882
-1377.281048
2251.965325
-306.783917
-2010.440937
1932.121670
509.143775
-2454.305601
1351.181153
1520.894113
-2480.415288
221.937228
2225.855639
-1657.960174
-1005.218021
2160.581424
-404.695240
-1749.344076
1475.202162
698.439000
-1847.255399
535.253461
1462.147319
-1507.829479
-456.914612
1866.847454
-737.593738
-1377.281048
1644.915122
339.430815
-1801.563448
842.042274
1168.413350
-1644.905331
-13.049948
1664.497387
-1194.513245
-828.977639
1932.121670
-548.298513
-1703.652125
1919.066827
437.342138
-2467.360445
1298.961781
1697.134495
-2584.854032
117.498483
2571.808980
-2023.495780
-998.690599
2826.378420
-1246.732618
-1899.474771
2754.576783
-221.927437
-2630.545983
2199.745953
1024.810077
-2904.697687
1011.755233
2088.779787
-2330.284592
-372.058132
2408.623442
-1312.006833
-1344.643941
2160.581424
-195.817750
-1938.639300
1507.839270
887.734224
-2101.824839
502.616354
1775.463553
-1684.069860
-698.429209
2225.855639
-815.922796
-1886.419928
2258.492747
456.924403
-2813.313786
1579.640907
1801.573239
-2943.862217
424.287295
2558.754137
-2454.305601
-483.024298
2839.433263
-1919.057036
-1240.205196
2917.762322
-1122.711608
-1951.694143
2552.226716
-58.741898
-2284.592642
1762.408710
789.822901
-2265.010377
1011.755233
1481.729584
-2180.153897
130.553326
2206.273374
-1710.179547
-1018.272864
2441.260550
-744.121159
-1886.419928
2082.252365
287.211443
-2251.955534
1409.927947
1201.050458
-2284.592642
450.396981
2062.670101
-1873.365085
-770.230846
2428.205706
-959.526070
-1671.015017
2160.581424
26.114582
-2121.407103
1586.168328
926.898753
-2212.791005
737.603529
1560.058642
-1860.310242
-110.961271
1919.066827
-1416.445577
-913.834119
2278.075011
-724.538895
-1932.111879
2154.054002
515.671197
-2558.744346
1259.797252
1579.640907
-2369.449122
313.321129
1945.176513
-1906.002193
-287.201652
2160.581424
-1533.939165
-1031.327707
2362.931491
-737.593738
-1801.563448
1925.594248
385.122766
-1951.694143
933.426175
1090.084292
-1612.268224
137.080748
1475.202162
-1174.930981
-652.737258
1631.860279
-424.277504
-1377.281048
1344.653732
469.979246
-1599.213380
724.548686
1057.447184
-1488.247214
-32.632212
1547.003799
-1005.218021
-939.943805
1625.332858
-52.214477
-1605.740802
1096.611713
900.789067
-1775.453762
430.814717
1494.784427
-1703.652125
-208.872594
2010.450728
-1383.808470
-1103.129344
2336.821805
-580.935621
-2003.913516
2140.999159
417.759874
-2526.107238
1540.476378
1305.489203
-2597.908875
770.240637
1932.121670
-2212.791005
-91.379006
2082.252365
-1442.555264
-770.230846
1781.990975
-652.737258
-1142.293873
1344.653732
124.025905
-1253.260039
685.384157
731.076107
-1096.601922
-39.159634
1109.666556
-704.956630
-744.121159
1272.852095
-26.104791
-1383.808470
985.645547
842.042274
-1690.597282
332.903394
1625.332858
-1612.268224
-535.243670
2212.800796
-1135.766451
-1449.082685
2330.294383
-404.695240
-2010.440937
2075.724944
234.992071
-2297.647485
1736.299024
907.316489
-2630.545983
1148.831086
1899.484562
-2604.436297
-19.577369
2610.973509
-1840.727977
-1116.184187
2604.446088
-966.053492
-1703.652125
2356.404070
-332.893603
-2173.626475
2127.944316
561.363148
-2604.436297
1266.324673
1671.024808
-2317.229749
-45.687055
2251.965325
-1501.302057
-1135.766451
2389.041177
-639.682415
-2036.550623
2265.020168
417.759874
-2754.566992
1762.408710
1501.311849
-3041.773540
1018.282655
2317.239540
-3022.191275
156.663012
3087.475281
-2650.128248
-1168.403559
3590.086740
-1520.884322
-2441.250758
3283.297928
-71.796741
-2983.026746
2382.513756
907.316489
-3009.136432
1651.442544
1671.024808
-3113.575176
783.295480
2624.028353
-2865.533158
-496.079141
3296.352771
-2043.078045
-1644.905331
3459.538309
-1161.876138
-2545.689503
3322.462457
-182.762907
-3231.068764
2800.268734
881.206803
-3492.165625
1951.703934
1860.320033
-3407.309146
828.987430
2741.521940
-2917.752530
-528.716249
3270.243084
-1938.639300
-1840.727977
3237.605977
-469.969455
-2774.149257
2460.842814
874.679381
-3015.663853
1462.147319
1671.024808
-2728.457306
561.363148
2154.054002
-2193.208740
-476.496876
2415.150863
-1227.150353
-1494.774636
2180.163688
0.004896
-2114.879682
1396.873104
1031.337498
-2127.934525
580.945412
1553.531221
-2016.968359
163.190434
2016.978150
-2075.715152
-385.112975
2624.028353
-1795.036026
-1233.677774
2839.433263
-1096.601922
-1853.782820
2506.534765
-300.256495
-2114.879682
1964.758778
456.924403
-2336.812014
1305.489203
1364.235996
-2284.592642
280.684022
2101.834630
-1775.453762
-822.450218
2513.062186
-1116.184187
-1762.398919
2643.610617
-352.475867
-2460.833023
2375.986334
620.109941
-2741.512149
1625.332858
1266.324673
-2539.162081
946.481018
1651.442544
-2291.120063
150.135591
2147.526580
-1742.816654
-855.087325
2343.349227
-887.724433
-1527.411744
2062.670101
-182.762907
-1873.365085
1677.552230
594.000255
-2167.099054
1037.864920
1475.202162
-2167.099054
156.663012
2160.581424
-1860.310242
-737.593738
2513.062186
-1351.171362
-1462.137528
2624.028353
-672.319523
-2121.407103
2323.766962
261.101757
-2402.086229
1599.223172
966.063283
-2291.120063
868.151960
1553.531221
-2016.968359
6.532317
1958.231356
-1442.555264
-750.648581
1925.594248
-783.285689
-1233.677774
1690.607073
-182.762907
-1560.048851
1455.619898
365.540502
-1762.398919
1083.556870
874.679381
-1749.344076
469.979246
1312.016624
-1449.082685
-189.290329
1586.168328
-1057.437393
-744.121159
1723.244181
-704.956630
-1168.403559
1736.299024
-293.729073
-1586.158537
1533.948956
411.232452
-1840.727977
972.590704
1077.029449
-1801.563448
339.430815
1507.839270
-1690.597282
-150.125800
2049.615257
-1599.213380
-920.361541
2500.007343
-1148.821295
-1703.652125
2571.808980
-372.058132
-2219.318426
2134.471737
352.485658
-2297.647485
1599.223172
796.350323
-2140.989368
1050.919763
1057.447184
-1814.618291
489.561511
1214.105301
-1383.808470
-13.049948
1318.544046
-1031.327707
-443.859769
1416.455369
-698.429209
-855.087325
1475.202162
-345.948446
-1214.095510
1501.311849
-58.741898
-1605.740802
1494.784427
450.396981
-1997.386094
1214.105301
1044.392341
-2147.516789
724.548686
1416.455369
-1873.365085
404.705031
1403.400526
-1690.597282
195.827542
1514.366692
-1540.466587
-163.180643
1566.586064
-1161.876138
-483.024298
1416.455369
-685.374366
-731.066316
1285.906938
-404.695240
-1037.855128
1422.982790
-163.180643
-1436.027842
1455.619898
221.937228
-1710.179547
1181.468193
776.768058
-1801.563448
718.021264
1240.214987
-1840.727977
345.958237
1657.969965
-1892.947349
-78.324163
2134.471737
-1808.090870
-593.990464
2460.842814
-1592.685959
-1005.218021
2486.952500
-1325.061676
-1227.150353
2389.041177
-985.635756
-1462.137528
2206.273374
-476.496876
-1625.323067
1801.573239
45.696846
-1671.015017
1357.708575
496.088932
-1821.145713
1116.193978
1037.864920
-2049.605466
587.472834
1592.695750
-1723.234390
-189.290329
1644.915122
-1122.711608
-554.825935
1520.894113
-783.285689
-855.087325
1442.565055
-208.872594
-1318.534254
1129.248821
541.780883
-1599.213380
646.219627
1077.029449
-1468.664950
71.806532
1305.489203
-1063.964815
-359.003289
1338.126310
-815.922796
-561.353356
1318.544046
-593.990464
-737.593738
1148.831086
-254.564544
-959.526070
1109.666556
45.696846
-1285.897147
1194.523036
287.211443
-1579.631116
1168.413350
548.308304
-1814.618291
1103.139135
939.953597
-2069.187731
953.008440
1364.235996
-2389.031386
744.130951
1984.341042
-2663.183091
274.156600
2500.007343
-2499.997552
-208.872594
2663.192882
-2180.153897
-665.792101
2930.817165
-2016.968359
-1351.171362
3453.010887
-1762.398919
-2108.352260
3792.436807
-1194.513245
-2761.094414
3609.669004
-372.058132
-3126.630020
2963.454272
391.650188
-3061.355804
2225.855639
992.172969
-2839.423472
1468.674741
1494.784427
-2663.183091
757.185794
2023.505571
-2441.250758
6.532317
2480.425079
-2121.407103
-704.956630
2813.323577
-1834.200556
-1148.821295
2969.981694
-1657.960174
-1436.027842
2963.454272
-1240.205196
-1775.453762
2643.610617
-535.243670
-2003.913516
2114.889473
110.971062
-2082.242574
1703.661916
594.000255
-2330.284592
1494.784427
1266.324673
-2813.313786
1063.974606
2173.636267
-3002.609010
306.793708
2734.994519
-2708.875041
-195.817750
2793.741312
-2434.723337
-332.893603
2715.412254
-2291.120063
-489.551720
2656.665460
-1938.639300
-744.121159
2500.007343
-1468.664950
-1096.601922
2343.349227
-1135.766451
-1331.589098
2558.754137
-1174.930981
-1657.960174
3028.728488
-1174.930981
-2147.516789
3276.770506
-887.724433
-2558.744346
3257.188241
-352.475867
-2845.950894
2878.597792
45.696846
-2800.258943
2578.336402
339.430815
-2859.005737
2193.218531
939.953597
-3054.828383
1638.387701
1736.299024
-3146.212284
939.953597
2291.129854
-2930.807374
339.430815
2565.281559
-2787.204100
-58.741898
2930.817165
-2748.039571
-456.914612
3204.968869
-2447.778180
-913.834119
3250.660820
-2075.715152
-1298.951990
3244.133398
-1716.706968
-1462.137528
2865.542949
-1364.226205
-1233.677774
2428.205706
-1194.513245
-1318.534254
2539.171873
-1005.218021
-1886.419928
2996.091380
-802.867953
-2415.141072
3165.804340
-665.792101
-2356.394278
2950.399429
-698.429209
-2023.495780
2610.973509
-626.627572
-1781.981183
2140.999159
-274.146809
-1677.542439
1605.750593
189.300120
-1599.213380
1227.160144
450.396981
-1716.706968
1090.084292
894.261646
-2016.968359
822.460009
1488.257005
-2199.736162
456.924403
1840.737768
-2095.297417
124.025905
1853.792611
-1703.652125
-241.509701
1703.661916
-1096.601922
-724.538895
1592.695750
-430.804926
-1383.808470
1527.421535
241.519492
-1827.673134
1396.873104
672.329314
-2082.242574
1246.742409
992.172969
-2258.482955
1214.105301
1142.303664
-2506.524974
1364.235996
1220.632723
-2604.436297
1390.345682
1129.248821
-2441.250758
1266.324673
1116.193978
-2278.065220
939.953597
1305.489203
-2140.989368
698.439000
1436.037633
-2167.099054
802.877744
1488.257005
-2486.942709
1011.755233
1703.661916
-2924.279952
1122.721400
2036.560414
-3322.452666
1292.434359
2167.108845
-3577.022105
1501.311849
1997.395885
-3492.165625
1579.640907
1736.299024
-3074.410647
1403.400526
1377.290839
-2656.655669
1246.742409
1442.565055
-2637.073404
894.261646
2036.560414
-2721.929884
300.266286
2447.787971
-2447.778180
-202.345172
2415.150863
-1866.837663
-593.990464
2389.041177
-1527.411744
-1187.985824
2865.542949
-1298.951990
-2010.440937
3283.297928
-887.724433
-2486.942709
3041.783331
-352.475867
-2467.360445
2480.425079
143.608169
-2532.634660
2095.307208
815.932587
-2859.005737
1533.948956
1599.223172
-2617.491140
567.890569
1808.100661
-1742.816654
-228.454858
1514.366692
-966.053492
-398.167818
1050.919763
-665.792101
-156.653221
502.616354
-352.475867
261.101757
-326.366181
13.059739
757.185794
-913.834119
58.751689
855.097117
-737.593738
-104.433849
515.671197
-195.817750
-280.674230
359.013080
39.169425
-515.661406
587.472834
-45.687055
-626.627572
731.076107
-117.488692
-652.737258
750.658372
137.080748
-1161.876138
907.316489
678.856735
-1834.200556
1135.776243
842.042274
-2075.715152
1285.906938
757.185794
-1977.803829
1057.447184
1031.337498
-1899.474771
528.726040
1605.750593
-1938.639300
-39.159634
1951.703934
-1566.576273
-424.277504
1592.695750
-1011.745442
-509.133984
1246.742409
-593.990464
-737.593738
1122.721400
-97.906427
-1096.601922
1005.227812
287.211443
-1253.260039
953.008440
202.354963
-1109.656765
1057.447184
-84.851584
-1031.327707
1253.269830
-156.653221
-1292.424568
1481.729584
-150.125800
-1338.116519
1573.113485
-620.100150
-828.977639
1612.278015
-1194.513245
-293.729073
1644.915122
-1507.829479
-182.762907
1781.990975
-1494.774636
-391.640397
1684.079652
-1135.766451
-424.277504
1227.160144
-737.593738
-254.564544
868.151960
-587.463043
-313.311338
946.481018
-372.058132
-881.197012
1201.050458
104.443640
-1403.390734
1246.742409
71.806532
-1109.656765
1201.050458
-450.387190
-450.387190
992.172969
-907.306698
6.532317
1142.303664
-1298.951990
-65.269320
1651.442544
-1436.027842
-450.387190
1703.661916
-894.251855
-678.846944
1070.502027
-163.180643
-646.209836
620.109941
91.388797
-900.779276
966.063283
300.266286
-1638.377910
1161.885929
789.822901
-1984.331251
1122.721400
776.768058
-2003.913516
1566.586064
378.595345
-2193.208740
2036.560414
195.827542
-2212.791005
2088.779787
-39.159634
-1899.474771
2062.670101
-391.640397
-1488.247214
1873.374876
-515.661406
-1031.327707
1168.413350
-91.379006
-463.442033
-52.214477
372.067923
78.333954
-502.606563
385.122766
-124.016114
-45.687055
182.772699
-319.838760
345.958237
-345.948446
78.333954
528.726040
-933.416384
352.485658
744.130951
-1005.218021
91.388797
698.439000
-535.243670
-78.324163
202.354963
-19.577369
32.642003
-300.256495
339.430815
97.916219
-789.813110
789.822901
326.375972
-1507.829479
1103.139135
639.692206
-1814.618291
1207.577879
600.527677
-1834.200556
1272.852095
783.295480
-2186.681319
1266.324673
1155.358507
-2526.107238
1370.763418
1194.523036
-2571.799189
1442.565055
1161.885929
-2571.799189
1285.906938
1507.839270
-2780.676678
939.953597
2147.526580
-3093.992912
750.658372
2460.842814
-3257.178450
809.405166
2265.020168
-3028.718697
894.261646
1938.649091
-2832.896050
992.172969
1997.395885
-2924.279952
665.801892
2232.383060
-2526.107238
182.772699
2088.779787
-2349.866857
456.924403
2199.745953
-3139.684863
926.898753
2650.138039
-3818.536702
1116.193978
2728.467097
-3916.448025
1331.598889
2519.589608
-3883.810918
1429.510212
2454.315393
-3851.173810
1259.797252
2663.192882
-3798.954438
913.843910
2917.762322
-3733.680222
724.548686
2911.234900
-3498.693047
789.822901
2317.239540
-3028.718697
966.063283
1840.737768
-2734.984727
855.097117
1866.847454
-2591.381454
718.021264
1749.353867
-2271.537799
535.253461
1573.113485
-1892.947349
163.190434
1808.100661
-2016.968359
313.321129
1866.847454
-2506.524974
913.843910
1579.640907
-2467.360445
868.151960
1409.927947
-1873.365085
332.903394
1312.016624
-1488.247214
319.848551
1116.193978
-1755.871497
731.076107
1272.852095
-2265.010377
815.932587
1599.223172
-2297.647485
626.637363
1488.257005
-1912.529614
633.164784
1018.282655
-1834.200556
1063.974606
874.679381
-2186.681319
1305.489203
907.316489
-2140.989368
1312.016624
587.472834
-1768.926340
1246.742409
345.958237
-1494.774636
1142.303664
385.122766
-1560.048851
1201.050458
280.684022
-1625.323067
1586.168328
-208.872594
-1481.719793
1906.011984
-567.880778
-1142.293873
1579.640907
-750.648581
-280.674230
1122.721400
-1338.116519
456.924403
1116.193978
-1840.727977
822.460009
1005.227812
-1925.584457
1253.269830
352.485658
-1749.344076
1781.990975
-345.948446
-1442.555264
2075.724944
-907.306698
-1011.745442
2036.560414
-1357.698784
-359.003289
1736.299024
-1599.213380
137.080748
1377.290839
-1631.850488
430.814717
1161.885929
-1762.398919
639.692206
1194.523036
-1788.508605
574.417991
1181.468193
-1873.365085
704.966421
1449.092476
-2454.305601
946.481018
1788.518396
-2917.752530
1174.940772
1612.278015
-2741.512149
1560.058642
737.603529
-2421.668494
2336.821805
-378.585553
-2238.900691
3133.167232
-1135.766451
-1912.529614
2943.872008
-1298.951990
-946.471227
1945.176513
-1429.500421
78.333954
1194.523036
-1573.103694
718.021264
776.768058
-1684.069860
1318.544046
110.971062
-1664.487596
2049.615257
-789.813110
-1227.150353
2199.745953
-1318.534254
-502.606563
1671.024808
-1344.643941
-6.522526
1201.050458
-1253.260039
234.992071
835.514852
-992.163178
417.759874
84.861376
-326.366181
639.692206
-691.901787
45.696846
626.637363
-567.880778
32.642003
274.156600
-143.598378
-182.762907
326.375972
91.388797
-704.956630
639.692206
326.375972
-1090.074501
868.151960
202.354963
-1181.458402
1233.687566
-319.838760
-809.395375
1227.160144
-757.176002
-182.762907
861.624538
-815.922796
150.135591
744.130951
-1155.348716
535.253461
685.384157
-1507.829479
1214.105301
-124.016114
-1279.369725
2003.923307
-1083.547079
-1109.656765
2643.610617
-1781.981183
-1044.382550
3172.331761
-2408.613651
-750.648581
3074.420438
-2284.592642
-437.332347
2160.581424
-1481.719793
-365.530710
1566.586064
-1142.293873
-411.222661
1808.100661
-1573.103694
-280.674230
2023.505571
-2069.187731
274.156600
1899.484562
-2545.689503
953.008440
1618.805436
-2610.963718
1161.885929
887.734224
-1553.521430
802.877744
182.772699
-607.045307
365.540502
345.958237
-835.505061
404.705031
496.088932
-920.361541
587.472834
13.059739
-352.475867
169.717855
267.629178
-489.551720
-110.961271
1207.577879
-1579.631116
404.705031
1194.523036
-1592.685959
691.911578
404.705031
-757.176002
398.177609
456.924403
-1057.437393
483.034089
1070.502027
-1755.871497
450.396981
1292.434359
-1298.951990
-339.421024
1449.092476
-724.538895
-828.977639
1651.442544
-913.834119
-744.121159
1749.353867
-789.813110
-1174.930981
1586.168328
52.224268
-1546.994008
1037.864920
404.705031
-913.834119
456.924403
-176.235486
280.684022
-130.543535
-593.990464
1011.755233
-731.066316
-124.016114
1116.193978
-1116.184187
-32.632212
887.734224
-411.222661
-202.345172
-13.049948
450.396981
-176.235486
-535.243670
711.493843
-691.901787
163.190434
1024.810077
-1227.150353
261.101757
1024.810077
-1201.040667
-39.159634
1181.468193
-1181.458402
195.827542
1116.193978
-1436.027842
443.869560
913.843910
-1285.897147
189.300120
744.130951
-757.176002
352.485658
274.156600
-868.142169
881.206803
-45.687055
-822.450218
946.481018
-443.859769
-300.256495
626.637363
-443.859769
241.519492
-104.433849
-110.961271
417.759874
-600.517886
339.430815
385.122766
-972.580913
770.240637
385.122766
-1344.643941
1083.556870
385.122766
-1546.994008
868.151960
639.692206
-1357.698784
587.472834
744.130951
-1298.951990
698.439000
469.979246
-1194.513245
535.253461
561.363148
-463.442033
-345.948446
326.375972
469.979246
-704.956630
-124.016114
998.700390
-809.395375
-300.256495
933.426175
-463.442033
-332.893603
489.561511
274.156600
-861.614747
150.135591
998.700390
-985.635756
-234.982280
1116.193978
-842.032482
-293.729073
1018.282655
-665.792101
-91.379006
137.080748
221.937228
267.629178
-1344.643941
1057.447184
855.097117
-2225.845848
1018.282655
1351.181153
-1984.331251
463.451825
966.063283
-939.943805
228.464649
58.751689
-52.214477
267.629178
-515.661406
587.472834
-78.324163
-835.505061
998.700390
-169.708064
-691.901787
672.329314
189.300120
-724.538895
-78.324163
1214.105301
-593.990464
-1298.951990
1736.299024
0.004896
-1664.487596
1396.873104
150.135591
-1090.074501
691.911578
274.156600
-600.517886
78.333954
463.451825
-287.201652
-287.201652
254.574335
535.253461
-613.572729
-567.880778
1285.906938
-345.948446
-1207.568088
1481.729584
-78.324163
-1592.685959
1736.299024
84.861376
-1906.002193
1566.586064
580.945412
-1697.124703
359.013080
1409.927947
-809.395375
-1298.951990
1814.628082
-104.433849
-1612.268224
1618.805436
-110.961271
-1057.437393
685.384157
306.793708
-137.070957
-718.011473
594.000255
815.932587
-1742.816654
757.185794
1227.160144
-2003.913516
789.822901
835.514852
-1116.184187
424.287295
-195.817750
352.485658
437.342138
-1540.466587
1063.974606
1011.755233
-2408.613651
1037.864920
1638.387701
-1984.331251
-32.632212
1285.906938
-522.188827
-678.846944
731.076107
496.088932
-1246.732618
6.532317
1586.168328
-1155.348716
-685.374366
1723.244181
-1037.855128
-659.264679
1573.113485
-587.463043
-1050.909972
1077.029449
515.671197
-1436.027842
156.663012
1468.674741
-920.361541
-822.450218
1279.379516
-84.851584
-1214.095510
1083.556870
378.595345
-1560.048851
998.700390
685.384157
-1468.664950
287.211443
1298.961781
-946.471227
-1122.711608
1781.990975
-143.598378
-1808.090870
1677.552230
607.055098
-2297.647485
1174.940772
1285.906938
-2291.120063
868.151960
1031.337498
-1422.972999
404.705031
228.464649
19.587160
-84.851584
-398.167818
724.548686
-535.243670
-345.948446
1044.392341
-633.154993
-554.825935
1077.029449
-287.201652
-998.690599
1103.139135
215.409806
-1181.458402
620.109941
567.890569
-835.505061
189.300120
463.451825
-646.209836
541.780883
-169.708064
-548.298513
1187.995615
-633.154993
-704.956630
1259.797252
-352.475867
-842.032482
953.008440
-169.708064
-522.188827
842.042274
-463.442033
-567.880778
933.426175
-26.104791
-718.011473
528.726040
137.080748
-541.771092
378.595345
19.587160
-267.619387
293.738865
-150.125800
-84.851584
293.738865
-78.324163
-293.729073
221.937228
234.992071
-476.496876
254.574335
463.451825
-822.450218
137.080748
770.240637
-763.703424
-39.159634
665.801892
-587.463043
-117.488692
711.493843
-404.695240
-398.167818
652.747049
-293.729073
-267.619387
724.548686
-417.750083
-424.277504
770.240637
-391.640397
-359.003289
953.008440
-600.517886
-300.256495
933.426175
-770.230846
169.717855
567.890569
-979.108335
476.506668
489.561511
-724.538895
13.059739
456.924403
-221.927437
-6.522526
32.642003
-345.948446
580.945412
-319.838760
-476.496876
796.350323
-293.729073
-587.463043
861.624538
-234.982280
-502.606563
1031.337498
-1018.272864
-71.796741
1155.358507
-946.471227
110.971062
417.759874
-150.125800
-372.058132
97.916219
731.076107
-835.505061
78.333954
456.924403
-776.758267
724.548686
169.717855
-724.538895
352.485658
19.587160
-13.049948
-117.488692
91.388797
215.409806
-607.045307
607.055098
-182.762907
-750.648581
1442.565055
-580.935621
-1037.855128
1272.852095
-156.653221
-744.121159
626.637363
65.279111
-678.846944
620.109941
71.806532
-763.703424
861.624538
-150.125800
-704.956630
861.624538
-463.442033
-378.585553
1044.392341
-587.463043
-398.167818
881.206803
-385.112975
-411.222661
757.185794
-78.324163
-770.230846
704.966421
-58.741898
-763.703424
1057.447184
-65.269320
-855.087325
332.903394
332.903394
-78.324163
-332.893603
567.890569
-78.324163
-887.724433
920.371332
-84.851584
-607.045307
1031.337498
-789.813110
-398.167818
1227.160144
-724.538895
-261.091966
822.460009
-476.496876
-450.387190
509.143775
169.717855
-483.024298
339.430815
13.059739
-548.298513
587.472834
-189.290329
-39.159634
221.937228
-744.121159
763.713215
-13.049948
-633.154993
789.822901
-509.133984
-84.851584
685.384157
-763.703424
-19.577369
646.219627
-326.366181
-287.201652
163.190434
221.937228
-163.180643
-254.564544
509.143775
39.169425
-587.463043
182.772699
241.519492
-84.851584
84.861376
-228.454858
-143.598378
522.198618
-65.269320
-483.024298
208.882385
261.101757
-84.851584
-404.695240
169.717855
750.658372
-894.251855
-502.606563
1579.640907
-613.572729
-1018.272864
1462.147319
-548.298513
-848.559904
1377.290839
-554.825935
-535.243670
1207.577879
-1031.327707
-385.112975
1579.640907
-933.416384
-815.922796
1279.379516
-215.400015
-894.251855
822.460009
359.013080
-1031.327707
554.835726
483.034089
-1305.479411
815.932587
789.822901
-1370.753627
287.211443
620.109941
-509.133984
84.861376
287.211443
-58.741898
-313.311338
6.532317
554.835726
-411.222661
-326.366181
1024.810077
-417.750083
-874.669590
953.008440
182.772699
-855.087325
411.232452
365.540502
-711.484052
195.827542
476.506668
-326.366181
110.971062
-13.049948
-261.091966
221.937228
58.751689
-26.104791
-52.214477
-117.488692
241.519492
-32.632212
-241.509701
293.738865
-26.104791
-365.530710
137.080748
261.101757
-13.049948
-248.037123
130.553326
117.498483
-261.091966
221.937228
-19.577369
-221.927437
326.375972
0.004896
-202.345172
39.169425
39.169425
117.498483
-84.851584
-91.379006
-19.577369
-78.324163
221.937228
84.861376
-352.475867
-26.104791
352.485658
-163.180643
-293.729073
430.814717
45.696846
-522.188827
202.354963
372.067923
-195.817750
-319.838760
104.443640
287.211443
-182.762907
-143.598378
378.595345
-137.070957
-404.695240
463.451825
-19.577369
-274.146809
378.595345
-189.290329
-130.543535
319.848551
-91.379006
-261.091966
215.409806
287.211443
-300.256495
-39.159634
319.848551
-78.324163
-332.893603
124.025905
372.067923
-326.366181
-110.961271
496.088932
-202.345172
-274.146809
339.430815
-97.906427
-130.543535
274.156600
-156.653221
6.532317
91.388797
-280.674230
124.025905
156.663012
-124.016114
-26.104791
13.059739
-39.159634
6.532317
84.861376
52.224268
-39.159634
-91.379006
-124.016114
65.279111
221.937228
-32.632212
-58.741898
6.532317
-150.125800
32.642003
104.443640
-39.159634
-6.522526
-124.016114
-84.851584
208.882385
26.114582
-234.982280
0.004896
39.169425
-65.269320
-32.632212
45.696846
0.004896
-280.674230
65.279111
300.266286
-150.125800
-176.235486
58.751689
58.751689
-52.214477
104.443640
65.279111
-124.016114
-58.741898
-32.632212
156.663012
169.717855
-176.235486
-110.961271
137.080748
-124.016114
-6.522526
287.211443
0.004896
-182.762907
-130.543535
65.279111
91.388797
-52.214477
13.059739
0.004896
65.279111
-150.125800
-163.180643
345.958237
71.806532
-391.640397
-58.741898
124.025905
-97.906427
202.354963
202.354963
-195.817750
-32.632212
-215.400015
-104.433849
469.979246
130.553326
-306.783917
71.806532
215.409806
-208.872594
45.696846
313.321129
-110.961271
-195.817750
6.532317
169.717855
365.540502
-26.104791
-326.366181
241.519492
58.751689
-143.598378
248.046914
26.114582
-19.577369
-52.214477
-65.269320
221.937228
143.608169
-195.817750
-104.433849
234.992071
-26.104791
-176.235486
124.025905
117.498483
-39.159634
58.751689
-52.214477
-97.906427
52.224268
6.532317
104.443640
0.004896
-130.543535
26.114582
-71.796741
6.532317
97.916219
-124.016114
-97.906427
-71.796741
-124.016114
71.806532
104.443640
-163.180643
-104.433849
32.642003
-280.674230
-65.269320
234.992071
-169.708064
-156.653221
39.169425
-254.564544
-78.324163
130.553326
-326.366181
-110.961271
182.772699
-241.509701
-163.180643
189.300120
0.004896
-208.872594
-58.741898
0.004896
-39.159634
19.587160
32.642003
26.114582
45.696846
-84.851584
-137.070957
39.169425
97.916219
84.861376
84.861376
52.224268
110.971062
52.224268
0.004896
104.443640
143.608169
91.388797
78.333954
221.937228
248.046914
19.587160
117.498483
215.409806
-52.214477
150.135591
319.848551
52.224268
195.827542
202.354963
-19.577369
143.608169
58.751689
-97.906427
228.464649
293.738865
13.059739
143.608169
143.608169
-71.796741
156.663012
117.498483
-91.379006
202.354963
91.388797
-234.982280
189.300120
97.916219
-391.640397
-19.577369
-13.049948
-326.366181
-45.687055
-45.687055
-359.003289
-208.872594
-104.433849
-372.058132
-319.838760
-156.653221
-293.729073
-319.838760
-163.180643
-176.235486
-352.475867
-326.366181
-267.619387
-248.037123
-117.488692
-150.125800
-202.345172
-104.433849
-124.016114
-163.180643
-78.324163
-130.543535
-189.290329
-130.543535
-137.070957
84.861376
124.025905
32.642003
156.663012
19.587160
-32.632212
71.806532
-6.522526
71.806532
91.388797
91.388797
182.772699
6.532317
117.498483
241.519492
-97.906427
-6.522526
176.245277
6.532317
104.443640
424.287295
293.738865
124.025905
398.177609
104.443640
-71.796741
450.396981
319.848551
163.190434
437.342138
417.759874
293.738865
300.266286
372.067923
248.046914
169.717855
313.321129
208.882385
221.937228
535.253461
365.540502
150.135591
261.101757
202.354963
124.025905
19.587160
189.300120
300.266286
26.114582
13.059739
110.971062
52.224268
-150.125800
-365.530710
-339.421024
-280.674230
-319.838760
-463.442033
-476.496876
-378.585553
-979.108335
-1396.863313
-652.737258
-359.003289
-620.100150
-332.893603
-215.400015
-515.661406
-593.990464
-574.408199
-332.893603
45.696846
-143.598378
-241.509701
150.135591
228.464649
65.279111
124.025905
104.443640
-117.488692
-137.070957
-65.269320
137.080748
313.321129
176.245277
143.608169
241.519492
91.388797
-156.653221
-97.906427
71.806532
-13.049948
-97.906427
65.279111
-156.653221
-378.585553
84.861376
182.772699
-26.104791
124.025905
0.004896
-313.311338
-319.838760
19.587160
345.958237
280.684022
241.519492
221.937228
104.443640
417.759874
476.506668
254.574335
489.561511
411.232452
-26.104791
150.135591
561.363148
541.780883
352.485658
254.574335
215.409806
150.135591
215.409806
359.013080
378.595345
202.354963
39.169425
26.114582
110.971062
280.684022
326.375972
456.924403
509.143775
287.211443
339.430815
254.574335
13.059739
150.135591
300.266286
306.793708
274.156600
228.464649
241.519492
202.354963
-71.796741
-424.277504
-620.100150
-1240.205196
-2010.440937
-1422.972999
-267.619387
-104.433849
-182.762907
-189.290329
-737.593738
-1266.314882
-1292.424568
-861.614747
-137.070957
91.388797
-169.708064
150.135591
620.109941
345.958237
91.388797
189.300120
-176.235486
-750.648581
-463.442033
274.156600
691.911578
783.295480
541.780883
274.156600
-71.796741
-509.133984
-502.606563
-78.324163
65.279111
-208.872594
-97.906427
84.861376
-91.379006
-97.906427
-84.851584
-137.070957
-248.037123
-496.079141
-489.551720
-169.708064
-26.104791
189.300120
234.992071
-156.653221
-280.674230
-143.598378
13.059739
300.266286
594.000255
456.924403
137.080748
110.971062
52.224268
261.101757
678.856735
594.000255
326.375972
150.135591
-104.433849
-78.324163
313.321129
254.574335
-13.049948
65.279111
-65.269320
58.751689
522.198618
541.780883
456.924403
293.738865
-143.598378
-97.906427
365.540502
450.396981
443.869560
489.561511
456.924403
541.780883
554.835726
554.835726
607.055098
522.198618
365.540502
339.430815
463.451825
639.692206
711.493843
483.034089
189.300120
-176.235486
-835.505061
-1305.479411
-1573.103694
-1847.255399
-1684.069860
-1005.218021
-221.927437
-84.851584
-613.572729
-952.998648
-1207.568088
-1436.027842
-1148.821295
-567.880778
130.553326
561.363148
541.780883
711.493843
900.789067
626.637363
176.245277
-215.400015
-215.400015
0.004896
280.684022
770.240637
985.645547
822.460009
483.034089
-84.851584
-456.914612
-620.100150
-789.813110
-789.813110
-515.661406
-150.125800
-130.543535
-163.180643
-169.708064
-437.332347
-574.408199
-1129.239030
-1527.411744
-71.796741
626.637363
-496.079141
71.806532
1090.084292
84.861376
-639.682415
-143.598378
326.375972
646.219627
587.472834
463.451825
1109.666556
1155.358507
13.059739
-261.091966
398.177609
293.738865
-176.235486
0.004896
254.574335
169.717855
-130.543535
-398.167818
-221.927437
-150.125800
-600.517886
-469.969455
300.266286
437.342138
137.080748
208.882385
306.793708
45.696846
-228.454858
26.114582
646.219627
842.042274
567.890569
424.287295
633.164784
855.097117
554.835726
313.321129
718.021264
783.295480
450.396981
574.417991
724.548686
789.822901
842.042274
607.055098
633.164784
757.185794
483.034089
417.759874
326.375972
-411.222661
-887.724433
-985.635756
-1977.803829
-3263.705872
-2728.457306
-933.416384
-19.577369
-137.070957
-417.750083
-802.867953
-1527.411744
-2199.736162
-1586.158537
71.806532
920.371332
685.384157
620.109941
1298.961781
1488.257005
659.274471
313.321129
313.321129
-248.037123
-456.914612
241.519492
1031.337498
1377.290839
868.151960
124.025905
-150.125800
-613.572729
-1253.260039
-1155.348716
-724.538895
-646.209836
-561.353356
-398.167818
-234.982280
-274.146809
-646.209836
-561.353356
-182.762907
-306.783917
-509.133984
-234.982280
110.971062
359.013080
691.911578
580.945412
332.903394
359.013080
124.025905
215.409806
868.151960
1148.831086
861.624538
-750.648581
-2036.550623
-117.488692
1266.324673
-45.687055
-215.400015
424.287295
-221.927437
-1553.521430
-1801.563448
104.443640
1488.257005
-6.522526
-1638.377910
-489.551720
1298.961781
665.801892
-718.011473
-163.180643
881.206803
0.004896
-1077.019658
58.751689
1671.024808
1344.653732
-39.159634
-32.632212
953.008440
907.316489
300.266286
391.650188
900.789067
868.151960
261.101757
280.684022
815.932587
600.527677
195.827542
359.013080
430.814717
169.717855
-71.796741
65.279111
509.143775
946.481018
1168.413350
1187.995615
1240.214987
574.417991
-972.580913
-1449.082685
-1050.909972
-1651.432753
-2493.470131
-2284.592642
-992.163178
574.417991
443.869560
-822.450218
-881.197012
-1142.293873
-2513.052395
-2160.571632
-182.762907
1109.666556
1305.489203
731.076107
659.274471
1325.071467
881.206803
-84.851584
-19.577369
110.971062
-195.817750
-58.741898
763.713215
1566.586064
1298.961781
215.409806
-541.771092
-815.922796
-1148.821295
-1364.226205
-874.669590
-345.948446
-359.003289
-404.695240
-385.112975
-280.674230
-208.872594
-306.783917
-345.948446
-267.619387
-221.927437
-228.454858
58.751689
483.034089
476.506668
332.903394
385.122766
319.848551
300.266286
548.308304
587.472834
639.692206
972.590704
698.439000
26.114582
84.861376
398.177609
71.806532
-1005.218021
-1834.200556
-626.627572
254.574335
-1873.365085
-2663.183091
-13.049948
809.405166
-1214.095510
-1201.040667
1403.400526
2193.218531
-130.543535
-1540.466587
319.848551
2082.252365
450.396981
-1390.335891
391.650188
2317.239540
587.472834
-1259.787461
156.663012
1684.079652
750.658372
-463.442033
110.971062
1422.982790
1011.755233
-802.867953
-607.045307
1187.995615
933.426175
-274.146809
52.224268
731.076107
359.013080
-221.927437
117.498483
835.514852
933.426175
528.726040
665.801892
1370.763418
1383.818261
992.172969
926.898753
-274.146809
-1925.584457
-1906.002193
-1690.597282
-2016.968359
-1481.719793
-450.387190
267.629178
97.916219
-848.559904
-1259.787461
-1370.753627
-2036.550623
-1906.002193
-587.463043
691.911578
1403.400526
1370.763418
1181.468193
1018.282655
274.156600
-398.167818
-417.750083
-215.400015
52.224268
496.088932
1077.029449
1305.489203
907.316489
274.156600
-463.442033
-1070.492236
-1318.534254
-1305.479411
-815.922796
-469.969455
-502.606563
-78.324163
110.971062
-182.762907
-208.872594
-345.948446
-750.648581
-626.627572
-143.598378
52.224268
248.046914
580.945412
541.780883
280.684022
137.080748
208.882385
561.363148
698.439000
372.067923
424.287295
855.097117
208.882385
-776.758267
-600.517886
-574.408199
-548.298513
359.013080
215.409806
-417.750083
-202.345172
-691.901787
-1514.356900
-1057.437393
-78.324163
359.013080
339.430815
241.519492
411.232452
567.890569
32.642003
-646.209836
-443.859769
84.861376
65.279111
110.971062
861.624538
1462.147319
1214.105301
698.439000
620.109941
698.439000
313.321129
-110.961271
-52.214477
189.300120
385.122766
463.451825
522.198618
815.932587
763.713215
359.013080
411.232452
430.814717
306.793708
476.506668
541.780883
887.734224
1370.763418
1357.708575
1481.729584
920.371332
-1103.129344
-2278.065220
-2251.955534
-2878.588001
-2813.313786
-698.429209
1240.214987
1096.611713
-248.037123
-1370.753627
-2030.023202
-2323.757171
-2317.229749
-1253.260039
776.768058
1755.881288
1227.160144
1103.139135
1599.223172
1233.687566
163.190434
-483.024298
-372.058132
0.004896
39.169425
404.705031
1233.687566
1357.708575
548.308304
-424.277504
-1018.272864
-1240.205196
-1455.610107
-1527.411744
-966.053492
-267.619387
-58.741898
-117.488692
-182.762907
-143.598378
-208.872594
-404.695240
-274.146809
-130.543535
-202.345172
-65.269320
300.266286
639.692206
665.801892
378.595345
280.684022
548.308304
633.164784
554.835726
887.734224
711.493843
-1174.930981
-2219.318426
-91.379006
1462.147319
261.101757
39.169425
874.679381
-280.674230
-2121.407103
-2238.900691
-691.901787
718.021264
-32.632212
-1155.348716
117.498483
1455.619898
496.088932
-620.100150
-169.708064
254.574335
-502.606563
-959.526070
-150.125800
1018.282655
1390.345682
646.219627
561.363148
1312.016624
953.008440
287.211443
417.759874
319.848551
-52.214477
-110.961271
13.059739
359.013080
594.000255
626.637363
946.481018
1044.392341
424.287295
-176.235486
-84.851584
326.375972
424.287295
652.747049
1325.071467
1573.113485
1220.632723
541.780883
-613.572729
-1507.829479
-1775.453762
-2604.436297
-3270.233293
-1612.268224
959.535861
1312.016624
-52.214477
-796.340532
-1305.479411
-2349.866857
-2643.600826
-1462.137528
502.616354
1742.826445
1285.906938
789.822901
1533.948956
1618.805436
365.540502
-254.564544
52.224268
-19.577369
-365.530710
26.114582
900.789067
1370.763418
933.426175
-150.125800
-815.922796
-913.834119
-1344.643941
-1697.124703
-1044.382550
-274.146809
-319.838760
-437.332347
-254.564544
-78.324163
6.532317
-65.269320
-150.125800
-52.214477
-65.269320
-261.091966
-130.543535
378.595345
757.185794
704.966421
567.890569
672.329314
633.164784
456.924403
587.472834
691.911578
359.013080
-522.188827
-1292.424568
-933.416384
-332.893603
-522.188827
-156.653221
1018.282655
783.295480
-926.888962
-1723.234390
-1057.437393
-600.517886
-802.867953
-306.783917
1070.502027
1605.750593
633.164784
-332.893603
-58.741898
378.595345
-398.167818
-1057.437393
-261.091966
704.966421
783.295480
718.021264
1292.434359
1690.607073
1116.193978
300.266286
32.642003
176.245277
52.224268
-326.366181
-52.214477
587.472834
711.493843
711.493843
939.953597
887.734224
567.890569
156.663012
-78.324163
215.409806
646.219627
953.008440
1305.489203
1070.502027
-234.982280
-1690.597282
-2362.921700
-2617.491140
-2558.744346
-1077.019658
946.481018
1005.227812
-208.872594
-1037.855128
-1723.234390
-2030.023202
-1618.795645
-874.669590
215.409806
1155.358507
1063.974606
718.021264
992.172969
1077.029449
450.396981
-78.324163
-110.961271
-45.687055
221.937228
672.329314
809.405166
796.350323
600.527677
-110.961271
-796.340532
-1018.272864
-1168.403559
-1266.314882
-1057.437393
-607.045307
-215.400015
-241.509701
-398.167818
-254.564544
-39.159634
-52.214477
-215.400015
-267.619387
-169.708064
-78.324163
104.443640
398.177609
665.801892
620.109941
332.903394
359.013080
600.527677
567.890569
613.582520
339.430815
-789.813110
-1344.643941
-359.003289
894.261646
933.426175
215.409806
71.806532
13.059739
-1122.711608
-2095.297417
-1090.074501
548.308304
522.198618
-554.825935
-528.716249
633.164784
894.261646
-176.235486
-574.408199
195.827542
404.705031
-463.442033
-835.505061
182.772699
1220.632723
985.645547
398.177609
685.384157
1253.269830
966.063283
267.629178
182.772699
580.945412
567.890569
-78.324163
-398.167818
248.046914
848.569695
757.185794
633.164784
672.329314
613.582520
228.464649
-130.543535
359.013080
1266.324673
1449.092476
979.118126
698.439000
39.169425
-1560.048851
-2415.141072
-2088.769996
-2056.132888
-1429.500421
195.827542
855.097117
156.663012
-698.429209
-1298.951990
-1723.234390
-1788.508605
-1462.137528
-515.661406
913.843910
1409.927947
855.097117
802.877744
1050.919763
613.582520
19.587160
-110.961271
137.080748
365.540502
261.101757
326.375972
763.713215
842.042274
228.464649
-522.188827
-933.416384
-1057.437393
-1109.656765
-1142.293873
-796.340532
-306.783917
-228.454858
-476.496876
-391.640397
65.279111
156.663012
-156.653221
-241.509701
-248.037123
-293.729073
-261.091966
-137.070957
365.540502
848.569695
744.130951
574.417991
652.747049
456.924403
-215.400015
-535.243670
-352.475867
-169.708064
483.034089
979.118126
600.527677
137.080748
-195.817750
-580.935621
-763.703424
-744.121159
-580.935621
-306.783917
-208.872594
-293.729073
-156.653221
150.135591
182.772699
-163.180643
-300.256495
-117.488692
-78.324163
-137.070957
6.532317
176.245277
352.485658
574.417991
620.109941
678.856735
848.569695
822.460009
626.637363
476.506668
424.287295
306.793708
104.443640
58.751689
150.135591
469.979246
731.076107
607.055098
541.780883
704.966421
646.219627
417.759874
443.869560
789.822901
1057.447184
939.953597
770.240637
156.663012
-1148.821295
-2069.187731
-2454.305601
-2571.799189
-1364.226205
574.417991
939.953597
84.861376
-580.935621
-1396.863313
-2140.989368
-1866.837663
-946.471227
32.642003
894.261646
1103.139135
724.548686
776.768058
1037.864920
718.021264
359.013080
313.321129
163.190434
-6.522526
130.553326
372.067923
678.856735
920.371332
607.055098
-143.598378
-678.846944
-939.943805
-1246.732618
-1214.095510
-704.956630
-411.222661
-437.332347
-489.551720
-339.421024
-45.687055
130.553326
143.608169
-110.961271
-476.496876
-587.463043
-541.771092
-306.783917
332.903394
763.713215
737.603529
685.384157
300.266286
-593.990464
-613.572729
417.759874
685.384157
163.190434
352.485658
789.822901
287.211443
-639.682415
-639.682415
261.101757
580.945412
-241.509701
-939.943805
-593.990464
-58.741898
-359.003289
-763.703424
-241.509701
437.342138
58.751689
-633.154993
-515.661406
84.861376
391.650188
52.224268
-274.146809
163.190434
607.055098
411.232452
352.485658
887.734224
1298.961781
1024.810077
404.705031
104.443640
280.684022
522.198618
326.375972
169.717855
522.198618
750.658372
515.671197
398.177609
757.185794
1109.666556
887.734224
385.122766
352.485658
783.295480
939.953597
202.354963
-946.471227
-1631.850488
-2056.132888
-2571.799189
-2075.715152
-202.345172
992.172969
339.430815
-763.703424
-1416.445577
-1873.365085
-1912.529614
-1344.643941
-261.091966
881.206803
1187.995615
744.130951
483.034089
613.582520
731.076107
554.835726
404.705031
430.814717
293.738865
0.004896
-39.159634
437.342138
992.172969
972.590704
345.958237
-372.058132
-809.395375
-1063.964815
-1181.458402
-920.361541
-404.695240
-234.982280
-496.079141
-509.133984
-169.708064
32.642003
32.642003
-78.324163
-280.674230
-515.661406
-691.901787
-626.627572
-110.961271
652.747049
953.008440
620.109941
496.088932
502.616354
-522.188827
-1462.137528
-248.037123
1357.708575
998.700390
385.122766
1005.227812
1070.502027
-378.585553
-1305.479411
-469.969455
665.801892
561.363148
-554.825935
-952.998648
-52.214477
274.156600
-672.319523
-855.087325
332.903394
744.130951
-306.783917
-1037.855128
-450.387190
456.924403
378.595345
-195.817750
-6.522526
796.350323
979.118126
359.013080
359.013080
1135.776243
1214.105301
359.013080
-143.598378
176.245277
574.417991
561.363148
456.924403
691.911578
887.734224
698.439000
430.814717
300.266286
607.055098
1096.611713
1037.864920
639.692206
339.430815
-332.893603
-1409.918156
-2167.099054
-2369.449122
-1879.892506
-691.901787
110.971062
-97.906427
-456.914612
-737.593738
-1409.918156
-1971.276408
-1755.871497
-894.251855
71.806532
437.342138
411.232452
744.130951
1109.666556
933.426175
535.253461
509.143775
639.692206
385.122766
-84.851584
-117.488692
359.013080
796.350323
933.426175
737.603529
411.232452
32.642003
-580.935621
-1096.601922
-992.163178
-567.880778
-463.442033
-659.264679
-698.429209
-339.421024
52.224268
39.169425
-130.543535
-202.345172
-372.058132
-704.956630
-835.505061
-476.496876
-13.049948
228.464649
476.506668
633.164784
359.013080
182.772699
391.650188
65.279111
-600.517886
-378.585553
463.451825
770.240637
443.869560
450.396981
939.953597
750.658372
-352.475867
-966.053492
-430.804926
26.114582
-372.058132
-757.176002
-261.091966
541.780883
254.574335
-685.374366
-607.045307
267.629178
345.958237
-398.167818
-652.737258
-58.741898
476.506668
300.266286
143.608169
828.987430
1449.092476
1018.282655
300.266286
267.629178
691.911578
718.021264
293.738865
228.464649
633.164784
789.822901
594.000255
509.143775
678.856735
861.624538
776.768058
483.034089
580.945412
1005.227812
920.371332
274.156600
-489.551720
-1338.116519
-1997.386094
-2408.613651
-2265.010377
-1024.800285
234.992071
248.046914
-280.674230
-750.648581
-1403.390734
-1971.276408
-1964.748986
-1253.260039
-202.345172
365.540502
287.211443
241.519492
502.616354
828.987430
894.261646
789.822901
828.987430
580.945412
-45.687055
-378.585553
-39.159634
620.109941
1063.974606
1031.337498
665.801892
169.717855
-359.003289
-731.066316
-783.285689
-515.661406
-241.509701
-293.729073
-626.627572
-652.737258
-248.037123
-19.577369
-84.851584
-130.543535
-169.708064
-404.695240
-783.285689
-868.142169
-489.551720
97.916219
443.869560
176.245277
-176.235486
176.245277
496.088932
0.004896
-398.167818
293.738865
1122.721400
515.671197
-469.969455
13.059739
1018.282655
691.911578
-345.948446
-254.564544
528.726040
189.300120
-842.032482
-815.922796
274.156600
750.658372
-91.379006
-731.066316
-189.290329
306.793708
-169.708064
-580.935621
-143.598378
437.342138
280.684022
-202.345172
39.169425
770.240637
959.535861
613.582520
417.759874
515.671197
587.472834
411.232452
221.937228
430.814717
718.021264
718.021264
509.143775
359.013080
509.143775
744.130951
691.911578
463.451825
574.417991
992.172969
998.700390
535.253461
143.608169
-319.838760
-1018.272864
-1808.090870
-2395.558808
-1899.474771
-476.496876
234.992071
-26.104791
-228.454858
-430.804926
-1214.095510
-2082.242574
-2056.132888
-1070.492236
-130.543535
6.532317
-176.235486
52.224268
522.198618
607.055098
404.705031
587.472834
861.624538
424.287295
-254.564544
-476.496876
-150.125800
483.034089
757.185794
704.966421
750.658372
567.890569
0.004896
-528.716249
-600.517886
-306.783917
-169.708064
-319.838760
-411.222661
-202.345172
-58.741898
-137.070957
-130.543535
6.532317
19.587160
-267.619387
-737.593738
-881.197012
-554.825935
-221.927437
-6.522526
221.937228
319.848551
313.321129
97.916219
-548.298513
-868.142169
-117.488692
502.616354
306.793708
443.869560
1057.447184
953.008440
143.608169
-306.783917
-150.125800
71.806532
6.532317
-202.345172
65.279111
613.582520
496.088932
-150.125800
-339.421024
-65.269320
-39.159634
-359.003289
-456.914612
-117.488692
169.717855
97.916219
65.279111
404.705031
646.219627
522.198618
398.177609
339.430815
254.574335
208.882385
163.190434
137.080748
248.046914
476.506668
607.055098
587.472834
535.253461
548.308304
626.637363
691.911578
600.527677
535.253461
626.637363
704.966421
639.692206
450.396981
306.793708
150.135591
-293.729073
-998.690599
-1475.192371
-1168.403559
-391.640397
-195.817750
-378.585553
-293.729073
-509.133984
-1161.876138
-1684.069860
-1657.960174
-1024.800285
-437.332347
-359.003289
-352.475867
-117.488692
78.333954
45.696846
6.532317
189.300120
411.232452
267.629178
-241.509701
-476.496876
-182.762907
176.245277
417.759874
587.472834
620.109941
483.034089
124.025905
-274.146809
-293.729073
32.642003
208.882385
26.114582
-137.070957
-26.104791
124.025905
52.224268
-26.104791
58.751689
58.751689
-202.345172
-509.133984
-567.880778
-313.311338
-84.851584
-124.016114
-163.180643
-6.522526
84.861376
-110.961271
-306.783917
-117.488692
-84.851584
-443.859769
-443.859769
-65.269320
104.443640
202.354963
502.616354
600.527677
280.684022
-195.817750
-417.750083
-143.598378
215.409806
293.738865
339.430815
515.671197
443.869560
-13.049948
-359.003289
-221.927437
91.388797
84.861376
-208.872594
-228.454858
84.861376
156.663012
65.279111
365.540502
763.713215
724.548686
300.266286
-91.379006
-65.269320
45.696846
-45.687055
39.169425
378.595345
600.527677
567.890569
502.616354
469.979246
548.308304
580.945412
430.814717
352.485658
391.650188
365.540502
274.156600
241.519492
352.485658
528.726040
691.911578
737.603529
535.253461
254.574335
-78.324163
-718.011473
-1174.930981
-979.108335
-613.572729
-483.024298
-391.640397
-274.146809
-306.783917
-522.188827
-796.340532
-809.395375
-548.298513
-378.585553
-430.804926
-561.353356
-626.627572
-541.771092
-424.277504
-313.311338
-84.851584
215.409806
241.519492
-150.125800
-489.551720
-404.695240
-143.598378
13.059739
58.751689
130.553326
208.882385
52.224268
-163.180643
-97.906427
202.354963
359.013080
221.937228
91.388797
97.916219
65.279111
-71.796741
-130.543535
58.751689
221.937228
124.025905
-104.433849
-208.872594
-143.598378
-110.961271
-104.433849
-110.961271
-32.632212
39.169425
-182.762907
-463.442033
-319.838760
-65.269320
-130.543535
-91.379006
143.608169
189.300120
110.971062
0.004896
-39.159634
-6.522526
-32.632212
39.169425
156.663012
163.190434
189.300120
202.354963
65.279111
-32.632212
-84.851584
-176.235486
-84.851584
13.059739
-52.214477
52.224268
274.156600
339.430815
228.464649
143.608169
176.245277
130.553326
13.059739
-32.632212
65.279111
234.992071
261.101757
267.629178
437.342138
613.582520
554.835726
359.013080
248.046914
202.354963
143.608169
124.025905
202.354963
372.067923
541.780883
567.890569
463.451825
437.342138
424.287295
267.629178
156.663012
319.848551
476.506668
463.451825
424.287295
463.451825
372.067923
71.806532
-313.311338
-770.230846
-952.998648
-678.846944
-411.222661
-372.058132
-254.564544
-84.851584
-248.037123
-652.737258
-809.395375
-652.737258
-496.079141
-535.243670
-646.209836
-639.682415
-509.133984
-385.112975
-398.167818
-306.783917
-6.522526
39.169425
-241.509701
-430.804926
-365.530710
-182.762907
-78.324163
-110.961271
-19.577369
221.937228
221.937228
32.642003
-6.522526
169.717855
254.574335
71.806532
-26.104791
78.333954
110.971062
-19.577369
-39.159634
104.443640
215.409806
143.608169
-32.632212
-84.851584
-65.269320
-84.851584
-78.324163
13.059739
143.608169
169.717855
124.025905
0.004896
-176.235486
-195.817750
-78.324163
-130.543535
-137.070957
182.772699
365.540502
156.663012
-32.632212
-84.851584
-137.070957
-208.872594
-261.091966
-169.708064
-39.159634
45.696846
110.971062
124.025905
156.663012
208.882385
110.971062
-45.687055
-150.125800
-195.817750
-137.070957
-110.961271
-52.214477
117.498483
221.937228
280.684022
359.013080
391.650188
234.992071
45.696846
-6.522526
19.587160
104.443640
169.717855
300.266286
469.979246
430.814717
274.156600
228.464649
215.409806
234.992071
326.375972
378.595345
450.396981
515.671197
463.451825
365.540502
332.903394
293.738865
254.574335
287.211443
372.067923
443.869560
515.671197
594.000255
607.055098
398.177609
78.333954
-274.146809
-711.484052
-979.108335
-894.251855
-626.627572
-372.058132
-110.961271
0.004896
-169.708064
-469.969455
-639.682415
-704.956630
-678.846944
-574.408199
-561.353356
-587.463043
-587.463043
-554.825935
-411.222661
-215.400015
-65.269320
6.532317
-45.687055
-150.125800
-313.311338
-404.695240
-326.366181
-202.345172
-97.906427
13.059739
71.806532
0.004896
-58.741898
-39.159634
19.587160
156.663012
176.245277
52.224268
19.587160
52.224268
32.642003
13.059739
110.971062
254.574335
156.663012
-6.522526
39.169425
71.806532
91.388797
169.717855
234.992071
254.574335
163.190434
6.532317
-150.125800
-221.927437
-137.070957
-32.632212
32.642003
195.827542
345.958237
274.156600
97.916219
-71.796741
-156.653221
-234.982280
-365.530710
-339.421024
-130.543535
39.169425
130.553326
150.135591
169.717855
228.464649
78.333954
-163.180643
-156.653221
-124.016114
-202.345172
-221.927437
-84.851584
110.971062
221.937228
228.464649
195.827542
163.190434
130.553326
65.279111
58.751689
182.772699
326.375972
352.485658
339.430815
345.958237
300.266286
195.827542
137.080748
169.717855
293.738865
417.759874
404.705031
359.013080
443.869560
476.506668
339.430815
169.717855
182.772699
248.046914
208.882385
169.717855
241.519492
456.924403
594.000255
587.472834
607.055098
522.198618
248.046914
-130.543535
-593.990464
-900.779276
-855.087325
-522.188827
-234.982280
-39.159634
84.861376
-19.577369
-332.893603
-652.737258
-750.648581
-613.572729
-541.771092
-607.045307
-665.792101
-607.045307
-535.243670
-483.024298
-378.585553
-182.762907
-19.577369
-110.961271
-352.475867
-496.079141
-476.496876
-385.112975
-287.201652
-110.961271
71.806532
124.025905
39.169425
-71.796741
-104.433849
65.279111
169.717855
84.861376
52.224268
137.080748
143.608169
84.861376
110.971062
228.464649
267.629178
182.772699
45.696846
-52.214477
-91.379006
6.532317
97.916219
110.971062
195.827542
234.992071
137.080748
-45.687055
-189.290329
-228.454858
-137.070957
-26.104791
-13.049948
45.696846
189.300120
91.388797
-241.509701
-365.530710
-215.400015
-130.543535
-137.070957
-124.016114
-19.577369
130.553326
117.498483
-65.269320
-78.324163
39.169425
19.587160
-137.070957
-169.708064
-6.522526
91.388797
45.696846
110.971062
261.101757
280.684022
202.354963
143.608169
130.553326
215.409806
280.684022
215.409806
254.574335
391.650188
411.232452
306.793708
274.156600
319.848551
332.903394
287.211443
176.245277
208.882385
378.595345
443.869560
378.595345
385.122766
411.232452
345.958237
248.046914
202.354963
274.156600
365.540502
411.232452
456.924403
496.088932
607.055098
672.329314
522.198618
267.629178
-6.522526
-372.058132
-848.559904
-1024.800285
-672.319523
-293.729073
-97.906427
52.224268
6.532317
-274.146809
-593.990464
-815.922796
-835.505061
-646.209836
-515.661406
-587.463043
-678.846944
-633.154993
-496.079141
-398.167818
-221.927437
39.169425
104.443640
-104.433849
-391.640397
-561.353356
-502.606563
-352.475867
-221.927437
-26.104791
163.190434
84.861376
-110.961271
-163.180643
-110.961271
52.224268
137.080748
78.333954
19.587160
19.587160
19.587160
-6.522526
78.333954
248.046914
293.738865
130.553326
-45.687055
-78.324163
-13.049948
65.279111
150.135591
169.717855
137.080748
13.059739
-241.509701
-430.804926
-332.893603
-45.687055
208.882385
280.684022
215.409806
124.025905
-45.687055
-215.400015
-306.783917
-234.982280
-13.049948
13.059739
-110.961271
-91.379006
78.333954
176.245277
91.388797
91.388797
137.080748
91.388797
-71.796741
-248.037123
-189.290329
13.059739
97.916219
78.333954
110.971062
169.717855
228.464649
215.409806
189.300120
293.738865
391.650188
300.266286
143.608169
163.190434
280.684022
319.848551
293.738865
267.629178
300.266286
339.430815
339.430815
372.067923
463.451825
528.726040
528.726040
404.705031
248.046914
234.992071
300.266286
313.321129
385.122766
528.726040
639.692206
665.801892
659.274471
672.329314
652.747049
469.979246
110.971062
-430.804926
-966.053492
-1142.293873
-900.779276
-515.661406
-169.708064
91.388797
110.971062
-202.345172
-659.264679
-959.526070
-900.779276
-685.374366
-646.209836
-718.011473
-757.176002
-685.374366
-541.771092
-411.222661
-156.653221
195.827542
234.992071
-65.269320
-391.640397
-509.133984
-398.167818
-274.146809
-143.598378
78.333954
261.101757
189.300120
-71.796741
-169.708064
-19.577369
163.190434
189.300120
65.279111
13.059739
32.642003
-19.577369
-78.324163
-19.577369
182.772699
221.937228
-6.522526
-215.400015
-228.454858
-117.488692
6.532317
91.388797
195.827542
326.375972
254.574335
-182.762907
-567.880778
-509.133984
-137.070957
71.806532
-13.049948
52.224268
274.156600
215.409806
-195.817750
-359.003289
13.059739
274.156600
-6.522526
-352.475867
-202.345172
195.827542
169.717855
-117.488692
-26.104791
319.848551
300.266286
-137.070957
-345.948446
-13.049948
248.046914
0.004896
-208.872594
45.696846
332.903394
274.156600
78.333954
169.717855
469.979246
496.088932
234.992071
71.806532
208.882385
411.232452
404.705031
254.574335
202.354963
287.211443
326.375972
287.211443
359.013080
554.835726
652.747049
509.143775
274.156600
176.245277
306.793708
417.759874
398.177609
424.287295
567.890569
763.713215
796.350323
646.219627
515.671197
372.067923
58.751689
-535.243670
-1201.040667
-1318.534254
-907.306698
-613.572729
-450.387190
-156.653221
13.059739
-306.783917
-920.361541
-1233.677774
-979.108335
-600.517886
-580.935621
-678.846944
-587.463043
-437.332347
-411.222661
-398.167818
-71.796741
378.595345
378.595345
-97.906427
-456.914612
-352.475867
-78.324163
32.642003
137.080748
404.705031
548.308304
306.793708
-110.961271
-189.290329
104.443640
300.266286
182.772699
6.532317
0.004896
71.806532
6.532317
-84.851584
65.279111
332.903394
261.101757
-215.400015
-528.716249
-352.475867
-58.741898
-13.049948
-32.632212
143.608169
274.156600
0.004896
-567.880778
-822.450218
-300.256495
274.156600
169.717855
-45.687055
228.464649
443.869560
-13.049948
-522.188827
-163.180643
587.472834
587.472834
-117.488692
-411.222661
39.169425
313.321129
-52.214477
-280.674230
150.135591
411.232452
-169.708064
-776.758267
-443.859769
319.848551
476.506668
130.553326
65.279111
339.430815
313.321129
-71.796741
-156.653221
221.937228
541.780883
339.430815
-19.577369
84.861376
496.088932
600.527677
378.595345
267.629178
280.684022
261.101757
143.608169
169.717855
502.616354
802.877744
737.603529
469.979246
365.540502
515.671197
685.384157
659.274471
607.055098
757.185794
953.008440
868.151960
528.726040
117.498483
-319.838760
-966.053492
-1795.036026
-1912.529614
-992.163178
-189.290329
-91.379006
-254.564544
-456.914612
-874.669590
-1520.884322
-1827.673134
-1318.534254
-417.750083
-78.324163
-372.058132
-483.024298
-182.762907
78.333954
97.916219
117.498483
372.067923
372.067923
-215.400015
-737.593738
-522.188827
208.882385
783.295480
868.151960
737.603529
620.109941
280.684022
-182.762907
-378.585553
-97.906427
228.464649
84.861376
-306.783917
-332.893603
-6.522526
84.861376
-71.796741
-45.687055
78.333954
-156.653221
-685.374366
-822.450218
-430.804926
-32.632212
84.861376
65.279111
-52.214477
-274.146809
-424.277504
-280.674230
176.245277
535.253461
483.034089
339.430815
254.574335
-52.214477
-261.091966
110.971062
652.747049
659.274471
169.717855
-195.817750
-104.433849
6.532317
-150.125800
-182.762907
150.135591
261.101757
-215.400015
-620.100150
-326.366181
189.300120
221.937228
-58.741898
39.169425
319.848551
234.992071
-39.159634
32.642003
469.979246
607.055098
267.629178
19.587160
189.300120
456.924403
489.561511
463.451825
567.890569
607.055098
404.705031
195.827542
287.211443
509.143775
607.055098
613.582520
574.417991
607.055098
633.164784
567.890569
535.253461
633.164784
835.514852
900.789067
711.493843
378.595345
-241.509701
-1344.643941
-2506.524974
-2813.313786
-1716.706968
-267.619387
169.717855
-84.851584
-385.112975
-1037.855128
-2010.440937
-2434.723337
-1690.597282
-313.311338
450.396981
287.211443
39.169425
208.882385
450.396981
404.705031
378.595345
678.856735
724.548686
52.224268
-646.209836
-548.298513
248.046914
1005.227812
1227.160144
1063.974606
744.130951
156.663012
-652.737258
-992.163178
-567.880778
-32.632212
-117.488692
-593.990464
-561.353356
-65.269320
130.553326
26.114582
-13.049948
-143.598378
-489.551720
-894.251855
-894.251855
-483.024298
-280.674230
-274.146809
13.059739
404.705031
411.232452
313.321129
528.726040
613.582520
241.519492
-143.598378
26.114582
502.616354
502.616354
156.663012
182.772699
580.945412
567.890569
45.696846
-234.982280
-52.214477
6.532317
-391.640397
-646.209836
-280.674230
0.004896
-261.091966
-430.804926
-65.269320
378.595345
345.958237
52.224268
13.059739
208.882385
287.211443
163.190434
182.772699
424.287295
580.945412
463.451825
359.013080
424.287295
522.198618
580.945412
626.637363
718.021264
776.768058
750.658372
574.417991
254.574335
163.190434
535.253461
894.261646
711.493843
456.924403
802.877744
1161.885929
953.008440
685.384157
639.692206
-124.016114
-2199.736162
-4125.325514
-3785.899595
-1377.281048
430.814717
443.869560
182.772699
19.587160
-1298.951990
-3178.849392
-3479.110782
-1481.719793
718.021264
1018.282655
267.629178
293.738865
848.569695
665.801892
143.608169
378.595345
1063.974606
887.734224
-300.256495
-848.559904
-13.049948
1063.974606
1344.653732
1024.810077
757.185794
267.629178
-789.813110
-1560.048851
-1194.513245
-182.762907
156.663012
-515.661406
-1031.327707
-554.825935
169.717855
254.574335
-52.214477
-208.872594
-398.167818
-939.943805
-1279.369725
-704.956630
300.266286
783.295480
561.363148
-13.049948
-287.201652
39.169425
391.650188
385.122766
391.650188
541.780883
580.945412
476.506668
352.485658
287.211443
450.396981
607.055098
287.211443
-280.674230
-502.606563
-443.859769
-522.188827
-626.627572
-345.948446
208.882385
352.485658
-52.214477
-398.167818
-208.872594
137.080748
143.608169
-150.125800
-293.729073
-19.577369
248.046914
352.485658
711.493843
1214.105301
1285.906938
881.206803
430.814717
241.519492
313.321129
411.232452
411.232452
489.561511
711.493843
887.734224
763.713215
548.308304
613.582520
685.384157
398.177609
143.608169
417.759874
985.645547
1259.797252
1129.248821
933.426175
672.329314
-659.264679
-3309.397823
-5000.000000
-3309.397823
39.169425
1240.214987
417.759874
-71.796741
-685.374366
-2565.271768
-4171.017465
-3159.267127
-78.324163
2003.923307
1442.565055
143.608169
234.992071
939.953597
672.329314
-58.741898
228.464649
933.426175
385.122766
-704.956630
-469.969455
822.460009
1507.839270
1103.139135
463.451825
71.806532
-600.517886
-1514.356900
-1651.432753
-757.176002
117.498483
-137.070957
-1050.909972
-985.635756
71.806532
639.692206
306.793708
-110.961271
-293.729073
-685.374366
-1194.513245
-848.559904
221.937228
704.966421
535.253461
189.300120
-274.146809
-169.708064
548.308304
939.953597
757.185794
306.793708
13.059739
84.861376
306.793708
293.738865
150.135591
372.067923
561.363148
143.608169
-378.585553
-456.914612
-463.442033
-731.066316
-894.251855
-509.133984
176.245277
398.177609
189.300120
130.553326
274.156600
300.266286
65.279111
-248.037123
-241.509701
169.717855
522.198618
724.548686
939.953597
1063.974606
1077.029449
907.316489
600.527677
313.321129
261.101757
391.650188
293.738865
156.663012
528.726040
998.700390
855.097117
411.232452
313.321129
509.143775
489.561511
437.342138
763.713215
1148.831086
1090.084292
757.185794
535.253461
-261.091966
-2362.921700
-4654.046659
-4366.840111
-809.395375
1847.265190
1122.721400
-163.180643
-711.484052
-2056.132888
-3779.372173
-3655.351164
-985.635756
1971.286199
2362.931491
744.130951
-19.577369
685.384157
1018.282655
45.696846
-626.627572
169.717855
757.185794
91.388797
-234.982280
535.253461
1298.961781
1011.755233
45.696846
-509.133984
-718.011473
-1122.711608
-1259.787461
-711.484052
45.696846
39.169425
-913.834119
-1298.951990
-293.729073
678.856735
613.582520
-65.269320
-574.408199
-724.538895
-796.340532
-385.112975
685.384157
1090.084292
352.485658
-359.003289
-580.935621
-424.277504
339.430815
1077.029449
1011.755233
319.848551
-391.640397
-378.585553
306.793708
633.164784
156.663012
-163.180643
182.772699
352.485658
-71.796741
-417.750083
-430.804926
-509.133984
-828.977639
-894.251855
-150.125800
691.911578
718.021264
313.321129
176.245277
300.266286
163.190434
-332.893603
-378.585553
241.519492
672.329314
750.658372
861.624538
953.008440
953.008440
796.350323
574.417991
535.253461
430.814717
228.464649
156.663012
261.101757
587.472834
809.405166
757.185794
665.801892
372.067923
124.025905
345.958237
731.076107
998.700390
1083.556870
907.316489
828.987430
613.582520
-600.517886
-2545.689503
-4314.620739
-4092.688407
-770.230846
1990.868464
1351.181153
-130.543535
-1161.876138
-2689.292777
-3838.118967
-3152.739706
-574.408199
2023.505571
2421.678285
1109.666556
300.266286
594.000255
822.460009
65.279111
-672.319523
-221.927437
378.595345
332.903394
502.616354
959.535861
998.700390
345.958237
-509.133984
-783.285689
-757.176002
-907.306698
-809.395375
-469.969455
-241.509701
-339.421024
-985.635756
-1096.601922
-150.125800
541.780883
509.143775
65.279111
-483.024298
-672.319523
-450.387190
91.388797
848.569695
900.789067
-124.016114
-672.319523
-274.146809
-84.851584
163.190434
828.987430
1037.864920
326.375972
-685.374366
-639.682415
594.000255
1122.721400
32.642003
-822.450218
58.751689
900.789067
215.409806
-672.319523
-659.264679
-385.112975
-783.285689
-1142.293873
-137.070957
1240.214987
1063.974606
-156.653221
-541.771092
124.025905
483.034089
-39.159634
-261.091966
417.759874
783.295480
430.814717
398.177609
959.535861
1279.379516
822.460009
300.266286
417.759874
659.274471
548.308304
261.101757
137.080748
567.890569
835.514852
417.759874
274.156600
476.506668
450.396981
456.924403
522.198618
926.898753
1442.565055
1181.468193
750.658372
620.109941
-489.551720
-2774.149257
-4719.320874
-4112.270671
-71.796741
2761.104205
1207.577879
-828.977639
-1605.740802
-2937.334795
-3949.085133
-2859.005737
52.224268
2447.787971
2101.834630
411.232452
156.663012
861.624538
678.856735
-430.804926
-894.251855
-71.796741
541.780883
672.329314
1233.687566
1364.235996
469.979246
-659.264679
-1116.184187
-724.538895
-378.585553
-528.716249
-522.188827
-339.421024
-332.893603
-672.319523
-1174.930981
-809.395375
228.464649
561.363148
319.848551
110.971062
-150.125800
-332.893603
-221.927437
195.827542
737.603529
815.932587
-182.762907
-1285.897147
-593.990464
737.603529
672.329314
372.067923
594.000255
228.464649
-469.969455
-515.661406
234.992071
828.987430
117.498483
-776.758267
-228.454858
842.042274
972.590704
-78.324163
-1259.787461
-1246.732618
-704.956630
-391.640397
274.156600
1063.974606
933.426175
-6.522526
-580.935621
-143.598378
541.780883
561.363148
182.772699
-6.522526
300.266286
815.932587
913.843910
724.548686
620.109941
502.616354
326.375972
326.375972
522.198618
744.130951
646.219627
202.354963
110.971062
483.034089
567.890569
391.650188
319.848551
339.430815
469.979246
698.439000
881.206803
1063.974606
1057.447184
1050.919763
874.679381
-437.332347
-2545.689503
-4295.038474
-4164.490044
-672.319523
2637.083196
1507.839270
-952.998648
-1912.529614
-3002.609010
-3629.241478
-2356.394278
13.059739
2036.560414
2010.450728
522.198618
150.135591
659.274471
476.506668
-424.277504
-1096.601922
-469.969455
665.801892
1220.632723
1573.113485
1214.105301
-117.488692
-1077.019658
-1103.129344
-548.298513
-189.290329
-398.167818
-411.222661
-267.619387
-463.442033
-613.572729
-750.648581
-718.011473
-150.125800
261.101757
398.177609
535.253461
221.937228
-234.982280
-163.180643
208.882385
443.869560
463.451825
-84.851584
-848.559904
-339.421024
613.582520
417.759874
378.595345
659.274471
-26.104791
-659.264679
-91.379006
822.460009
894.261646
-124.016114
-802.867953
32.642003
835.514852
450.396981
-97.906427
-587.463043
-1031.327707
-979.108335
-456.914612
639.692206
1194.523036
176.245277
-646.209836
-176.235486
365.540502
450.396981
365.540502
326.375972
91.388797
-117.488692
483.034089
1292.434359
1168.413350
365.540502
-110.961271
84.861376
528.726040
594.000255
483.034089
554.835726
261.101757
-6.522526
502.616354
796.350323
424.287295
228.464649
293.738865
561.363148
822.460009
828.987430
992.172969
998.700390
744.130951
607.055098
-300.256495
-1990.858673
-3609.659213
-4086.160985
-1148.821295
2480.425079
1599.223172
-1103.129344
-2134.461946
-2950.389638
-3361.617195
-2278.065220
-58.741898
2180.163688
2082.252365
424.287295
228.464649
757.185794
424.287295
-469.969455
-1214.095510
-541.771092
881.206803
1455.619898
1618.805436
1063.974606
-489.551720
-1449.082685
-1240.205196
-365.530710
234.992071
-208.872594
-515.661406
-332.893603
-456.914612
-535.243670
-613.572729
-639.682415
-202.345172
97.916219
300.266286
567.890569
339.430815
-130.543535
-372.058132
-182.762907
293.738865
522.198618
6.532317
-855.087325
-450.387190
646.219627
424.287295
163.190434
541.780883
-163.180643
-894.251855
-137.070957
763.713215
907.316489
195.827542
-613.572729
-26.104791
855.097117
515.671197
-130.543535
-750.648581
-1148.821295
-822.450218
-339.421024
522.198618
1122.721400
261.101757
-456.914612
-71.796741
469.979246
685.384157
326.375972
-65.269320
-19.577369
124.025905
711.493843
1312.016624
953.008440
339.430815
117.498483
261.101757
770.240637
842.042274
489.561511
332.903394
6.532317
13.059739
704.966421
868.151960
430.814717
176.245277
274.156600
737.603529
1005.227812
920.371332
1031.337498
959.535861
678.856735
91.388797
-1024.800285
-1919.057036
-3218.013921
-3687.988272
-365.530710
2532.644451
881.206803
-1481.719793
-2447.778180
-2989.554167
-2741.512149
-1899.474771
-52.214477
2082.252365
1742.826445
306.793708
424.287295
731.076107
150.135591
-750.648581
-1181.458402
-137.070957
1142.303664
1377.290839
1390.345682
711.493843
-855.087325
-1501.302057
-737.593738
195.827542
156.663012
-456.914612
-437.332347
-248.037123
-450.387190
-593.990464
-770.230846
-678.846944
-274.146809
6.532317
626.637363
985.645547
261.101757
-352.475867
-234.982280
6.532317
45.696846
-65.269320
104.443640
339.430815
-39.159634
-267.619387
450.396981
789.822901
-215.400015
-1070.492236
-430.804926
698.439000
809.405166
261.101757
-45.687055
117.498483
365.540502
84.861376
-182.762907
-110.961271
-665.792101
-1122.711608
-424.277504
352.485658
587.472834
287.211443
-241.509701
-110.961271
215.409806
326.375972
574.417991
208.882385
-378.585553
-97.906427
411.232452
815.932587
992.172969
600.527677
293.738865
261.101757
391.650188
724.548686
672.329314
365.540502
208.882385
32.642003
352.485658
731.076107
483.034089
398.177609
326.375972
332.903394
920.371332
992.172969
704.966421
887.734224
887.734224
822.460009
-26.104791
-1612.268224
-1919.057036
-2506.524974
-2865.533158
84.861376
2101.834630
248.046914
-1625.323067
-2532.634660
-2787.204100
-2023.495780
-1351.171362
110.971062
1866.847454
1449.092476
476.506668
528.726040
248.046914
-359.003289
-842.032482
-776.758267
385.122766
1233.687566
1279.379516
1109.666556
163.190434
-966.053492
-1122.711608
-502.606563
58.751689
-97.906427
-228.454858
124.025905
0.004896
-483.024298
-796.340532
-913.834119
-587.463043
-176.235486
176.245277
770.240637
809.405166
58.751689
-352.475867
-195.817750
71.806532
58.751689
-385.112975
-639.682415
130.553326
868.151960
124.025905
-417.750083
443.869560
215.409806
-1253.260039
-926.888962
861.624538
1449.092476
385.122766
-554.825935
215.409806
1018.282655
-156.653221
-1050.909972
-293.729073
-6.522526
-554.825935
-535.243670
300.266286
822.460009
-78.324163
-868.142169
52.224268
900.789067
587.472834
117.498483
0.004896
124.025905
-52.214477
-32.632212
796.350323
1037.864920
398.177609
339.430815
776.768058
809.405166
463.451825
267.629178
528.726040
561.363148
241.519492
437.342138
698.439000
339.430815
71.806532
300.266286
835.514852
1187.995615
946.481018
711.493843
822.460009
920.371332
443.869560
-972.580913
-1768.926340
-1886.419928
-2578.326611
-1409.918156
1142.303664
972.590704
-789.813110
-1873.365085
-2486.942709
-2278.065220
-1821.145713
-979.108335
809.405166
1409.927947
646.219627
711.493843
620.109941
-398.167818
-1024.800285
-959.526070
-117.488692
842.042274
913.843910
1018.282655
848.569695
-339.421024
-1005.218021
-502.606563
0.004896
-221.927437
-528.716249
-84.851584
372.067923
39.169425
-385.112975
-620.100150
-737.593738
-652.737258
-345.948446
417.759874
894.261646
300.266286
-248.037123
26.114582
202.354963
-189.290329
-326.366181
143.608169
-13.049948
-567.880778
32.642003
652.747049
182.772699
-313.311338
-385.112975
-293.729073
-104.433849
91.388797
463.451825
659.274471
443.869560
463.451825
352.485658
-176.235486
-372.058132
-417.750083
-522.188827
-241.509701
143.608169
404.705031
274.156600
-339.421024
-339.421024
248.046914
469.979246
326.375972
169.717855
267.629178
306.793708
13.059739
156.663012
594.000255
528.726040
437.342138
633.164784
776.768058
809.405166
561.363148
306.793708
450.396981
430.814717
352.485658
522.198618
372.067923
104.443640
254.574335
659.274471
861.624538
809.405166
913.843910
992.172969
652.747049
437.342138
-104.433849
-1031.327707
-1148.821295
-1697.124703
-2304.174906
-535.243670
913.843910
-71.796741
-1161.876138
-1664.487596
-1853.782820
-1860.310242
-1886.419928
-718.011473
848.569695
691.911578
234.992071
659.274471
267.629178
-678.846944
-926.888962
-502.606563
228.464649
476.506668
411.232452
874.679381
685.384157
-385.112975
-554.825935
0.004896
-110.961271
-522.188827
-241.509701
345.958237
359.013080
-91.379006
-345.948446
-287.201652
-417.750083
-718.011473
-378.585553
332.903394
319.848551
-13.049948
78.333954
352.485658
97.916219
-456.914612
-261.091966
261.101757
32.642003
-195.817750
195.827542
215.409806
-607.045307
-1077.019658
-26.104791
933.426175
124.025905
-215.400015
887.734224
691.911578
-652.737258
-489.551720
665.801892
802.877744
-228.454858
-574.408199
489.561511
509.143775
-724.538895
-620.100150
339.430815
221.937228
-372.058132
-110.961271
757.185794
737.603529
-215.400015
-182.762907
476.506668
137.080748
-215.400015
319.848551
887.734224
796.350323
359.013080
456.924403
763.713215
417.759874
202.354963
607.055098
620.109941
202.354963
124.025905
332.903394
443.869560
332.903394
424.287295
842.042274
770.240637
476.506668
711.493843
809.405166
359.013080
-208.872594
-535.243670
-483.024298
-822.450218
-1383.808470
-828.977639
58.751689
-169.708064
-822.450218
-842.032482
-828.977639
-1462.137528
-1781.981183
-1037.855128
0.004896
248.046914
0.004896
280.684022
339.430815
-378.585553
-718.011473
-319.838760
-137.070957
-391.640397
-398.167818
169.717855
437.342138
-19.577369
-91.379006
293.738865
6.532317
-489.551720
-248.037123
195.827542
208.882385
-19.577369
-19.577369
287.211443
228.464649
-241.509701
-267.619387
71.806532
39.169425
-215.400015
-104.433849
345.958237
319.848551
-169.708064
-45.687055
215.409806
-254.564544
-509.133984
-130.543535
58.751689
-71.796741
-143.598378
-13.049948
130.553326
-39.159634
-176.235486
215.409806
483.034089
110.971062
-110.961271
150.135591
215.409806
-45.687055
-248.037123
-124.016114
52.224268
-234.982280
-313.311338
156.663012
241.519492
-71.796741
-19.577369
195.827542
143.608169
6.532317
26.114582
163.190434
143.608169
-19.577369
189.300120
587.472834
522.198618
332.903394
398.177609
443.869560
378.595345
345.958237
391.650188
476.506668
424.287295
254.574335
274.156600
483.034089
567.890569
515.671197
535.253461
665.801892
698.439000
515.671197
411.232452
456.924403
417.759874
248.046914
104.443640
-19.577369
-110.961271
-319.838760
-522.188827
-365.530710
-254.564544
-476.496876
-724.538895
-913.834119
-933.416384
-992.163178
-1096.601922
-561.353356
-32.632212
-417.750083
-665.792101
-522.188827
-567.880778
-567.880778
-456.914612
-398.167818
-417.750083
-659.264679
-763.703424
-385.112975
-110.961271
-65.269320
78.333954
-32.632212
-156.653221
39.169425
110.971062
150.135591
208.882385
71.806532
39.169425
110.971062
71.806532
150.135591
261.101757
202.354963
58.751689
52.224268
221.937228
287.211443
189.300120
176.245277
137.080748
-104.433849
-306.783917
-221.927437
6.532317
117.498483
19.587160
-78.324163
0.004896
-45.687055
-130.543535
228.464649
515.671197
306.793708
-13.049948
-169.708064
-52.214477
84.861376
6.532317
58.751689
110.971062
-84.851584
-143.598378
58.751689
254.574335
267.629178
97.916219
-6.522526
104.443640
182.772699
104.443640
104.443640
137.080748
104.443640
182.772699
385.122766
450.396981
313.321129
182.772699
176.245277
202.354963
228.464649
300.266286
287.211443
234.992071
293.738865
469.979246
639.692206
633.164784
541.780883
561.363148
613.582520
561.363148
476.506668
541.780883
607.055098
313.321129
26.114582
78.333954
19.587160
-293.729073
-496.079141
-430.804926
-326.366181
-443.859769
-711.484052
-881.197012
-855.087325
-874.669590
-744.121159
-313.311338
-352.475867
-718.011473
-711.484052
-711.484052
-639.682415
-332.893603
-313.311338
-469.969455
-639.682415
-763.703424
-515.661406
-267.619387
-195.817750
45.696846
84.861376
-150.125800
-26.104791
176.245277
150.135591
52.224268
-45.687055
130.553326
300.266286
110.971062
97.916219
195.827542
110.971062
58.751689
65.279111
176.245277
300.266286
110.971062
45.696846
189.300120
13.059739
-208.872594
-182.762907
-110.961271
-26.104791
-45.687055
-104.433849
-6.522526
-65.269320
-182.762907
71.806532
254.574335
137.080748
137.080748
84.861376
26.114582
137.080748
58.751689
-39.159634
26.114582
-39.159634
-52.214477
84.861376
143.608169
137.080748
26.114582
-26.104791
195.827542
189.300120
45.696846
117.498483
52.224268
-32.632212
176.245277
424.287295
443.869560
274.156600
163.190434
261.101757
313.321129
163.190434
221.937228
424.287295
326.375972
228.464649
365.540502
509.143775
535.253461
437.342138
443.869560
600.527677
633.164784
541.780883
483.034089
450.396981
417.759874
313.321129
124.025905
78.333954
6.532317
-365.530710
-626.627572
-424.277504
-287.201652
-411.222661
-541.771092
-633.154993
-691.901787
-842.032482
-828.977639
-398.167818
-345.948446
-678.846944
-600.517886
-483.024298
-567.880778
-437.332347
-280.674230
-345.948446
-574.408199
-750.648581
-541.771092
-306.783917
-241.509701
13.059739
117.498483
-58.741898
-52.214477
45.696846
150.135591
182.772699
-6.522526
-6.522526
221.937228
169.717855
52.224268
176.245277
241.519492
52.224268
-117.488692
71.806532
319.848551
195.827542
65.279111
65.279111
-65.269320
-117.488692
-13.049948
58.751689
32.642003
-84.851584
-176.235486
-176.235486
-104.433849
58.751689
143.608169
130.553326
169.717855
143.608169
19.587160
-32.632212
32.642003
52.224268
-39.159634
-104.433849
45.696846
71.806532
-32.632212
45.696846
110.971062
58.751689
91.388797
137.080748
137.080748
156.663012
176.245277
163.190434
150.135591
182.772699
267.629178
319.848551
254.574335
261.101757
352.485658
306.793708
169.717855
150.135591
313.321129
411.232452
385.122766
378.595345
430.814717
476.506668
385.122766
339.430815
522.198618
626.637363
463.451825
385.122766
476.506668
469.979246
319.848551
163.190434
104.443640
19.587160
-306.783917
-561.353356
-430.804926
-332.893603
-469.969455
-548.298513
-541.771092
-620.100150
-842.032482
-861.614747
-456.914612
-319.838760
-607.045307
-561.353356
-345.948446
-469.969455
-522.188827
-326.366181
-274.146809
-554.825935
-809.395375
-548.298513
-293.729073
-261.091966
-39.159634
124.025905
-6.522526
-91.379006
-19.577369
156.663012
221.937228
19.587160
-78.324163
117.498483
97.916219
19.587160
182.772699
234.992071
58.751689
-78.324163
26.114582
280.684022
254.574335
-6.522526
-104.433849
-52.214477
-65.269320
-45.687055
26.114582
19.587160
-124.016114
-261.091966
-150.125800
65.279111
169.717855
130.553326
110.971062
143.608169
143.608169
97.916219
39.169425
32.642003
-26.104791
-91.379006
6.532317
91.388797
13.059739
-26.104791
45.696846
91.388797
110.971062
163.190434
241.519492
182.772699
0.004896
91.388797
274.156600
248.046914
169.717855
163.190434
163.190434
110.971062
169.717855
339.430815
378.595345
143.608169
58.751689
326.375972
450.396981
404.705031
365.540502
300.266286
280.684022
287.211443
365.540502
600.527677
672.329314
476.506668
450.396981
515.671197
469.979246
424.287295
261.101757
91.388797
-52.214477
-280.674230
-359.003289
-313.311338
-378.585553
-496.079141
-489.551720
-424.277504
-469.969455
-639.682415
-809.395375
-724.538895
-483.024298
-509.133984
-515.661406
-326.366181
-404.695240
-580.935621
-489.551720
-287.201652
-306.783917
-587.463043
-659.264679
-456.914612
-332.893603
-195.817750
58.751689
104.443640
-26.104791
-84.851584
39.169425
202.354963
156.663012
32.642003
91.388797
110.971062
58.751689
195.827542
287.211443
117.498483
-78.324163
-78.324163
137.080748
254.574335
84.861376
-58.741898
-39.159634
-97.906427
-84.851584
150.135591
261.101757
45.696846
-234.982280
-280.674230
-97.906427
110.971062
234.992071
248.046914
202.354963
52.224268
-45.687055
71.806532
124.025905
19.587160
-78.324163
-117.488692
-19.577369
13.059739
-78.324163
52.224268
143.608169
71.806532
150.135591
208.882385
130.553326
19.587160
-13.049948
97.916219
202.354963
169.717855
176.245277
202.354963
78.333954
117.498483
313.321129
300.266286
156.663012
104.443640
202.354963
332.903394
339.430815
352.485658
391.650188
293.738865
274.156600
424.287295
509.143775
469.979246
359.013080
365.540502
483.034089
483.034089
450.396981
385.122766
156.663012
-78.324163
-117.488692
-104.433849
-267.619387
-502.606563
-535.243670
-391.640397
-300.256495
-319.838760
-345.948446
-580.935621
-907.306698
-822.450218
-437.332347
-261.091966
-345.948446
-417.750083
-443.859769
-528.716249
-476.496876
-280.674230
-267.619387
-567.880778
-744.121159
-463.442033
-137.070957
-65.269320
-19.577369
-19.577369
-26.104791
32.642003
91.388797
248.046914
202.354963
-117.488692
-117.488692
150.135591
234.992071
176.245277
117.498483
26.114582
-45.687055
-6.522526
156.663012
274.156600
26.114582
-215.400015
-91.379006
91.388797
130.553326
117.498483
110.971062
0.004896
-182.762907
-104.433849
228.464649
254.574335
-19.577369
0.004896
261.101757
215.409806
26.114582
97.916219
104.443640
-182.762907
-248.037123
110.971062
176.245277
-143.598378
-182.762907
84.861376
195.827542
208.882385
261.101757
208.882385
-13.049948
-163.180643
0.004896
300.266286
254.574335
52.224268
39.169425
91.388797
163.190434
267.629178
287.211443
182.772699
65.279111
