61.352209
40.902301
54.535573
81.802117
88.618753
51.127255
0.002485
-30.672377
-37.489013
-10.222469
20.452393
23.860711
-10.222469
-44.305649
-68.163874
-51.122285
-13.630787
0.002485
-27.264059
-71.572192
-88.613782
-85.205464
-51.122285
-3.405833
0.002485
-30.672377
-64.755556
-57.938921
-13.630787
40.902301
78.393799
64.760527
23.860711
17.044075
47.718937
109.068661
149.968477
146.560159
102.252025
68.168845
85.210435
136.335205
184.051656
197.684928
160.193431
102.252025
112.476979
143.151841
190.868292
224.951472
194.276610
146.560159
115.885297
136.335205
190.868292
221.543154
214.726518
167.010067
126.110251
115.885297
149.968477
180.643338
180.643338
149.968477
88.618753
57.943891
47.718937
64.760527
78.393799
44.310619
-23.855741
-95.430418
-136.330234
-129.513598
-119.288644
-139.738552
-177.230050
-224.946502
-265.846318
-279.479590
-269.254636
-259.029682
-259.029682
-282.887908
-310.154451
-323.787723
-327.196041
-293.112862
-262.438000
-241.988092
-231.763138
-255.621364
-262.438000
-224.946502
-177.230050
-126.105280
-102.247054
-102.247054
-109.063690
-98.838736
-71.572192
-40.897331
-3.405833
6.819121
-13.630787
-30.672377
-17.039105
6.819121
37.493983
47.718937
37.493983
34.085665
27.269029
34.085665
61.352209
85.210435
95.435389
88.618753
68.168845
68.168845
85.210435
92.027071
122.701933
126.110251
102.252025
78.393799
74.985481
81.802117
92.027071
78.393799
47.718937
17.044075
0.002485
-3.405833
13.635757
23.860711
17.044075
-20.447423
-51.122285
-57.938921
-47.713967
-34.080695
-34.080695
-64.755556
-95.430418
-109.063690
-81.797146
-47.713967
-30.672377
-30.672377
-40.897331
-34.080695
-20.447423
6.819121
57.943891
81.802117
64.760527
57.943891
61.352209
68.168845
115.885297
156.785113
146.560159
126.110251
95.435389
105.660343
132.926887
167.010067
194.276610
170.418385
129.518569
126.110251
160.193431
194.276610
201.093246
180.643338
170.418385
153.376795
139.743523
160.193431
184.051656
180.643338
184.051656
167.010067
129.518569
143.151841
146.560159
156.785113
173.826703
146.560159
105.660343
88.618753
88.618753
92.027071
71.577163
23.860711
-20.447423
-78.388828
-119.288644
-126.105280
-143.146870
-167.005096
-197.679958
-224.946502
-248.804728
-282.887908
-286.296226
-259.029682
-241.988092
-255.621364
-276.071272
-299.929498
-310.154451
-276.071272
-231.763138
-214.721548
-214.721548
-248.804728
-269.254636
-224.946502
-156.780142
-115.880326
-112.472008
-112.472008
-129.513598
-115.880326
-64.755556
-34.080695
-3.405833
-6.814151
-27.264059
-44.305649
-37.489013
-10.222469
17.044075
23.860711
6.819121
-10.222469
-6.814151
23.860711
64.760527
92.027071
102.252025
78.393799
57.943891
74.985481
98.843707
115.885297
112.476979
85.210435
68.168845
61.352209
57.943891
68.168845
68.168845
40.902301
13.635757
-3.405833
0.002485
20.452393
27.269029
17.044075
-6.814151
-34.080695
-40.897331
-30.672377
-34.080695
-34.080695
-51.122285
-68.163874
-71.572192
-57.938921
-54.530603
-34.080695
-30.672377
-44.305649
-34.080695
-10.222469
10.227439
23.860711
30.677347
47.718937
61.352209
78.393799
105.660343
112.476979
119.293615
115.885297
112.476979
105.660343
126.110251
146.560159
149.968477
139.743523
112.476979
129.518569
163.601749
184.051656
190.868292
163.601749
139.743523
146.560159
163.601749
173.826703
177.235020
163.601749
132.926887
102.252025
126.110251
170.418385
170.418385
149.968477
119.293615
105.660343
115.885297
149.968477
173.826703
160.193431
112.476979
57.943891
30.677347
37.493983
47.718937
20.452393
-57.938921
-146.555188
-197.679958
-187.455004
-163.596778
-163.596778
-194.271640
-245.396410
-303.337816
-310.154451
-279.479590
-238.579774
-211.313230
-248.804728
-299.929498
-320.379405
-299.929498
-245.396410
-207.904912
-218.129866
-255.621364
-289.704544
-276.071272
-201.088276
-132.921916
-109.063690
-105.655372
-129.513598
-126.105280
-88.613782
-40.897331
3.410803
3.410803
-20.447423
-51.122285
-54.530603
-27.264059
3.410803
6.819121
3.410803
-6.814151
-27.264059
-6.814151
40.902301
81.802117
102.252025
92.027071
74.985481
74.985481
88.618753
115.885297
122.701933
102.252025
78.393799
54.535573
30.677347
34.085665
37.493983
30.677347
3.410803
-10.222469
-6.814151
0.002485
10.227439
17.044075
17.044075
6.819121
-13.630787
-20.447423
-13.630787
-13.630787
-30.672377
-51.122285
-51.122285
-40.897331
-34.080695
-54.530603
-54.530603
-37.489013
-30.672377
-3.405833
20.452393
23.860711
47.718937
71.577163
88.618753
115.885297
129.518569
129.518569
119.293615
132.926887
139.743523
132.926887
149.968477
160.193431
163.601749
160.193431
160.193431
160.193431
167.010067
194.276610
207.909882
197.684928
184.051656
173.826703
190.868292
211.318200
204.501564
187.459974
156.785113
153.376795
153.376795
170.418385
170.418385
153.376795
139.743523
143.151841
153.376795
156.785113
156.785113
160.193431
139.743523
112.476979
88.618753
71.577163
57.943891
27.269029
-23.855741
-88.613782
-160.188460
-197.679958
-204.496594
-204.496594
-218.129866
-252.213046
-299.929498
-330.604359
-316.971087
-282.887908
-248.804728
-245.396410
-282.887908
-330.604359
-347.645949
-323.787723
-255.621364
-221.538184
-231.763138
-262.438000
-289.704544
-265.846318
-204.496594
-126.105280
-92.022100
-98.838736
-129.513598
-153.371824
-119.288644
-61.347239
-10.222469
10.227439
-30.672377
-68.163874
-88.613782
-64.755556
-13.630787
17.044075
13.635757
-6.814151
-27.264059
-17.039105
44.310619
98.843707
122.701933
112.476979
92.027071
78.393799
98.843707
126.110251
143.151841
129.518569
95.435389
57.943891
30.677347
20.452393
30.677347
40.902301
27.269029
6.819121
-3.405833
0.002485
10.227439
27.269029
23.860711
10.227439
-3.405833
-17.039105
-17.039105
-10.222469
-17.039105
-34.080695
-40.897331
-51.122285
-40.897331
-17.039105
-6.814151
3.410803
10.227439
20.452393
30.677347
44.310619
68.168845
88.618753
88.618753
88.618753
95.435389
105.660343
112.476979
95.435389
92.027071
112.476979
112.476979
126.110251
149.968477
139.743523
129.518569
136.335205
149.968477
163.601749
163.601749
153.376795
153.376795
156.785113
149.968477
149.968477
156.785113
156.785113
126.110251
98.843707
119.293615
139.743523
143.151841
146.560159
119.293615
112.476979
112.476979
119.293615
136.335205
149.968477
146.560159
105.660343
81.802117
78.393799
64.760527
54.535573
27.269029
-54.530603
-132.921916
-187.455004
-201.088276
-187.455004
-201.088276
-224.946502
-265.846318
-313.562769
-320.379405
-289.704544
-248.804728
-224.946502
-235.171456
-269.254636
-310.154451
-303.337816
-259.029682
-228.354820
-218.129866
-238.579774
-272.662954
-282.887908
-245.396410
-163.596778
-92.022100
-78.388828
-109.063690
-126.105280
-105.655372
-68.163874
-17.039105
13.635757
6.819121
-40.897331
-85.205464
-81.797146
-51.122285
-13.630787
0.002485
-27.264059
-47.713967
-30.672377
3.410803
51.127255
98.843707
119.293615
102.252025
85.210435
85.210435
105.660343
122.701933
122.701933
102.252025
78.393799
51.127255
27.269029
27.269029
27.269029
23.860711
30.677347
6.819121
-3.405833
3.410803
13.635757
17.044075
13.635757
23.860711
23.860711
3.410803
-6.814151
-10.222469
-17.039105
-30.672377
-47.713967
-44.305649
-23.855741
-23.855741
-44.305649
-30.672377
-6.814151
3.410803
30.677347
54.535573
61.352209
71.577163
88.618753
105.660343
115.885297
129.518569
129.518569
132.926887
143.151841
126.110251
129.518569
146.560159
149.968477
139.743523
139.743523
167.010067
163.601749
149.968477
160.193431
163.601749
187.459974
187.459974
167.010067
163.601749
184.051656
197.684928
177.235020
149.968477
156.785113
153.376795
143.151841
153.376795
163.601749
156.785113
126.110251
122.701933
160.193431
170.418385
163.601749
156.785113
143.151841
126.110251
102.252025
88.618753
64.760527
0.002485
-81.797146
-170.413414
-211.313230
-214.721548
-228.354820
-255.621364
-286.296226
-334.012677
-364.687539
-357.870903
-316.971087
-265.846318
-245.396410
-272.662954
-313.562769
-330.604359
-299.929498
-269.254636
-228.354820
-214.721548
-262.438000
-303.337816
-293.112862
-221.538184
-136.330234
-95.430418
-95.430418
-119.288644
-126.105280
-74.980510
-17.039105
20.452393
30.677347
-20.447423
-85.205464
-115.880326
-81.797146
-40.897331
-6.814151
0.002485
-27.264059
-44.305649
-23.855741
27.269029
85.210435
112.476979
112.476979
88.618753
68.168845
81.802117
98.843707
112.476979
102.252025
68.168845
44.310619
37.493983
47.718937
40.902301
30.677347
40.902301
44.310619
20.452393
-3.405833
-20.447423
-13.630787
-10.222469
23.860711
37.493983
0.002485
-40.897331
-54.530603
-30.672377
-3.405833
-17.039105
-44.305649
-54.530603
-51.122285
-51.122285
-51.122285
-30.672377
23.860711
37.493983
10.227439
10.227439
23.860711
81.802117
136.335205
146.560159
126.110251
109.068661
109.068661
112.476979
122.701933
149.968477
163.601749
143.151841
102.252025
95.435389
122.701933
143.151841
153.376795
149.968477
149.968477
156.785113
163.601749
170.418385
197.684928
218.134836
190.868292
187.459974
180.643338
167.010067
160.193431
173.826703
190.868292
156.785113
126.110251
122.701933
160.193431
228.359790
235.176426
194.276610
187.459974
190.868292
201.093246
184.051656
153.376795
92.027071
6.819121
-92.022100
-180.638368
-221.538184
-228.354820
-248.804728
-286.296226
-330.604359
-364.687539
-371.504175
-354.462585
-296.521180
-228.354820
-214.721548
-269.254636
-320.379405
-316.971087
-289.704544
-248.804728
-235.171456
-248.804728
-289.704544
-327.196041
-299.929498
-204.496594
-105.655372
-54.530603
-44.305649
-54.530603
-64.755556
-44.305649
3.410803
51.127255
68.168845
3.410803
-122.696962
-197.679958
-160.188460
-88.613782
-34.080695
-44.305649
-88.613782
-98.838736
-57.938921
13.635757
74.985481
102.252025
102.252025
54.535573
10.227439
10.227439
47.718937
74.985481
61.352209
13.635757
-40.897331
-27.264059
13.635757
61.352209
64.760527
57.943891
61.352209
17.044075
0.002485
37.493983
27.269029
-17.039105
-81.797146
-92.022100
-61.347239
-54.530603
-27.264059
13.635757
37.493983
17.044075
-30.672377
13.635757
71.577163
74.985481
17.044075
-23.855741
13.635757
30.677347
6.819121
27.269029
78.393799
102.252025
57.943891
23.860711
98.843707
201.093246
207.909882
173.826703
160.193431
180.643338
177.235020
136.335205
136.335205
170.418385
167.010067
132.926887
98.843707
92.027071
102.252025
146.560159
211.318200
238.584744
167.010067
40.902301
98.843707
293.117832
327.201012
218.134836
187.459974
241.993062
269.259606
259.034652
211.318200
194.276610
259.034652
303.342786
272.667924
248.809698
262.442970
241.993062
201.093246
187.459974
149.968477
-3.405833
-221.538184
-378.320811
-405.587355
-374.912493
-415.812309
-494.203623
-548.736710
-579.411572
-569.186618
-507.836895
-388.545765
-262.438000
-241.988092
-293.112862
-327.196041
-303.337816
-248.804728
-214.721548
-190.863322
-221.538184
-289.704544
-357.870903
-299.929498
-95.430418
74.985481
115.885297
78.393799
88.618753
149.968477
184.051656
194.276610
207.909882
160.193431
40.902301
-88.613782
-143.146870
-92.022100
-34.080695
-61.347239
-92.022100
-85.205464
-88.613782
-74.980510
-10.222469
95.435389
122.701933
37.493983
-68.163874
-92.022100
-51.122285
-57.938921
-105.655372
-119.288644
-105.655372
-129.513598
-156.780142
-98.838736
23.860711
37.493983
-57.938921
-61.347239
30.677347
34.085665
-40.897331
-23.855741
68.168845
81.802117
3.410803
-23.855741
68.168845
143.151841
102.252025
37.493983
64.760527
102.252025
30.677347
-44.305649
-13.630787
3.410803
-64.755556
-122.696962
-57.938921
109.068661
163.601749
129.518569
167.010067
265.851288
310.159422
241.993062
194.276610
224.951472
235.176426
184.051656
126.110251
132.926887
160.193431
146.560159
177.235020
228.359790
255.626334
218.134836
167.010067
238.584744
374.917464
381.734100
255.626334
173.826703
190.868292
211.318200
201.093246
252.218016
316.976058
351.059238
337.425966
296.526150
303.342786
340.834284
323.792694
204.501564
30.677347
-197.679958
-480.570351
-695.294384
-708.927656
-616.903070
-599.861480
-685.069430
-749.827472
-688.477748
-518.061849
-351.054267
-218.129866
-126.105280
-119.288644
-221.538184
-320.379405
-282.887908
-163.596778
-126.105280
-204.496594
-269.254636
-276.071272
-224.946502
-85.205464
132.926887
364.692510
483.983639
449.900459
385.142418
378.325782
391.959054
351.059238
211.318200
51.127255
-122.696962
-293.112862
-334.012677
-245.396410
-143.146870
-102.247054
-136.330234
-160.188460
-126.105280
-85.205464
-51.122285
-10.222469
-13.630787
-132.921916
-276.071272
-289.704544
-221.538184
-204.496594
-255.621364
-245.396410
-149.963506
-109.063690
-92.022100
44.310619
201.093246
197.684928
139.743523
149.968477
149.968477
74.985481
-17.039105
-6.814151
68.168845
74.985481
23.860711
61.352209
187.459974
211.318200
88.618753
13.635757
23.860711
3.410803
-119.288644
-194.271640
-129.513598
-40.897331
-34.080695
-40.897331
47.718937
180.643338
228.359790
221.543154
282.892878
368.100828
385.142418
337.425966
327.201012
364.692510
337.425966
224.951472
139.743523
136.335205
153.376795
160.193431
194.276610
293.117832
374.917464
334.017648
255.626334
276.076242
337.425966
374.917464
388.550736
347.650920
299.934468
255.626334
204.501564
177.235020
160.193431
34.085665
-272.662954
-654.394568
-947.509915
-1025.901229
-913.426735
-824.810467
-807.768877
-807.768877
-766.869062
-654.394568
-460.120443
-187.455004
61.352209
136.335205
51.127255
-57.938921
-51.122285
85.210435
153.376795
136.335205
78.393799
-20.447423
-95.430418
-37.489013
190.868292
483.983639
620.316359
524.883455
371.509146
323.792694
313.567740
241.993062
102.252025
-102.247054
-323.787723
-528.286803
-616.903070
-518.061849
-303.337816
-180.638368
-221.538184
-259.029682
-207.904912
-105.655372
-17.039105
23.860711
13.635757
-78.388828
-262.438000
-432.853899
-439.670535
-238.579774
-57.938921
-64.755556
-102.247054
30.677347
282.892878
449.900459
518.066819
606.683087
640.766267
466.942049
167.010067
34.085665
98.843707
88.618753
-129.513598
-289.704544
-218.129866
-105.655372
-126.105280
-153.371824
-3.405833
146.560159
74.985481
-85.205464
-74.980510
54.535573
47.718937
-81.797146
-85.205464
57.943891
129.518569
88.618753
177.235020
432.858869
582.824861
501.025229
388.550736
426.042233
490.800275
419.225597
286.301196
238.584744
248.809698
187.459974
102.252025
146.560159
293.117832
412.408962
439.675505
453.308777
501.025229
504.433547
439.675505
364.692510
279.484560
74.985481
-371.504175
-930.468325
-1363.324709
-1581.457060
-1492.840793
-1240.625262
-1066.801044
-950.918233
-814.585513
-610.086434
-313.562769
-10.222469
224.951472
330.609330
238.584744
47.718937
-47.713967
34.085665
190.868292
241.993062
184.051656
153.376795
146.560159
184.051656
310.159422
535.108409
736.199170
678.257764
398.775690
149.968477
37.493983
-54.530603
-224.946502
-432.853899
-606.678116
-715.744292
-780.502334
-695.294384
-432.853899
-170.413414
-30.672377
-34.080695
-64.755556
-23.855741
23.860711
-3.405833
-112.472008
-235.171456
-313.562769
-337.420995
-262.438000
-37.489013
269.259606
446.492141
422.633915
388.550736
504.433547
647.582903
647.582903
483.983639
323.792694
177.235020
-78.388828
-337.420995
-408.995673
-262.438000
-167.005096
-235.171456
-241.988092
-71.572192
98.843707
109.068661
57.943891
74.985481
68.168845
-81.797146
-259.029682
-245.396410
-61.347239
40.902301
61.352209
180.643338
426.042233
640.766267
698.707672
698.707672
732.790852
681.666082
507.841865
347.650920
299.934468
299.934468
184.051656
47.718937
64.760527
184.051656
262.442970
276.076242
357.875874
487.391957
514.658501
449.900459
398.775690
405.592326
378.325782
126.110251
-419.220627
-1117.925814
-1697.339872
-1956.372039
-1837.080909
-1431.491069
-1042.942818
-845.260375
-685.069430
-480.570351
-163.596778
248.809698
558.966635
603.274769
436.267187
180.643338
0.002485
6.819121
160.193431
299.934468
320.384376
265.851288
211.318200
218.134836
334.017648
552.149999
715.749262
627.132995
272.667924
-143.146870
-432.853899
-558.961664
-644.169614
-783.910652
-906.610099
-940.693279
-892.976827
-729.377564
-371.504175
81.802117
361.284192
344.242602
187.459974
105.660343
78.393799
-13.630787
-163.596778
-170.413414
-13.630787
-23.855741
-95.430418
153.376795
545.333363
664.624492
466.942049
340.834284
460.125413
477.167003
259.034652
37.493983
40.902301
37.493983
-320.379405
-671.436158
-579.411572
-303.337816
-255.621364
-385.137447
-248.804728
105.660343
248.809698
146.560159
105.660343
224.951472
211.318200
-57.938921
-214.721548
-30.672377
184.051656
180.643338
132.926887
347.650920
708.932626
831.632074
749.832442
743.015806
783.915622
637.357949
337.425966
170.418385
184.051656
184.051656
40.902301
-74.980510
-17.039105
122.701933
201.093246
265.851288
466.942049
627.132995
541.925045
381.734100
385.142418
429.450551
214.726518
-388.545765
-1226.991990
-1929.105495
-2157.462800
-1860.939135
-1332.649847
-896.385145
-599.861480
-408.995673
-272.662954
3.410803
405.592326
743.015806
770.282350
443.083823
54.535573
-88.613782
30.677347
211.318200
310.159422
357.875874
351.059238
245.401380
173.826703
296.526150
521.475137
582.824861
347.650920
-85.205464
-497.611941
-739.602518
-855.485329
-886.160191
-858.893647
-882.751873
-940.693279
-841.852057
-494.203623
-23.855741
357.875874
531.700091
497.616911
323.792694
153.376795
85.210435
98.843707
51.127255
-105.655372
-204.496594
-126.105280
119.293615
368.100828
524.883455
610.091405
453.308777
136.335205
13.635757
112.476979
177.235020
13.635757
-221.538184
-334.012677
-426.037263
-483.978669
-456.712125
-289.704544
-85.205464
-85.205464
-201.088276
-98.838736
190.868292
364.692510
299.934468
197.684928
180.643338
146.560159
30.677347
34.085665
259.034652
463.533731
443.083823
344.242602
453.308777
688.482718
770.282350
685.074400
616.908041
528.291773
286.301196
37.493983
3.410803
119.293615
109.068661
-57.938921
-98.838736
81.802117
282.892878
364.692510
439.675505
671.441128
821.407120
678.257764
460.125413
245.401380
-269.254636
-1209.950400
-2099.521394
-2358.553561
-1959.780357
-1356.508073
-1012.267957
-719.152610
-269.254636
64.760527
194.276610
357.875874
705.524308
841.857028
470.350367
-57.938921
-224.946502
34.085665
252.218016
245.401380
323.792694
528.291773
555.558317
330.609330
238.584744
432.858869
528.291773
153.376795
-490.795305
-899.793463
-954.326551
-974.776459
-1087.250952
-1049.759454
-814.585513
-627.128024
-562.369982
-316.971087
245.401380
712.340944
719.157580
419.225597
197.684928
190.868292
139.743523
-64.755556
-156.780142
6.819121
201.093246
177.235020
153.376795
446.492141
770.282350
627.132995
163.601749
-139.738552
-132.921916
-112.472008
-323.787723
-490.795305
-340.829313
-143.146870
-255.621364
-456.712125
-303.337816
40.902301
105.660343
-81.797146
-105.655372
170.418385
378.325782
241.993062
102.252025
279.484560
463.533731
299.934468
10.227439
81.802117
388.550736
449.900459
248.809698
211.318200
439.675505
596.458133
535.108409
497.616911
593.049815
589.641497
262.442970
-88.613782
-68.163874
119.293615
64.760527
-102.247054
10.227439
289.709514
398.775690
395.367372
565.783271
892.981798
1059.989379
705.524308
-30.672377
-875.935237
-1765.506231
-2481.253008
-2549.419368
-1785.956139
-1005.451321
-783.910652
-606.678116
-201.088276
296.526150
678.257764
797.548894
807.773848
671.441128
218.134836
-282.887908
-293.112862
167.010067
470.350367
378.325782
354.467556
545.333363
620.316359
497.616911
409.000644
426.042233
255.626334
-313.562769
-998.634685
-1230.400308
-1066.801044
-1046.351136
-1141.784040
-1015.676275
-688.477748
-443.078853
-272.662954
143.151841
671.441128
848.673664
596.458133
238.584744
129.518569
214.726518
207.909882
115.885297
115.885297
160.193431
105.660343
173.826703
466.942049
623.724677
535.108409
279.484560
-139.738552
-552.145028
-732.785882
-579.411572
-340.829313
-303.337816
-354.462585
-320.379405
-153.371824
10.227439
-40.897331
-71.572192
88.618753
136.335205
-23.855741
-88.613782
149.968477
422.633915
419.225597
316.976058
374.917464
511.250183
453.308777
224.951472
132.926887
248.809698
272.667924
129.518569
112.476979
388.550736
664.624492
654.399539
470.350367
374.917464
361.284192
214.726518
-34.080695
-146.555188
-30.672377
143.151841
119.293615
95.435389
391.959054
763.465714
913.431705
903.206751
869.123572
586.233179
-296.521180
-1608.723604
-2610.769092
-2641.443954
-1884.797361
-1240.625262
-1019.084593
-627.128024
-51.122285
248.809698
443.083823
804.365530
1128.155739
988.414701
248.809698
-470.345397
-477.162033
6.819121
265.851288
248.809698
432.858869
746.424124
739.607488
470.350367
402.184008
490.800275
259.034652
-415.812309
-1128.150768
-1353.099755
-1254.258534
-1278.116759
-1264.483488
-964.551505
-545.328393
-299.929498
-167.005096
180.643338
719.157580
950.923203
685.074400
265.851288
98.843707
132.926887
92.027071
20.452393
95.435389
238.584744
351.059238
381.734100
385.142418
548.741681
616.908041
167.010067
-518.061849
-923.651689
-961.143187
-749.827472
-501.020259
-313.562769
-81.797146
170.418385
170.418385
3.410803
61.352209
187.459974
47.718937
-163.596778
-211.313230
-47.713967
197.684928
368.100828
466.942049
576.008225
661.216174
589.641497
409.000644
276.076242
160.193431
27.269029
-3.405833
74.985481
146.560159
255.626334
439.675505
548.741681
521.475137
432.858869
310.159422
160.193431
54.535573
57.943891
98.843707
129.518569
187.459974
334.017648
576.008225
862.306936
1053.172743
1029.314517
579.416543
-606.678116
-2126.787938
-2931.150983
-2617.585728
-1676.889964
-1019.084593
-807.768877
-470.345397
-17.039105
289.709514
531.700091
862.306936
1141.789010
875.940208
17.044075
-623.719706
-391.954083
241.993062
535.108409
531.700091
603.274769
712.340944
558.966635
306.751104
344.242602
446.492141
71.577163
-760.052426
-1431.491069
-1486.024157
-1257.666852
-1209.950400
-1053.167772
-616.903070
-282.887908
-207.904912
-74.980510
429.450551
1002.047973
991.823019
449.900459
40.902301
78.393799
214.726518
201.093246
306.751104
661.216174
831.632074
545.333363
143.151841
0.002485
163.601749
153.376795
-398.770719
-913.426735
-1036.126182
-1083.842634
-995.226367
-565.778300
30.677347
388.550736
316.976058
129.518569
115.885297
207.909882
221.543154
92.027071
-6.814151
20.452393
40.902301
132.926887
415.817280
576.008225
463.533731
354.467556
330.609330
306.751104
224.951472
112.476979
74.985481
81.802117
81.802117
187.459974
405.592326
610.091405
644.174585
419.225597
248.809698
201.093246
44.310619
10.227439
184.051656
265.851288
207.909882
201.093246
449.900459
814.590484
954.331521
995.231337
729.382534
-354.462585
-1826.855955
-2958.417526
-3057.258748
-1847.305863
-780.502334
-657.802886
-361.279221
235.176426
436.267187
453.308777
644.174585
923.656659
828.223756
23.860711
-800.952241
-657.802886
279.484560
913.431705
794.140576
743.015806
998.639655
749.832442
167.010067
23.860711
95.435389
-139.738552
-875.935237
-1676.889964
-1697.339872
-1165.642266
-933.876643
-835.035421
-453.303807
-54.530603
-61.347239
-259.029682
74.985481
753.240760
879.348526
470.350367
61.352209
10.227439
330.609330
483.983639
456.717095
719.157580
790.732258
303.342786
-20.447423
-40.897331
-235.171456
-368.095857
-381.729129
-708.927656
-1158.825630
-1141.784040
-579.411572
-51.122285
119.293615
228.359790
337.425966
313.567740
81.802117
-252.213046
-92.022100
415.817280
299.934468
-102.247054
112.476979
606.683087
664.624492
299.934468
122.701933
347.650920
402.184008
71.577163
-78.388828
218.134836
524.883455
419.225597
218.134836
456.717095
797.548894
633.949631
241.993062
74.985481
122.701933
129.518569
-6.814151
81.802117
460.125413
576.008225
412.408962
497.616911
848.673664
1066.806015
872.531890
235.176426
-991.818049
-2641.443954
-3558.281492
-2822.084807
-1329.241529
-494.203623
-269.254636
10.227439
381.734100
606.683087
572.599907
627.132995
879.348526
586.233179
-388.545765
-889.568509
-177.230050
855.490300
1134.972375
1015.681245
950.923203
671.441128
102.252025
-398.770719
-501.020259
-337.420995
-582.819890
-1295.158349
-1506.474065
-1022.492911
-610.086434
-524.878485
-436.262217
-197.679958
-132.921916
-456.712125
-613.494752
-98.838736
623.724677
841.857028
610.091405
514.658501
824.815438
1097.480877
954.331521
593.049815
347.650920
160.193431
-330.604359
-800.952241
-722.560928
-511.245213
-473.753715
-589.636526
-892.976827
-603.269798
211.318200
218.134836
-173.821732
23.860711
109.068661
-276.071272
-419.220627
-214.721548
173.826703
620.316359
569.191589
364.692510
739.607488
971.373111
470.350367
-23.855741
-136.330234
-320.379405
-524.878485
-289.704544
207.909882
616.908041
923.656659
910.023387
773.690668
882.756844
606.683087
74.985481
20.452393
-163.596778
-603.269798
-419.220627
129.518569
541.925045
937.289931
1264.488458
1366.737998
1213.363688
957.739839
582.824861
-327.196041
-1666.665010
-3207.224739
-4188.820319
-2995.909024
-794.135605
-54.530603
211.318200
1036.131153
1274.713412
892.981798
316.976058
-194.271640
13.635757
81.802117
-831.627103
-1169.050584
115.885297
1574.645395
1847.310834
1591.686985
1595.095303
1131.564057
-20.447423
-995.226367
-1540.557244
-1584.865378
-1489.432475
-1881.389043
-1663.256692
-364.687539
357.875874
272.667924
316.976058
327.201012
57.943891
-528.286803
-1107.700860
-855.485329
-68.163874
354.467556
347.650920
613.499723
1506.479035
1973.418599
1489.437445
1029.314517
606.683087
-119.288644
-698.702702
-1363.324709
-1772.322867
-1019.084593
-548.736710
-967.959823
-497.611941
473.758685
579.416543
466.942049
398.775690
-13.630787
-487.386987
-800.952241
-875.935237
-374.912493
538.516727
896.390116
783.915622
1169.055554
1421.271085
763.465714
132.926887
-146.555188
-630.536342
-947.509915
-852.077011
-456.712125
337.425966
940.698249
1059.989379
1373.554634
1615.545211
1063.397697
255.626334
-139.738552
-347.645949
-644.169614
-777.094016
-364.687539
173.826703
623.724677
1206.547052
1526.928943
1731.428022
1942.743737
1261.080140
-197.679958
-1925.697177
-4049.079282
-5000.000000
-3387.865593
-1186.092174
-224.946502
453.308777
1288.346684
1598.503621
1424.679403
835.040392
109.068661
-57.938921
-282.887908
-1325.833211
-1601.906968
23.860711
1601.911939
2004.093461
2099.526365
1816.635972
1015.681245
129.518569
-872.526919
-1608.723604
-1659.848374
-1826.855955
-2242.670749
-1646.215102
-231.763138
466.942049
415.817280
385.142418
323.792694
37.493983
-562.369982
-1077.025998
-633.944660
316.976058
555.558317
368.100828
845.265346
1612.136893
1707.569796
1226.996960
426.042233
-310.154451
-351.054267
-743.010836
-1741.648006
-1237.216944
17.044075
-177.230050
-705.519338
-449.895489
44.310619
405.592326
81.802117
-715.744292
-507.836895
419.225597
51.127255
-712.335974
368.100828
1734.836340
1346.288090
296.526150
-13.630787
364.692510
535.108409
-248.804728
-1005.451321
-330.604359
582.824861
139.743523
-238.579774
548.741681
1090.664241
783.915622
327.201012
282.892878
719.157580
688.482718
-112.472008
-334.012677
351.059238
681.666082
276.076242
149.968477
777.098986
1291.755002
1005.456291
630.541313
654.399539
23.860711
-2004.088490
-4263.803315
-4260.394997
-1697.339872
13.635757
-143.146870
286.301196
1244.038550
1250.855186
419.225597
-361.279221
-207.904912
228.359790
-320.379405
-1053.167772
-286.296226
1578.053713
2324.475352
1673.486616
1329.246500
1158.830600
37.493983
-1370.141345
-1946.147085
-1741.648006
-1393.999571
-1424.674433
-1274.708441
-81.797146
1066.806015
736.199170
-126.105280
-381.729129
-518.061849
-1056.576090
-1550.782198
-1097.475906
241.993062
1281.530048
1489.437445
1496.254081
1871.169059
1993.868507
1025.906199
-81.797146
-644.169614
-1550.782198
-1956.372039
-1022.492911
-647.577932
-712.335974
487.391957
1257.671822
443.083823
-238.579774
-562.369982
-1134.967404
-1247.441898
-1049.759454
-1022.492911
23.860711
1666.669980
1728.019704
1124.747421
1523.520625
1441.720993
289.709514
-501.020259
-950.918233
-1155.417312
-586.228208
-238.579774
-197.679958
702.115990
1417.862767
1019.089563
582.824861
320.384376
71.577163
173.826703
44.310619
-241.988092
190.868292
749.832442
708.932626
572.599907
671.441128
736.199170
698.707672
746.424124
797.548894
814.590484
548.741681
-644.169614
-2307.428791
-3571.914764
-3779.822161
-2017.721762
-44.305649
143.151841
316.976058
916.840023
654.399539
303.342786
122.701933
-197.679958
-61.347239
27.269029
-337.420995
85.210435
1455.354265
2164.284406
1653.036708
1025.906199
555.558317
-473.753715
-1417.857797
-1588.273696
-1588.273696
-1356.508073
-944.101597
-681.661112
136.335205
852.081982
265.851288
-572.594936
-913.426735
-1206.542082
-1349.691437
-1128.150768
-395.362401
862.306936
1833.677562
2034.768323
1898.435603
1710.978114
1257.671822
231.768108
-725.969246
-1172.458902
-1653.031738
-1244.033580
-88.613782
-238.579774
-255.621364
985.006383
790.732258
-466.937079
-848.668693
-1094.067588
-1141.784040
-875.935237
-971.368141
-173.821732
1632.586800
2014.318415
1025.906199
879.348526
1121.339103
265.851288
-828.218785
-1063.392726
-654.394568
-132.921916
71.577163
255.626334
1032.722835
1417.862767
681.666082
143.151841
109.068661
-173.821732
-286.296226
-105.655372
132.926887
712.340944
1083.847605
1002.047973
1131.564057
1134.972375
538.516727
126.110251
221.543154
313.567740
470.350367
238.584744
-940.693279
-2232.445795
-3316.290915
-3200.408103
-998.634685
409.000644
74.985481
143.151841
334.017648
259.034652
44.310619
-456.712125
-289.704544
548.741681
719.157580
156.785113
490.800275
1867.760741
2055.218231
821.407120
-136.330234
-535.103439
-824.810467
-1189.500492
-1530.332290
-1209.950400
-446.487171
-207.904912
-197.679958
255.626334
340.834284
-535.103439
-1424.674433
-1567.823788
-1179.275538
-661.211204
-245.396410
446.492141
1656.445026
2324.475352
1888.210649
1247.446868
841.857028
276.076242
-637.352978
-1244.033580
-1114.517496
-725.969246
-61.347239
443.083823
211.318200
310.159422
361.284192
-719.152610
-1721.198098
-1898.430633
-1567.823788
-753.235790
-23.855741
511.250183
1642.811754
2505.116205
1710.978114
477.167003
-13.630787
-402.179037
-967.959823
-1295.158349
-746.419154
562.374953
1346.288090
1083.847605
807.773848
1012.272927
606.683087
-647.577932
-1233.808626
-804.360559
-378.320811
61.352209
729.382534
1356.513044
1905.252239
1847.310834
1179.280508
807.773848
415.817280
-330.604359
-579.411572
-136.330234
579.416543
777.098986
-112.472008
-1022.492911
-1898.430633
-2995.909024
-2174.504390
-286.296226
-51.122285
-316.971087
-310.154451
-388.545765
-71.572192
-37.489013
-385.137447
6.819121
1121.339103
1387.187905
654.399539
1261.080140
2191.550950
1128.155739
-71.572192
-678.252794
-1428.082751
-1349.691437
-1128.150768
-1308.791621
-565.778300
426.042233
477.167003
439.675505
531.700091
-235.171456
-1506.474065
-2044.988306
-1843.897545
-1284.933395
-385.137447
460.125413
1342.879772
2477.849661
2631.223970
1588.278667
838.448710
272.667924
-702.111020
-1380.366299
-1353.099755
-753.235790
286.301196
797.548894
163.601749
-23.855741
337.425966
-541.920075
-1666.665010
-1820.039319
-1710.973144
-1059.984408
3.410803
388.550736
872.531890
2137.017862
2167.692724
688.482718
-3.405833
6.819121
-354.462585
-729.377564
-712.335974
-126.105280
804.365530
1155.422282
473.758685
34.085665
385.142418
47.718937
-691.886066
-357.870903
320.384376
538.516727
644.174585
579.416543
766.874032
1271.305094
821.407120
259.034652
640.766267
674.849446
463.533731
511.250183
606.683087
480.575321
-702.111020
-2140.421210
-3275.391099
-3306.065961
-892.976827
409.000644
-224.946502
650.991221
1053.172743
109.068661
-248.804728
-831.627103
-1036.126182
-160.188460
371.509146
593.049815
1329.246500
2174.509360
1997.276825
804.365530
78.393799
-453.303807
-1571.232106
-1915.472223
-1537.148926
-1274.708441
-453.303807
316.976058
725.974216
1281.530048
664.624492
-988.409731
-1779.139503
-1728.014734
-1349.691437
-804.360559
-364.687539
541.925045
1697.344842
2055.218231
1792.777746
1305.388274
647.582903
-98.838736
-817.993831
-1015.676275
-501.020259
231.768108
241.993062
-61.347239
313.567740
-81.797146
-1094.067588
-1155.417312
-1601.906968
-1952.963721
-613.494752
681.666082
824.815438
1250.855186
2024.543369
1162.238918
-245.396410
-310.154451
-572.594936
-807.768877
-340.829313
-456.712125
224.951472
1963.193645
1871.169059
541.925045
231.768108
81.802117
-725.969246
-1087.250952
-477.162033
299.934468
760.057396
998.639655
1039.539471
1288.346684
1336.063136
541.925045
109.068661
385.142418
446.492141
320.384376
347.650920
92.027071
-620.311388
-1220.175354
-2511.927870
-3391.273911
-1162.233948
688.482718
-115.880326
-129.513598
548.741681
490.800275
190.868292
-633.944660
-1230.400308
-337.420995
681.666082
296.526150
654.399539
2416.499937
2222.225812
453.308777
-81.797146
-241.988092
-933.876643
-1319.016575
-1588.273696
-1407.632843
-422.628945
-6.814151
126.110251
862.306936
848.673664
-524.878485
-1751.872959
-1690.523236
-1059.984408
-514.653531
3.410803
426.042233
1308.796592
1833.677562
1189.505462
739.607488
432.858869
-207.904912
-552.145028
-702.111020
-368.095857
415.817280
558.966635
-61.347239
-426.037263
-221.538184
-725.969246
-1895.022315
-1513.290700
-143.146870
-34.080695
44.310619
892.981798
1240.630232
1213.363688
279.484560
-872.526919
-214.721548
327.201012
-286.296226
-330.604359
456.717095
1295.163320
920.248341
170.418385
460.125413
272.667924
-623.719706
-998.634685
-627.128024
518.066819
1117.930785
705.524308
1056.581061
1653.036708
1155.422282
439.675505
85.210435
177.235020
378.325782
98.843707
334.017648
644.174585
-6.814151
-545.328393
-1376.957981
-2730.060221
-2334.695335
-449.895489
327.201012
-272.662954
-463.528761
95.435389
-98.838736
-596.453162
-466.937079
-565.778300
23.860711
1209.955370
1042.947789
1216.772006
2229.042448
1486.029127
-167.005096
-783.910652
-923.651689
-1298.566667
-1390.591253
-787.318969
-221.538184
153.376795
650.991221
681.666082
409.000644
-129.513598
-1356.508073
-2068.846532
-1581.457060
-777.094016
-88.613782
497.616911
1087.255923
1595.095303
1397.412859
569.191589
17.044075
-299.929498
-630.536342
-514.653531
-149.963506
514.658501
1189.505462
483.983639
-579.411572
-514.653531
-627.128024
-1523.515654
-1598.498650
-327.196041
3.410803
-599.861480
504.433547
1537.153897
882.756844
586.233179
218.134836
-272.662954
6.819121
-269.254636
-678.252794
-54.530603
671.441128
501.025229
40.902301
783.915622
1329.246500
27.269029
-668.027840
132.926887
422.633915
207.909882
235.176426
466.942049
852.081982
855.490300
623.724677
794.140576
988.414701
892.981798
514.658501
207.909882
23.860711
-756.644108
-1540.557244
-2014.313444
-2539.194414
-1578.048742
528.291773
947.514885
-13.630787
-187.455004
64.760527
-565.778300
-1267.891806
-1036.126182
-449.895489
194.276610
998.639655
1397.412859
1414.454449
1676.894934
1305.388274
-316.971087
-1206.542082
-865.710283
-920.243371
-1080.434316
-453.303807
204.501564
364.692510
613.499723
715.749262
27.269029
-913.426735
-1424.674433
-1513.290700
-1244.033580
-528.286803
265.851288
579.416543
855.490300
1250.855186
933.881613
211.318200
-207.904912
-327.196041
-289.704544
-282.887908
-27.264059
702.115990
886.165162
269.259606
-190.863322
-555.553346
-1042.942818
-1356.508073
-872.526919
-3.405833
-92.022100
146.560159
1152.013964
862.306936
61.352209
-122.696962
-194.271640
-323.787723
-463.528761
-23.855741
593.049815
736.199170
715.749262
381.734100
47.718937
153.376795
47.718937
-381.729129
-170.413414
627.132995
930.473295
729.382534
729.382534
933.881613
657.807856
54.535573
3.410803
344.242602
736.199170
920.248341
780.507304
463.533731
-3.405833
-456.712125
-1441.716023
-2409.678331
-1949.555403
-705.519338
119.293615
-272.662954
-606.678116
286.301196
194.276610
-783.910652
-835.035421
-374.912493
224.951472
429.450551
429.450551
852.081982
916.840023
647.582903
293.117832
-453.303807
-688.477748
-265.846318
-231.763138
-177.230050
129.518569
170.418385
279.484560
136.335205
-289.704544
-548.736710
-1015.676275
-1008.859639
-501.020259
-262.438000
61.352209
347.650920
456.717095
558.966635
354.467556
-201.088276
-558.961664
-408.995673
-163.596778
47.718937
289.709514
623.724677
780.507304
74.985481
-558.961664
-347.645949
-207.904912
-623.719706
-995.226367
-296.521180
630.541313
378.325782
64.760527
487.391957
821.407120
334.017648
-494.203623
-436.262217
102.252025
-74.980510
-603.269798
-299.929498
627.132995
937.289931
456.717095
37.493983
357.875874
688.482718
231.768108
-71.572192
276.076242
654.399539
528.291773
262.442970
596.458133
1083.847605
1175.872190
862.306936
511.250183
586.233179
252.218016
-627.128024
-971.368141
-1008.859639
-1138.375722
-1203.133764
-678.252794
419.225597
334.017648
-773.685698
-814.585513
-429.445581
-760.052426
-1332.649847
-1230.400308
122.701933
1063.397697
794.140576
889.573480
981.598065
419.225597
-64.755556
-613.494752
-1049.759454
-865.710283
-388.545765
146.560159
385.142418
545.333363
1008.864609
855.490300
-78.388828
-685.069430
-940.693279
-1117.925814
-906.610099
-460.120443
64.760527
395.367372
453.308777
654.399539
555.558317
-20.447423
-388.545765
-538.511757
-460.120443
-163.596778
-156.780142
-184.046686
177.235020
306.751104
-64.755556
-259.029682
-115.880326
139.743523
129.518569
-167.005096
61.352209
429.450551
347.650920
160.193431
-102.247054
10.227439
255.626334
-105.655372
-289.704544
57.943891
265.851288
245.401380
153.376795
153.376795
327.201012
177.235020
-170.413414
-51.122285
248.809698
388.550736
385.142418
316.976058
552.149999
715.749262
576.008225
555.558317
637.357949
828.223756
821.407120
480.575321
187.459974
-6.814151
-204.496594
-678.252794
-1070.209362
-879.343555
-316.971087
132.926887
-245.396410
-725.969246
-439.670535
-303.337816
-644.169614
-923.651689
-579.411572
163.601749
149.968477
-126.105280
163.601749
146.560159
-194.271640
-235.171456
-282.887908
-408.995673
-334.012677
119.293615
620.316359
395.367372
98.843707
368.100828
163.601749
-453.303807
-668.027840
-650.986250
-419.220627
-122.696962
197.684928
674.849446
698.707672
385.142418
201.093246
-218.129866
-763.460744
-889.568509
-589.636526
-201.088276
-78.388828
-68.163874
340.834284
555.558317
241.993062
71.577163
-149.963506
-419.220627
-490.795305
-603.269798
-354.462585
51.127255
327.201012
708.932626
630.541313
405.592326
426.042233
136.335205
-122.696962
-218.129866
-364.687539
-180.638368
129.518569
306.751104
483.983639
432.858869
296.526150
160.193431
-61.347239
6.819121
160.193431
207.909882
385.142418
446.492141
487.391957
620.316359
552.149999
463.533731
385.142418
228.359790
149.968477
34.085665
-13.630787
92.027071
115.885297
10.227439
0.002485
269.259606
289.709514
-293.112862
-688.477748
-640.761296
-661.211204
-790.727287
-582.819890
40.902301
316.976058
92.027071
78.393799
51.127255
-259.029682
-463.528761
-518.061849
-633.944660
-760.052426
-637.352978
-184.046686
85.210435
74.985481
221.543154
214.726518
-61.347239
-197.679958
-214.721548
-180.638368
-218.129866
-255.621364
92.027071
405.592326
293.117832
156.785113
105.660343
-37.489013
-224.946502
-313.562769
-173.821732
-109.063690
-303.337816
-262.438000
92.027071
269.259606
255.626334
88.618753
-105.655372
-211.313230
-340.829313
-197.679958
105.660343
167.010067
160.193431
115.885297
40.902301
88.618753
153.376795
160.193431
-30.672377
-245.396410
-61.347239
330.609330
412.408962
303.342786
347.650920
293.117832
30.677347
-74.980510
126.110251
381.734100
279.484560
136.335205
374.917464
562.374953
623.724677
681.666082
528.291773
334.017648
214.726518
187.459974
272.667924
129.518569
-30.672377
37.493983
51.127255
190.868292
422.633915
279.484560
-61.347239
-470.345397
-838.443739
-804.360559
-565.778300
-286.296226
-119.288644
-323.787723
-310.154451
-30.672377
-34.080695
-184.046686
-347.645949
-582.819890
-783.910652
-824.810467
-511.245213
-122.696962
-78.388828
-34.080695
61.352209
-10.222469
20.452393
30.677347
-197.679958
-340.829313
-316.971087
-85.205464
228.359790
299.934468
293.117832
170.418385
-54.530603
-23.855741
126.110251
187.459974
74.985481
-177.230050
-197.679958
-54.530603
-23.855741
44.310619
78.393799
-20.447423
-81.797146
-95.430418
-20.447423
95.435389
115.885297
126.110251
57.943891
-44.305649
-27.264059
6.819121
30.677347
44.310619
51.127255
160.193431
296.526150
368.100828
296.526150
187.459974
98.843707
-74.980510
-153.371824
-68.163874
88.618753
238.584744
327.201012
521.475137
729.382534
719.157580
548.741681
395.367372
296.526150
71.577163
-81.797146
57.943891
224.951472
245.401380
286.301196
320.384376
354.467556
436.267187
327.201012
-132.921916
-569.186618
-862.301965
-1025.901229
-910.018417
-521.470167
-23.855741
98.843707
-109.063690
-109.063690
-102.247054
-214.721548
-306.746133
-528.286803
-794.135605
-916.835053
-705.519338
-248.804728
-20.447423
129.518569
354.467556
286.301196
40.902301
-47.713967
-177.230050
-419.220627
-572.594936
-429.445581
-3.405833
218.134836
221.543154
330.609330
357.875874
241.993062
112.476979
81.802117
85.210435
-136.330234
-395.362401
-310.154451
-109.063690
74.985481
323.792694
374.917464
276.076242
201.093246
27.269029
-115.880326
-163.596778
-187.455004
-115.880326
-122.696962
-61.347239
146.560159
170.418385
170.418385
204.501564
98.843707
27.269029
44.310619
139.743523
201.093246
61.352209
-30.672377
109.068661
265.851288
327.201012
385.142418
405.592326
347.650920
255.626334
238.584744
357.875874
422.633915
361.284192
313.567740
337.425966
378.325782
354.467556
310.159422
190.868292
-51.122285
-214.721548
-126.105280
112.476979
98.843707
-95.430418
-187.455004
-371.504175
-477.162033
-323.787723
-78.388828
-54.530603
-408.995673
-644.169614
-572.594936
-470.345397
-323.787723
-180.638368
-245.396410
-412.403991
-449.895489
-255.621364
-81.797146
-146.555188
-211.313230
-190.863322
-282.887908
-276.071272
-126.105280
-37.489013
-30.672377
13.635757
241.993062
415.817280
259.034652
13.635757
-156.780142
-282.887908
-334.012677
-259.029682
-112.472008
-6.814151
30.677347
61.352209
129.518569
221.543154
316.976058
265.851288
-13.630787
-184.046686
-211.313230
-255.621364
-167.005096
20.452393
211.318200
306.751104
255.626334
255.626334
187.459974
40.902301
23.860711
-30.672377
-74.980510
-17.039105
64.760527
184.051656
180.643338
129.518569
194.276610
207.909882
259.034652
402.184008
422.633915
361.284192
344.242602
436.267187
518.066819
419.225597
330.609330
337.425966
241.993062
112.476979
153.376795
252.218016
211.318200
57.943891
-68.163874
-17.039105
146.560159
115.885297
-112.472008
-388.545765
-627.128024
-691.886066
-531.695121
-197.679958
13.635757
-126.105280
-282.887908
-303.337816
-364.687539
-327.196041
-299.929498
-426.037263
-518.061849
-545.328393
-405.587355
-190.863322
-146.555188
-71.572192
-71.572192
-245.396410
-197.679958
-95.430418
-109.063690
-54.530603
-13.630787
163.601749
388.550736
357.875874
194.276610
-57.938921
-286.296226
-221.538184
-105.655372
-68.163874
27.269029
85.210435
88.618753
47.718937
20.452393
163.601749
177.235020
-57.938921
-153.371824
-136.330234
-160.188460
-74.980510
54.535573
228.359790
306.751104
136.335205
112.476979
197.684928
163.601749
112.476979
44.310619
27.269029
71.577163
85.210435
95.435389
92.027071
64.760527
78.393799
109.068661
197.684928
391.959054
388.550736
262.442970
289.709514
310.159422
323.792694
344.242602
296.526150
354.467556
374.917464
299.934468
364.692510
371.509146
303.342786
197.684928
-102.247054
-201.088276
-85.205464
-68.163874
-68.163874
-204.496594
-426.037263
-504.428577
-497.611941
-310.154451
-85.205464
-173.821732
-357.870903
-439.670535
-446.487171
-262.438000
-170.413414
-303.337816
-426.037263
-497.611941
-388.545765
-207.904912
-173.821732
-143.146870
-156.780142
-235.171456
-170.413414
-34.080695
0.002485
-78.388828
-136.330234
-40.897331
112.476979
180.643338
177.235020
71.577163
-105.655372
-64.755556
92.027071
146.560159
139.743523
20.452393
-132.921916
-163.596778
-78.388828
109.068661
170.418385
-10.222469
-88.613782
-34.080695
-13.630787
40.902301
132.926887
170.418385
30.677347
-98.838736
-10.222469
51.127255
-40.897331
-40.897331
74.985481
153.376795
241.993062
391.959054
466.942049
351.059238
146.560159
71.577163
105.660343
85.210435
34.085665
44.310619
115.885297
276.076242
490.800275
623.724677
623.724677
521.475137
351.059238
207.909882
136.335205
98.843707
44.310619
-23.855741
-68.163874
-40.897331
71.577163
235.176426
262.442970
109.068661
-126.105280
-391.954083
-552.145028
-579.411572
-507.836895
-374.912493
-334.012677
-361.279221
-306.746133
-231.763138
-218.129866
-207.904912
-248.804728
-381.729129
-449.895489
-344.237631
-184.046686
-136.330234
-187.455004
-173.821732
-132.921916
-71.572192
57.943891
54.535573
-71.572192
-105.655372
3.410803
153.376795
153.376795
27.269029
-47.713967
-112.472008
-163.596778
-57.938921
68.168845
47.718937
-78.388828
-149.963506
13.635757
224.951472
272.667924
241.993062
122.701933
-57.938921
-167.005096
-153.371824
10.227439
88.618753
-6.814151
-13.630787
78.393799
139.743523
221.543154
252.218016
167.010067
47.718937
27.269029
136.335205
122.701933
34.085665
122.701933
241.993062
238.584744
293.117832
429.450551
419.225597
211.318200
126.110251
269.259606
327.201012
228.359790
201.093246
282.892878
316.976058
269.259606
323.792694
388.550736
235.176426
13.635757
-98.838736
-173.821732
-184.046686
-119.288644
-64.755556
-78.388828
-207.904912
-303.337816
-282.887908
-259.029682
-228.354820
-184.046686
-269.254636
-439.670535
-535.103439
-504.428577
-402.179037
-412.403991
-422.628945
-313.562769
-286.296226
-238.579774
-95.430418
-10.222469
-61.347239
-255.621364
-303.337816
-143.146870
-78.388828
-74.980510
3.410803
112.476979
170.418385
190.868292
255.626334
160.193431
-95.430418
-218.129866
-187.455004
-129.513598
-119.288644
-17.039105
143.151841
136.335205
92.027071
228.359790
262.442970
98.843707
-54.530603
-132.921916
-136.330234
-85.205464
81.802117
282.892878
221.543154
98.843707
156.785113
136.335205
47.718937
27.269029
34.085665
34.085665
-6.814151
78.393799
262.442970
269.259606
218.134836
252.218016
245.401380
211.318200
207.909882
214.726518
207.909882
153.376795
197.684928
347.650920
412.408962
395.367372
371.509146
340.834284
293.117832
238.584744
177.235020
98.843707
-34.080695
-201.088276
-293.112862
-235.171456
-102.247054
-44.305649
-44.305649
-88.613782
-190.863322
-310.154451
-340.829313
-282.887908
-337.420995
-426.037263
-460.120443
-432.853899
-303.337816
-129.513598
-61.347239
-143.146870
-289.704544
-361.279221
-330.604359
-344.237631
-381.729129
-361.279221
-310.154451
-180.638368
37.493983
201.093246
231.768108
119.293615
20.452393
40.902301
23.860711
-64.755556
-156.780142
-248.804728
-207.904912
-30.672377
163.601749
276.076242
214.726518
92.027071
61.352209
23.860711
-17.039105
-30.672377
-119.288644
-187.455004
-95.430418
132.926887
313.567740
330.609330
265.851288
187.459974
92.027071
40.902301
3.410803
-47.713967
-81.797146
-30.672377
149.968477
293.117832
313.567740
296.526150
286.301196
235.176426
149.968477
88.618753
61.352209
30.677347
3.410803
122.701933
344.242602
429.450551
446.492141
487.391957
524.883455
463.533731
313.567740
218.134836
112.476979
0.002485
-27.264059
-30.672377
-54.530603
-102.247054
-109.063690
-74.980510
-64.755556
-139.738552
-327.196041
-470.345397
-507.836895
-456.712125
-334.012677
-282.887908
-310.154451
-310.154451
-259.029682
-177.230050
-132.921916
-184.046686
-272.662954
-368.095857
-378.320811
-262.438000
-136.330234
-129.513598
-214.721548
-231.763138
-112.472008
17.044075
6.819121
-57.938921
-78.388828
-71.572192
-6.814151
102.252025
115.885297
-20.447423
-163.596778
-163.596778
-102.247054
-51.122285
-3.405833
34.085665
57.943891
109.068661
197.684928
224.951472
129.518569
44.310619
27.269029
27.269029
-23.855741
-57.938921
-20.447423
20.452393
57.943891
160.193431
296.526150
310.159422
177.235020
156.785113
214.726518
194.276610
109.068661
51.127255
78.393799
81.802117
98.843707
228.359790
303.342786
299.934468
279.484560
245.401380
255.626334
262.442970
241.993062
259.034652
231.768108
214.726518
282.892878
330.609330
310.159422
269.259606
265.851288
262.442970
153.376795
-23.855741
-146.555188
-235.171456
-259.029682
-248.804728
-248.804728
-303.337816
-402.179037
-405.587355
-289.704544
-190.863322
-211.313230
-323.787723
-422.628945
-436.262217
-391.954083
-334.012677
-320.379405
-347.645949
-344.237631
-245.396410
-136.330234
-102.247054
-126.105280
-149.963506
-119.288644
-64.755556
30.677347
74.985481
-37.489013
-153.371824
-122.696962
-20.447423
-20.447423
-156.780142
-252.213046
-214.721548
-126.105280
47.718937
194.276610
184.051656
102.252025
34.085665
88.618753
184.051656
132.926887
40.902301
-20.447423
-51.122285
20.452393
119.293615
139.743523
126.110251
78.393799
95.435389
184.051656
197.684928
149.968477
68.168845
13.635757
81.802117
167.010067
221.543154
255.626334
235.176426
218.134836
269.259606
313.567740
286.301196
149.968477
47.718937
68.168845
122.701933
221.543154
334.017648
388.550736
374.917464
323.792694
299.934468
228.359790
112.476979
68.168845
54.535573
34.085665
-23.855741
-54.530603
-20.447423
-17.039105
-3.405833
3.410803
-129.513598
-303.337816
-449.895489
-466.937079
-310.154451
-228.354820
-238.579774
-282.887908
-364.687539
-357.870903
-296.521180
-316.971087
-385.137447
-460.120443
-432.853899
-255.621364
-156.780142
-126.105280
-112.472008
-139.738552
-88.613782
0.002485
57.943891
68.168845
-40.897331
-92.022100
-27.264059
-6.814151
-40.897331
-115.880326
-214.721548
-241.988092
-177.230050
0.002485
167.010067
139.743523
92.027071
126.110251
156.785113
105.660343
30.677347
98.843707
95.435389
-51.122285
-20.447423
139.743523
126.110251
57.943891
126.110251
173.826703
81.802117
17.044075
119.293615
177.235020
122.701933
173.826703
276.076242
231.768108
132.926887
160.193431
207.909882
160.193431
143.151841
245.401380
262.442970
163.601749
204.501564
357.875874
385.142418
303.342786
306.751104
340.834284
235.176426
105.660343
74.985481
92.027071
54.535573
27.269029
30.677347
-44.305649
-170.413414
-153.371824
-40.897331
23.860711
-27.264059
-153.371824
-282.887908
-419.220627
-419.220627
-259.029682
-211.313230
-323.787723
-385.137447
-313.562769
-235.171456
-231.763138
-235.171456
-276.071272
-419.220627
-494.203623
-347.645949
-221.538184
-235.171456
-221.538184
-78.388828
95.435389
136.335205
112.476979
68.168845
-68.163874
-163.596778
-78.388828
-51.122285
-180.638368
-204.496594
-47.713967
54.535573
40.902301
85.210435
102.252025
-44.305649
-129.513598
81.802117
245.401380
98.843707
57.943891
228.359790
235.176426
105.660343
92.027071
129.518569
-6.814151
-95.430418
143.151841
306.751104
132.926887
61.352209
214.726518
245.401380
160.193431
180.643338
173.826703
-10.222469
-92.022100
129.518569
289.709514
163.601749
105.660343
214.726518
238.584744
207.909882
327.201012
446.492141
327.201012
207.909882
289.709514
313.567740
149.968477
40.902301
74.985481
78.393799
37.493983
85.210435
85.210435
-105.655372
-248.804728
-184.046686
-112.472008
-187.455004
-276.071272
-293.112862
-310.154451
-279.479590
-109.063690
3.410803
-129.513598
-299.929498
-327.196041
-303.337816
-330.604359
-357.870903
-385.137447
-412.403991
-368.095857
-214.721548
-105.655372
-119.288644
-197.679958
-197.679958
-78.388828
6.819121
3.410803
-51.122285
-115.880326
-122.696962
-61.347239
6.819121
-30.672377
-105.655372
-92.022100
27.269029
167.010067
187.459974
85.210435
10.227439
-27.264059
-23.855741
17.044075
20.452393
47.718937
68.168845
88.618753
194.276610
235.176426
112.476979
30.677347
51.127255
109.068661
132.926887
115.885297
146.560159
139.743523
109.068661
201.093246
259.034652
170.418385
88.618753
85.210435
126.110251
132.926887
149.968477
197.684928
156.785113
88.618753
132.926887
211.318200
221.543154
211.318200
276.076242
374.917464
374.917464
289.709514
231.768108
190.868292
88.618753
51.127255
81.802117
6.819121
-143.146870
-207.904912
-153.371824
-95.430418
-126.105280
-136.330234
-167.005096
-299.929498
-354.462585
-241.988092
-139.738552
-201.088276
-313.562769
-316.971087
-299.929498
-313.562769
-299.929498
-269.254636
-310.154451
-351.054267
-235.171456
-115.880326
-122.696962
-173.821732
-160.188460
-105.655372
-92.022100
-51.122285
-13.630787
-68.163874
-136.330234
-81.797146
-10.222469
-64.755556
-153.371824
-122.696962
-23.855741
10.227439
68.168845
156.785113
109.068661
34.085665
112.476979
224.951472
167.010067
-20.447423
-47.713967
37.493983
6.819121
13.635757
112.476979
112.476979
40.902301
105.660343
276.076242
252.218016
81.802117
68.168845
139.743523
112.476979
122.701933
214.726518
228.359790
153.376795
177.235020
276.076242
231.768108
81.802117
78.393799
136.335205
129.518569
156.785113
238.584744
245.401380
190.868292
248.809698
340.834284
259.034652
74.985481
17.044075
40.902301
30.677347
51.127255
92.027071
27.269029
-112.472008
-119.288644
-27.264059
-44.305649
-146.555188
-218.129866
-262.438000
-320.379405
-286.296226
-180.638368
-211.313230
-293.112862
-272.662954
-201.088276
-211.313230
-265.846318
-272.662954
-303.337816
-368.095857
-320.379405
-207.904912
-163.596778
-177.230050
-136.330234
0.002485
54.535573
13.635757
-6.814151
-61.347239
-173.821732
-224.946502
-167.005096
-112.472008
-92.022100
-37.489013
64.760527
119.293615
92.027071
78.393799
92.027071
68.168845
20.452393
0.002485
13.635757
-3.405833
23.860711
146.560159
211.318200
160.193431
112.476979
129.518569
126.110251
47.718937
40.902301
78.393799
57.943891
47.718937
132.926887
235.176426
211.318200
156.785113
214.726518
241.993062
180.643338
153.376795
109.068661
54.535573
40.902301
126.110251
231.768108
204.501564
177.235020
241.993062
276.076242
272.667924
248.809698
180.643338
64.760527
-40.897331
-37.489013
20.452393
10.227439
-13.630787
-6.814151
-51.122285
-95.430418
-74.980510
-54.530603
-68.163874
-102.247054
-132.921916
-160.188460
-228.354820
-255.621364
-231.763138
-228.354820
-235.171456
-235.171456
-228.354820
-214.721548
-221.538184
-224.946502
-221.538184
-245.396410
-269.254636
-235.171456
-173.821732
-149.963506
-177.230050
-143.146870
-64.755556
-51.122285
-54.530603
-85.205464
-136.330234
-122.696962
-30.672377
47.718937
57.943891
13.635757
-10.222469
10.227439
34.085665
78.393799
78.393799
3.410803
-13.630787
61.352209
139.743523
173.826703
149.968477
112.476979
74.985481
40.902301
92.027071
126.110251
47.718937
10.227439
71.577163
153.376795
204.501564
228.359790
218.134836
180.643338
167.010067
224.951472
235.176426
122.701933
20.452393
17.044075
37.493983
78.393799
156.785113
204.501564
207.909882
207.909882
272.667924
303.342786
218.134836
167.010067
122.701933
30.677347
-34.080695
-6.814151
17.044075
34.085665
71.577163
105.660343
47.718937
-95.430418
-139.738552
-115.880326
-115.880326
-109.063690
-146.555188
-211.313230
-231.763138
-197.679958
-187.455004
-221.538184
-259.029682
-248.804728
-248.804728
-241.988092
-184.046686
-177.230050
-224.946502
-214.721548
-153.371824
-136.330234
-187.455004
-218.129866
-235.171456
-228.354820
-160.188460
-81.797146
-78.388828
-126.105280
-109.063690
-44.305649
-40.897331
-47.713967
13.635757
30.677347
-47.713967
-54.530603
27.269029
34.085665
-23.855741
27.269029
149.968477
136.335205
81.802117
153.376795
201.093246
119.293615
85.210435
109.068661
71.577163
-20.447423
-3.405833
119.293615
146.560159
119.293615
180.643338
211.318200
160.193431
149.968477
177.235020
163.601749
78.393799
47.718937
115.885297
126.110251
88.618753
112.476979
177.235020
204.501564
231.768108
262.442970
252.218016
177.235020
109.068661
143.151841
163.601749
102.252025
23.860711
-6.814151
6.819121
64.760527
129.518569
143.151841
51.127255
-74.980510
-129.513598
-105.655372
-115.880326
-153.371824
-149.963506
-146.555188
-170.413414
-173.821732
-146.555188
-160.188460
-211.313230
-218.129866
-194.271640
-211.313230
-272.662954
-286.296226
-231.763138
-187.455004
-180.638368
-163.596778
-160.188460
-177.230050
-167.005096
-109.063690
-81.797146
-132.921916
-160.188460
-115.880326
-78.388828
-64.755556
-78.388828
-98.838736
-61.347239
-17.039105
37.493983
64.760527
23.860711
-34.080695
-20.447423
64.760527
132.926887
78.393799
17.044075
51.127255
88.618753
126.110251
180.643338
167.010067
95.435389
27.269029
78.393799
173.826703
139.743523
102.252025
115.885297
132.926887
132.926887
156.785113
177.235020
126.110251
61.352209
74.985481
115.885297
92.027071
54.535573
81.802117
129.518569
207.909882
255.626334
255.626334
218.134836
163.601749
153.376795
167.010067
149.968477
88.618753
20.452393
17.044075
78.393799
115.885297
109.068661
98.843707
71.577163
-3.405833
-109.063690
-156.780142
-170.413414
-224.946502
-204.496594
-112.472008
-109.063690
-160.188460
-173.821732
-149.963506
-167.005096
-180.638368
-146.555188
-184.046686
-306.746133
-316.971087
-207.904912
-146.555188
-184.046686
-194.271640
-143.146870
-143.146870
-173.821732
-122.696962
-85.205464
-163.596778
-211.313230
-149.963506
-68.163874
-85.205464
-136.330234
-105.655372
-27.264059
0.002485
3.410803
34.085665
20.452393
-57.938921
-61.347239
64.760527
139.743523
68.168845
44.310619
112.476979
109.068661
78.393799
109.068661
143.151841
47.718937
-23.855741
95.435389
177.235020
115.885297
136.335205
248.809698
282.892878
214.726518
177.235020
201.093246
122.701933
10.227439
51.127255
132.926887
81.802117
37.493983
122.701933
228.359790
211.318200
180.643338
204.501564
146.560159
40.902301
34.085665
112.476979
109.068661
47.718937
74.985481
139.743523
119.293615
57.943891
85.210435
102.252025
17.044075
-47.713967
-57.938921
-109.063690
-153.371824
-122.696962
-37.489013
-17.039105
-98.838736
-132.921916
-143.146870
-207.904912
-238.579774
-231.763138
-245.396410
-255.621364
-241.988092
-187.455004
-143.146870
-126.105280
