-7.102314
-14.214704
0.010076
7.122466
21.347245
7.122466
-7.102314
7.122466
14.234856
7.122466
14.234856
14.234856
-7.102314
-14.214704
0.010076
7.122466
21.347245
14.234856
0.010076
0.010076
21.347245
-7.102314
-21.327094
-7.102314
-7.102314
-7.102314
0.010076
0.010076
14.234856
0.010076
0.010076
14.234856
7.122466
-7.102314
0.010076
14.234856
14.234856
21.347245
7.122466
-7.102314
21.347245
21.347245
-14.214704
-7.102314
0.010076
7.122466
7.122466
-7.102314
0.010076
-7.102314
-14.214704
0.010076
0.010076
-7.102314
-14.214704
0.010076
7.122466
21.347245
0.010076
-7.102314
0.010076
-7.102314
-14.214704
-21.327094
0.010076
14.234856
-7.102314
-14.214704
7.122466
35.572025
21.347245
-14.214704
-21.327094
-7.102314
-7.102314
0.010076
14.234856
-14.214704
-28.439484
-7.102314
28.459635
21.347245
14.234856
7.122466
7.122466
-7.102314
7.122466
14.234856
0.010076
-35.551873
-49.776653
0.010076
21.347245
0.010076
-7.102314
-21.327094
-7.102314
0.010076
0.010076
21.347245
-14.214704
-28.439484
-7.102314
0.010076
7.122466
14.234856
21.347245
-14.214704
0.010076
21.347245
14.234856
14.234856
0.010076
7.122466
7.122466
-21.327094
0.010076
14.234856
7.122466
7.122466
21.347245
7.122466
7.122466
28.459635
21.347245
14.234856
14.234856
-7.102314
-14.214704
35.572025
42.684415
21.347245
0.010076
-28.439484
0.010076
28.459635
28.459635
7.122466
-7.102314
-21.327094
7.122466
21.347245
21.347245
-7.102314
-14.214704
7.122466
-7.102314
7.122466
-7.102314
-14.214704
-14.214704
-42.664263
-28.439484
0.010076
7.122466
-28.439484
-35.551873
-21.327094
-49.776653
-7.102314
14.234856
-35.551873
-71.113823
-71.113823
-42.664263
-42.664263
-28.439484
-7.102314
-14.214704
-35.551873
-35.551873
-42.664263
-21.327094
-42.664263
-71.113823
-71.113823
-35.551873
14.234856
7.122466
-21.327094
-28.439484
-28.439484
-14.214704
-7.102314
-7.102314
0.010076
-14.214704
-28.439484
-14.214704
21.347245
42.684415
28.459635
0.010076
14.234856
28.459635
64.021585
56.909195
28.459635
35.572025
21.347245
56.909195
71.133975
49.796805
71.133975
56.909195
56.909195
64.021585
99.583534
99.583534
64.021585
56.909195
64.021585
85.358754
106.695924
99.583534
99.583534
71.133975
42.684415
49.796805
64.021585
64.021585
64.021585
78.246364
42.684415
42.684415
35.572025
49.796805
49.796805
28.459635
21.347245
21.347245
21.347245
14.234856
-7.102314
0.010076
7.122466
-21.327094
-14.214704
-28.439484
-35.551873
-64.001433
-78.226213
-49.776653
-64.001433
-78.226213
-71.113823
-85.338603
-106.675772
-99.563382
-92.450992
-92.450992
-120.900552
-128.012942
-149.350111
-142.237721
-106.675772
-113.788162
-128.012942
-149.350111
-163.574891
-135.125332
-113.788162
-128.012942
-128.012942
-113.788162
-128.012942
-135.125332
-92.450992
-85.338603
-92.450992
-106.675772
-92.450992
-71.113823
-71.113823
-42.664263
-28.439484
-64.001433
-35.551873
-14.214704
-7.102314
7.122466
7.122466
42.684415
42.684415
35.572025
56.909195
92.471144
99.583534
113.808314
99.583534
92.471144
113.808314
142.257873
170.707433
177.819823
149.370263
142.257873
156.482653
184.932212
199.156992
199.156992
192.044602
177.819823
184.932212
184.932212
192.044602
206.269382
184.932212
163.595043
163.595043
163.595043
149.370263
177.819823
163.595043
135.145483
113.808314
85.358754
99.583534
106.695924
85.358754
78.246364
64.021585
21.347245
14.234856
35.572025
14.234856
7.122466
-21.327094
-64.001433
-71.113823
-56.889043
-78.226213
-92.450992
-128.012942
-142.237721
-128.012942
-156.462501
-156.462501
-135.125332
-163.574891
-184.912061
-192.024450
-213.361620
-206.249230
-199.136840
-206.249230
-213.361620
-227.586400
-227.586400
-234.698790
-241.811180
-213.361620
-206.249230
-220.474010
-213.361620
-227.586400
-227.586400
-199.136840
-163.574891
-163.574891
-170.687281
-142.237721
-128.012942
-106.675772
-85.338603
-71.113823
-64.001433
-64.001433
-42.664263
-28.439484
-7.102314
14.234856
14.234856
42.684415
64.021585
92.471144
106.695924
128.033093
149.370263
149.370263
156.482653
156.482653
177.819823
206.269382
206.269382
199.156992
206.269382
206.269382
234.718941
256.056111
248.943721
234.718941
234.718941
256.056111
263.168501
248.943721
256.056111
234.718941
213.381772
241.831331
220.494162
227.606552
234.718941
192.044602
170.707433
156.482653
128.033093
163.595043
163.595043
120.920704
85.358754
49.796805
78.246364
92.471144
56.909195
7.122466
-28.439484
-21.327094
-28.439484
-49.776653
-56.889043
-85.338603
-120.900552
-128.012942
-135.125332
-149.350111
-170.687281
-177.799671
-199.136840
-234.698790
-248.923569
-241.811180
-234.698790
-256.035959
-320.047468
-327.159858
-298.710298
-291.597909
-298.710298
-320.047468
-327.159858
-305.822688
-298.710298
-284.485519
-256.035959
-248.923569
-277.373129
-270.260739
-227.586400
-199.136840
-199.136840
-184.912061
-142.237721
-135.125332
-142.237721
-120.900552
-56.889043
-35.551873
-35.551873
-7.102314
7.122466
0.010076
35.572025
106.695924
142.257873
128.033093
135.145483
149.370263
177.819823
213.381772
220.494162
220.494162
220.494162
234.718941
270.280891
291.618060
298.730450
284.505671
277.393281
270.280891
305.842840
327.180010
298.730450
263.168501
277.393281
298.730450
284.505671
277.393281
277.393281
256.056111
241.831331
234.718941
234.718941
234.718941
227.606552
184.932212
149.370263
156.482653
170.707433
170.707433
156.482653
99.583534
56.909195
64.021585
56.909195
49.796805
14.234856
-35.551873
-49.776653
-56.889043
-71.113823
-106.675772
-128.012942
-163.574891
-184.912061
-192.024450
-206.249230
-234.698790
-270.260739
-284.485519
-312.935078
-320.047468
-312.935078
-327.159858
-362.721807
-376.946587
-362.721807
-348.497028
-327.159858
-348.497028
-362.721807
-369.834197
-369.834197
-334.272248
-327.159858
-305.822688
-284.485519
-305.822688
-277.373129
-256.035959
-220.474010
-177.799671
-170.687281
-135.125332
-128.012942
-99.563382
-42.664263
-42.664263
-7.102314
14.234856
21.347245
49.796805
99.583534
120.920704
135.145483
135.145483
142.257873
177.819823
220.494162
241.831331
248.943721
234.718941
241.831331
263.168501
277.393281
305.842840
312.955230
305.842840
298.730450
298.730450
327.180010
327.180010
298.730450
270.280891
270.280891
291.618060
305.842840
312.955230
291.618060
263.168501
248.943721
227.606552
263.168501
277.393281
227.606552
177.819823
163.595043
184.932212
156.482653
142.257873
113.808314
85.358754
78.246364
64.021585
64.021585
35.572025
14.234856
-21.327094
-49.776653
-35.551873
-71.113823
-99.563382
-135.125332
-177.799671
-199.136840
-220.474010
-213.361620
-220.474010
-256.035959
-270.260739
-291.597909
-348.497028
-341.384638
-312.935078
-320.047468
-355.609417
-384.058977
-376.946587
-348.497028
-355.609417
-362.721807
-355.609417
-334.272248
-341.384638
-341.384638
-298.710298
-277.373129
-284.485519
-277.373129
-248.923569
-213.361620
-199.136840
-163.574891
-120.900552
-99.563382
-85.338603
-49.776653
-7.102314
-7.102314
21.347245
56.909195
71.133975
99.583534
99.583534
106.695924
163.595043
170.707433
192.044602
213.381772
206.269382
220.494162
206.269382
206.269382
241.831331
256.056111
256.056111
256.056111
248.943721
234.718941
256.056111
291.618060
291.618060
256.056111
248.943721
248.943721
234.718941
234.718941
256.056111
248.943721
248.943721
241.831331
241.831331
220.494162
220.494162
227.606552
227.606552
213.381772
192.044602
184.932212
156.482653
156.482653
170.707433
128.033093
120.920704
106.695924
71.133975
78.246364
78.246364
56.909195
21.347245
-21.327094
-42.664263
-35.551873
-71.113823
-113.788162
-149.350111
-156.462501
-163.574891
-206.249230
-220.474010
-256.035959
-312.935078
-341.384638
-334.272248
-327.159858
-334.272248
-355.609417
-369.834197
-376.946587
-384.058977
-362.721807
-362.721807
-369.834197
-362.721807
-369.834197
-362.721807
-312.935078
-298.710298
-291.597909
-256.035959
-241.811180
-227.586400
-184.912061
-142.237721
-99.563382
-92.450992
-85.338603
-71.113823
-35.551873
14.234856
21.347245
28.459635
64.021585
78.246364
92.471144
106.695924
135.145483
142.257873
156.482653
170.707433
163.595043
142.257873
128.033093
149.370263
192.044602
213.381772
206.269382
192.044602
142.257873
99.583534
113.808314
163.595043
177.819823
170.707433
128.033093
92.471144
113.808314
163.595043
227.606552
227.606552
149.370263
128.033093
135.145483
163.595043
241.831331
241.831331
213.381772
192.044602
192.044602
248.943721
277.393281
291.618060
277.393281
220.494162
220.494162
256.056111
298.730450
305.842840
263.168501
199.156992
163.595043
199.156992
227.606552
220.494162
156.482653
92.471144
56.909195
64.021585
85.358754
49.796805
-14.214704
-113.788162
-184.912061
-184.912061
-156.462501
-142.237721
-213.361620
-298.710298
-391.171367
-412.508536
-362.721807
-327.159858
-348.497028
-426.733316
-504.969605
-497.857215
-469.407655
-426.733316
-391.171367
-405.396146
-462.295265
-497.857215
-455.182876
-362.721807
-320.047468
-298.710298
-320.047468
-334.272248
-284.485519
-206.249230
-135.125332
-99.563382
-106.675772
-85.338603
-42.664263
0.010076
71.133975
92.471144
85.358754
106.695924
99.583534
106.695924
163.595043
192.044602
170.707433
149.370263
163.595043
199.156992
199.156992
170.707433
156.482653
142.257873
135.145483
142.257873
128.033093
106.695924
56.909195
42.684415
64.021585
99.583534
120.920704
78.246364
0.010076
-42.664263
0.010076
92.471144
113.808314
78.246364
35.572025
-7.102314
14.234856
106.695924
213.381772
234.718941
149.370263
106.695924
156.482653
241.831331
284.505671
298.730450
270.280891
241.831331
256.056111
291.618060
341.404789
384.079129
362.741959
320.067620
312.955230
327.180010
334.292400
334.292400
320.067620
277.393281
213.381772
177.819823
213.381772
206.269382
135.145483
56.909195
14.234856
-21.327094
-42.664263
-56.889043
-128.012942
-206.249230
-241.811180
-256.035959
-263.148349
-320.047468
-369.834197
-398.283757
-419.620926
-412.508536
-412.508536
-448.070486
-504.969605
-512.081994
-504.969605
-476.520045
-440.958096
-426.733316
-455.182876
-469.407655
-426.733316
-362.721807
-327.159858
-305.822688
-305.822688
-298.710298
-234.698790
-163.574891
-85.338603
-64.001433
-56.889043
-42.664263
-14.214704
35.572025
99.583534
120.920704
113.808314
92.471144
106.695924
163.595043
199.156992
192.044602
170.707433
170.707433
170.707433
184.932212
213.381772
199.156992
135.145483
85.358754
85.358754
128.033093
128.033093
49.796805
-14.214704
-21.327094
14.234856
92.471144
113.808314
64.021585
-49.776653
-99.563382
-28.439484
92.471144
156.482653
106.695924
14.234856
-35.551873
-7.102314
135.145483
270.280891
248.943721
156.482653
64.021585
78.246364
227.606552
369.854349
440.978248
362.741959
234.718941
170.707433
277.393281
440.978248
519.214536
433.865858
291.618060
206.269382
234.718941
384.079129
483.652587
426.753468
277.393281
120.920704
113.808314
192.044602
256.056111
256.056111
113.808314
-35.551873
-106.675772
-106.675772
-78.226213
-56.889043
-163.574891
-327.159858
-419.620926
-433.845706
-376.946587
-369.834197
-412.508536
-462.295265
-533.419164
-590.318283
-568.981113
-497.857215
-490.744825
-526.306774
-568.981113
-583.205893
-561.868724
-504.969605
-419.620926
-391.171367
-412.508536
-433.845706
-391.171367
-312.935078
-241.811180
-163.574891
-99.563382
-113.788162
-99.563382
-35.551873
14.234856
78.246364
113.808314
135.145483
142.257873
142.257873
163.595043
220.494162
277.393281
298.730450
256.056111
199.156992
177.819823
213.381772
248.943721
284.505671
277.393281
199.156992
99.583534
78.246364
99.583534
149.370263
192.044602
135.145483
0.010076
-120.900552
-113.788162
7.122466
120.920704
120.920704
42.684415
-106.675772
-192.024450
-120.900552
71.133975
206.269382
128.033093
-14.214704
-92.450992
-49.776653
113.808314
298.730450
341.404789
192.044602
35.572025
28.459635
170.707433
398.303908
497.877367
426.753468
298.730450
192.044602
234.718941
419.641078
583.226045
561.888875
398.303908
256.056111
220.494162
312.955230
469.427807
512.102146
384.079129
170.707433
35.572025
64.021585
213.381772
263.168501
213.381772
14.234856
-177.799671
-220.474010
-184.912061
-92.450992
-99.563382
-277.373129
-462.295265
-583.205893
-526.306774
-412.508536
-384.058977
-440.958096
-568.981113
-689.891741
-718.341301
-604.543063
-476.520045
-462.295265
-561.868724
-675.666961
-711.228911
-597.430673
-455.182876
-341.384638
-327.159858
-426.733316
-476.520045
-405.396146
-248.923569
-99.563382
-42.664263
-99.563382
-135.125332
-99.563382
-7.102314
128.033093
234.718941
199.156992
156.482653
135.145483
199.156992
341.404789
398.303908
355.629569
312.955230
248.943721
227.606552
284.505671
341.404789
355.629569
298.730450
248.943721
206.269382
177.819823
177.819823
184.932212
177.819823
142.257873
56.909195
-49.776653
-85.338603
-56.889043
14.234856
64.021585
56.909195
-21.327094
-149.350111
-192.024450
-106.675772
28.459635
85.358754
49.796805
-49.776653
-149.350111
-120.900552
71.133975
256.056111
277.393281
149.370263
14.234856
-14.214704
142.257873
384.079129
497.877367
426.753468
263.168501
163.595043
263.168501
469.427807
640.125164
583.226045
391.191519
234.718941
234.718941
398.303908
569.001265
590.338435
398.303908
177.819823
113.808314
206.269382
334.292400
376.966739
270.280891
64.021585
-99.563382
-149.350111
-49.776653
0.010076
-78.226213
-248.923569
-462.295265
-547.643944
-462.295265
-376.946587
-348.497028
-469.407655
-661.442182
-711.228911
-689.891741
-632.992622
-540.531554
-554.756334
-668.554572
-753.903250
-775.240420
-682.779351
-561.868724
-462.295265
-476.520045
-568.981113
-576.093503
-512.081994
-384.058977
-213.361620
-120.900552
-135.125332
-220.474010
-206.249230
-64.001433
85.358754
184.932212
184.932212
92.471144
56.909195
99.583534
227.606552
369.854349
384.079129
312.955230
206.269382
192.044602
263.168501
341.404789
405.416298
369.854349
277.393281
170.707433
192.044602
227.606552
270.280891
241.831331
142.257873
21.347245
-56.889043
-42.664263
-21.327094
21.347245
35.572025
-7.102314
-56.889043
-106.675772
-120.900552
-106.675772
-21.327094
7.122466
-14.214704
-28.439484
-99.563382
-106.675772
-7.102314
142.257873
206.269382
163.595043
92.471144
35.572025
92.471144
291.618060
433.865858
455.203027
355.629569
256.056111
270.280891
440.978248
583.226045
625.900384
526.326926
362.741959
305.842840
391.191519
540.551706
618.787994
547.664096
376.966739
227.606552
220.494162
320.067620
412.528688
398.303908
248.943721
78.246364
-7.102314
0.010076
64.021585
64.021585
-56.889043
-256.035959
-391.171367
-412.508536
-384.058977
-355.609417
-391.171367
-512.081994
-597.430673
-654.329792
-625.880232
-597.430673
-597.430673
-604.543063
-640.105012
-668.554572
-682.779351
-647.217402
-590.318283
-540.531554
-533.419164
-547.643944
-519.194384
-490.744825
-398.283757
-305.822688
-263.148349
-227.586400
-192.024450
-156.462501
-85.338603
7.122466
56.909195
106.695924
142.257873
128.033093
135.145483
192.044602
256.056111
270.280891
263.168501
256.056111
234.718941
227.606552
270.280891
312.955230
334.292400
312.955230
263.168501
199.156992
128.033093
120.920704
177.819823
177.819823
106.695924
-21.327094
-92.450992
-64.001433
-7.102314
78.246364
85.358754
-7.102314
-128.012942
-206.249230
-113.788162
21.347245
85.358754
78.246364
-42.664263
-156.462501
-106.675772
42.684415
227.606552
277.393281
135.145483
-14.214704
-42.664263
106.695924
362.741959
469.427807
405.416298
241.831331
120.920704
213.381772
433.865858
604.563215
597.450825
433.865858
248.943721
227.606552
398.303908
561.888875
576.113655
433.865858
234.718941
135.145483
199.156992
355.629569
455.203027
348.517179
135.145483
7.122466
-21.327094
56.909195
142.257873
85.358754
-78.226213
-263.148349
-341.384638
-312.935078
-263.148349
-298.710298
-384.058977
-490.744825
-576.093503
-576.093503
-519.194384
-512.081994
-554.756334
-618.767842
-661.442182
-632.992622
-568.981113
-540.531554
-568.981113
-632.992622
-647.217402
-604.543063
-512.081994
-433.845706
-419.620926
-455.182876
-440.958096
-362.721807
-241.811180
-149.350111
-92.450992
-99.563382
-120.900552
-49.776653
71.133975
163.595043
184.932212
156.482653
149.370263
156.482653
227.606552
305.842840
327.180010
284.505671
263.168501
248.943721
284.505671
355.629569
362.741959
334.292400
256.056111
199.156992
206.269382
220.494162
213.381772
184.932212
106.695924
42.684415
35.572025
71.133975
92.471144
64.021585
-21.327094
-78.226213
-64.001433
-21.327094
42.684415
56.909195
7.122466
-56.889043
-64.001433
14.234856
99.583534
149.370263
135.145483
71.133975
14.234856
56.909195
199.156992
284.505671
284.505671
241.831331
163.595043
192.044602
305.842840
412.528688
455.203027
412.528688
291.618060
277.393281
362.741959
448.090637
476.540197
426.753468
327.180010
227.606552
241.831331
312.955230
369.854349
376.966739
270.280891
156.482653
113.808314
128.033093
213.381772
177.819823
92.471144
-7.102314
-120.900552
-149.350111
-135.125332
-149.350111
-192.024450
-305.822688
-412.508536
-483.632435
-469.407655
-419.620926
-419.620926
-483.632435
-597.430673
-682.779351
-675.666961
-597.430673
-526.306774
-554.756334
-618.767842
-675.666961
-682.779351
-604.543063
-512.081994
-462.295265
-504.969605
-540.531554
-533.419164
-448.070486
-298.710298
-199.136840
-177.799671
-170.687281
-142.237721
-113.788162
-7.102314
113.808314
142.257873
135.145483
113.808314
149.370263
241.831331
284.505671
298.730450
291.618060
263.168501
263.168501
298.730450
341.404789
341.404789
277.393281
220.494162
220.494162
241.831331
234.718941
192.044602
156.482653
113.808314
85.358754
92.471144
106.695924
71.133975
0.010076
-64.001433
-64.001433
-28.439484
28.459635
42.684415
-14.214704
-64.001433
-42.664263
0.010076
78.246364
149.370263
135.145483
71.133975
56.909195
64.021585
135.145483
241.831331
263.168501
256.056111
213.381772
213.381772
241.831331
298.730450
362.741959
398.303908
334.292400
263.168501
277.393281
334.292400
384.079129
433.865858
398.303908
298.730450
256.056111
241.831331
291.618060
362.741959
362.741959
277.393281
177.819823
135.145483
120.920704
156.482653
192.044602
170.707433
64.021585
-42.664263
-71.113823
-78.226213
-42.664263
-42.664263
-142.237721
-277.373129
-369.834197
-391.171367
-369.834197
-355.609417
-391.171367
-448.070486
-540.531554
-597.430673
-568.981113
-561.868724
-540.531554
-540.531554
-590.318283
-632.992622
-661.442182
-618.767842
-568.981113
-519.194384
-497.857215
-497.857215
-483.632435
-448.070486
-398.283757
-341.384638
-263.148349
-199.136840
-163.574891
-135.125332
-106.675772
-64.001433
21.347245
85.358754
128.033093
135.145483
142.257873
156.482653
213.381772
263.168501
263.168501
270.280891
277.393281
263.168501
248.943721
263.168501
284.505671
277.393281
248.943721
206.269382
163.595043
149.370263
156.482653
163.595043
163.595043
142.257873
85.358754
21.347245
21.347245
42.684415
78.246364
99.583534
71.133975
21.347245
14.234856
21.347245
85.358754
149.370263
149.370263
113.808314
78.246364
64.021585
113.808314
220.494162
248.943721
213.381772
192.044602
163.595043
163.595043
248.943721
312.955230
298.730450
248.943721
184.932212
184.932212
277.393281
355.629569
348.517179
263.168501
184.932212
163.595043
220.494162
298.730450
334.292400
291.618060
184.932212
113.808314
128.033093
192.044602
256.056111
241.831331
128.033093
35.572025
-7.102314
49.796805
156.482653
156.482653
64.021585
-71.113823
-170.687281
-170.687281
-92.450992
-42.664263
-106.675772
-248.923569
-391.171367
-426.733316
-376.946587
-320.047468
-312.935078
-376.946587
-526.306774
-647.217402
-632.992622
-533.419164
-455.182876
-440.958096
-533.419164
-654.329792
-697.004131
-625.880232
-483.632435
-369.834197
-369.834197
-448.070486
-547.643944
-533.419164
-369.834197
-184.912061
-99.563382
-156.462501
-248.923569
-284.485519
-177.799671
42.684415
163.595043
177.819823
71.133975
-35.551873
0.010076
142.257873
298.730450
334.292400
248.943721
128.033093
85.358754
149.370263
291.618060
376.966739
327.180010
170.707433
71.133975
71.133975
184.932212
277.393281
277.393281
184.932212
71.133975
14.234856
71.133975
170.707433
206.269382
163.595043
78.246364
14.234856
42.684415
113.808314
156.482653
192.044602
163.595043
92.471144
99.583534
135.145483
177.819823
213.381772
227.606552
206.269382
170.707433
192.044602
220.494162
241.831331
241.831331
227.606552
206.269382
199.156992
227.606552
248.943721
270.280891
256.056111
241.831331
234.718941
220.494162
248.943721
241.831331
220.494162
213.381772
199.156992
206.269382
213.381772
199.156992
184.932212
177.819823
156.482653
163.595043
177.819823
128.033093
71.133975
28.459635
71.133975
113.808314
92.471144
28.459635
-21.327094
-71.113823
-92.450992
-71.113823
-56.889043
-113.788162
-213.361620
-298.710298
-327.159858
-312.935078
-270.260739
-277.373129
-376.946587
-504.969605
-533.419164
-526.306774
-455.182876
-419.620926
-476.520045
-561.868724
-640.105012
-632.992622
-547.643944
-455.182876
-426.733316
-483.632435
-561.868724
-561.868724
-469.407655
-341.384638
-270.260739
-291.597909
-305.822688
-334.272248
-298.710298
-163.574891
-56.889043
-14.214704
-49.776653
-92.450992
-71.113823
14.234856
120.920704
170.707433
156.482653
85.358754
56.909195
106.695924
177.819823
234.718941
227.606552
170.707433
92.471144
92.471144
170.707433
220.494162
234.718941
184.932212
106.695924
106.695924
106.695924
135.145483
192.044602
192.044602
142.257873
71.133975
56.909195
120.920704
163.595043
220.494162
199.156992
135.145483
106.695924
106.695924
199.156992
284.505671
291.618060
234.718941
163.595043
170.707433
241.831331
305.842840
334.292400
284.505671
206.269382
192.044602
241.831331
298.730450
334.292400
291.618060
206.269382
177.819823
192.044602
270.280891
334.292400
305.842840
227.606552
163.595043
156.482653
199.156992
256.056111
263.168501
206.269382
135.145483
113.808314
149.370263
192.044602
213.381772
170.707433
85.358754
35.572025
28.459635
71.133975
120.920704
99.583534
-21.327094
-106.675772
-120.900552
-85.338603
-56.889043
-78.226213
-156.462501
-284.485519
-362.721807
-334.272248
-284.485519
-270.260739
-312.935078
-419.620926
-497.857215
-540.531554
-490.744825
-405.396146
-412.508536
-469.407655
-540.531554
-597.430673
-583.205893
-483.632435
-412.508536
-426.733316
-483.632435
-526.306774
-483.632435
-412.508536
-327.159858
-263.148349
-270.260739
-305.822688
-305.822688
-248.923569
-142.237721
-64.001433
-49.776653
-92.450992
-106.675772
-92.450992
0.010076
99.583534
120.920704
92.471144
49.796805
49.796805
106.695924
149.370263
213.381772
213.381772
135.145483
106.695924
92.471144
170.707433
213.381772
192.044602
192.044602
149.370263
113.808314
120.920704
184.932212
220.494162
192.044602
156.482653
135.145483
135.145483
142.257873
192.044602
234.718941
206.269382
170.707433
156.482653
177.819823
184.932212
227.606552
263.168501
220.494162
170.707433
184.932212
220.494162
227.606552
270.280891
284.505671
241.831331
192.044602
192.044602
227.606552
256.056111
270.280891
270.280891
241.831331
192.044602
192.044602
248.943721
277.393281
263.168501
213.381772
170.707433
142.257873
163.595043
213.381772
227.606552
192.044602
163.595043
135.145483
106.695924
120.920704
149.370263
156.482653
120.920704
71.133975
28.459635
42.684415
49.796805
35.572025
49.796805
42.684415
-35.551873
-92.450992
-92.450992
-106.675772
-120.900552
-120.900552
-184.912061
-277.373129
-327.159858
-320.047468
-277.373129
-234.698790
-263.148349
-355.609417
-448.070486
-469.407655
-448.070486
-398.283757
-362.721807
-405.396146
-512.081994
-554.756334
-512.081994
-440.958096
-391.171367
-391.171367
-426.733316
-476.520045
-476.520045
-412.508536
-320.047468
-277.373129
-277.373129
-291.597909
-334.272248
-305.822688
-206.249230
-128.012942
-92.450992
-120.900552
-149.350111
-142.237721
-78.226213
0.010076
49.796805
56.909195
21.347245
7.122466
28.459635
64.021585
113.808314
156.482653
142.257873
92.471144
71.133975
71.133975
99.583534
142.257873
156.482653
149.370263
99.583534
64.021585
99.583534
135.145483
156.482653
149.370263
92.471144
64.021585
71.133975
128.033093
163.595043
170.707433
163.595043
120.920704
99.583534
156.482653
213.381772
227.606552
234.718941
192.044602
156.482653
170.707433
241.831331
305.842840
312.955230
277.393281
220.494162
227.606552
256.056111
327.180010
341.404789
298.730450
270.280891
220.494162
241.831331
305.842840
334.292400
312.955230
227.606552
213.381772
234.718941
270.280891
298.730450
248.943721
241.831331
192.044602
163.595043
206.269382
220.494162
227.606552
184.932212
113.808314
106.695924
120.920704
156.482653
170.707433
135.145483
85.358754
28.459635
14.234856
28.459635
49.796805
42.684415
-7.102314
-78.226213
-106.675772
-120.900552
-113.788162
-113.788162
-177.799671
-256.035959
-327.159858
-348.497028
-312.935078
-298.710298
-305.822688
-362.721807
-476.520045
-526.306774
-483.632435
-426.733316
-384.058977
-412.508536
-547.643944
-618.767842
-576.093503
-476.520045
-419.620926
-391.171367
-448.070486
-540.531554
-526.306774
-433.845706
-334.272248
-263.148349
-263.148349
-341.384638
-348.497028
-291.597909
-206.249230
-113.788162
-92.450992
-92.450992
-120.900552
-99.563382
-28.439484
42.684415
99.583534
85.358754
42.684415
28.459635
49.796805
99.583534
128.033093
156.482653
128.033093
99.583534
92.471144
85.358754
99.583534
128.033093
142.257873
135.145483
71.133975
49.796805
78.246364
64.021585
99.583534
128.033093
113.808314
71.133975
49.796805
92.471144
113.808314
120.920704
163.595043
135.145483
92.471144
113.808314
149.370263
192.044602
227.606552
227.606552
213.381772
177.819823
163.595043
206.269382
256.056111
291.618060
263.168501
248.943721
263.168501
277.393281
312.955230
348.517179
341.404789
305.842840
248.943721
248.943721
270.280891
327.180010
341.404789
298.730450
263.168501
227.606552
241.831331
284.505671
327.180010
298.730450
227.606552
170.707433
192.044602
234.718941
284.505671
284.505671
206.269382
135.145483
64.021585
85.358754
192.044602
227.606552
177.819823
78.246364
7.122466
0.010076
64.021585
142.257873
142.257873
42.684415
-71.113823
-106.675772
-85.338603
-21.327094
14.234856
-78.226213
-206.249230
-334.272248
-355.609417
-284.485519
-206.249230
-213.361620
-312.935078
-440.958096
-504.969605
-490.744825
-405.396146
-369.834197
-419.620926
-533.419164
-604.543063
-597.430673
-554.756334
-455.182876
-448.070486
-469.407655
-504.969605
-561.868724
-504.969605
-426.733316
-384.058977
-341.384638
-334.272248
-348.497028
-348.497028
-305.822688
-213.361620
-120.900552
-99.563382
-106.675772
-113.788162
-99.563382
-35.551873
14.234856
64.021585
85.358754
56.909195
56.909195
71.133975
120.920704
184.932212
206.269382
170.707433
135.145483
106.695924
120.920704
135.145483
142.257873
120.920704
71.133975
49.796805
71.133975
92.471144
71.133975
42.684415
42.684415
21.347245
-14.214704
-35.551873
-7.102314
0.010076
-21.327094
-21.327094
14.234856
42.684415
56.909195
42.684415
35.572025
-7.102314
-7.102314
28.459635
85.358754
128.033093
142.257873
163.595043
156.482653
142.257873
149.370263
192.044602
248.943721
277.393281
256.056111
241.831331
220.494162
234.718941
312.955230
362.741959
376.966739
327.180010
277.393281
256.056111
291.618060
355.629569
398.303908
355.629569
263.168501
227.606552
270.280891
362.741959
376.966739
334.292400
241.831331
213.381772
248.943721
277.393281
327.180010
334.292400
234.718941
149.370263
128.033093
156.482653
184.932212
213.381772
156.482653
78.246364
35.572025
49.796805
106.695924
113.808314
49.796805
-28.439484
-56.889043
-49.776653
-71.113823
-142.237721
-241.811180
-298.710298
-334.272248
-277.373129
-234.698790
-305.822688
-412.508536
-497.857215
-490.744825
-433.845706
-419.620926
-426.733316
-483.632435
-576.093503
-654.329792
-647.217402
-547.643944
-462.295265
-462.295265
-526.306774
-568.981113
-561.868724
-497.857215
-426.733316
-334.272248
-334.272248
-398.283757
-419.620926
-348.497028
-220.474010
-170.687281
-163.574891
-113.788162
-78.226213
-99.563382
-49.776653
49.796805
78.246364
56.909195
64.021585
56.909195
85.358754
128.033093
170.707433
206.269382
199.156992
177.819823
163.595043
227.606552
256.056111
227.606552
199.156992
170.707433
128.033093
85.358754
99.583534
177.819823
206.269382
156.482653
113.808314
128.033093
113.808314
56.909195
21.347245
21.347245
14.234856
0.010076
14.234856
49.796805
28.459635
0.010076
-64.001433
-64.001433
-7.102314
-7.102314
-7.102314
-14.214704
7.122466
49.796805
71.133975
99.583534
149.370263
170.707433
113.808314
71.133975
106.695924
120.920704
135.145483
184.932212
263.168501
327.180010
305.842840
248.943721
220.494162
256.056111
312.955230
334.292400
305.842840
277.393281
277.393281
312.955230
376.966739
384.079129
341.404789
277.393281
227.606552
256.056111
263.168501
241.831331
227.606552
227.606552
284.505671
341.404789
334.292400
320.067620
284.505671
213.381772
142.257873
106.695924
142.257873
206.269382
192.044602
120.920704
85.358754
113.808314
106.695924
49.796805
-64.001433
-206.249230
-263.148349
-263.148349
-248.923569
-241.811180
-291.597909
-362.721807
-440.958096
-440.958096
-369.834197
-312.935078
-341.384638
-469.407655
-533.419164
-554.756334
-618.767842
-640.105012
-704.116521
-853.476708
-1273.107710
-1500.704186
-945.937776
-305.822688
-234.698790
-355.609417
-227.586400
64.021585
234.718941
184.932212
49.796805
28.459635
-21.327094
-71.113823
120.920704
391.191519
348.517179
56.909195
-56.889043
120.920704
213.381772
64.021585
-21.327094
56.909195
128.033093
49.796805
-35.551873
85.358754
206.269382
28.459635
-234.698790
-341.384638
-248.923569
-142.237721
-106.675772
-56.889043
28.459635
28.459635
-85.338603
-113.788162
-106.675772
-135.125332
-177.799671
-241.811180
-270.260739
-234.698790
-149.350111
-28.439484
92.471144
142.257873
156.482653
199.156992
213.381772
213.381772
270.280891
298.730450
220.494162
64.021585
-7.102314
35.572025
-14.214704
-28.439484
113.808314
277.393281
213.381772
-7.102314
99.583534
490.764977
732.586232
697.024283
554.776485
440.978248
320.067620
270.280891
391.191519
540.551706
483.652587
355.629569
462.315417
689.911893
718.361452
569.001265
448.090637
448.090637
398.303908
241.831331
163.595043
199.156992
256.056111
220.494162
99.583534
113.808314
170.707433
128.033093
85.358754
120.920704
177.819823
128.033093
-85.338603
-135.125332
0.010076
-142.237721
-704.116521
-1372.681168
-1778.087391
-1834.986510
-1614.502424
-1265.995320
-846.364318
-440.958096
-312.935078
-341.384638
-149.350111
241.831331
483.652587
412.528688
192.044602
14.234856
-128.012942
-213.361620
-78.226213
305.842840
576.113655
426.753468
177.819823
163.595043
284.505671
312.955230
277.393281
128.033093
-128.012942
-376.946587
-576.093503
-597.430673
-455.182876
-355.609417
-341.384638
-298.710298
-234.698790
-142.237721
-14.214704
78.246364
71.133975
21.347245
-71.113823
-213.361620
-327.159858
-270.260739
-56.889043
156.482653
270.280891
284.505671
305.842840
177.819823
-199.136840
-469.407655
-241.811180
-21.327094
-199.136840
-234.698790
14.234856
199.156992
35.572025
-177.799671
35.572025
220.494162
-85.338603
-448.070486
-256.035959
163.595043
113.808314
-7.102314
391.191519
817.934910
661.462333
199.156992
213.381772
647.237554
647.237554
199.156992
78.246364
376.966739
376.966739
92.471144
248.943721
732.586232
846.384470
440.978248
177.819823
405.416298
583.226045
355.629569
149.370263
256.056111
220.494162
-128.012942
-220.474010
128.033093
483.652587
512.102146
334.292400
341.404789
426.753468
277.393281
56.909195
128.033093
263.168501
156.482653
-42.664263
-85.338603
-28.439484
-184.912061
-881.926268
-1856.323679
-2524.888327
-2660.023734
-2332.853800
-1550.490915
-632.992622
0.010076
192.044602
99.583534
85.358754
362.741959
611.675604
547.664096
355.629569
199.156992
99.583534
71.133975
170.707433
497.877367
874.834029
846.384470
376.966739
-142.237721
-419.620926
-561.868724
-618.767842
-561.868724
-483.632435
-590.318283
-803.689979
-796.577589
-455.182876
-78.226213
49.796805
56.909195
170.707433
220.494162
49.796805
-78.226213
35.572025
227.606552
227.606552
149.370263
248.943721
497.877367
590.338435
504.989756
483.652587
362.741959
-256.035959
-1201.983811
-1586.052864
-1081.073184
-497.857215
-156.462501
177.819823
433.865858
355.629569
-7.102314
-135.125332
220.494162
462.315417
227.606552
-78.226213
35.572025
298.730450
341.404789
391.191519
654.349944
1009.969437
931.733148
355.629569
21.347245
142.257873
156.482653
-35.551873
56.909195
412.528688
611.675604
590.338435
668.574723
967.295098
1059.756166
725.473842
334.292400
170.707433
64.021585
-199.136840
-341.384638
-170.687281
78.246364
312.955230
512.102146
682.799503
910.395979
874.834029
455.203027
163.595043
42.684415
-170.687281
-355.609417
-241.811180
78.246364
227.606552
192.044602
120.920704
-156.462501
-1073.960794
-2318.629020
-2994.306058
-2965.856498
-2489.326377
-1671.401543
-704.116521
92.471144
412.528688
391.191519
433.865858
647.237554
753.923402
611.675604
412.528688
341.404789
348.517179
348.517179
362.741959
512.102146
590.338435
348.517179
-128.012942
-519.194384
-682.779351
-739.678470
-768.128030
-689.891741
-625.880232
-654.329792
-725.453690
-668.554572
-483.632435
-248.923569
-71.113823
35.572025
128.033093
149.370263
192.044602
270.280891
476.540197
668.574723
526.326926
284.505671
327.180010
512.102146
419.641078
199.156992
142.257873
-7.102314
-604.543063
-1408.243118
-1586.052864
-974.387336
-547.643944
-348.497028
362.741959
1024.194217
874.834029
270.280891
42.684415
291.618060
234.718941
-227.586400
-327.159858
213.381772
497.877367
270.280891
405.416298
1017.081827
1237.565913
761.035792
199.156992
28.459635
-35.551873
-341.384638
-391.171367
256.056111
867.721640
860.609250
732.586232
853.496860
896.171199
618.787994
327.180010
241.831331
234.718941
28.459635
-241.811180
-128.012942
284.505671
412.528688
305.842840
440.978248
704.136673
689.911893
376.966739
106.695924
192.044602
256.056111
-21.327094
-106.675772
149.370263
256.056111
85.358754
21.347245
-64.001433
-789.465199
-2105.257324
-3108.104296
-3214.790144
-2638.686564
-1785.199781
-825.027149
78.246364
583.226045
533.439316
334.292400
398.303908
597.450825
569.001265
412.528688
412.528688
519.214536
519.214536
440.978248
540.551706
689.911893
490.764977
-149.350111
-739.678470
-1038.398845
-1173.534252
-1102.410353
-746.790860
-391.171367
-312.935078
-512.081994
-576.093503
-348.497028
-113.788162
-92.450992
-128.012942
-99.563382
-49.776653
-49.776653
206.269382
725.473842
1038.418996
981.519877
768.148181
540.551706
327.180010
78.246364
-78.226213
-184.912061
-604.543063
-1251.770541
-1429.580287
-1102.410353
-825.027149
-469.407655
206.269382
775.260571
775.260571
448.090637
448.090637
583.226045
248.943721
-120.900552
0.010076
206.269382
49.796805
-7.102314
469.427807
967.295098
938.845538
668.574723
633.012774
590.338435
149.370263
-412.508536
-426.733316
-7.102314
227.606552
362.741959
768.148181
1173.554404
1130.880065
732.586232
462.315417
398.303908
149.370263
-256.035959
-256.035959
163.595043
384.079129
320.067620
490.764977
832.159690
853.496860
512.102146
291.618060
327.180010
163.595043
-199.136840
-248.923569
28.459635
213.381772
220.494162
327.180010
476.540197
348.517179
-227.586400
-1216.208591
-2304.404241
-3165.003415
-3584.634417
-3193.452974
-1963.009527
-526.306774
384.079129
746.811012
889.058809
867.721640
682.799503
469.427807
341.404789
227.606552
49.796805
64.021585
334.292400
611.675604
725.473842
732.586232
526.326926
14.234856
-689.891741
-1287.332490
-1557.603305
-1479.367016
-1173.534252
-746.790860
-348.497028
-128.012942
-28.439484
142.257873
263.168501
234.718941
-7.102314
-248.923569
-241.811180
-49.776653
156.482653
469.427807
967.295098
1230.453523
1017.081827
611.675604
391.191519
256.056111
-156.462501
-625.880232
-689.891741
-739.678470
-1358.456389
-2019.908646
-1571.828085
-369.834197
241.831331
490.764977
1130.880065
1607.410186
995.744657
-106.675772
-170.687281
405.416298
213.381772
-469.407655
-341.384638
469.427807
718.361452
440.978248
647.237554
1287.352642
1237.565913
206.269382
-576.093503
-384.058977
-234.698790
-568.981113
-248.923569
867.721640
1436.712829
1102.430505
725.473842
789.485351
718.361452
135.145483
-234.698790
-170.687281
-113.788162
-71.113823
220.494162
689.911893
1002.857047
1052.643776
825.047300
433.865858
142.257873
-64.001433
-184.912061
-170.687281
-49.776653
64.021585
142.257873
263.168501
384.079129
462.315417
483.652587
92.471144
-1017.061675
-2546.225496
-3691.320265
-4004.265419
-3378.375111
-1948.784747
-298.710298
938.845538
1330.026981
1088.205725
782.372961
647.237554
569.001265
398.303908
263.168501
263.168501
298.730450
355.629569
597.450825
967.295098
967.295098
462.315417
-227.586400
-1017.061675
-1728.300662
-1984.346697
-1699.851102
-1123.747523
-597.430673
-256.035959
-71.113823
64.021585
206.269382
256.056111
135.145483
-28.439484
-149.350111
-284.485519
-256.035959
184.932212
896.171199
1294.465032
1322.914591
1102.430505
647.237554
156.482653
-220.474010
-476.520045
-689.891741
-910.375827
-1301.557270
-1834.986510
-1827.874120
-953.050166
-21.327094
412.528688
832.159690
1365.588930
1230.453523
369.854349
-85.338603
113.808314
106.695924
-263.148349
-312.935078
170.707433
618.787994
668.574723
625.900384
825.047300
938.845538
519.214536
-78.226213
-241.811180
-220.474010
-362.721807
-184.912061
490.764977
1066.868556
1166.442014
1045.531386
903.283589
561.888875
92.471144
-92.450992
-56.889043
-149.350111
-192.024450
106.695924
604.563215
881.946419
839.272080
746.811012
633.012774
376.966739
-28.439484
-263.148349
-28.439484
206.269382
142.257873
142.257873
469.427807
647.237554
376.966739
149.370263
42.684415
-256.035959
-1123.747523
-2425.314868
-3371.262721
-3598.859196
-3172.115804
-2091.032545
-568.981113
846.384470
1472.274778
1187.779184
718.361452
590.338435
504.989756
256.056111
199.156992
362.741959
490.764977
569.001265
718.361452
903.283589
768.148181
241.831331
-398.283757
-1137.972303
-1863.436069
-2105.257324
-1778.087391
-1159.309472
-462.295265
78.246364
391.191519
426.753468
270.280891
163.595043
106.695924
-49.776653
-234.698790
-241.811180
-42.664263
320.067620
746.811012
1137.992454
1415.375659
1273.127862
618.787994
-14.214704
-327.159858
-675.666961
-1287.332490
-1763.862611
-1650.064373
-1230.433371
-1045.511234
-682.779351
376.966739
1223.341133
1116.655285
711.249062
654.349944
654.349944
192.044602
-433.845706
-355.609417
177.819823
263.168501
78.246364
312.955230
775.260571
846.384470
398.303908
56.909195
241.831331
341.404789
7.122466
-170.687281
78.246364
369.854349
455.203027
483.652587
718.361452
945.957928
761.035792
419.641078
241.831331
128.033093
-7.102314
-35.551873
142.257873
426.753468
718.361452
853.496860
746.811012
476.540197
270.280891
256.056111
170.707433
-78.226213
-7.102314
355.629569
312.955230
49.796805
199.156992
618.787994
540.551706
92.471144
7.122466
-177.799671
-1358.456389
-3022.755617
-3961.591080
-3911.804350
-3179.228194
-1842.098899
-177.799671
1216.228743
1742.545593
1401.150880
825.047300
569.001265
504.989756
362.741959
192.044602
277.393281
618.787994
825.047300
881.946419
988.632267
775.260571
99.583534
-704.116521
-1543.378525
-2204.830783
-2318.629020
-1948.784747
-1351.343999
-526.306774
312.955230
746.811012
661.462333
455.203027
341.404789
170.707433
-78.226213
-177.799671
-106.675772
64.021585
433.865858
931.733148
1287.352642
1443.825219
1216.228743
590.338435
-142.237721
-761.015640
-1109.522743
-1166.421862
-1315.782049
-1728.300662
-1763.862611
-1045.511234
-270.260739
99.583534
725.473842
1550.511067
1465.162388
341.404789
-270.260739
85.358754
142.257873
-263.148349
-220.474010
362.741959
753.923402
526.326926
277.393281
519.214536
711.249062
227.606552
-405.396146
-284.485519
184.932212
192.044602
-35.551873
213.381772
697.024283
732.586232
590.338435
725.473842
825.047300
483.652587
35.572025
-78.226213
56.909195
192.044602
184.932212
341.404789
753.923402
910.395979
718.361452
654.349944
689.911893
448.090637
-42.664263
-234.698790
99.583534
405.416298
490.764977
547.664096
497.877367
405.416298
327.180010
128.033093
-85.338603
-277.373129
-1002.836895
-2610.237005
-4103.838877
-4402.559251
-3591.746807
-2091.032545
-320.047468
1159.329624
1906.130560
1806.557102
1137.992454
398.303908
163.595043
355.629569
384.079129
192.044602
376.966739
910.395979
1145.104844
1002.857047
682.799503
170.707433
-583.205893
-1529.153745
-2318.629020
-2546.225496
-2098.144935
-1415.355507
-618.767842
298.730450
988.632267
1017.081827
540.551706
177.819823
71.133975
-92.450992
-156.462501
28.459635
256.056111
497.877367
853.496860
1223.341133
1472.274778
1315.802201
554.776485
-312.935078
-896.151047
-1294.444880
-1415.355507
-1123.747523
-803.689979
-1038.398845
-1429.580287
-917.488217
106.695924
433.865858
547.664096
1123.767675
1223.341133
270.280891
-583.205893
-291.597909
398.303908
426.753468
149.370263
362.741959
881.946419
846.384470
234.718941
-21.327094
305.842840
213.381772
-590.318283
-817.914759
35.572025
661.462333
526.326926
448.090637
753.923402
889.058809
561.888875
170.707433
170.707433
312.955230
241.831331
170.707433
376.966739
640.125164
611.675604
448.090637
469.427807
604.563215
547.664096
391.191519
391.191519
298.730450
128.033093
184.932212
448.090637
618.787994
540.551706
256.056111
-35.551873
-170.687281
-149.350111
-85.338603
-92.450992
-128.012942
-554.756334
-1870.548459
-3406.824670
-4025.602588
-3506.398128
-2275.954681
-732.566080
611.675604
1372.701320
1514.949117
1187.779184
746.811012
625.900384
768.148181
746.811012
440.978248
270.280891
554.776485
867.721640
725.473842
256.056111
-334.272248
-931.712997
-1550.490915
-2055.470595
-2019.908646
-1493.591796
-981.499726
-611.655453
-56.889043
590.338435
739.698622
419.641078
234.718941
241.831331
78.246364
-14.214704
241.831331
569.001265
761.035792
796.597741
832.159690
910.395979
810.822521
334.292400
-284.485519
-668.554572
-1002.836895
-1273.107710
-1137.972303
-846.364318
-1066.848404
-1386.905948
-846.364318
7.122466
348.517179
789.485351
1657.196915
1692.758864
497.877367
-419.620926
-206.249230
206.269382
128.033093
-28.439484
277.393281
661.462333
519.214536
7.122466
-56.889043
376.966739
291.618060
-440.958096
-618.767842
99.583534
661.462333
611.675604
490.764977
540.551706
540.551706
426.753468
241.831331
227.606552
497.877367
583.226045
355.629569
270.280891
448.090637
419.641078
177.819823
192.044602
391.191519
355.629569
334.292400
611.675604
803.710131
689.911893
462.315417
469.427807
668.574723
554.776485
42.684415
-312.935078
-170.687281
35.572025
0.010076
56.909195
192.044602
-455.182876
-2219.055562
-3883.354791
-4359.884912
-3726.882214
-2233.280342
-504.969605
803.710131
1557.623457
1735.433203
1372.701320
910.395979
825.047300
910.395979
668.574723
291.618060
156.482653
327.180010
561.888875
576.113655
177.819823
-526.306774
-1173.534252
-1721.188272
-2147.931664
-2062.582985
-1514.928966
-967.274946
-376.946587
355.629569
810.822521
746.811012
504.989756
277.393281
49.796805
-135.125332
-14.214704
348.517179
682.799503
874.834029
874.834029
896.171199
953.070318
711.249062
92.471144
-576.093503
-1081.073184
-1514.928966
-1607.390034
-1187.759032
-803.689979
-661.442182
-455.182876
-184.912061
28.459635
320.067620
846.384470
1244.678302
960.182708
298.730450
-85.338603
-120.900552
35.572025
248.943721
426.753468
604.563215
604.563215
206.269382
-142.237721
-28.439484
142.257873
-49.776653
-270.260739
-192.024450
7.122466
163.595043
469.427807
903.283589
924.620758
512.102146
177.819823
0.010076
-71.113823
99.583534
448.090637
817.934910
903.283589
633.012774
369.854349
284.505671
184.932212
78.246364
120.920704
227.606552
362.741959
633.012774
874.834029
810.822521
654.349944
618.787994
497.877367
64.021585
-284.485519
-312.935078
-277.373129
-241.811180
7.122466
455.203027
618.787994
71.133975
-1401.130728
-3165.003415
-4132.288436
-4146.513216
-3250.352093
-1529.153745
341.404789
1600.297796
1998.591628
1813.669492
1522.061507
1230.453523
938.845538
689.911893
355.629569
-28.439484
-170.687281
-35.551873
149.370263
135.145483
-256.035959
-732.566080
-1081.073184
-1465.142237
-1678.513933
-1458.029847
-1017.061675
-718.341301
-433.845706
7.122466
426.753468
590.338435
497.877367
391.191519
348.517179
348.517179
490.764977
647.237554
725.473842
782.372961
569.001265
284.505671
284.505671
199.156992
-298.710298
-803.689979
-1017.061675
-1109.522743
-1130.859913
-825.027149
-270.260739
-220.474010
-853.476708
-953.050166
-71.113823
583.226045
675.687113
960.182708
1344.251761
974.407488
-135.125332
-689.891741
-199.136840
334.292400
277.393281
49.796805
234.718941
597.450825
540.551706
163.595043
192.044602
476.540197
78.246364
-668.554572
-732.566080
-227.586400
184.932212
440.978248
711.249062
960.182708
953.070318
675.687113
490.764977
462.315417
433.865858
355.629569
206.269382
64.021585
-21.327094
-35.551873
71.133975
220.494162
483.652587
889.058809
1116.655285
938.845538
718.361452
583.226045
135.145483
-426.733316
-504.969605
-241.811180
-120.900552
-149.350111
42.684415
547.664096
953.070318
910.395979
469.427807
-348.497028
-1735.413051
-3577.522027
-5000.000000
-4751.066355
-2830.721091
-647.217402
974.407488
2140.839426
2652.931496
2155.064205
1116.655285
455.203027
483.652587
483.652587
-42.664263
-504.969605
-291.597909
248.943721
618.787994
689.911893
462.315417
-149.350111
-1081.073184
-1906.110408
-2076.807765
-1799.424560
-1557.603305
-1209.096201
-519.194384
241.831331
761.035792
1017.081827
1159.329624
1045.531386
569.001265
120.920704
106.695924
334.292400
512.102146
512.102146
433.865858
490.764977
483.652587
277.393281
21.347245
-256.035959
-810.802369
-1429.580287
-1714.075882
-1692.738712
-1358.456389
-697.004131
-106.675772
192.044602
547.664096
1130.880065
1500.724338
1258.903082
739.698622
248.943721
-327.159858
-796.577589
-803.689979
-284.485519
547.664096
1088.205725
903.283589
433.865858
270.280891
135.145483
-284.485519
-561.868724
-533.419164
-497.857215
-462.295265
-156.462501
533.439316
1266.015472
1557.623457
1308.689811
753.923402
241.831331
-106.675772
-213.361620
-78.226213
106.695924
120.920704
64.021585
184.932212
433.865858
704.136673
953.070318
945.957928
682.799503
512.102146
455.203027
277.393281
-7.102314
-78.226213
-7.102314
-113.788162
-156.462501
199.156992
689.911893
803.710131
462.315417
206.269382
192.044602
28.459635
-711.228911
-1891.885629
-3008.530837
-3876.242401
-4174.962776
-3186.340584
-1066.848404
910.395979
1899.018170
2069.715527
1778.107542
1066.868556
348.517179
120.920704
263.168501
298.730450
135.145483
0.010076
192.044602
640.125164
761.035792
298.730450
-426.733316
-1166.421862
-1877.660849
-2197.718393
-1877.660849
-1301.557270
-782.352809
-227.586400
312.955230
725.473842
938.845538
910.395979
675.687113
298.730450
78.246364
156.482653
384.079129
661.462333
839.272080
803.710131
547.664096
227.606552
-64.001433
-270.260739
-433.845706
-761.015640
-1301.557270
-1507.816576
-1102.410353
-704.116521
-817.914759
-768.128030
142.257873
825.047300
569.001265
569.001265
1266.015472
1458.049998
526.326926
-419.620926
-497.857215
-149.350111
-42.664263
-21.327094
448.090637
1031.306606
846.384470
35.572025
-419.620926
-234.698790
-234.698790
-583.205893
-469.407655
7.122466
241.831331
526.326926
1017.081827
1258.903082
1145.104844
810.822521
298.730450
-170.687281
-298.710298
-71.113823
241.831331
448.090637
533.439316
526.326926
504.989756
440.978248
348.517179
362.741959
497.877367
391.191519
192.044602
334.292400
433.865858
227.606552
92.471144
192.044602
291.618060
241.831331
128.033093
227.606552
405.416298
277.393281
28.459635
21.347245
-49.776653
-1045.511234
-2716.922853
-3883.354791
-4096.726487
-3413.937060
-1877.660849
-7.102314
1394.038490
1998.591628
1870.568611
1194.891573
569.001265
469.427807
497.877367
362.741959
362.741959
362.741959
184.932212
213.381772
433.865858
241.831331
-433.845706
-1045.511234
-1514.928966
-1891.885629
-1877.660849
-1443.805067
-953.050166
-448.070486
71.133975
426.753468
718.361452
910.395979
725.473842
398.303908
327.180010
476.540197
490.764977
526.326926
825.047300
874.834029
483.652587
135.145483
-56.889043
-263.148349
-455.182876
-732.566080
-953.050166
-974.387336
-1059.736014
-1351.343999
-1209.096201
-405.396146
78.246364
-35.551873
234.718941
1095.318115
1522.061507
981.519877
519.214536
725.473842
618.787994
-220.474010
-867.701488
-504.969605
355.629569
540.551706
135.145483
7.122466
163.595043
14.234856
-391.171367
-448.070486
-35.551873
305.842840
263.168501
270.280891
633.012774
1088.205725
1230.453523
988.632267
469.427807
-28.439484
-220.474010
-85.338603
177.819823
348.517179
419.641078
448.090637
348.517179
206.269382
312.955230
497.877367
512.102146
462.315417
455.203027
440.978248
426.753468
476.540197
469.427807
248.943721
-92.450992
-135.125332
78.246364
184.932212
170.707433
298.730450
483.652587
519.214536
170.707433
-426.733316
-1223.320981
-2453.764428
-3869.130011
-4566.144218
-3669.983095
-1557.603305
348.517179
1422.488049
2098.165086
2268.862443
1621.634965
732.586232
256.056111
241.831331
362.741959
156.482653
-284.485519
-348.497028
135.145483
490.764977
227.606552
-305.822688
-789.465199
-1422.467897
-1970.121917
-1934.559968
-1557.603305
-1073.960794
-533.419164
78.246364
668.574723
1066.868556
1145.104844
1059.756166
881.946419
519.214536
135.145483
49.796805
241.831331
490.764977
583.226045
433.865858
234.718941
71.133975
-170.687281
-355.609417
-526.306774
-889.038657
-1265.995320
-1379.793558
-1330.006829
-1415.355507
-1180.646642
-35.551873
938.845538
874.834029
924.620758
1671.421694
1770.995153
768.148181
-120.900552
-320.047468
-419.620926
-761.015640
-867.701488
-213.361620
768.148181
1102.430505
583.226045
120.920704
113.808314
-177.799671
-803.689979
-746.790860
-163.574891
71.133975
248.943721
732.586232
1202.003963
1465.162388
1450.937609
1073.980946
426.753468
-199.136840
-497.857215
-440.958096
-227.586400
-35.551873
149.370263
426.753468
704.136673
689.911893
640.125164
846.384470
782.372961
391.191519
348.517179
504.989756
320.067620
28.459635
0.010076
163.595043
234.718941
135.145483
241.831331
711.249062
846.384470
405.416298
56.909195
-21.327094
-583.205893
-1984.346697
-3328.588381
-3926.029130
-3940.253910
-2987.193668
-974.387336
839.272080
1792.332322
2126.614646
1842.119051
1123.767675
433.865858
-42.664263
-163.574891
92.471144
327.180010
320.067620
327.180010
647.237554
803.710131
120.920704
-825.027149
-1429.580287
-2012.796256
-2304.404241
-1842.098899
-1223.320981
-711.228911
71.133975
718.361452
1009.969437
1223.341133
1024.194217
547.664096
213.381772
-49.776653
-120.900552
56.909195
384.079129
775.260571
931.733148
796.597741
561.888875
99.583534
-455.182876
-768.128030
-960.162556
-1130.859913
-1237.545761
-1308.669659
-945.937776
-426.733316
-704.116521
-817.914759
376.966739
1351.364150
1073.980946
796.597741
1152.217234
1159.329624
184.932212
-817.914759
-789.465199
-220.474010
85.358754
106.695924
220.494162
768.148181
1052.643776
362.741959
-419.620926
-504.969605
-640.105012
-910.375827
-625.880232
-106.675772
440.978248
1209.116353
1685.646474
1571.848236
1187.779184
768.148181
256.056111
-455.182876
-817.914759
-561.868724
-248.923569
-7.102314
405.416298
739.698622
960.182708
995.744657
661.462333
284.505671
241.831331
256.056111
135.145483
206.269382
419.641078
440.978248
277.393281
263.168501
504.989756
497.877367
149.370263
256.056111
590.338435
376.966739
14.234856
-56.889043
-320.047468
-1415.355507
-2873.395430
-3926.029130
-4096.726487
-2944.519329
-903.263437
618.787994
1422.488049
2012.816408
1884.793390
967.295098
241.831331
-42.664263
-56.889043
220.494162
426.753468
355.629569
369.854349
761.035792
931.733148
163.595043
-832.139538
-1422.467897
-2105.257324
-2432.427258
-1792.312170
-1109.522743
-668.554572
135.145483
718.361452
775.260571
974.407488
974.407488
519.214536
156.482653
-78.226213
-234.698790
-14.214704
519.214536
960.182708
1038.418996
803.710131
512.102146
99.583534
-327.159858
-604.543063
-931.712997
-1187.759032
-1301.557270
-1657.176763
-1728.300662
-853.476708
92.471144
440.978248
682.799503
1002.857047
1159.329624
889.058809
341.404789
78.246364
85.358754
-35.551873
-348.497028
-561.868724
-120.900552
661.462333
768.148181
398.303908
149.370263
-135.125332
-440.958096
-590.318283
-718.341301
-462.295265
177.819823
497.877367
611.675604
910.395979
1251.790692
1401.150880
1102.430505
462.315417
28.459635
-263.148349
-476.520045
-305.822688
7.122466
213.381772
462.315417
689.911893
803.710131
796.597741
661.462333
540.551706
483.652587
348.517179
256.056111
348.517179
405.416298
369.854349
241.831331
113.808314
270.280891
469.427807
419.641078
462.315417
647.237554
526.326926
206.269382
-92.450992
-611.655453
-1721.188272
-2972.968888
-3862.017621
-4331.435353
-3371.262721
-903.263437
953.070318
1564.735846
1991.479238
1920.355340
953.070318
42.684415
-376.946587
-320.047468
170.707433
590.338435
768.148181
775.260571
889.058809
1066.868556
405.416298
-910.375827
-1742.525441
-2354.190970
-2759.597192
-2055.470595
-1052.623624
-625.880232
206.269382
1166.442014
1166.442014
832.159690
654.349944
256.056111
-213.361620
-455.182876
-369.834197
99.583534
739.698622
1308.689811
1500.724338
1166.442014
625.900384
-7.102314
-661.442182
-988.612116
-1209.096201
-1628.727203
-1763.862611
-1479.367016
-1187.759032
-718.341301
106.695924
810.822521
945.957928
903.283589
1024.194217
775.260571
184.932212
21.347245
99.583534
-49.776653
-170.687281
-128.012942
213.381772
611.675604
469.427807
78.246364
-64.001433
-305.822688
-590.318283
-604.543063
-476.520045
-28.439484
490.764977
661.462333
867.721640
1145.104844
1059.756166
896.171199
633.012774
149.370263
-56.889043
-64.001433
-156.462501
0.010076
341.404789
376.966739
263.168501
312.955230
419.641078
490.764977
462.315417
284.505671
263.168501
476.540197
547.664096
433.865858
504.989756
576.113655
440.978248
320.067620
177.819823
99.583534
362.741959
419.641078
263.168501
455.203027
526.326926
234.718941
-355.609417
-1607.390034
-2901.844989
-3733.994604
-4366.997302
-3406.824670
-632.992622
1123.767675
1536.286287
2019.928798
1770.995153
711.249062
-149.350111
-711.228911
-362.721807
490.764977
547.664096
697.024283
1251.790692
1202.003963
1002.857047
391.191519
-1116.635133
-2140.819274
-2446.652038
-2709.810463
-2062.582985
-924.600607
-327.159858
426.753468
1145.104844
1045.531386
689.911893
312.955230
-213.361620
-597.430673
-718.341301
-369.834197
476.540197
1308.689811
1756.770373
1756.770373
1237.565913
412.528688
-497.857215
-1073.960794
-1187.759032
-1251.770541
-1194.871422
-988.612116
-753.903250
-476.520045
-697.004131
-682.779351
312.955230
590.338435
21.347245
519.214536
1209.116353
796.597741
277.393281
28.459635
14.234856
248.943721
-92.450992
-305.822688
483.652587
739.698622
220.494162
-14.214704
-334.272248
-561.868724
-476.520045
-590.318283
-270.260739
490.764977
640.125164
753.923402
1031.306606
796.597741
597.450825
725.473842
583.226045
270.280891
28.459635
-14.214704
334.292400
412.528688
56.909195
0.010076
213.381772
298.730450
248.943721
348.517179
633.012774
689.911893
668.574723
725.473842
540.551706
426.753468
391.191519
156.482653
71.133975
28.459635
-35.551873
476.540197
881.946419
526.326926
384.079129
405.416298
-21.327094
-739.678470
-2034.133426
-3186.340584
-3534.847688
-3904.691961
-3100.991906
-497.857215
1202.003963
1571.848236
1913.242950
1308.689811
78.246364
-533.419164
-810.802369
-263.148349
867.721640
1017.081827
1109.542895
1699.871254
1258.903082
355.629569
-149.350111
-1152.197082
-2190.606003
-2546.225496
-2354.190970
-1308.669659
-199.136840
128.033093
398.303908
810.822521
611.675604
-128.012942
-576.093503
-504.969605
-376.946587
-291.597909
241.831331
1173.554404
1778.107542
1742.545593
1266.015472
661.462333
-78.226213
-1052.623624
-1472.254626
-1052.623624
-775.240420
-874.813878
-853.476708
-483.632435
28.459635
-113.788162
-590.318283
-170.687281
298.730450
14.234856
35.572025
483.652587
817.934910
1059.756166
746.811012
64.021585
-199.136840
-334.272248
-362.721807
-113.788162
-120.900552
-71.113823
277.393281
248.943721
99.583534
213.381772
241.831331
241.831331
163.595043
-170.687281
-177.799671
199.156992
554.776485
931.733148
1123.767675
960.182708
796.597741
561.888875
177.819823
-135.125332
-327.159858
-355.609417
-206.249230
-21.327094
320.067620
825.047300
1159.329624
1095.318115
846.384470
803.710131
647.237554
234.718941
14.234856
-106.675772
-192.024450
92.471144
440.978248
661.462333
967.295098
953.070318
533.439316
227.606552
-177.799671
-1088.185574
-2155.044054
-2980.081278
-3705.545044
-4267.423844
-3193.452974
-476.520045
1429.600439
1820.781882
1827.894271
1330.026981
192.044602
-853.476708
-1315.782049
-519.194384
1081.093336
1650.084525
1365.588930
1671.421694
1792.332322
704.136673
-597.430673
-1571.828085
-2332.853800
-2467.989208
-2027.021036
-1216.208591
-99.563382
611.675604
519.214536
334.292400
206.269382
-369.834197
-967.274946
-903.263437
-526.306774
35.572025
874.834029
1529.173897
2048.378357
2211.963324
1294.465032
64.021585
-604.543063
-1166.421862
-1330.006829
-753.903250
-618.767842
-761.015640
-391.171367
-305.822688
-419.620926
-376.946587
-711.228911
-533.419164
-7.102314
-327.159858
-142.237721
995.744657
1401.150880
1145.104844
668.574723
71.133975
-78.226213
-554.756334
-1237.545761
-533.419164
341.404789
177.819823
256.056111
597.450825
682.799503
625.900384
85.358754
-405.396146
-135.125332
-49.776653
-256.035959
206.269382
839.272080
1073.980946
1173.554404
1017.081827
618.787994
312.955230
-21.327094
-384.058977
-583.205893
-504.969605
-85.338603
312.955230
633.012774
1073.980946
1216.228743
1052.643776
910.395979
725.473842
569.001265
291.618060
-99.563382
7.122466
263.168501
256.056111
569.001265
853.496860
832.159690
867.721640
512.102146
-56.889043
-604.543063
-2027.021036
-3257.464483
-3563.297247
-4352.772522
-3726.882214
-540.531554
1223.341133
1330.026981
1877.681001
1244.678302
-362.721807
-1137.972303
-1507.816576
-796.577589
1159.329624
2005.704018
1955.917289
2403.997851
2034.153578
540.551706
-789.465199
-1913.222798
-2773.821972
-2638.686564
-1692.738712
-597.430673
426.753468
1009.969437
839.272080
199.156992
-561.868724
-1294.444880
-1657.176763
-1351.343999
-732.566080
71.133975
1258.903082
2247.525274
2524.908478
2219.075714
1173.554404
-241.811180
-1152.197082
-1543.378525
-1209.096201
-256.035959
0.010076
-120.900552
355.629569
241.831331
-689.891741
-1073.960794
-1009.949285
-810.802369
-568.981113
-583.205893
56.909195
1379.813710
1742.545593
1137.992454
583.226045
99.583534
-298.710298
-775.240420
-988.612116
-327.159858
320.067620
334.292400
426.753468
682.799503
654.349944
291.618060
-113.788162
-241.811180
-199.136840
-277.373129
-142.237721
334.292400
689.911893
753.923402
768.148181
896.171199
825.047300
476.540197
263.168501
220.494162
-14.214704
-312.935078
-256.035959
128.033093
512.102146
682.799503
718.361452
896.171199
1002.857047
725.473842
405.416298
355.629569
362.741959
270.280891
206.269382
305.842840
526.326926
640.125164
725.473842
775.260571
512.102146
-113.788162
-1458.029847
-2752.484802
-2809.383921
-3413.937060
-4445.233590
-2311.516631
1009.969437
1330.026981
917.508369
1244.678302
291.618060
-1031.286455
-1785.199781
-1842.098899
234.718941
2560.470428
2482.234139
2162.176595
2660.043886
1586.073016
-632.992622
-1842.098899
-2311.516631
-2567.562666
-2098.144935
-953.050166
398.303908
1358.476540
1123.767675
35.572025
-654.329792
-1159.309472
-2055.470595
-2183.493613
-938.825386
327.180010
1045.531386
1813.669492
2403.997851
2275.974833
1337.139371
-64.001433
-1009.949285
-1145.084693
-917.488217
-305.822688
554.776485
1123.767675
945.957928
-533.419164
-1735.413051
-988.612116
-732.566080
-1763.862611
-1052.623624
796.597741
1123.767675
583.226045
241.831331
391.191519
874.834029
99.583534
-1223.320981
-576.093503
711.249062
497.877367
-42.664263
220.494162
490.764977
42.684415
-469.407655
-234.698790
341.404789
497.877367
234.718941
113.808314
391.191519
369.854349
0.010076
220.494162
668.574723
512.102146
405.416298
753.923402
917.508369
625.900384
128.033093
-263.148349
-341.384638
-384.058977
-448.070486
64.021585
995.744657
1386.926100
1038.418996
725.473842
874.834029
732.586232
42.684415
-106.675772
405.416298
682.799503
817.934910
953.070318
1002.857047
1159.329624
163.595043
-2155.044054
-2972.968888
-2702.698073
-4103.838877
-4231.861894
-825.027149
1486.499558
839.272080
234.718941
320.067620
-334.272248
-1578.940474
-2176.381223
-967.274946
1422.488049
2766.729734
2603.144767
2532.020868
2560.470428
1002.857047
-1322.894439
-2197.718393
-2069.695375
-1763.862611
-846.364318
327.180010
1059.756166
960.182708
-78.226213
-1052.623624
-1315.782049
-1842.098899
-2403.977699
-1678.513933
-163.574891
903.283589
1422.488049
1735.433203
1863.456221
1209.116353
-120.900552
-938.825386
-704.116521
-199.136840
298.730450
839.272080
1095.318115
1009.969437
192.044602
-1187.759032
-1635.839593
-1529.153745
-1571.828085
-768.128030
270.280891
604.563215
1024.194217
1109.542895
206.269382
-526.306774
-697.004131
-796.577589
-248.923569
633.012774
817.934910
917.508369
1073.980946
149.370263
-1095.297963
-1166.421862
-554.756334
-28.439484
583.226045
1116.655285
1337.139371
1251.790692
661.462333
-213.361620
-604.543063
-561.868724
-199.136840
476.540197
1024.194217
1379.813710
1614.522575
1066.868556
28.459635
-355.609417
-341.384638
-497.857215
-419.620926
270.280891
1102.430505
1273.127862
775.260571
512.102146
732.586232
561.888875
120.920704
334.292400
810.822521
853.496860
796.597741
924.620758
56.909195
-1849.211289
-2133.706884
-1458.029847
-3072.542346
-4260.311454
-1379.793558
1202.003963
184.932212
-817.914759
-398.283757
-483.632435
-1173.534252
-1756.750221
-1209.096201
1009.969437
2660.043886
2062.603137
1536.286287
2190.626155
1315.802201
-910.375827
-1372.681168
-796.577589
-1002.836895
-689.891741
419.641078
817.934910
391.191519
-341.384638
-910.375827
-867.701488
-1088.185574
-1927.447578
-1749.637831
-519.194384
49.796805
163.595043
839.272080
1358.476540
881.946419
28.459635
-327.159858
-177.799671
71.133975
398.303908
668.574723
633.012774
654.349944
597.450825
-398.283757
-1443.805067
-1045.511234
-241.811180
-426.733316
-732.566080
113.808314
1294.465032
768.148181
-704.116521
-583.205893
298.730450
-21.327094
-611.655453
-234.698790
697.024283
981.519877
184.932212
-376.946587
-78.226213
-78.226213
-561.868724
-455.182876
320.067620
889.058809
732.586232
668.574723
1031.306606
867.721640
192.044602
-99.563382
64.021585
227.606552
241.831331
448.090637
917.508369
903.283589
362.741959
270.280891
455.203027
199.156992
-177.799671
170.707433
704.136673
419.641078
49.796805
426.753468
796.597741
554.776485
277.393281
426.753468
640.125164
825.047300
768.148181
-277.373129
-1344.231609
-995.724505
-988.612116
-2724.035243
-3307.251212
-1159.309472
469.427807
-341.384638
-1265.995320
-483.632435
184.932212
-732.566080
-1458.029847
-583.205893
881.946419
1401.150880
753.923402
554.776485
1294.465032
1130.880065
49.796805
-284.485519
-42.664263
-170.687281
-270.260739
177.819823
426.753468
-270.260739
-945.937776
-654.329792
-355.609417
-661.442182
-945.937776
-846.364318
-519.194384
-469.407655
-625.880232
-170.687281
746.811012
775.260571
0.010076
-248.923569
120.920704
355.629569
355.629569
334.292400
341.404789
412.528688
291.618060
-256.035959
-604.543063
-405.396146
-177.799671
-263.148349
-419.620926
-135.125332
455.203027
384.079129
-199.136840
-220.474010
149.370263
128.033093
-106.675772
28.459635
135.145483
-177.799671
-348.497028
-128.012942
35.572025
92.471144
64.021585
227.606552
547.664096
455.203027
199.156992
376.966739
654.349944
533.439316
227.606552
270.280891
618.787994
675.687113
483.652587
625.900384
576.113655
192.044602
376.966739
668.574723
348.517179
149.370263
497.877367
718.361452
405.416298
142.257873
384.079129
661.462333
654.349944
590.338435
476.540197
455.203027
348.517179
-825.027149
-2019.908646
-1265.995320
-426.733316
-1735.413051
-2482.213987
-512.081994
647.237554
-860.589098
-1792.312170
-839.251928
-177.799671
-775.240420
-1073.960794
35.572025
1429.600439
1522.061507
640.125164
220.494162
334.292400
99.583534
-284.485519
-7.102314
426.753468
184.932212
7.122466
369.854349
270.280891
-419.620926
-725.453690
-490.744825
-433.845706
-647.217402
-483.632435
-128.012942
-291.597909
-675.666961
-583.205893
-220.474010
14.234856
135.145483
298.730450
426.753468
177.819823
-92.450992
21.347245
78.246364
49.796805
177.819823
-78.226213
-462.295265
-28.439484
433.865858
28.459635
-170.687281
213.381772
305.842840
28.459635
-49.776653
142.257873
163.595043
-149.350111
-284.485519
28.459635
184.932212
-7.102314
-49.776653
-64.001433
-206.249230
-234.698790
-220.474010
-49.776653
327.180010
469.427807
426.753468
448.090637
455.203027
490.764977
497.877367
327.180010
327.180010
661.462333
846.384470
796.597741
689.911893
305.842840
-142.237721
21.347245
362.741959
398.303908
547.664096
796.597741
661.462333
448.090637
618.787994
746.811012
547.664096
220.494162
49.796805
234.718941
-256.035959
-1543.378525
-1351.343999
7.122466
-384.058977
-2105.257324
-1963.009527
-71.113823
56.909195
-1607.390034
-1699.851102
-391.171367
-327.159858
-938.825386
-440.958096
697.024283
1088.205725
661.462333
163.595043
7.122466
149.370263
241.831331
234.718941
384.079129
398.303908
92.471144
149.370263
433.865858
49.796805
-632.992622
-697.004131
-440.958096
-483.632435
-469.407655
-128.012942
-135.125332
-704.116521
-981.499726
-512.081994
64.021585
184.932212
135.145483
170.707433
120.920704
-113.788162
-213.361620
-64.001433
-85.338603
-284.485519
42.684415
633.012774
462.315417
0.010076
256.056111
476.540197
-234.698790
-704.116521
120.920704
903.283589
341.404789
-547.643944
-341.384638
384.079129
192.044602
-547.643944
-419.620926
327.180010
312.955230
-426.733316
-462.295265
227.606552
56.909195
-590.318283
-128.012942
697.024283
569.001265
120.920704
327.180010
746.811012
647.237554
376.966739
590.338435
981.519877
910.395979
369.854349
-64.001433
298.730450
953.070318
739.698622
334.292400
782.372961
1173.554404
689.911893
263.168501
526.326926
682.799503
99.583534
-120.900552
391.191519
-256.035959
-1607.390034
-1066.848404
248.943721
-362.721807
-2048.358206
-1955.897137
-256.035959
-64.001433
-1557.603305
-1692.738712
-192.024450
227.606552
-853.476708
-924.600607
668.574723
1529.173897
590.338435
-355.609417
-49.776653
526.326926
312.955230
-56.889043
120.920704
163.595043
-21.327094
312.955230
682.799503
312.955230
-334.272248
-526.306774
-426.733316
-490.744825
-547.643944
-256.035959
-14.214704
-419.620926
-753.903250
-227.586400
433.865858
241.831331
-462.295265
-704.116521
-369.834197
-256.035959
-391.171367
-277.373129
206.269382
320.067620
-106.675772
21.347245
647.237554
661.462333
85.358754
-149.350111
170.707433
284.505671
0.010076
85.358754
504.989756
298.730450
-312.935078
-327.159858
163.595043
305.842840
-220.474010
-554.756334
-163.574891
14.234856
-476.520045
-561.868724
-28.439484
99.583534
-206.249230
-7.102314
625.900384
718.361452
426.753468
490.764977
590.338435
433.865858
497.877367
832.159690
1038.418996
561.888875
-28.439484
362.741959
1017.081827
860.609250
512.102146
682.799503
746.811012
206.269382
-42.664263
540.551706
867.721640
412.528688
-128.012942
-832.139538
-1315.782049
-583.205893
135.145483
-583.205893
-1799.424560
-1820.761730
-732.566080
-398.283757
-1216.208591
-1330.006829
-483.632435
-177.799671
-561.868724
-376.946587
689.911893
1251.790692
433.865858
-497.857215
-320.047468
440.978248
668.574723
384.079129
135.145483
21.347245
184.932212
661.462333
732.586232
227.606552
-341.384638
-682.779351
-711.228911
-533.419164
-263.148349
-135.125332
-270.260739
-426.733316
-412.508536
-149.350111
149.370263
-106.675772
-597.430673
-590.318283
-561.868724
-504.969605
220.494162
448.090637
-256.035959
-291.597909
455.203027
633.012774
163.595043
56.909195
448.090637
405.416298
-170.687281
-21.327094
789.485351
817.934910
35.572025
-412.508536
-113.788162
284.505671
213.381772
-64.001433
-113.788162
-106.675772
-263.148349
-220.474010
135.145483
99.583534
-398.283757
-376.946587
213.381772
334.292400
128.033093
312.955230
490.764977
199.156992
-106.675772
213.381772
903.283589
1024.194217
576.113655
398.303908
512.102146
490.764977
604.563215
881.946419
761.035792
469.427807
697.024283
917.508369
448.090637
85.358754
433.865858
78.246364
-1436.692677
-1586.052864
149.370263
284.505671
-1692.738712
-2226.167952
-661.442182
-92.450992
-1216.208591
-1550.490915
-440.958096
14.234856
-903.263437
-1209.096201
35.572025
1095.318115
597.450825
-405.396146
-213.361620
668.574723
668.574723
277.393281
405.416298
362.741959
-85.338603
35.572025
625.900384
761.035792
227.606552
-291.597909
-327.159858
-362.721807
-398.283757
-163.574891
7.122466
-291.597909
-810.802369
-647.217402
-7.102314
-206.249230
-604.543063
-170.687281
-7.102314
-604.543063
-661.442182
64.021585
270.280891
-248.923569
-284.485519
391.191519
604.563215
0.010076
-192.024450
362.741959
633.012774
234.718941
85.358754
576.113655
803.710131
291.618060
-106.675772
149.370263
305.842840
-149.350111
-341.384638
28.459635
142.257873
-113.788162
-142.237721
92.471144
135.145483
-135.125332
-248.923569
-106.675772
-64.001433
-177.799671
-99.563382
263.168501
547.664096
462.315417
256.056111
405.416298
668.574723
625.900384
576.113655
761.035792
896.171199
704.136673
291.618060
376.966739
967.295098
896.171199
327.180010
483.652587
725.473842
-384.058977
-1600.277644
-960.162556
78.246364
-682.779351
-1714.075882
-917.488217
-42.664263
-981.499726
-1948.784747
-1223.320981
-192.024450
-376.946587
-910.375827
-369.834197
533.439316
334.292400
-497.857215
-462.295265
398.303908
789.485351
483.652587
348.517179
448.090637
348.517179
156.482653
163.595043
334.292400
320.067620
85.358754
28.459635
-92.450992
-248.923569
-113.788162
-142.237721
-455.182876
-504.969605
-120.900552
149.370263
-177.799671
-704.116521
-782.352809
-512.081994
-355.609417
-192.024450
142.257873
163.595043
-234.698790
-405.396146
-42.664263
334.292400
305.842840
156.482653
135.145483
256.056111
476.540197
576.113655
590.338435
583.226045
462.315417
277.393281
327.180010
476.540197
234.718941
-291.597909
-512.081994
-234.698790
177.819823
355.629569
206.269382
-99.563382
-270.260739
-348.497028
-291.597909
21.347245
184.932212
-35.551873
-135.125332
106.695924
334.292400
469.427807
526.326926
540.551706
455.203027
263.168501
355.629569
711.249062
796.597741
419.641078
128.033093
412.528688
697.024283
519.214536
291.618060
-28.439484
-504.969605
-533.419164
-220.474010
-391.171367
-924.600607
-789.465199
-327.159858
-739.678470
-1287.332490
-931.712997
-469.407655
-668.554572
-945.937776
-604.543063
28.459635
227.606552
-128.012942
-462.295265
-192.024450
284.505671
334.292400
128.033093
128.033093
284.505671
384.079129
334.292400
220.494162
263.168501
355.629569
170.707433
-149.350111
-128.012942
71.133975
71.133975
-142.237721
-263.148349
-170.687281
-78.226213
-92.450992
-142.237721
-398.283757
-661.442182
-519.194384
-213.361620
-163.574891
-270.260739
-241.811180
-56.889043
49.796805
42.684415
177.819823
469.427807
462.315417
71.133975
-42.664263
412.528688
633.012774
277.393281
120.920704
469.427807
697.024283
504.989756
291.618060
362.741959
270.280891
-263.148349
-512.081994
0.010076
440.978248
85.358754
-248.923569
71.133975
284.505671
49.796805
-42.664263
135.145483
92.471144
-270.260739
-405.396146
35.572025
526.326926
405.416298
35.572025
234.718941
618.787994
312.955230
-21.327094
263.168501
384.079129
-7.102314
-42.664263
412.528688
384.079129
-135.125332
-227.586400
35.572025
-42.664263
-312.935078
-440.958096
-483.632435
-682.779351
-860.589098
-732.566080
-391.171367
-270.260739
-604.543063
-746.790860
-419.620926
-184.912061
-270.260739
-256.035959
-92.450992
-35.551873
-56.889043
35.572025
142.257873
-28.439484
-120.900552
78.246364
263.168501
277.393281
184.932212
135.145483
35.572025
-206.249230
-71.113823
227.606552
113.808314
-78.226213
-49.776653
64.021585
128.033093
71.133975
28.459635
-14.214704
-170.687281
-184.912061
35.572025
156.482653
85.358754
7.122466
135.145483
248.943721
149.370263
142.257873
234.718941
220.494162
113.808314
113.808314
277.393281
369.854349
270.280891
248.943721
376.966739
369.854349
227.606552
156.482653
170.707433
163.595043
170.707433
234.718941
177.819823
-42.664263
-241.811180
-120.900552
177.819823
220.494162
113.808314
177.819823
220.494162
-14.214704
-135.125332
28.459635
7.122466
-320.047468
-419.620926
-213.361620
-85.338603
-156.462501
-270.260739
-433.845706
-547.643944
-384.058977
-227.586400
-327.159858
-448.070486
-405.396146
-369.834197
-355.609417
-199.136840
28.459635
92.471144
-106.675772
-291.597909
-113.788162
135.145483
78.246364
-199.136840
-227.586400
28.459635
21.347245
-128.012942
-14.214704
99.583534
-56.889043
-156.462501
42.684415
177.819823
14.234856
-184.912061
-142.237721
-7.102314
42.684415
85.358754
199.156992
227.606552
113.808314
92.471144
234.718941
199.156992
56.909195
106.695924
120.920704
135.145483
334.292400
469.427807
440.978248
227.606552
49.796805
248.943721
512.102146
355.629569
78.246364
78.246364
199.156992
184.932212
85.358754
199.156992
334.292400
142.257873
-99.563382
-71.113823
92.471144
49.796805
-99.563382
-85.338603
78.246364
184.932212
128.033093
170.707433
241.831331
71.133975
-113.788162
-28.439484
106.695924
14.234856
-263.148349
-455.182876
-398.283757
-298.710298
-312.935078
-305.822688
-277.373129
-284.485519
-298.710298
-398.283757
-469.407655
-391.171367
-405.396146
-483.632435
-320.047468
-21.327094
49.796805
-78.226213
-163.574891
-106.675772
-49.776653
-56.889043
-106.675772
-149.350111
-120.900552
-14.214704
28.459635
64.021585
149.370263
99.583534
-28.439484
-35.551873
64.021585
99.583534
64.021585
7.122466
7.122466
142.257873
277.393281
263.168501
56.909195
-42.664263
85.358754
120.920704
99.583534
170.707433
170.707433
21.347245
0.010076
227.606552
327.180010
227.606552
113.808314
56.909195
142.257873
263.168501
320.067620
263.168501
170.707433
142.257873
78.246364
78.246364
99.583534
42.684415
135.145483
263.168501
284.505671
277.393281
263.168501
170.707433
42.684415
35.572025
156.482653
227.606552
192.044602
113.808314
49.796805
-28.439484
-192.024450
-256.035959
-199.136840
-263.148349
-369.834197
-384.058977
-440.958096
-554.756334
-554.756334
-490.744825
-462.295265
-369.834197
-213.361620
-184.912061
-256.035959
-227.586400
-106.675772
-149.350111
-241.811180
-106.675772
0.010076
-99.563382
-170.687281
-42.664263
106.695924
85.358754
28.459635
113.808314
56.909195
-149.350111
-263.148349
-163.574891
-14.214704
14.234856
49.796805
163.595043
170.707433
56.909195
56.909195
135.145483
64.021585
-85.338603
-28.439484
99.583534
113.808314
71.133975
64.021585
142.257873
192.044602
192.044602
213.381772
312.955230
312.955230
106.695924
49.796805
320.067620
476.540197
248.943721
71.133975
248.943721
412.528688
227.606552
64.021585
220.494162
284.505671
35.572025
-120.900552
21.347245
184.932212
120.920704
-85.338603
-35.551873
192.044602
135.145483
-42.664263
92.471144
234.718941
-28.439484
-320.047468
-206.249230
0.010076
-42.664263
-99.563382
42.684415
120.920704
-163.574891
-440.958096
-419.620926
-391.171367
-483.632435
-419.620926
-227.586400
-142.237721
-206.249230
-270.260739
-277.373129
-263.148349
-184.912061
-56.889043
-92.450992
-263.148349
-320.047468
-234.698790
-135.125332
-92.450992
7.122466
106.695924
28.459635
-149.350111
-177.799671
-85.338603
-92.450992
-113.788162
42.684415
170.707433
149.370263
106.695924
56.909195
-28.439484
42.684415
156.482653
177.819823
149.370263
113.808314
71.133975
49.796805
113.808314
177.819823
135.145483
71.133975
7.122466
0.010076
78.246364
184.932212
234.718941
206.269382
184.932212
199.156992
241.831331
241.831331
277.393281
312.955230
199.156992
184.932212
362.741959
391.191519
234.718941
142.257873
120.920704
192.044602
170.707433
56.909195
78.246364
142.257873
71.133975
-78.226213
-14.214704
277.393281
263.168501
-120.900552
-270.260739
-85.338603
-49.776653
-170.687281
-142.237721
-149.350111
-263.148349
-362.721807
-448.070486
-440.958096
-327.159858
-227.586400
-305.822688
-448.070486
-398.283757
-298.710298
-341.384638
-376.946587
-291.597909
-177.799671
-85.338603
-99.563382
-142.237721
-78.226213
-7.102314
-99.563382
-149.350111
0.010076
64.021585
-78.226213
-99.563382
42.684415
85.358754
-21.327094
-64.001433
28.459635
49.796805
-42.664263
-42.664263
0.010076
21.347245
56.909195
156.482653
206.269382
92.471144
-42.664263
0.010076
142.257873
177.819823
156.482653
156.482653
220.494162
234.718941
106.695924
42.684415
241.831331
398.303908
156.482653
-21.327094
320.067620
526.326926
106.695924
-99.563382
348.517179
576.113655
206.269382
-49.776653
149.370263
234.718941
-21.327094
-120.900552
170.707433
391.191519
113.808314
-142.237721
106.695924
348.517179
199.156992
-64.001433
-64.001433
49.796805
-71.113823
-142.237721
-92.450992
-177.799671
-263.148349
-113.788162
42.684415
-28.439484
-227.586400
-355.609417
-391.171367
-469.407655
-405.396146
-220.474010
-263.148349
-369.834197
-291.597909
-128.012942
-42.664263
-113.788162
-206.249230
-248.923569
-312.935078
-305.822688
-199.136840
-92.450992
-120.900552
-135.125332
-14.214704
42.684415
-21.327094
-56.889043
-64.001433
-71.113823
-71.113823
-21.327094
0.010076
-7.102314
28.459635
113.808314
156.482653
128.033093
64.021585
21.347245
-28.439484
-14.214704
85.358754
92.471144
7.122466
-35.551873
78.246364
220.494162
184.932212
106.695924
135.145483
177.819823
177.819823
256.056111
362.741959
291.618060
78.246364
49.796805
234.718941
362.741959
277.393281
156.482653
206.269382
305.842840
348.517179
227.606552
64.021585
-21.327094
7.122466
85.358754
92.471144
199.156992
298.730450
156.482653
-28.439484
35.572025
291.618060
291.618060
-99.563382
-248.923569
-128.012942
-135.125332
-220.474010
-184.912061
-92.450992
-113.788162
-192.024450
-206.249230
-184.912061
-248.923569
-405.396146
-455.182876
-355.609417
-192.024450
-220.474010
-341.384638
-298.710298
-170.687281
-99.563382
-21.327094
28.459635
-42.664263
-248.923569
-369.834197
-270.260739
-156.462501
-106.675772
-99.563382
-106.675772
-35.551873
49.796805
71.133975
49.796805
-14.214704
-49.776653
-49.776653
-85.338603
-142.237721
-128.012942
-28.439484
71.133975
92.471144
113.808314
128.033093
92.471144
-56.889043
-113.788162
7.122466
56.909195
0.010076
0.010076
106.695924
149.370263
128.033093
234.718941
376.966739
312.955230
156.482653
71.133975
135.145483
184.932212
106.695924
192.044602
412.528688
440.978248
220.494162
85.358754
256.056111
291.618060
56.909195
35.572025
270.280891
270.280891
0.010076
-28.439484
263.168501
355.629569
149.370263
99.583534
170.707433
135.145483
-28.439484
-78.226213
7.122466
0.010076
-64.001433
-192.024450
-220.474010
-49.776653
-64.001433
-277.373129
-256.035959
-56.889043
-163.574891
-341.384638
-234.698790
-199.136840
-348.497028
-355.609417
-220.474010
-206.249230
-298.710298
-256.035959
-184.912061
-184.912061
-163.574891
-128.012942
-106.675772
-149.350111
-234.698790
-256.035959
-106.675772
-7.102314
-64.001433
-78.226213
7.122466
28.459635
-64.001433
-85.338603
-7.102314
-21.327094
-128.012942
-113.788162
42.684415
128.033093
21.347245
-106.675772
-64.001433
49.796805
92.471144
64.021585
28.459635
21.347245
-14.214704
-35.551873
120.920704
291.618060
284.505671
170.707433
85.358754
113.808314
149.370263
177.819823
184.932212
